#~~~~~~~~~~~~~~~~~~~~~~~~~~~~~~~~~~~~~~~~~~~~~~~~~~~~~~#
#~~~~~~~~~ RAPP measurements | INTI 2024-06-07 ~~~~~~~~#
#~~~~~~~~~~~~~~~~~~~~~~~~~~~~~~~~~~~~~~~~~~~~~~~~~~~~~~#
ANGLE,CH0,CH1,NORM
0.0,0.993375,0.078875,0.000321782398
0.0,0.9935,0.078875,0.000321782398
0.0,0.99375,0.079,0.000321782398
0.0,0.993875,0.079,0.000321782398
0.0,0.994,0.079,0.000321782398
0.0,0.993625,0.079,0.000321782398
0.0,0.993375,0.078625,0.000321782398
0.0,0.9935,0.0785,0.000321782398
0.0,0.9935,0.0785,0.000321782398
0.0,0.994,0.0785,0.000321782398
0.0,0.994125,0.0785,0.000321782398
0.0,0.993625,0.078375,0.000321782398
0.0,0.993625,0.07875,0.000321782398
0.0,0.9935,0.078875,0.000321782398
0.0,0.9935,0.07875,0.000321782398
0.0,0.993375,0.078875,0.000321782398
0.0,0.993125,0.078875,0.000321782398
0.0,0.99325,0.079,0.000321782398
0.0,0.993375,0.079,0.000321782398
0.0,0.9935,0.079125,0.000321782398
0.0,0.9935,0.078875,0.000321782398
0.0,0.993875,0.078875,0.000321782398
0.0,0.99375,0.07875,0.000321782398
0.0,0.99375,0.07875,0.000321782398
0.0,0.99375,0.07875,0.000321782398
0.0,0.99375,0.07875,0.000321782398
0.0,0.994125,0.07875,0.000321782398
0.0,0.994,0.07875,0.000321782398
0.0,0.993625,0.078625,0.000321782398
0.0,0.99325,0.07875,0.000321782398
0.0,0.993375,0.078875,0.000321782398
0.0,0.9935,0.079,0.000321782398
0.0,0.993375,0.079125,0.000321782398
0.0,0.9935,0.079,0.000321782398
0.0,0.9935,0.078875,0.000321782398
0.0,0.99375,0.079125,0.000321782398
0.0,0.99375,0.079125,0.000321782398
0.0,0.9935,0.078875,0.000321782398
0.0,0.9935,0.078875,0.000321782398
0.0,0.99375,0.07875,0.000321782398
0.0,0.993625,0.07875,0.000321782398
0.0,0.993625,0.07875,0.000321782398
0.0,0.99375,0.07875,0.000321782398
0.0,0.99375,0.07875,0.000321782398
0.0,0.993875,0.07875,0.000321782398
0.0,0.99375,0.078875,0.000321782398
0.0,0.99325,0.079,0.000321782398
0.0,0.993,0.079,0.000321782398
0.0,0.9935,0.079,0.000321782398
0.0,0.9935,0.078875,0.000321782398
0.0,0.99325,0.078875,0.000321782398
0.0,0.99325,0.079,0.000321782398
0.0,0.99375,0.079125,0.000321782398
0.0,0.993625,0.07875,0.000321782398
0.0,0.994,0.078625,0.000321782398
0.0,0.99425,0.07875,0.000321782398
0.0,0.994,0.07875,0.000321782398
0.0,0.994,0.07875,0.000321782398
0.0,0.994,0.078625,0.000321782398
0.0,0.99425,0.078625,0.000321782398
0.0,0.9945,0.07875,0.000321782398
0.0,0.994125,0.07875,0.000321782398
0.0,0.99375,0.078875,0.000321782398
0.0,0.993625,0.07875,0.000321782398
0.0,0.99375,0.078875,0.000321782398
0.0,0.993625,0.07875,0.000321782398
0.0,0.993875,0.079,0.000321782398
0.0,0.9935,0.078625,0.000321782398
0.0,0.99375,0.07875,0.000321782398
0.0,0.994,0.079,0.000321782398
0.0,0.993625,0.079125,0.000321782398
0.0,0.99375,0.078875,0.000321782398
0.0,0.994125,0.07875,0.000321782398
0.0,0.994125,0.07875,0.000321782398
0.0,0.993875,0.07875,0.000321782398
0.0,0.994,0.078625,0.000321782398
0.0,0.994125,0.07875,0.000321782398
0.0,0.994125,0.0785,0.000321782398
0.0,0.993875,0.07875,0.000321782398
0.0,0.9935,0.078625,0.000321782398
0.0,0.993375,0.07875,0.000321782398
0.0,0.9935,0.078875,0.000321782398
0.0,0.99325,0.078875,0.000321782398
0.0,0.9935,0.078875,0.000321782398
0.0,0.993375,0.078875,0.000321782398
0.0,0.993625,0.079,0.000321782398
0.0,0.994,0.079,0.000321782398
0.0,0.994,0.079125,0.000321782398
0.0,0.994,0.078875,0.000321782398
0.0,0.994,0.078875,0.000321782398
0.0,0.993875,0.07875,0.000321782398
0.0,0.994,0.078625,0.000321782398
0.0,0.994,0.07875,0.000321782398
0.0,0.99425,0.07875,0.000321782398
0.0,0.994375,0.07875,0.000321782398
0.0,0.994125,0.078625,0.000321782398
0.0,0.9935,0.07875,0.000321782398
0.0,0.9935,0.079,0.000321782398
0.0,0.9935,0.078875,0.000321782398
0.0,0.994,0.078875,0.000321782398
0.0,0.99375,0.078875,0.000321782398
0.0,0.993625,0.079,0.000321782398
0.0,0.993875,0.079,0.000321782398
0.0,0.993875,0.079125,0.000321782398
0.0,0.993625,0.079,0.000321782398
0.0,0.993625,0.079,0.000321782398
0.0,0.994,0.078875,0.000321782398
0.0,0.994375,0.07875,0.000321782398
0.0,0.99375,0.07875,0.000321782398
0.0,0.994,0.078625,0.000321782398
0.0,0.99375,0.0785,0.000321782398
0.0,0.9935,0.078625,0.000321782398
0.0,0.9935,0.079,0.000321782398
0.0,0.99325,0.078875,0.000321782398
0.0,0.99325,0.078875,0.000321782398
0.0,0.9935,0.079,0.000321782398
0.0,0.9935,0.078875,0.000321782398
0.0,0.993125,0.078875,0.000321782398
0.0,0.9935,0.079,0.000321782398
0.0,0.994,0.079125,0.000321782398
0.0,0.99375,0.079125,0.000321782398
0.0,0.99375,0.079125,0.000321782398
0.0,0.993875,0.07875,0.000321782398
0.0,0.993875,0.07875,0.000321782398
0.0,0.9935,0.078625,0.000321782398
0.0,0.993375,0.078625,0.000321782398
0.0,0.994,0.078625,0.000321782398
0.0,0.99425,0.07875,0.000321782398
0.0,0.994125,0.078875,0.000321782398
0.0,0.994,0.078875,0.000321782398
0.0,0.9935,0.07875,0.000321782398
0.0,0.993375,0.07875,0.000321782398
0.0,0.9935,0.07875,0.000321782398
0.0,0.9935,0.078875,0.000321782398
0.0,0.993375,0.078875,0.000321782398
0.0,0.9935,0.078875,0.000321782398
0.0,0.993375,0.079,0.000321782398
0.0,0.993625,0.079,0.000321782398
0.0,0.993625,0.079125,0.000321782398
0.0,0.99375,0.078875,0.000321782398
0.0,0.993625,0.07875,0.000321782398
0.0,0.994,0.07875,0.000321782398
0.0,0.993875,0.07875,0.000321782398
0.0,0.99425,0.07875,0.000321782398
0.0,0.994,0.078625,0.000321782398
0.0,0.993875,0.078875,0.000321782398
0.0,0.9935,0.078875,0.000321782398
0.0,0.993625,0.079,0.000321782398
0.0,0.993625,0.079125,0.000321782398
0.0,0.99375,0.079,0.000321782398
0.0,0.99375,0.078875,0.000321782398
0.0,0.993375,0.079,0.000321782398
0.0,0.99325,0.079125,0.000321782398
0.0,0.99325,0.079,0.000321782398
0.0,0.99325,0.079,0.000321782398
0.0,0.993375,0.078875,0.000321782398
0.0,0.99375,0.078875,0.000321782398
0.0,0.993875,0.078875,0.000321782398
0.0,0.99375,0.078625,0.000321782398
0.0,0.994,0.0785,0.000321782398
0.0,0.994375,0.078625,0.000321782398
0.0,0.99425,0.07875,0.000321782398
0.0,0.99375,0.07875,0.000321782398
0.0,0.993625,0.07875,0.000321782398
0.0,0.9935,0.07875,0.000321782398
0.0,0.9935,0.078875,0.000321782398
0.0,0.993375,0.078875,0.000321782398
0.0,0.993125,0.078875,0.000321782398
0.0,0.99325,0.078875,0.000321782398
1.0,1.047375,0.063,0.000321774365
1.0,1.0475,0.06325,0.000321774365
1.0,1.047875,0.0635,0.000321774365
1.0,1.048,0.063375,0.000321774365
1.0,1.048125,0.06325,0.000321774365
1.0,1.04825,0.06325,0.000321774365
1.0,1.048,0.063,0.000321774365
1.0,1.047875,0.063,0.000321774365
1.0,1.047875,0.063,0.000321774365
1.0,1.048375,0.06325,0.000321774365
1.0,1.0485,0.063125,0.000321774365
1.0,1.048125,0.06275,0.000321774365
1.0,1.047375,0.062875,0.000321774365
1.0,1.047625,0.063,0.000321774365
1.0,1.048125,0.063125,0.000321774365
1.0,1.048,0.06325,0.000321774365
1.0,1.048125,0.06325,0.000321774365
1.0,1.04775,0.06325,0.000321774365
1.0,1.048125,0.06325,0.000321774365
1.0,1.048,0.063125,0.000321774365
1.0,1.04775,0.06325,0.000321774365
1.0,1.047875,0.063125,0.000321774365
1.0,1.04825,0.063,0.000321774365
1.0,1.048,0.063,0.000321774365
1.0,1.048,0.063,0.000321774365
1.0,1.048,0.063,0.000321774365
1.0,1.04825,0.062875,0.000321774365
1.0,1.04825,0.062875,0.000321774365
1.0,1.048,0.062625,0.000321774365
1.0,1.04775,0.063,0.000321774365
1.0,1.047625,0.062875,0.000321774365
1.0,1.04775,0.063125,0.000321774365
1.0,1.0475,0.063125,0.000321774365
1.0,1.047625,0.06325,0.000321774365
1.0,1.0475,0.06325,0.000321774365
1.0,1.047875,0.063125,0.000321774365
1.0,1.048625,0.063,0.000321774365
1.0,1.04825,0.063,0.000321774365
1.0,1.048375,0.062875,0.000321774365
1.0,1.048125,0.063125,0.000321774365
1.0,1.048125,0.063125,0.000321774365
1.0,1.048375,0.063125,0.000321774365
1.0,1.0485,0.063125,0.000321774365
1.0,1.048375,0.062875,0.000321774365
1.0,1.048375,0.062875,0.000321774365
1.0,1.048375,0.063,0.000321774365
1.0,1.047875,0.063125,0.000321774365
1.0,1.04775,0.063375,0.000321774365
1.0,1.047875,0.06325,0.000321774365
1.0,1.04775,0.06325,0.000321774365
1.0,1.04775,0.063125,0.000321774365
1.0,1.047625,0.063125,0.000321774365
1.0,1.048,0.063,0.000321774365
1.0,1.04825,0.06325,0.000321774365
1.0,1.04825,0.063125,0.000321774365
1.0,1.048,0.062875,0.000321774365
1.0,1.047875,0.062875,0.000321774365
1.0,1.047875,0.062875,0.000321774365
1.0,1.048,0.062875,0.000321774365
1.0,1.048,0.062875,0.000321774365
1.0,1.048375,0.063,0.000321774365
1.0,1.048,0.063125,0.000321774365
1.0,1.047875,0.063125,0.000321774365
1.0,1.04775,0.06325,0.000321774365
1.0,1.047875,0.063375,0.000321774365
1.0,1.048125,0.06325,0.000321774365
1.0,1.047875,0.063125,0.000321774365
1.0,1.047625,0.063,0.000321774365
1.0,1.047625,0.063125,0.000321774365
1.0,1.04775,0.06325,0.000321774365
1.0,1.048,0.063125,0.000321774365
1.0,1.048,0.063125,0.000321774365
1.0,1.048125,0.063,0.000321774365
1.0,1.048125,0.063,0.000321774365
1.0,1.047875,0.063125,0.000321774365
1.0,1.048,0.063,0.000321774365
1.0,1.048375,0.063,0.000321774365
1.0,1.048125,0.06275,0.000321774365
1.0,1.048125,0.062875,0.000321774365
1.0,1.047625,0.063,0.000321774365
1.0,1.047625,0.06325,0.000321774365
1.0,1.047625,0.06325,0.000321774365
1.0,1.04775,0.06325,0.000321774365
1.0,1.04775,0.063125,0.000321774365
1.0,1.048,0.063125,0.000321774365
1.0,1.048,0.06325,0.000321774365
1.0,1.048,0.0635,0.000321774365
1.0,1.048,0.0635,0.000321774365
1.0,1.048,0.06325,0.000321774365
1.0,1.048,0.06325,0.000321774365
1.0,1.047875,0.063,0.000321774365
1.0,1.048125,0.06275,0.000321774365
1.0,1.048375,0.063,0.000321774365
1.0,1.04875,0.063,0.000321774365
1.0,1.048875,0.063125,0.000321774365
1.0,1.048375,0.063,0.000321774365
1.0,1.047625,0.063,0.000321774365
1.0,1.047375,0.062875,0.000321774365
1.0,1.04775,0.063125,0.000321774365
1.0,1.048125,0.06325,0.000321774365
1.0,1.047625,0.063125,0.000321774365
1.0,1.04775,0.063125,0.000321774365
1.0,1.04775,0.063375,0.000321774365
1.0,1.04775,0.063375,0.000321774365
1.0,1.047625,0.06325,0.000321774365
1.0,1.047625,0.06325,0.000321774365
1.0,1.047875,0.063125,0.000321774365
1.0,1.047875,0.063,0.000321774365
1.0,1.048,0.062875,0.000321774365
1.0,1.0485,0.062875,0.000321774365
1.0,1.04875,0.063,0.000321774365
1.0,1.048375,0.062875,0.000321774365
1.0,1.04775,0.063,0.000321774365
1.0,1.048125,0.06325,0.000321774365
1.0,1.04825,0.063125,0.000321774365
1.0,1.04825,0.063375,0.000321774365
1.0,1.047625,0.06325,0.000321774365
1.0,1.0475,0.063125,0.000321774365
1.0,1.04775,0.063125,0.000321774365
1.0,1.047875,0.063375,0.000321774365
1.0,1.048,0.06325,0.000321774365
1.0,1.048,0.06325,0.000321774365
1.0,1.048,0.06325,0.000321774365
1.0,1.04825,0.06325,0.000321774365
1.0,1.048125,0.063,0.000321774365
1.0,1.04825,0.063,0.000321774365
1.0,1.0485,0.063,0.000321774365
1.0,1.048625,0.062875,0.000321774365
1.0,1.04875,0.062875,0.000321774365
1.0,1.048375,0.063,0.000321774365
1.0,1.048,0.063,0.000321774365
1.0,1.047875,0.06325,0.000321774365
1.0,1.047875,0.06325,0.000321774365
1.0,1.0475,0.06325,0.000321774365
1.0,1.04725,0.063125,0.000321774365
1.0,1.047875,0.063375,0.000321774365
1.0,1.04825,0.063375,0.000321774365
1.0,1.048,0.063375,0.000321774365
1.0,1.048,0.063375,0.000321774365
1.0,1.0485,0.063125,0.000321774365
1.0,1.0485,0.063,0.000321774365
1.0,1.04825,0.063,0.000321774365
1.0,1.048375,0.063125,0.000321774365
1.0,1.0485,0.063,0.000321774365
1.0,1.04825,0.06275,0.000321774365
1.0,1.048,0.063125,0.000321774365
1.0,1.0475,0.06325,0.000321774365
1.0,1.047375,0.063125,0.000321774365
1.0,1.0475,0.063,0.000321774365
1.0,1.047875,0.063125,0.000321774365
1.0,1.047625,0.06325,0.000321774365
1.0,1.048,0.06325,0.000321774365
1.0,1.0485,0.063125,0.000321774365
1.0,1.04825,0.0635,0.000321774365
1.0,1.04825,0.0635,0.000321774365
1.0,1.048375,0.063375,0.000321774365
1.0,1.0485,0.063125,0.000321774365
1.0,1.0485,0.063,0.000321774365
1.0,1.048,0.062875,0.000321774365
1.0,1.048625,0.063125,0.000321774365
1.0,1.048625,0.062875,0.000321774365
1.0,1.048625,0.062875,0.000321774365
1.0,1.047875,0.063,0.000321774365
1.0,1.048,0.06325,0.000321774365
1.0,1.048,0.063125,0.000321774365
1.0,1.047875,0.06325,0.000321774365
1.0,1.048,0.06325,0.000321774365
1.0,1.047875,0.063,0.000321774365
1.0,1.048125,0.063125,0.000321774365
2.0,1.103,0.049375,0.000321699394
2.0,1.10325,0.0495,0.000321699394
2.0,1.102875,0.0495,0.000321699394
2.0,1.102875,0.0495,0.000321699394
2.0,1.103125,0.049125,0.000321699394
2.0,1.103,0.049125,0.000321699394
2.0,1.1035,0.049,0.000321699394
2.0,1.103875,0.049125,0.000321699394
2.0,1.103875,0.049125,0.000321699394
2.0,1.103625,0.049125,0.000321699394
2.0,1.103125,0.04925,0.000321699394
2.0,1.103,0.04925,0.000321699394
2.0,1.10325,0.0495,0.000321699394
2.0,1.103125,0.04925,0.000321699394
2.0,1.10325,0.04925,0.000321699394
2.0,1.103125,0.04925,0.000321699394
2.0,1.103,0.0495,0.000321699394
2.0,1.103375,0.049375,0.000321699394
2.0,1.1035,0.049625,0.000321699394
2.0,1.103375,0.049375,0.000321699394
2.0,1.103375,0.04925,0.000321699394
2.0,1.103125,0.049125,0.000321699394
2.0,1.10325,0.048875,0.000321699394
2.0,1.10325,0.049125,0.000321699394
2.0,1.1035,0.049125,0.000321699394
2.0,1.1035,0.048875,0.000321699394
2.0,1.103125,0.049,0.000321699394
2.0,1.10275,0.04925,0.000321699394
2.0,1.102625,0.049375,0.000321699394
2.0,1.102625,0.049375,0.000321699394
2.0,1.103125,0.04925,0.000321699394
2.0,1.10325,0.049125,0.000321699394
2.0,1.102875,0.049125,0.000321699394
2.0,1.103,0.049375,0.000321699394
2.0,1.10325,0.0495,0.000321699394
2.0,1.10325,0.04925,0.000321699394
2.0,1.103,0.049375,0.000321699394
2.0,1.10325,0.04925,0.000321699394
2.0,1.103125,0.049125,0.000321699394
2.0,1.10325,0.049,0.000321699394
2.0,1.104,0.049125,0.000321699394
2.0,1.104,0.049125,0.000321699394
2.0,1.10375,0.049125,0.000321699394
2.0,1.103625,0.049,0.000321699394
2.0,1.103125,0.049125,0.000321699394
2.0,1.102875,0.049625,0.000321699394
2.0,1.102875,0.049375,0.000321699394
2.0,1.102875,0.049375,0.000321699394
2.0,1.102625,0.04925,0.000321699394
2.0,1.102875,0.049375,0.000321699394
2.0,1.10325,0.049375,0.000321699394
2.0,1.1035,0.049625,0.000321699394
2.0,1.103375,0.04925,0.000321699394
2.0,1.103625,0.049,0.000321699394
2.0,1.10375,0.049,0.000321699394
2.0,1.10325,0.049,0.000321699394
2.0,1.103375,0.049125,0.000321699394
2.0,1.103375,0.049125,0.000321699394
2.0,1.103625,0.049,0.000321699394
2.0,1.10375,0.048875,0.000321699394
2.0,1.1035,0.049125,0.000321699394
2.0,1.102875,0.049125,0.000321699394
2.0,1.102875,0.049375,0.000321699394
2.0,1.102875,0.049375,0.000321699394
2.0,1.102875,0.049375,0.000321699394
2.0,1.102875,0.04925,0.000321699394
2.0,1.102875,0.04925,0.000321699394
2.0,1.1035,0.049375,0.000321699394
2.0,1.103375,0.049375,0.000321699394
2.0,1.102875,0.049125,0.000321699394
2.0,1.103,0.049125,0.000321699394
2.0,1.103,0.049,0.000321699394
2.0,1.103125,0.049,0.000321699394
2.0,1.103125,0.049,0.000321699394
2.0,1.103375,0.049,0.000321699394
2.0,1.103625,0.049,0.000321699394
2.0,1.103,0.049,0.000321699394
2.0,1.102875,0.04925,0.000321699394
2.0,1.102625,0.04925,0.000321699394
2.0,1.10275,0.04925,0.000321699394
2.0,1.102625,0.049375,0.000321699394
2.0,1.10275,0.049375,0.000321699394
2.0,1.103,0.049375,0.000321699394
2.0,1.103125,0.04925,0.000321699394
2.0,1.103625,0.0495,0.000321699394
2.0,1.1035,0.04925,0.000321699394
2.0,1.1035,0.049125,0.000321699394
2.0,1.103625,0.049,0.000321699394
2.0,1.103125,0.049,0.000321699394
2.0,1.103125,0.049,0.000321699394
2.0,1.103375,0.049125,0.000321699394
2.0,1.103875,0.049125,0.000321699394
2.0,1.103875,0.049,0.000321699394
2.0,1.103375,0.049125,0.000321699394
2.0,1.103125,0.04925,0.000321699394
2.0,1.10275,0.049375,0.000321699394
2.0,1.102875,0.049375,0.000321699394
2.0,1.103,0.0495,0.000321699394
2.0,1.103,0.04925,0.000321699394
2.0,1.103,0.049125,0.000321699394
2.0,1.103375,0.04925,0.000321699394
2.0,1.103375,0.04925,0.000321699394
2.0,1.103375,0.049375,0.000321699394
2.0,1.1035,0.049375,0.000321699394
2.0,1.1035,0.049,0.000321699394
2.0,1.1035,0.049,0.000321699394
2.0,1.103625,0.048875,0.000321699394
2.0,1.103625,0.048875,0.000321699394
2.0,1.103625,0.04925,0.000321699394
2.0,1.1035,0.04925,0.000321699394
2.0,1.103125,0.04925,0.000321699394
2.0,1.102625,0.049125,0.000321699394
2.0,1.103,0.04925,0.000321699394
2.0,1.103375,0.0495,0.000321699394
2.0,1.103375,0.049375,0.000321699394
2.0,1.103125,0.0495,0.000321699394
2.0,1.103,0.049375,0.000321699394
2.0,1.10325,0.049375,0.000321699394
2.0,1.103125,0.049375,0.000321699394
2.0,1.10275,0.049125,0.000321699394
2.0,1.10325,0.049,0.000321699394
2.0,1.10325,0.049,0.000321699394
2.0,1.10325,0.048875,0.000321699394
2.0,1.103125,0.049,0.000321699394
2.0,1.1035,0.049,0.000321699394
2.0,1.10375,0.049125,0.000321699394
2.0,1.103625,0.049125,0.000321699394
2.0,1.103125,0.049125,0.000321699394
2.0,1.102625,0.049375,0.000321699394
2.0,1.103,0.04925,0.000321699394
2.0,1.103125,0.04925,0.000321699394
2.0,1.102875,0.049375,0.000321699394
2.0,1.102375,0.04925,0.000321699394
2.0,1.103,0.049375,0.000321699394
2.0,1.10325,0.049375,0.000321699394
2.0,1.1035,0.0495,0.000321699394
2.0,1.1035,0.049625,0.000321699394
2.0,1.1035,0.04925,0.000321699394
2.0,1.1035,0.04925,0.000321699394
2.0,1.103375,0.049,0.000321699394
2.0,1.1035,0.049,0.000321699394
2.0,1.10375,0.049125,0.000321699394
2.0,1.103625,0.049,0.000321699394
2.0,1.103375,0.049125,0.000321699394
2.0,1.10275,0.049375,0.000321699394
2.0,1.102875,0.04925,0.000321699394
2.0,1.1025,0.0495,0.000321699394
2.0,1.102875,0.04925,0.000321699394
2.0,1.103125,0.049125,0.000321699394
2.0,1.103,0.049125,0.000321699394
2.0,1.103375,0.049375,0.000321699394
2.0,1.103625,0.0495,0.000321699394
2.0,1.103625,0.049375,0.000321699394
2.0,1.10375,0.04925,0.000321699394
2.0,1.10375,0.04925,0.000321699394
2.0,1.103625,0.049125,0.000321699394
2.0,1.103625,0.049,0.000321699394
2.0,1.10375,0.049125,0.000321699394
2.0,1.103375,0.049125,0.000321699394
2.0,1.103625,0.04925,0.000321699394
2.0,1.103625,0.049,0.000321699394
2.0,1.10325,0.049125,0.000321699394
2.0,1.103125,0.04925,0.000321699394
2.0,1.102875,0.04925,0.000321699394
2.0,1.103375,0.0495,0.000321699394
2.0,1.103,0.049125,0.000321699394
2.0,1.10325,0.04925,0.000321699394
2.0,1.10375,0.049375,0.000321699394
2.0,1.10375,0.0495,0.000321699394
3.0,1.159625,0.03725,0.000321746833
3.0,1.15975,0.037,0.000321746833
3.0,1.159625,0.03675,0.000321746833
3.0,1.159875,0.03675,0.000321746833
3.0,1.160125,0.036625,0.000321746833
3.0,1.16,0.03675,0.000321746833
3.0,1.159625,0.036625,0.000321746833
3.0,1.159,0.036875,0.000321746833
3.0,1.159,0.036875,0.000321746833
3.0,1.159,0.03675,0.000321746833
3.0,1.15925,0.036875,0.000321746833
3.0,1.1595,0.036875,0.000321746833
3.0,1.159375,0.036875,0.000321746833
3.0,1.15875,0.036875,0.000321746833
3.0,1.15925,0.036875,0.000321746833
3.0,1.159625,0.036875,0.000321746833
3.0,1.15975,0.036625,0.000321746833
3.0,1.16,0.036875,0.000321746833
3.0,1.159625,0.037,0.000321746833
3.0,1.159,0.036875,0.000321746833
3.0,1.15975,0.037,0.000321746833
3.0,1.159875,0.03675,0.000321746833
3.0,1.159875,0.036875,0.000321746833
3.0,1.159625,0.036625,0.000321746833
3.0,1.159625,0.036625,0.000321746833
3.0,1.1595,0.03675,0.000321746833
3.0,1.15925,0.03675,0.000321746833
3.0,1.15925,0.037,0.000321746833
3.0,1.15925,0.036875,0.000321746833
3.0,1.159125,0.03675,0.000321746833
3.0,1.158875,0.03675,0.000321746833
3.0,1.15925,0.037,0.000321746833
3.0,1.1595,0.037125,0.000321746833
3.0,1.159125,0.036875,0.000321746833
3.0,1.159375,0.03675,0.000321746833
3.0,1.158875,0.03675,0.000321746833
3.0,1.15925,0.036625,0.000321746833
3.0,1.1595,0.036625,0.000321746833
3.0,1.15975,0.03675,0.000321746833
3.0,1.1595,0.036875,0.000321746833
3.0,1.15925,0.03675,0.000321746833
3.0,1.15925,0.03675,0.000321746833
3.0,1.158875,0.036875,0.000321746833
3.0,1.159,0.03675,0.000321746833
3.0,1.159125,0.03675,0.000321746833
3.0,1.15925,0.03675,0.000321746833
3.0,1.159375,0.036875,0.000321746833
3.0,1.158875,0.037,0.000321746833
3.0,1.15925,0.036875,0.000321746833
3.0,1.159125,0.036875,0.000321746833
3.0,1.1595,0.03675,0.000321746833
3.0,1.15975,0.036875,0.000321746833
3.0,1.159625,0.036625,0.000321746833
3.0,1.159625,0.03675,0.000321746833
3.0,1.159875,0.036625,0.000321746833
3.0,1.16025,0.03675,0.000321746833
3.0,1.159875,0.036625,0.000321746833
3.0,1.159875,0.036625,0.000321746833
3.0,1.159125,0.036625,0.000321746833
3.0,1.159,0.03675,0.000321746833
3.0,1.15925,0.036875,0.000321746833
3.0,1.1595,0.037,0.000321746833
3.0,1.15925,0.036875,0.000321746833
3.0,1.159375,0.03675,0.000321746833
3.0,1.159625,0.036875,0.000321746833
3.0,1.159875,0.03675,0.000321746833
3.0,1.159625,0.03725,0.000321746833
3.0,1.15975,0.036875,0.000321746833
3.0,1.159625,0.03675,0.000321746833
3.0,1.159625,0.0365,0.000321746833
3.0,1.159875,0.036625,0.000321746833
3.0,1.16,0.036625,0.000321746833
3.0,1.159875,0.03675,0.000321746833
3.0,1.159875,0.03675,0.000321746833
3.0,1.15975,0.03675,0.000321746833
3.0,1.158875,0.036875,0.000321746833
3.0,1.15925,0.037,0.000321746833
3.0,1.159125,0.036875,0.000321746833
3.0,1.158875,0.036875,0.000321746833
3.0,1.158875,0.037,0.000321746833
3.0,1.159125,0.037,0.000321746833
3.0,1.1595,0.037,0.000321746833
3.0,1.15975,0.036875,0.000321746833
3.0,1.15975,0.037125,0.000321746833
3.0,1.16,0.036625,0.000321746833
3.0,1.159625,0.0365,0.000321746833
3.0,1.1595,0.036625,0.000321746833
3.0,1.160125,0.036625,0.000321746833
3.0,1.16,0.036875,0.000321746833
3.0,1.16,0.036875,0.000321746833
3.0,1.159875,0.03675,0.000321746833
3.0,1.1595,0.036875,0.000321746833
3.0,1.1595,0.036875,0.000321746833
3.0,1.159375,0.037,0.000321746833
3.0,1.159125,0.037,0.000321746833
3.0,1.159125,0.03675,0.000321746833
3.0,1.159125,0.036625,0.000321746833
3.0,1.159125,0.036625,0.000321746833
3.0,1.1595,0.037,0.000321746833
3.0,1.159625,0.037125,0.000321746833
3.0,1.15975,0.037,0.000321746833
3.0,1.159875,0.03675,0.000321746833
3.0,1.159375,0.03675,0.000321746833
3.0,1.15975,0.036625,0.000321746833
3.0,1.159875,0.036625,0.000321746833
3.0,1.159875,0.036625,0.000321746833
3.0,1.159625,0.036625,0.000321746833
3.0,1.159625,0.036625,0.000321746833
3.0,1.15925,0.03675,0.000321746833
3.0,1.159125,0.037,0.000321746833
3.0,1.159125,0.037,0.000321746833
3.0,1.159375,0.03675,0.000321746833
3.0,1.1595,0.036625,0.000321746833
3.0,1.1595,0.03675,0.000321746833
3.0,1.15975,0.036875,0.000321746833
3.0,1.159625,0.037,0.000321746833
3.0,1.159375,0.036875,0.000321746833
3.0,1.15975,0.036875,0.000321746833
3.0,1.159875,0.03675,0.000321746833
3.0,1.159625,0.036625,0.000321746833
3.0,1.15975,0.03675,0.000321746833
3.0,1.15975,0.03675,0.000321746833
3.0,1.16,0.036625,0.000321746833
3.0,1.16025,0.03675,0.000321746833
3.0,1.1595,0.03675,0.000321746833
3.0,1.158875,0.03675,0.000321746833
3.0,1.159,0.036625,0.000321746833
3.0,1.15925,0.036875,0.000321746833
3.0,1.15925,0.036875,0.000321746833
3.0,1.15925,0.036875,0.000321746833
3.0,1.15925,0.037125,0.000321746833
3.0,1.1595,0.037,0.000321746833
3.0,1.159625,0.037,0.000321746833
3.0,1.159625,0.037,0.000321746833
3.0,1.15975,0.037,0.000321746833
3.0,1.159375,0.036625,0.000321746833
3.0,1.159125,0.036625,0.000321746833
3.0,1.15975,0.036625,0.000321746833
3.0,1.15975,0.036625,0.000321746833
3.0,1.15975,0.036625,0.000321746833
3.0,1.159625,0.03675,0.000321746833
3.0,1.159,0.03675,0.000321746833
3.0,1.15925,0.036625,0.000321746833
3.0,1.159375,0.036875,0.000321746833
3.0,1.159125,0.036875,0.000321746833
3.0,1.159,0.037,0.000321746833
3.0,1.158875,0.036875,0.000321746833
3.0,1.159125,0.037125,0.000321746833
3.0,1.15925,0.037,0.000321746833
3.0,1.1595,0.036875,0.000321746833
3.0,1.159875,0.03675,0.000321746833
3.0,1.16,0.036625,0.000321746833
3.0,1.1595,0.03675,0.000321746833
3.0,1.1595,0.0365,0.000321746833
3.0,1.1595,0.0365,0.000321746833
3.0,1.16,0.036625,0.000321746833
3.0,1.16025,0.0365,0.000321746833
3.0,1.159625,0.036625,0.000321746833
3.0,1.159125,0.03675,0.000321746833
3.0,1.159,0.037,0.000321746833
3.0,1.158875,0.036875,0.000321746833
3.0,1.159125,0.036875,0.000321746833
3.0,1.159375,0.036875,0.000321746833
3.0,1.15925,0.03675,0.000321746833
3.0,1.159375,0.037,0.000321746833
3.0,1.159375,0.036875,0.000321746833
3.0,1.1595,0.037125,0.000321746833
3.0,1.15975,0.037125,0.000321746833
3.0,1.159625,0.036625,0.000321746833
4.0,1.216625,0.02625,0.000321978761
4.0,1.216375,0.026375,0.000321978761
4.0,1.216375,0.0265,0.000321978761
4.0,1.21675,0.026625,0.000321978761
4.0,1.216875,0.026625,0.000321978761
4.0,1.216625,0.0265,0.000321978761
4.0,1.21625,0.0265,0.000321978761
4.0,1.21625,0.026625,0.000321978761
4.0,1.21625,0.026625,0.000321978761
4.0,1.21625,0.02675,0.000321978761
4.0,1.216875,0.02675,0.000321978761
4.0,1.217,0.026625,0.000321978761
4.0,1.217125,0.0265,0.000321978761
4.0,1.216625,0.026375,0.000321978761
4.0,1.217,0.0265,0.000321978761
4.0,1.217125,0.026375,0.000321978761
4.0,1.217,0.02625,0.000321978761
4.0,1.216625,0.02625,0.000321978761
4.0,1.216625,0.0265,0.000321978761
4.0,1.216875,0.026375,0.000321978761
4.0,1.21675,0.026375,0.000321978761
4.0,1.216625,0.026625,0.000321978761
4.0,1.216125,0.026375,0.000321978761
4.0,1.216,0.0265,0.000321978761
4.0,1.216,0.02675,0.000321978761
4.0,1.2165,0.02675,0.000321978761
4.0,1.216875,0.026875,0.000321978761
4.0,1.216375,0.0265,0.000321978761
4.0,1.2165,0.026375,0.000321978761
4.0,1.21675,0.026375,0.000321978761
4.0,1.21675,0.026125,0.000321978761
4.0,1.21725,0.026375,0.000321978761
4.0,1.217125,0.02625,0.000321978761
4.0,1.21725,0.026125,0.000321978761
4.0,1.21675,0.02625,0.000321978761
4.0,1.21675,0.026375,0.000321978761
4.0,1.21675,0.0265,0.000321978761
4.0,1.216375,0.026625,0.000321978761
4.0,1.2165,0.026625,0.000321978761
4.0,1.216625,0.026375,0.000321978761
4.0,1.2165,0.026375,0.000321978761
4.0,1.2165,0.026375,0.000321978761
4.0,1.21675,0.026625,0.000321978761
4.0,1.217,0.02675,0.000321978761
4.0,1.217,0.0265,0.000321978761
4.0,1.216625,0.026375,0.000321978761
4.0,1.216625,0.02625,0.000321978761
4.0,1.21675,0.02625,0.000321978761
4.0,1.217,0.026375,0.000321978761
4.0,1.217375,0.02625,0.000321978761
4.0,1.216625,0.026125,0.000321978761
4.0,1.2165,0.02625,0.000321978761
4.0,1.2165,0.0265,0.000321978761
4.0,1.2165,0.026375,0.000321978761
4.0,1.21675,0.0265,0.000321978761
4.0,1.217,0.0265,0.000321978761
4.0,1.216875,0.026375,0.000321978761
4.0,1.216875,0.026375,0.000321978761
4.0,1.217,0.0265,0.000321978761
4.0,1.217125,0.02675,0.000321978761
4.0,1.216875,0.026625,0.000321978761
4.0,1.217125,0.026375,0.000321978761
4.0,1.217125,0.026375,0.000321978761
4.0,1.217125,0.026375,0.000321978761
4.0,1.21725,0.026125,0.000321978761
4.0,1.217125,0.02625,0.000321978761
4.0,1.217,0.026125,0.000321978761
4.0,1.217125,0.026125,0.000321978761
4.0,1.2165,0.02625,0.000321978761
4.0,1.216625,0.0265,0.000321978761
4.0,1.2165,0.0265,0.000321978761
4.0,1.216875,0.026625,0.000321978761
4.0,1.217,0.0265,0.000321978761
4.0,1.217,0.0265,0.000321978761
4.0,1.216375,0.026375,0.000321978761
4.0,1.21675,0.026625,0.000321978761
4.0,1.21675,0.026625,0.000321978761
4.0,1.216875,0.026375,0.000321978761
4.0,1.21675,0.026375,0.000321978761
4.0,1.216625,0.02625,0.000321978761
4.0,1.217,0.02625,0.000321978761
4.0,1.21725,0.02625,0.000321978761
4.0,1.217375,0.026375,0.000321978761
4.0,1.21725,0.026375,0.000321978761
4.0,1.216875,0.026125,0.000321978761
4.0,1.21675,0.02625,0.000321978761
4.0,1.216625,0.026625,0.000321978761
4.0,1.217125,0.0265,0.000321978761
4.0,1.21675,0.0265,0.000321978761
4.0,1.21675,0.0265,0.000321978761
4.0,1.2165,0.0265,0.000321978761
4.0,1.216375,0.026625,0.000321978761
4.0,1.217125,0.026625,0.000321978761
4.0,1.216875,0.026625,0.000321978761
4.0,1.216625,0.026375,0.000321978761
4.0,1.21675,0.026375,0.000321978761
4.0,1.2165,0.02625,0.000321978761
4.0,1.216375,0.026375,0.000321978761
4.0,1.216875,0.026375,0.000321978761
4.0,1.217,0.02625,0.000321978761
4.0,1.21725,0.026375,0.000321978761
4.0,1.216875,0.026125,0.000321978761
4.0,1.2165,0.02625,0.000321978761
4.0,1.216625,0.026625,0.000321978761
4.0,1.216625,0.026625,0.000321978761
4.0,1.216625,0.026625,0.000321978761
4.0,1.216625,0.0265,0.000321978761
4.0,1.21675,0.0265,0.000321978761
4.0,1.216875,0.0265,0.000321978761
4.0,1.21725,0.026625,0.000321978761
4.0,1.216875,0.026625,0.000321978761
4.0,1.2165,0.02625,0.000321978761
4.0,1.21675,0.026125,0.000321978761
4.0,1.216875,0.026125,0.000321978761
4.0,1.216875,0.026375,0.000321978761
4.0,1.21725,0.02625,0.000321978761
4.0,1.216875,0.02625,0.000321978761
4.0,1.216875,0.02625,0.000321978761
4.0,1.21675,0.0265,0.000321978761
4.0,1.21675,0.0265,0.000321978761
4.0,1.21675,0.026625,0.000321978761
4.0,1.21675,0.026375,0.000321978761
4.0,1.2165,0.026375,0.000321978761
4.0,1.216375,0.026375,0.000321978761
4.0,1.21625,0.0265,0.000321978761
4.0,1.216625,0.0265,0.000321978761
4.0,1.21675,0.026375,0.000321978761
4.0,1.217,0.026375,0.000321978761
4.0,1.217,0.026375,0.000321978761
4.0,1.217,0.02625,0.000321978761
4.0,1.216875,0.026125,0.000321978761
4.0,1.216875,0.02625,0.000321978761
4.0,1.21725,0.02625,0.000321978761
4.0,1.217,0.026375,0.000321978761
4.0,1.216875,0.026375,0.000321978761
4.0,1.21675,0.026375,0.000321978761
4.0,1.2165,0.0265,0.000321978761
4.0,1.21675,0.02625,0.000321978761
4.0,1.21675,0.02625,0.000321978761
4.0,1.21675,0.026375,0.000321978761
4.0,1.216375,0.02625,0.000321978761
4.0,1.216625,0.0265,0.000321978761
4.0,1.216625,0.026625,0.000321978761
4.0,1.21675,0.0265,0.000321978761
4.0,1.21675,0.02675,0.000321978761
4.0,1.217,0.026625,0.000321978761
4.0,1.217,0.02625,0.000321978761
4.0,1.216875,0.026125,0.000321978761
4.0,1.217125,0.026375,0.000321978761
4.0,1.217,0.02625,0.000321978761
4.0,1.216875,0.0265,0.000321978761
4.0,1.21675,0.026625,0.000321978761
4.0,1.2165,0.026375,0.000321978761
4.0,1.216125,0.0265,0.000321978761
4.0,1.216125,0.0265,0.000321978761
4.0,1.216,0.026625,0.000321978761
4.0,1.216125,0.0265,0.000321978761
4.0,1.216,0.026375,0.000321978761
4.0,1.216375,0.026625,0.000321978761
4.0,1.216375,0.0265,0.000321978761
4.0,1.216375,0.0265,0.000321978761
4.0,1.216625,0.0265,0.000321978761
4.0,1.216625,0.026375,0.000321978761
4.0,1.216625,0.026125,0.000321978761
4.0,1.216625,0.026125,0.000321978761
4.0,1.217,0.02625,0.000321978761
4.0,1.216875,0.02625,0.000321978761
4.0,1.216625,0.02625,0.000321978761
4.0,1.21625,0.026375,0.000321978761
5.0,1.274125,0.017625,0.000321782427
5.0,1.27425,0.0175,0.000321782427
5.0,1.274375,0.0175,0.000321782427
5.0,1.274875,0.0175,0.000321782427
5.0,1.274625,0.017375,0.000321782427
5.0,1.274375,0.0175,0.000321782427
5.0,1.27425,0.017625,0.000321782427
5.0,1.27375,0.01775,0.000321782427
5.0,1.27375,0.01775,0.000321782427
5.0,1.2735,0.017625,0.000321782427
5.0,1.27375,0.01775,0.000321782427
5.0,1.273875,0.017625,0.000321782427
5.0,1.273875,0.0175,0.000321782427
5.0,1.274125,0.01775,0.000321782427
5.0,1.274,0.01775,0.000321782427
5.0,1.274375,0.018,0.000321782427
5.0,1.2745,0.017625,0.000321782427
5.0,1.274375,0.017375,0.000321782427
5.0,1.274375,0.017375,0.000321782427
5.0,1.274625,0.017375,0.000321782427
5.0,1.274625,0.0175,0.000321782427
5.0,1.274375,0.0175,0.000321782427
5.0,1.274,0.017375,0.000321782427
5.0,1.274125,0.01775,0.000321782427
5.0,1.274125,0.017625,0.000321782427
5.0,1.274375,0.017625,0.000321782427
5.0,1.274375,0.017625,0.000321782427
5.0,1.274375,0.017625,0.000321782427
5.0,1.274,0.017625,0.000321782427
5.0,1.274625,0.017625,0.000321782427
5.0,1.2745,0.017625,0.000321782427
5.0,1.274125,0.01775,0.000321782427
5.0,1.27425,0.01775,0.000321782427
5.0,1.274125,0.017625,0.000321782427
5.0,1.27425,0.017375,0.000321782427
5.0,1.274375,0.017375,0.000321782427
5.0,1.27475,0.017375,0.000321782427
5.0,1.274625,0.0175,0.000321782427
5.0,1.2745,0.017625,0.000321782427
5.0,1.274125,0.017625,0.000321782427
5.0,1.27425,0.017875,0.000321782427
5.0,1.27425,0.017875,0.000321782427
5.0,1.27375,0.017875,0.000321782427
5.0,1.273875,0.01775,0.000321782427
5.0,1.273875,0.017625,0.000321782427
5.0,1.273375,0.017625,0.000321782427
5.0,1.274,0.01775,0.000321782427
5.0,1.273875,0.01775,0.000321782427
5.0,1.27425,0.01775,0.000321782427
5.0,1.27475,0.017625,0.000321782427
5.0,1.2745,0.0175,0.000321782427
5.0,1.274125,0.0175,0.000321782427
5.0,1.274375,0.017375,0.000321782427
5.0,1.275,0.0175,0.000321782427
5.0,1.275,0.017375,0.000321782427
5.0,1.27425,0.0175,0.000321782427
5.0,1.274,0.01775,0.000321782427
5.0,1.274,0.01775,0.000321782427
5.0,1.274125,0.0175,0.000321782427
5.0,1.27425,0.0175,0.000321782427
5.0,1.274125,0.01775,0.000321782427
5.0,1.274,0.017625,0.000321782427
5.0,1.274125,0.01775,0.000321782427
5.0,1.27425,0.017875,0.000321782427
5.0,1.2745,0.017875,0.000321782427
5.0,1.27425,0.01775,0.000321782427
5.0,1.27475,0.017625,0.000321782427
5.0,1.274625,0.017375,0.000321782427
5.0,1.2745,0.0175,0.000321782427
5.0,1.274625,0.0175,0.000321782427
5.0,1.27475,0.017375,0.000321782427
5.0,1.274375,0.0175,0.000321782427
5.0,1.274125,0.0175,0.000321782427
5.0,1.274125,0.0175,0.000321782427
5.0,1.27425,0.017625,0.000321782427
5.0,1.274375,0.017625,0.000321782427
5.0,1.274375,0.01775,0.000321782427
5.0,1.27425,0.01775,0.000321782427
5.0,1.274,0.017625,0.000321782427
5.0,1.2745,0.017625,0.000321782427
5.0,1.2745,0.017875,0.000321782427
5.0,1.274375,0.017625,0.000321782427
5.0,1.274125,0.01775,0.000321782427
5.0,1.274125,0.017625,0.000321782427
5.0,1.274375,0.017375,0.000321782427
5.0,1.2745,0.017375,0.000321782427
5.0,1.274625,0.017375,0.000321782427
5.0,1.274875,0.017375,0.000321782427
5.0,1.274875,0.017375,0.000321782427
5.0,1.274875,0.017375,0.000321782427
5.0,1.27425,0.017625,0.000321782427
5.0,1.274375,0.017625,0.000321782427
5.0,1.274375,0.017625,0.000321782427
5.0,1.274625,0.017625,0.000321782427
5.0,1.274375,0.017625,0.000321782427
5.0,1.274125,0.017625,0.000321782427
5.0,1.274625,0.017625,0.000321782427
5.0,1.27425,0.017875,0.000321782427
5.0,1.273875,0.01775,0.000321782427
5.0,1.27425,0.017625,0.000321782427
5.0,1.274375,0.0175,0.000321782427
5.0,1.27425,0.01725,0.000321782427
5.0,1.274625,0.017375,0.000321782427
5.0,1.274875,0.0175,0.000321782427
5.0,1.275,0.0175,0.000321782427
5.0,1.275,0.0175,0.000321782427
5.0,1.274625,0.0175,0.000321782427
5.0,1.274375,0.017625,0.000321782427
5.0,1.27425,0.01775,0.000321782427
5.0,1.27425,0.01775,0.000321782427
5.0,1.27425,0.017625,0.000321782427
5.0,1.27375,0.017625,0.000321782427
5.0,1.27425,0.017625,0.000321782427
5.0,1.27425,0.01775,0.000321782427
5.0,1.274625,0.017625,0.000321782427
5.0,1.274375,0.017875,0.000321782427
5.0,1.274625,0.01775,0.000321782427
5.0,1.27425,0.017625,0.000321782427
5.0,1.27425,0.017375,0.000321782427
5.0,1.2745,0.0175,0.000321782427
5.0,1.274375,0.017375,0.000321782427
5.0,1.274375,0.01725,0.000321782427
5.0,1.274625,0.01725,0.000321782427
5.0,1.274375,0.0175,0.000321782427
5.0,1.2745,0.01775,0.000321782427
5.0,1.2745,0.017625,0.000321782427
5.0,1.274625,0.017625,0.000321782427
5.0,1.27425,0.0175,0.000321782427
5.0,1.27425,0.01775,0.000321782427
5.0,1.27425,0.017875,0.000321782427
5.0,1.274375,0.018,0.000321782427
5.0,1.274375,0.017625,0.000321782427
5.0,1.274625,0.0175,0.000321782427
5.0,1.27475,0.01775,0.000321782427
5.0,1.27425,0.0175,0.000321782427
5.0,1.274625,0.0175,0.000321782427
5.0,1.275,0.017375,0.000321782427
5.0,1.275,0.017375,0.000321782427
5.0,1.275,0.017375,0.000321782427
5.0,1.274625,0.0175,0.000321782427
5.0,1.274125,0.017375,0.000321782427
5.0,1.273875,0.017625,0.000321782427
5.0,1.273875,0.017625,0.000321782427
5.0,1.274125,0.01775,0.000321782427
5.0,1.274,0.01775,0.000321782427
5.0,1.274,0.017625,0.000321782427
5.0,1.27425,0.0175,0.000321782427
5.0,1.2745,0.017625,0.000321782427
5.0,1.274375,0.017625,0.000321782427
5.0,1.274375,0.0175,0.000321782427
5.0,1.2745,0.0175,0.000321782427
5.0,1.274375,0.017375,0.000321782427
5.0,1.27475,0.0175,0.000321782427
5.0,1.27475,0.0175,0.000321782427
5.0,1.27475,0.0175,0.000321782427
5.0,1.274375,0.017625,0.000321782427
5.0,1.274125,0.01775,0.000321782427
5.0,1.273875,0.0175,0.000321782427
5.0,1.27425,0.017375,0.000321782427
5.0,1.274,0.017625,0.000321782427
5.0,1.27425,0.01775,0.000321782427
5.0,1.274125,0.017625,0.000321782427
5.0,1.274,0.0175,0.000321782427
5.0,1.27425,0.017625,0.000321782427
5.0,1.274,0.017625,0.000321782427
5.0,1.273875,0.017625,0.000321782427
5.0,1.274125,0.017625,0.000321782427
5.0,1.274,0.0175,0.000321782427
5.0,1.274375,0.0175,0.000321782427
6.0,1.331125,0.010625,0.000321868196
6.0,1.331625,0.010625,0.000321868196
6.0,1.331625,0.01075,0.000321868196
6.0,1.331875,0.010875,0.000321868196
6.0,1.3315,0.01075,0.000321868196
6.0,1.331375,0.01075,0.000321868196
6.0,1.331375,0.011,0.000321868196
6.0,1.33125,0.011,0.000321868196
6.0,1.33125,0.011,0.000321868196
6.0,1.331125,0.011,0.000321868196
6.0,1.33075,0.01075,0.000321868196
6.0,1.331,0.011125,0.000321868196
6.0,1.3315,0.01125,0.000321868196
6.0,1.33175,0.01125,0.000321868196
6.0,1.33175,0.011125,0.000321868196
6.0,1.3315,0.01125,0.000321868196
6.0,1.331,0.011,0.000321868196
6.0,1.33125,0.010875,0.000321868196
6.0,1.331625,0.011,0.000321868196
6.0,1.331625,0.010875,0.000321868196
6.0,1.331375,0.010875,0.000321868196
6.0,1.330875,0.011125,0.000321868196
6.0,1.331125,0.01125,0.000321868196
6.0,1.33125,0.011125,0.000321868196
6.0,1.33125,0.011125,0.000321868196
6.0,1.331125,0.011125,0.000321868196
6.0,1.330875,0.011,0.000321868196
6.0,1.331,0.010875,0.000321868196
6.0,1.33125,0.011,0.000321868196
6.0,1.331625,0.011125,0.000321868196
6.0,1.33125,0.011125,0.000321868196
6.0,1.33125,0.011125,0.000321868196
6.0,1.331625,0.010875,0.000321868196
6.0,1.331375,0.0105,0.000321868196
6.0,1.331625,0.01075,0.000321868196
6.0,1.33175,0.01075,0.000321868196
6.0,1.33175,0.01075,0.000321868196
6.0,1.331125,0.01075,0.000321868196
6.0,1.33125,0.011,0.000321868196
6.0,1.33125,0.011,0.000321868196
6.0,1.331125,0.011,0.000321868196
6.0,1.331125,0.011,0.000321868196
6.0,1.331,0.011125,0.000321868196
6.0,1.330875,0.010875,0.000321868196
6.0,1.331125,0.010875,0.000321868196
6.0,1.331375,0.011,0.000321868196
6.0,1.331125,0.010875,0.000321868196
6.0,1.331,0.011125,0.000321868196
6.0,1.331125,0.01075,0.000321868196
6.0,1.33125,0.010625,0.000321868196
6.0,1.331125,0.010625,0.000321868196
6.0,1.3315,0.010625,0.000321868196
6.0,1.331625,0.01075,0.000321868196
6.0,1.331375,0.01075,0.000321868196
6.0,1.331375,0.010625,0.000321868196
6.0,1.331125,0.0105,0.000321868196
6.0,1.33125,0.01075,0.000321868196
6.0,1.33125,0.01075,0.000321868196
6.0,1.331375,0.011,0.000321868196
6.0,1.330875,0.011,0.000321868196
6.0,1.330375,0.010875,0.000321868196
6.0,1.330625,0.010875,0.000321868196
6.0,1.331,0.011125,0.000321868196
6.0,1.331,0.011125,0.000321868196
6.0,1.3315,0.010875,0.000321868196
6.0,1.331375,0.01075,0.000321868196
6.0,1.33075,0.010625,0.000321868196
6.0,1.331,0.01075,0.000321868196
6.0,1.33175,0.010625,0.000321868196
6.0,1.3315,0.01075,0.000321868196
6.0,1.331375,0.01075,0.000321868196
6.0,1.331,0.01075,0.000321868196
6.0,1.330875,0.010875,0.000321868196
6.0,1.330875,0.010875,0.000321868196
6.0,1.331375,0.010875,0.000321868196
6.0,1.331375,0.011,0.000321868196
6.0,1.330625,0.011,0.000321868196
6.0,1.3305,0.011,0.000321868196
6.0,1.331375,0.011,0.000321868196
6.0,1.331625,0.011125,0.000321868196
6.0,1.331125,0.011,0.000321868196
6.0,1.331,0.011,0.000321868196
6.0,1.331375,0.011,0.000321868196
6.0,1.330875,0.010625,0.000321868196
6.0,1.33125,0.01075,0.000321868196
6.0,1.331375,0.010625,0.000321868196
6.0,1.331375,0.010625,0.000321868196
6.0,1.331,0.01075,0.000321868196
6.0,1.330625,0.011,0.000321868196
6.0,1.330625,0.011,0.000321868196
6.0,1.331,0.011,0.000321868196
6.0,1.330875,0.011,0.000321868196
6.0,1.331375,0.010875,0.000321868196
6.0,1.330875,0.01075,0.000321868196
6.0,1.330875,0.010875,0.000321868196
6.0,1.331,0.011125,0.000321868196
6.0,1.331125,0.01125,0.000321868196
6.0,1.33125,0.011125,0.000321868196
6.0,1.331375,0.010875,0.000321868196
6.0,1.331375,0.01075,0.000321868196
6.0,1.33125,0.010625,0.000321868196
6.0,1.331875,0.0105,0.000321868196
6.0,1.331625,0.010625,0.000321868196
6.0,1.331375,0.010625,0.000321868196
6.0,1.331125,0.01075,0.000321868196
6.0,1.331125,0.01075,0.000321868196
6.0,1.330875,0.010875,0.000321868196
6.0,1.331,0.01075,0.000321868196
6.0,1.331,0.011,0.000321868196
6.0,1.331,0.010875,0.000321868196
6.0,1.330875,0.011,0.000321868196
6.0,1.331,0.010875,0.000321868196
6.0,1.3315,0.01075,0.000321868196
6.0,1.331375,0.011,0.000321868196
6.0,1.33125,0.011125,0.000321868196
6.0,1.331375,0.011,0.000321868196
6.0,1.330875,0.010875,0.000321868196
6.0,1.331,0.01075,0.000321868196
6.0,1.331375,0.010625,0.000321868196
6.0,1.331625,0.010625,0.000321868196
6.0,1.331625,0.010625,0.000321868196
6.0,1.331625,0.01075,0.000321868196
6.0,1.331125,0.01075,0.000321868196
6.0,1.33075,0.010875,0.000321868196
6.0,1.33075,0.010875,0.000321868196
6.0,1.331,0.010875,0.000321868196
6.0,1.330875,0.011,0.000321868196
6.0,1.330875,0.010875,0.000321868196
6.0,1.330875,0.011,0.000321868196
6.0,1.331375,0.011125,0.000321868196
6.0,1.331,0.011,0.000321868196
6.0,1.331125,0.011,0.000321868196
6.0,1.331375,0.01075,0.000321868196
6.0,1.33125,0.01075,0.000321868196
6.0,1.331625,0.0105,0.000321868196
6.0,1.33175,0.01075,0.000321868196
6.0,1.332,0.010625,0.000321868196
6.0,1.3315,0.01075,0.000321868196
6.0,1.3315,0.01075,0.000321868196
6.0,1.330875,0.010875,0.000321868196
6.0,1.331125,0.01075,0.000321868196
6.0,1.331,0.010875,0.000321868196
6.0,1.331375,0.011,0.000321868196
6.0,1.331125,0.010875,0.000321868196
6.0,1.331125,0.010875,0.000321868196
6.0,1.331375,0.011125,0.000321868196
6.0,1.3315,0.010875,0.000321868196
6.0,1.331375,0.011,0.000321868196
6.0,1.331125,0.01075,0.000321868196
6.0,1.331,0.010875,0.000321868196
6.0,1.331375,0.01075,0.000321868196
6.0,1.331875,0.01075,0.000321868196
6.0,1.331875,0.010875,0.000321868196
6.0,1.331375,0.010875,0.000321868196
6.0,1.331375,0.010875,0.000321868196
6.0,1.331125,0.01075,0.000321868196
6.0,1.331,0.010875,0.000321868196
6.0,1.330875,0.010875,0.000321868196
6.0,1.330875,0.011,0.000321868196
6.0,1.330875,0.010875,0.000321868196
6.0,1.331,0.01075,0.000321868196
6.0,1.331,0.010875,0.000321868196
6.0,1.331625,0.011125,0.000321868196
6.0,1.332,0.01125,0.000321868196
6.0,1.331375,0.011,0.000321868196
6.0,1.3315,0.010875,0.000321868196
6.0,1.3315,0.010875,0.000321868196
6.0,1.3315,0.01075,0.000321868196
6.0,1.33175,0.01075,0.000321868196
7.0,1.39025,0.005625,0.000321944215
7.0,1.390375,0.005625,0.000321944215
7.0,1.39,0.005625,0.000321944215
7.0,1.389875,0.00575,0.000321944215
7.0,1.39,0.005875,0.000321944215
7.0,1.39,0.005875,0.000321944215
7.0,1.39,0.005875,0.000321944215
7.0,1.3895,0.005625,0.000321944215
7.0,1.3895,0.005625,0.000321944215
7.0,1.389625,0.005625,0.000321944215
7.0,1.389875,0.00575,0.000321944215
7.0,1.389625,0.00575,0.000321944215
7.0,1.389625,0.005625,0.000321944215
7.0,1.38975,0.00575,0.000321944215
7.0,1.389625,0.005375,0.000321944215
7.0,1.38925,0.005375,0.000321944215
7.0,1.390125,0.0055,0.000321944215
7.0,1.390125,0.005625,0.000321944215
7.0,1.39,0.005375,0.000321944215
7.0,1.389625,0.0055,0.000321944215
7.0,1.389625,0.0055,0.000321944215
7.0,1.389375,0.005625,0.000321944215
7.0,1.3895,0.00575,0.000321944215
7.0,1.3895,0.00575,0.000321944215
7.0,1.389125,0.00575,0.000321944215
7.0,1.389125,0.005625,0.000321944215
7.0,1.389375,0.00575,0.000321944215
7.0,1.39025,0.00575,0.000321944215
7.0,1.390125,0.005875,0.000321944215
7.0,1.38975,0.005625,0.000321944215
7.0,1.39,0.005625,0.000321944215
7.0,1.3895,0.005375,0.000321944215
7.0,1.389875,0.005375,0.000321944215
7.0,1.390375,0.0055,0.000321944215
7.0,1.39025,0.005625,0.000321944215
7.0,1.39025,0.0055,0.000321944215
7.0,1.38975,0.0055,0.000321944215
7.0,1.38975,0.0055,0.000321944215
7.0,1.389875,0.005625,0.000321944215
7.0,1.389625,0.00575,0.000321944215
7.0,1.3895,0.00575,0.000321944215
7.0,1.3895,0.005625,0.000321944215
7.0,1.389375,0.005625,0.000321944215
7.0,1.389875,0.00575,0.000321944215
7.0,1.390125,0.00575,0.000321944215
7.0,1.39,0.00575,0.000321944215
7.0,1.390125,0.00575,0.000321944215
7.0,1.390375,0.005625,0.000321944215
7.0,1.389625,0.005375,0.000321944215
7.0,1.39,0.0055,0.000321944215
7.0,1.38975,0.0055,0.000321944215
7.0,1.39,0.0055,0.000321944215
7.0,1.3895,0.005625,0.000321944215
7.0,1.3895,0.00575,0.000321944215
7.0,1.389875,0.005875,0.000321944215
7.0,1.389875,0.005875,0.000321944215
7.0,1.3895,0.00575,0.000321944215
7.0,1.3895,0.00575,0.000321944215
7.0,1.389125,0.00575,0.000321944215
7.0,1.3895,0.005625,0.000321944215
7.0,1.39,0.00575,0.000321944215
7.0,1.38975,0.005875,0.000321944215
7.0,1.389625,0.005875,0.000321944215
7.0,1.390125,0.005625,0.000321944215
7.0,1.389875,0.0055,0.000321944215
7.0,1.389875,0.0055,0.000321944215
7.0,1.390125,0.0055,0.000321944215
7.0,1.390375,0.0055,0.000321944215
7.0,1.390375,0.0055,0.000321944215
7.0,1.39,0.00575,0.000321944215
7.0,1.389125,0.005875,0.000321944215
7.0,1.389125,0.006,0.000321944215
7.0,1.3895,0.005875,0.000321944215
7.0,1.3895,0.005875,0.000321944215
7.0,1.389125,0.005875,0.000321944215
7.0,1.389375,0.00575,0.000321944215
7.0,1.389625,0.00575,0.000321944215
7.0,1.39025,0.00575,0.000321944215
7.0,1.39,0.00575,0.000321944215
7.0,1.390125,0.005625,0.000321944215
7.0,1.390125,0.005375,0.000321944215
7.0,1.39,0.005375,0.000321944215
7.0,1.389875,0.005375,0.000321944215
7.0,1.3905,0.0055,0.000321944215
7.0,1.390625,0.005625,0.000321944215
7.0,1.390125,0.005625,0.000321944215
7.0,1.3895,0.0055,0.000321944215
7.0,1.389625,0.0055,0.000321944215
7.0,1.3895,0.00575,0.000321944215
7.0,1.3895,0.00575,0.000321944215
7.0,1.38975,0.005625,0.000321944215
7.0,1.389375,0.005625,0.000321944215
7.0,1.38925,0.005625,0.000321944215
7.0,1.389625,0.00575,0.000321944215
7.0,1.39025,0.005875,0.000321944215
7.0,1.39025,0.005625,0.000321944215
7.0,1.390125,0.005625,0.000321944215
7.0,1.390125,0.005625,0.000321944215
7.0,1.389875,0.005375,0.000321944215
7.0,1.39025,0.005375,0.000321944215
7.0,1.390625,0.005375,0.000321944215
7.0,1.39075,0.0055,0.000321944215
7.0,1.3905,0.005375,0.000321944215
7.0,1.38975,0.0055,0.000321944215
7.0,1.38975,0.005375,0.000321944215
7.0,1.38975,0.005375,0.000321944215
7.0,1.390125,0.0055,0.000321944215
7.0,1.390125,0.00575,0.000321944215
7.0,1.389625,0.005375,0.000321944215
7.0,1.389875,0.0055,0.000321944215
7.0,1.39,0.005625,0.000321944215
7.0,1.39025,0.0055,0.000321944215
7.0,1.390125,0.005625,0.000321944215
7.0,1.389875,0.00575,0.000321944215
7.0,1.39,0.005625,0.000321944215
7.0,1.390125,0.005625,0.000321944215
7.0,1.3905,0.0055,0.000321944215
7.0,1.3905,0.0055,0.000321944215
7.0,1.39,0.0055,0.000321944215
7.0,1.39025,0.005625,0.000321944215
7.0,1.389875,0.005625,0.000321944215
7.0,1.389375,0.005625,0.000321944215
7.0,1.389375,0.005625,0.000321944215
7.0,1.3895,0.00575,0.000321944215
7.0,1.3895,0.005625,0.000321944215
7.0,1.38925,0.005625,0.000321944215
7.0,1.38925,0.00575,0.000321944215
7.0,1.389875,0.005875,0.000321944215
7.0,1.39,0.00575,0.000321944215
7.0,1.389875,0.005625,0.000321944215
7.0,1.39,0.005375,0.000321944215
7.0,1.389875,0.0055,0.000321944215
7.0,1.389875,0.0055,0.000321944215
7.0,1.390375,0.0055,0.000321944215
7.0,1.390125,0.005625,0.000321944215
7.0,1.39,0.005625,0.000321944215
7.0,1.389625,0.005375,0.000321944215
7.0,1.389375,0.005375,0.000321944215
7.0,1.389375,0.005375,0.000321944215
7.0,1.389375,0.0055,0.000321944215
7.0,1.389625,0.005625,0.000321944215
7.0,1.389125,0.005625,0.000321944215
7.0,1.38925,0.005625,0.000321944215
7.0,1.3895,0.005625,0.000321944215
7.0,1.38975,0.00575,0.000321944215
7.0,1.39,0.005625,0.000321944215
7.0,1.39,0.005625,0.000321944215
7.0,1.389875,0.0055,0.000321944215
7.0,1.389625,0.0055,0.000321944215
7.0,1.390125,0.0055,0.000321944215
7.0,1.3905,0.0055,0.000321944215
7.0,1.390375,0.005375,0.000321944215
7.0,1.389625,0.005625,0.000321944215
7.0,1.3895,0.005625,0.000321944215
7.0,1.3895,0.005625,0.000321944215
7.0,1.3895,0.00575,0.000321944215
7.0,1.3895,0.00575,0.000321944215
7.0,1.3895,0.00575,0.000321944215
7.0,1.389375,0.0055,0.000321944215
7.0,1.389875,0.005625,0.000321944215
7.0,1.389875,0.005875,0.000321944215
7.0,1.389875,0.00575,0.000321944215
7.0,1.38975,0.005625,0.000321944215
7.0,1.39,0.005625,0.000321944215
7.0,1.389875,0.0055,0.000321944215
7.0,1.38975,0.0055,0.000321944215
7.0,1.39025,0.0055,0.000321944215
7.0,1.39025,0.0055,0.000321944215
7.0,1.390125,0.005375,0.000321944215
8.0,1.447875,0.0025,0.000321923202
8.0,1.447875,0.002625,0.000321923202
8.0,1.448,0.0025,0.000321923202
8.0,1.44775,0.002375,0.000321923202
8.0,1.44825,0.0025,0.000321923202
8.0,1.448625,0.002625,0.000321923202
8.0,1.448375,0.0025,0.000321923202
8.0,1.44825,0.0025,0.000321923202
8.0,1.44825,0.0025,0.000321923202
8.0,1.44875,0.0025,0.000321923202
8.0,1.4485,0.0025,0.000321923202
8.0,1.448625,0.00225,0.000321923202
8.0,1.449,0.00225,0.000321923202
8.0,1.44875,0.002375,0.000321923202
8.0,1.448375,0.002375,0.000321923202
8.0,1.447875,0.002125,0.000321923202
8.0,1.447625,0.00225,0.000321923202
8.0,1.44775,0.0025,0.000321923202
8.0,1.447625,0.002625,0.000321923202
8.0,1.447625,0.0025,0.000321923202
8.0,1.4475,0.002375,0.000321923202
8.0,1.44825,0.0025,0.000321923202
8.0,1.448375,0.002625,0.000321923202
8.0,1.448375,0.002625,0.000321923202
8.0,1.448375,0.002625,0.000321923202
8.0,1.448125,0.002625,0.000321923202
8.0,1.448,0.0025,0.000321923202
8.0,1.448125,0.002375,0.000321923202
8.0,1.44875,0.00225,0.000321923202
8.0,1.449125,0.002375,0.000321923202
8.0,1.449,0.002375,0.000321923202
8.0,1.44825,0.002375,0.000321923202
8.0,1.447875,0.0025,0.000321923202
8.0,1.447875,0.002625,0.000321923202
8.0,1.448,0.00275,0.000321923202
8.0,1.448,0.00275,0.000321923202
8.0,1.44775,0.002375,0.000321923202
8.0,1.44775,0.002625,0.000321923202
8.0,1.448125,0.00275,0.000321923202
8.0,1.4485,0.00275,0.000321923202
8.0,1.44825,0.00275,0.000321923202
8.0,1.44825,0.002625,0.000321923202
8.0,1.44875,0.0025,0.000321923202
8.0,1.448375,0.002375,0.000321923202
8.0,1.448625,0.00225,0.000321923202
8.0,1.44875,0.00225,0.000321923202
8.0,1.44825,0.00225,0.000321923202
8.0,1.448375,0.00225,0.000321923202
8.0,1.44825,0.002375,0.000321923202
8.0,1.44825,0.0025,0.000321923202
8.0,1.44825,0.002625,0.000321923202
8.0,1.44825,0.00275,0.000321923202
8.0,1.448,0.002625,0.000321923202
8.0,1.448125,0.0025,0.000321923202
8.0,1.447875,0.002625,0.000321923202
8.0,1.448375,0.0025,0.000321923202
8.0,1.4485,0.0025,0.000321923202
8.0,1.4485,0.0025,0.000321923202
8.0,1.448125,0.0025,0.000321923202
8.0,1.4485,0.0025,0.000321923202
8.0,1.44825,0.002375,0.000321923202
8.0,1.44825,0.002375,0.000321923202
8.0,1.44875,0.002375,0.000321923202
8.0,1.448875,0.002125,0.000321923202
8.0,1.448625,0.00225,0.000321923202
8.0,1.44825,0.002375,0.000321923202
8.0,1.448125,0.0025,0.000321923202
8.0,1.448,0.002625,0.000321923202
8.0,1.448125,0.00275,0.000321923202
8.0,1.448125,0.002625,0.000321923202
8.0,1.448125,0.0025,0.000321923202
8.0,1.448375,0.0025,0.000321923202
8.0,1.448375,0.002625,0.000321923202
8.0,1.448375,0.002625,0.000321923202
8.0,1.448375,0.002625,0.000321923202
8.0,1.44825,0.002625,0.000321923202
8.0,1.448125,0.002375,0.000321923202
8.0,1.44825,0.00225,0.000321923202
8.0,1.44875,0.002375,0.000321923202
8.0,1.449,0.002375,0.000321923202
8.0,1.448625,0.002375,0.000321923202
8.0,1.448125,0.0025,0.000321923202
8.0,1.447875,0.00225,0.000321923202
8.0,1.44775,0.002125,0.000321923202
8.0,1.44825,0.002375,0.000321923202
8.0,1.448125,0.0025,0.000321923202
8.0,1.447875,0.0025,0.000321923202
8.0,1.447625,0.002625,0.000321923202
8.0,1.448375,0.002625,0.000321923202
8.0,1.448375,0.002625,0.000321923202
8.0,1.44825,0.0025,0.000321923202
8.0,1.448125,0.002625,0.000321923202
8.0,1.44825,0.002375,0.000321923202
8.0,1.448125,0.00225,0.000321923202
8.0,1.448,0.002375,0.000321923202
8.0,1.4485,0.00225,0.000321923202
8.0,1.44875,0.00225,0.000321923202
8.0,1.448625,0.0025,0.000321923202
8.0,1.44825,0.002375,0.000321923202
8.0,1.44825,0.002375,0.000321923202
8.0,1.448375,0.0025,0.000321923202
8.0,1.448375,0.0025,0.000321923202
8.0,1.448375,0.002625,0.000321923202
8.0,1.44825,0.002375,0.000321923202
8.0,1.448125,0.002625,0.000321923202
8.0,1.448125,0.002625,0.000321923202
8.0,1.448875,0.002625,0.000321923202
8.0,1.448375,0.002625,0.000321923202
8.0,1.448375,0.0025,0.000321923202
8.0,1.448375,0.0025,0.000321923202
8.0,1.448375,0.0025,0.000321923202
8.0,1.44825,0.002375,0.000321923202
8.0,1.448625,0.0025,0.000321923202
8.0,1.44875,0.002375,0.000321923202
8.0,1.448125,0.00225,0.000321923202
8.0,1.447875,0.00225,0.000321923202
8.0,1.447625,0.002,0.000321923202
8.0,1.44825,0.0025,0.000321923202
8.0,1.448375,0.0025,0.000321923202
8.0,1.44825,0.002375,0.000321923202
8.0,1.448125,0.002375,0.000321923202
8.0,1.448125,0.002375,0.000321923202
8.0,1.44825,0.0025,0.000321923202
8.0,1.448375,0.0025,0.000321923202
8.0,1.44825,0.002375,0.000321923202
8.0,1.448375,0.002375,0.000321923202
8.0,1.4485,0.00225,0.000321923202
8.0,1.44825,0.00225,0.000321923202
8.0,1.44825,0.00225,0.000321923202
8.0,1.44875,0.002375,0.000321923202
8.0,1.44875,0.0025,0.000321923202
8.0,1.4485,0.002375,0.000321923202
8.0,1.448125,0.0025,0.000321923202
8.0,1.448125,0.0025,0.000321923202
8.0,1.447875,0.0025,0.000321923202
8.0,1.447875,0.0025,0.000321923202
8.0,1.447875,0.0025,0.000321923202
8.0,1.44775,0.0025,0.000321923202
8.0,1.44775,0.002625,0.000321923202
8.0,1.448125,0.002625,0.000321923202
8.0,1.4485,0.002375,0.000321923202
8.0,1.448125,0.002375,0.000321923202
8.0,1.448,0.002375,0.000321923202
8.0,1.44825,0.00225,0.000321923202
8.0,1.448625,0.002375,0.000321923202
8.0,1.449,0.002375,0.000321923202
8.0,1.448625,0.002375,0.000321923202
8.0,1.44825,0.002375,0.000321923202
8.0,1.44825,0.002375,0.000321923202
8.0,1.448375,0.002375,0.000321923202
8.0,1.44825,0.0025,0.000321923202
8.0,1.448,0.0025,0.000321923202
8.0,1.448,0.002625,0.000321923202
8.0,1.447625,0.002625,0.000321923202
8.0,1.447625,0.0025,0.000321923202
8.0,1.447625,0.0025,0.000321923202
8.0,1.448375,0.0025,0.000321923202
8.0,1.4485,0.00225,0.000321923202
8.0,1.4485,0.002125,0.000321923202
8.0,1.4485,0.002125,0.000321923202
8.0,1.448375,0.002,0.000321923202
8.0,1.44825,0.002125,0.000321923202
8.0,1.4485,0.00225,0.000321923202
8.0,1.448625,0.00225,0.000321923202
8.0,1.448625,0.00225,0.000321923202
8.0,1.44825,0.002375,0.000321923202
8.0,1.447875,0.002375,0.000321923202
8.0,1.448375,0.0025,0.000321923202
8.0,1.448375,0.002625,0.000321923202
9.0,1.50825,0.000625,0.000321930391
9.0,1.508625,0.000625,0.000321930391
9.0,1.508,0.00075,0.000321930391
9.0,1.5075,0.000875,0.000321930391
9.0,1.507625,0.000875,0.000321930391
9.0,1.507875,0.00075,0.000321930391
9.0,1.507625,0.000875,0.000321930391
9.0,1.507625,0.00075,0.000321930391
9.0,1.507625,0.00075,0.000321930391
9.0,1.507625,0.000625,0.000321930391
9.0,1.50775,0.000875,0.000321930391
9.0,1.508,0.00075,0.000321930391
9.0,1.50825,0.001,0.000321930391
9.0,1.508125,0.001125,0.000321930391
9.0,1.508125,0.00075,0.000321930391
9.0,1.50825,0.000625,0.000321930391
9.0,1.5085,0.000625,0.000321930391
9.0,1.50875,0.00075,0.000321930391
9.0,1.50825,0.00075,0.000321930391
9.0,1.5075,0.00075,0.000321930391
9.0,1.50725,0.00075,0.000321930391
9.0,1.50725,0.000875,0.000321930391
9.0,1.507625,0.000875,0.000321930391
9.0,1.507875,0.00075,0.000321930391
9.0,1.507625,0.00075,0.000321930391
9.0,1.507625,0.00075,0.000321930391
9.0,1.507375,0.00075,0.000321930391
9.0,1.507875,0.001,0.000321930391
9.0,1.508125,0.001,0.000321930391
9.0,1.508125,0.000875,0.000321930391
9.0,1.508125,0.00075,0.000321930391
9.0,1.508125,0.000875,0.000321930391
9.0,1.507875,0.00075,0.000321930391
9.0,1.50825,0.00075,0.000321930391
9.0,1.508875,0.0005,0.000321930391
9.0,1.5085,0.000375,0.000321930391
9.0,1.508125,0.00075,0.000321930391
9.0,1.507875,0.00075,0.000321930391
9.0,1.508,0.000625,0.000321930391
9.0,1.50825,0.001,0.000321930391
9.0,1.507875,0.000875,0.000321930391
9.0,1.507875,0.000875,0.000321930391
9.0,1.507625,0.00075,0.000321930391
9.0,1.5075,0.00075,0.000321930391
9.0,1.50775,0.000875,0.000321930391
9.0,1.508,0.001125,0.000321930391
9.0,1.50825,0.001125,0.000321930391
9.0,1.50825,0.000875,0.000321930391
9.0,1.50775,0.000625,0.000321930391
9.0,1.508125,0.000625,0.000321930391
9.0,1.50875,0.000625,0.000321930391
9.0,1.508625,0.000625,0.000321930391
9.0,1.50825,0.000625,0.000321930391
9.0,1.507875,0.001,0.000321930391
9.0,1.50775,0.001125,0.000321930391
9.0,1.5075,0.001,0.000321930391
9.0,1.50775,0.001,0.000321930391
9.0,1.50775,0.001,0.000321930391
9.0,1.507625,0.000875,0.000321930391
9.0,1.507625,0.000875,0.000321930391
9.0,1.507875,0.000875,0.000321930391
9.0,1.508125,0.001,0.000321930391
9.0,1.508125,0.001125,0.000321930391
9.0,1.508,0.001,0.000321930391
9.0,1.507625,0.000875,0.000321930391
9.0,1.508,0.000875,0.000321930391
9.0,1.508375,0.000875,0.000321930391
9.0,1.508625,0.00075,0.000321930391
9.0,1.508375,0.000875,0.000321930391
9.0,1.508,0.00075,0.000321930391
9.0,1.508,0.00075,0.000321930391
9.0,1.50775,0.000875,0.000321930391
9.0,1.508,0.000875,0.000321930391
9.0,1.508,0.000875,0.000321930391
9.0,1.50825,0.000875,0.000321930391
9.0,1.507625,0.00075,0.000321930391
9.0,1.507625,0.00075,0.000321930391
9.0,1.507625,0.001,0.000321930391
9.0,1.508,0.001125,0.000321930391
9.0,1.50825,0.001,0.000321930391
9.0,1.508625,0.000875,0.000321930391
9.0,1.50825,0.000625,0.000321930391
9.0,1.50825,0.000625,0.000321930391
9.0,1.50825,0.00075,0.000321930391
9.0,1.5085,0.000625,0.000321930391
9.0,1.5085,0.0005,0.000321930391
9.0,1.508,0.00075,0.000321930391
9.0,1.507375,0.00075,0.000321930391
9.0,1.5075,0.001,0.000321930391
9.0,1.5075,0.001,0.000321930391
9.0,1.507625,0.001,0.000321930391
9.0,1.50825,0.001,0.000321930391
9.0,1.50775,0.000875,0.000321930391
9.0,1.50775,0.000875,0.000321930391
9.0,1.507875,0.001,0.000321930391
9.0,1.507875,0.00075,0.000321930391
9.0,1.507875,0.000875,0.000321930391
9.0,1.508125,0.001,0.000321930391
9.0,1.507875,0.000875,0.000321930391
9.0,1.507875,0.00075,0.000321930391
9.0,1.508125,0.000875,0.000321930391
9.0,1.508,0.000875,0.000321930391
9.0,1.50775,0.00075,0.000321930391
9.0,1.507625,0.00075,0.000321930391
9.0,1.5075,0.000625,0.000321930391
9.0,1.5075,0.000625,0.000321930391
9.0,1.507625,0.00075,0.000321930391
9.0,1.5075,0.000875,0.000321930391
9.0,1.507625,0.000875,0.000321930391
9.0,1.50725,0.00075,0.000321930391
9.0,1.50775,0.000875,0.000321930391
9.0,1.508125,0.000875,0.000321930391
9.0,1.507875,0.000875,0.000321930391
9.0,1.507875,0.00075,0.000321930391
9.0,1.508125,0.000625,0.000321930391
9.0,1.507875,0.0005,0.000321930391
9.0,1.50825,0.000625,0.000321930391
9.0,1.50875,0.000625,0.000321930391
9.0,1.508375,0.000625,0.000321930391
9.0,1.507875,0.00075,0.000321930391
9.0,1.507625,0.00075,0.000321930391
9.0,1.50775,0.000875,0.000321930391
9.0,1.50775,0.000875,0.000321930391
9.0,1.507875,0.000875,0.000321930391
9.0,1.50775,0.000875,0.000321930391
9.0,1.507875,0.000875,0.000321930391
9.0,1.507625,0.001,0.000321930391
9.0,1.507875,0.001,0.000321930391
9.0,1.508125,0.000875,0.000321930391
9.0,1.508375,0.001125,0.000321930391
9.0,1.508625,0.001,0.000321930391
9.0,1.508625,0.000625,0.000321930391
9.0,1.50825,0.000625,0.000321930391
9.0,1.5085,0.00075,0.000321930391
9.0,1.5085,0.00075,0.000321930391
9.0,1.50825,0.000625,0.000321930391
9.0,1.507875,0.000625,0.000321930391
9.0,1.507375,0.00075,0.000321930391
9.0,1.507375,0.00075,0.000321930391
9.0,1.50775,0.00075,0.000321930391
9.0,1.508375,0.000875,0.000321930391
9.0,1.50825,0.001,0.000321930391
9.0,1.507625,0.000875,0.000321930391
9.0,1.5075,0.00075,0.000321930391
9.0,1.508125,0.000875,0.000321930391
9.0,1.5085,0.00075,0.000321930391
9.0,1.508125,0.00075,0.000321930391
9.0,1.508,0.000625,0.000321930391
9.0,1.508125,0.000625,0.000321930391
9.0,1.5085,0.000625,0.000321930391
9.0,1.508625,0.000625,0.000321930391
9.0,1.508375,0.00075,0.000321930391
9.0,1.508125,0.00075,0.000321930391
9.0,1.50775,0.000875,0.000321930391
9.0,1.50775,0.000875,0.000321930391
9.0,1.507375,0.000875,0.000321930391
9.0,1.507625,0.000875,0.000321930391
9.0,1.507875,0.000625,0.000321930391
9.0,1.50775,0.000875,0.000321930391
9.0,1.507875,0.000875,0.000321930391
9.0,1.50775,0.001,0.000321930391
9.0,1.507875,0.000875,0.000321930391
9.0,1.508125,0.00075,0.000321930391
9.0,1.508625,0.000875,0.000321930391
9.0,1.50825,0.001125,0.000321930391
9.0,1.50825,0.00075,0.000321930391
9.0,1.5085,0.000625,0.000321930391
9.0,1.50875,0.000625,0.000321930391
9.0,1.5085,0.00075,0.000321930391
10.0,1.56725,0.00125,0.000321947795
10.0,1.56725,0.0015,0.000321947795
10.0,1.567375,0.001375,0.000321947795
10.0,1.567625,0.001125,0.000321947795
10.0,1.56725,0.001125,0.000321947795
10.0,1.567625,0.00125,0.000321947795
10.0,1.567625,0.0015,0.000321947795
10.0,1.5675,0.001375,0.000321947795
10.0,1.5675,0.001375,0.000321947795
10.0,1.567875,0.00125,0.000321947795
10.0,1.56775,0.001125,0.000321947795
10.0,1.56725,0.001,0.000321947795
10.0,1.567625,0.001,0.000321947795
10.0,1.56825,0.001,0.000321947795
10.0,1.568375,0.001125,0.000321947795
10.0,1.56775,0.001125,0.000321947795
10.0,1.567125,0.001125,0.000321947795
10.0,1.5675,0.001125,0.000321947795
10.0,1.56775,0.00125,0.000321947795
10.0,1.56775,0.001125,0.000321947795
10.0,1.5675,0.00125,0.000321947795
10.0,1.56725,0.00125,0.000321947795
10.0,1.5675,0.00125,0.000321947795
10.0,1.568,0.0015,0.000321947795
10.0,1.568,0.00125,0.000321947795
10.0,1.568,0.00125,0.000321947795
10.0,1.568,0.00125,0.000321947795
10.0,1.567875,0.001375,0.000321947795
10.0,1.567875,0.001125,0.000321947795
10.0,1.56825,0.001125,0.000321947795
10.0,1.568625,0.001125,0.000321947795
10.0,1.568375,0.001125,0.000321947795
10.0,1.568125,0.001125,0.000321947795
10.0,1.567625,0.00125,0.000321947795
10.0,1.568,0.001375,0.000321947795
10.0,1.567625,0.001375,0.000321947795
10.0,1.567625,0.00125,0.000321947795
10.0,1.567375,0.00125,0.000321947795
10.0,1.567375,0.001375,0.000321947795
10.0,1.567625,0.001375,0.000321947795
10.0,1.567875,0.001125,0.000321947795
10.0,1.567875,0.001125,0.000321947795
10.0,1.568125,0.001125,0.000321947795
10.0,1.568,0.00125,0.000321947795
10.0,1.5675,0.001125,0.000321947795
10.0,1.567625,0.001125,0.000321947795
10.0,1.5685,0.001,0.000321947795
10.0,1.568375,0.00125,0.000321947795
10.0,1.567875,0.00125,0.000321947795
10.0,1.5675,0.00125,0.000321947795
10.0,1.567375,0.001375,0.000321947795
10.0,1.5675,0.001375,0.000321947795
10.0,1.567625,0.00125,0.000321947795
10.0,1.5675,0.00125,0.000321947795
10.0,1.567375,0.001125,0.000321947795
10.0,1.567875,0.001125,0.000321947795
10.0,1.568,0.001375,0.000321947795
10.0,1.568,0.001375,0.000321947795
10.0,1.567875,0.00125,0.000321947795
10.0,1.567875,0.00125,0.000321947795
10.0,1.568,0.000875,0.000321947795
10.0,1.568,0.001,0.000321947795
10.0,1.568,0.001125,0.000321947795
10.0,1.568375,0.001125,0.000321947795
10.0,1.56825,0.001,0.000321947795
10.0,1.567625,0.001,0.000321947795
10.0,1.567375,0.00125,0.000321947795
10.0,1.567125,0.00125,0.000321947795
10.0,1.5675,0.00125,0.000321947795
10.0,1.567875,0.00125,0.000321947795
10.0,1.567625,0.001375,0.000321947795
10.0,1.567625,0.00125,0.000321947795
10.0,1.56775,0.001375,0.000321947795
10.0,1.56775,0.001375,0.000321947795
10.0,1.56775,0.001375,0.000321947795
10.0,1.568125,0.0015,0.000321947795
10.0,1.568125,0.00125,0.000321947795
10.0,1.568,0.001125,0.000321947795
10.0,1.56775,0.001,0.000321947795
10.0,1.567875,0.001,0.000321947795
10.0,1.568375,0.001125,0.000321947795
10.0,1.568375,0.00125,0.000321947795
10.0,1.56775,0.00125,0.000321947795
10.0,1.567125,0.001375,0.000321947795
10.0,1.5675,0.001375,0.000321947795
10.0,1.567875,0.001375,0.000321947795
10.0,1.567875,0.00125,0.000321947795
10.0,1.567625,0.00125,0.000321947795
10.0,1.567375,0.00125,0.000321947795
10.0,1.567375,0.00125,0.000321947795
10.0,1.567875,0.001375,0.000321947795
10.0,1.56775,0.001375,0.000321947795
10.0,1.567625,0.00125,0.000321947795
10.0,1.567875,0.001125,0.000321947795
10.0,1.567625,0.00125,0.000321947795
10.0,1.567875,0.001125,0.000321947795
10.0,1.568375,0.001125,0.000321947795
10.0,1.568625,0.001,0.000321947795
10.0,1.568,0.000875,0.000321947795
10.0,1.56725,0.001375,0.000321947795
10.0,1.567375,0.001375,0.000321947795
10.0,1.567375,0.00125,0.000321947795
10.0,1.567625,0.001375,0.000321947795
10.0,1.5675,0.001375,0.000321947795
10.0,1.56725,0.001125,0.000321947795
10.0,1.56725,0.001125,0.000321947795
10.0,1.567375,0.00125,0.000321947795
10.0,1.567625,0.00125,0.000321947795
10.0,1.567625,0.00125,0.000321947795
10.0,1.567875,0.00125,0.000321947795
10.0,1.568125,0.00125,0.000321947795
10.0,1.568,0.001,0.000321947795
10.0,1.567875,0.001125,0.000321947795
10.0,1.568125,0.00125,0.000321947795
10.0,1.568,0.001125,0.000321947795
10.0,1.56775,0.001125,0.000321947795
10.0,1.567375,0.00125,0.000321947795
10.0,1.5675,0.001,0.000321947795
10.0,1.56775,0.00125,0.000321947795
10.0,1.567375,0.001375,0.000321947795
10.0,1.567,0.001375,0.000321947795
10.0,1.567,0.001375,0.000321947795
10.0,1.567,0.00125,0.000321947795
10.0,1.567625,0.001375,0.000321947795
10.0,1.56775,0.001625,0.000321947795
10.0,1.567875,0.001375,0.000321947795
10.0,1.567625,0.0015,0.000321947795
10.0,1.56775,0.00125,0.000321947795
10.0,1.567625,0.00125,0.000321947795
10.0,1.568,0.001125,0.000321947795
10.0,1.56825,0.001125,0.000321947795
10.0,1.56825,0.00125,0.000321947795
10.0,1.568125,0.00125,0.000321947795
10.0,1.567375,0.001375,0.000321947795
10.0,1.5675,0.001375,0.000321947795
10.0,1.567625,0.00125,0.000321947795
10.0,1.567625,0.00125,0.000321947795
10.0,1.567375,0.00125,0.000321947795
10.0,1.567375,0.00125,0.000321947795
10.0,1.56725,0.00125,0.000321947795
10.0,1.567375,0.001625,0.000321947795
10.0,1.567875,0.001625,0.000321947795
10.0,1.5675,0.001375,0.000321947795
10.0,1.567875,0.00125,0.000321947795
10.0,1.567875,0.001125,0.000321947795
10.0,1.5675,0.001125,0.000321947795
10.0,1.56825,0.001,0.000321947795
10.0,1.568625,0.001,0.000321947795
10.0,1.568375,0.001125,0.000321947795
10.0,1.567625,0.001125,0.000321947795
10.0,1.5675,0.001125,0.000321947795
10.0,1.5675,0.001375,0.000321947795
10.0,1.56775,0.0015,0.000321947795
10.0,1.56775,0.001375,0.000321947795
10.0,1.56775,0.001375,0.000321947795
10.0,1.567375,0.001375,0.000321947795
10.0,1.567375,0.001375,0.000321947795
10.0,1.56775,0.001375,0.000321947795
10.0,1.567875,0.00125,0.000321947795
10.0,1.56775,0.001125,0.000321947795
10.0,1.567875,0.00125,0.000321947795
10.0,1.568,0.00125,0.000321947795
10.0,1.567875,0.001125,0.000321947795
10.0,1.568,0.001125,0.000321947795
10.0,1.568125,0.001125,0.000321947795
10.0,1.568125,0.00125,0.000321947795
10.0,1.567875,0.00125,0.000321947795
10.0,1.567625,0.00125,0.000321947795
10.0,1.567625,0.00125,0.000321947795
11.0,1.62725,0.00325,0.000321846455
11.0,1.627125,0.003125,0.000321846455
11.0,1.627,0.003125,0.000321846455
11.0,1.627625,0.00325,0.000321846455
11.0,1.6275,0.003375,0.000321846455
11.0,1.62725,0.00325,0.000321846455
11.0,1.6275,0.00325,0.000321846455
11.0,1.62725,0.003125,0.000321846455
11.0,1.62725,0.003125,0.000321846455
11.0,1.627375,0.003,0.000321846455
11.0,1.627875,0.00325,0.000321846455
11.0,1.628,0.00325,0.000321846455
11.0,1.62775,0.003125,0.000321846455
11.0,1.62725,0.003125,0.000321846455
11.0,1.627125,0.003125,0.000321846455
11.0,1.627625,0.003125,0.000321846455
11.0,1.6275,0.00325,0.000321846455
11.0,1.62725,0.003125,0.000321846455
11.0,1.627,0.003125,0.000321846455
11.0,1.627125,0.003375,0.000321846455
11.0,1.62775,0.003375,0.000321846455
11.0,1.627625,0.003,0.000321846455
11.0,1.627375,0.003125,0.000321846455
11.0,1.6275,0.003125,0.000321846455
11.0,1.6275,0.003125,0.000321846455
11.0,1.627625,0.003,0.000321846455
11.0,1.62775,0.002875,0.000321846455
11.0,1.627875,0.003125,0.000321846455
11.0,1.627875,0.003,0.000321846455
11.0,1.627625,0.003,0.000321846455
11.0,1.626875,0.003,0.000321846455
11.0,1.627,0.00325,0.000321846455
11.0,1.62725,0.00325,0.000321846455
11.0,1.62725,0.00325,0.000321846455
11.0,1.62725,0.003125,0.000321846455
11.0,1.62675,0.003125,0.000321846455
11.0,1.6275,0.003375,0.000321846455
11.0,1.627875,0.00325,0.000321846455
11.0,1.6275,0.00325,0.000321846455
11.0,1.627375,0.00325,0.000321846455
11.0,1.627375,0.003125,0.000321846455
11.0,1.62775,0.003125,0.000321846455
11.0,1.62775,0.003125,0.000321846455
11.0,1.62775,0.003125,0.000321846455
11.0,1.62825,0.00325,0.000321846455
11.0,1.628,0.003,0.000321846455
11.0,1.6275,0.00325,0.000321846455
11.0,1.627,0.003375,0.000321846455
11.0,1.62675,0.00325,0.000321846455
11.0,1.627125,0.00325,0.000321846455
11.0,1.627,0.00325,0.000321846455
11.0,1.62675,0.00325,0.000321846455
11.0,1.627125,0.003125,0.000321846455
11.0,1.627625,0.003125,0.000321846455
11.0,1.627125,0.00325,0.000321846455
11.0,1.627125,0.003125,0.000321846455
11.0,1.6275,0.003125,0.000321846455
11.0,1.6275,0.003125,0.000321846455
11.0,1.6275,0.003125,0.000321846455
11.0,1.627625,0.003,0.000321846455
11.0,1.627875,0.003125,0.000321846455
11.0,1.628,0.003125,0.000321846455
11.0,1.62775,0.003,0.000321846455
11.0,1.627625,0.00325,0.000321846455
11.0,1.626875,0.003375,0.000321846455
11.0,1.627,0.003125,0.000321846455
11.0,1.627,0.00325,0.000321846455
11.0,1.626875,0.003125,0.000321846455
11.0,1.626625,0.003125,0.000321846455
11.0,1.626875,0.00325,0.000321846455
11.0,1.6275,0.00325,0.000321846455
11.0,1.627375,0.003375,0.000321846455
11.0,1.62775,0.00325,0.000321846455
11.0,1.62775,0.00325,0.000321846455
11.0,1.627875,0.00325,0.000321846455
11.0,1.6275,0.003125,0.000321846455
11.0,1.62725,0.003125,0.000321846455
11.0,1.62775,0.00325,0.000321846455
11.0,1.628,0.00325,0.000321846455
11.0,1.62775,0.003125,0.000321846455
11.0,1.627375,0.00325,0.000321846455
11.0,1.627375,0.003125,0.000321846455
11.0,1.627125,0.003125,0.000321846455
11.0,1.627125,0.00325,0.000321846455
11.0,1.627,0.003125,0.000321846455
11.0,1.62725,0.003125,0.000321846455
11.0,1.6275,0.003125,0.000321846455
11.0,1.62775,0.00325,0.000321846455
11.0,1.627375,0.003375,0.000321846455
11.0,1.627375,0.003375,0.000321846455
11.0,1.627125,0.00325,0.000321846455
11.0,1.627625,0.003,0.000321846455
11.0,1.62775,0.002875,0.000321846455
11.0,1.627875,0.003125,0.000321846455
11.0,1.62825,0.003125,0.000321846455
11.0,1.628,0.003,0.000321846455
11.0,1.6275,0.003,0.000321846455
11.0,1.626875,0.003,0.000321846455
11.0,1.627,0.003125,0.000321846455
11.0,1.627125,0.00325,0.000321846455
11.0,1.62725,0.003375,0.000321846455
11.0,1.626875,0.00325,0.000321846455
11.0,1.627,0.003125,0.000321846455
11.0,1.627375,0.003375,0.000321846455
11.0,1.627625,0.003375,0.000321846455
11.0,1.627625,0.003375,0.000321846455
11.0,1.6275,0.00325,0.000321846455
11.0,1.62775,0.003125,0.000321846455
11.0,1.62775,0.003125,0.000321846455
11.0,1.62775,0.003,0.000321846455
11.0,1.62775,0.002875,0.000321846455
11.0,1.627625,0.002875,0.000321846455
11.0,1.62775,0.002875,0.000321846455
11.0,1.627125,0.003,0.000321846455
11.0,1.627125,0.003375,0.000321846455
11.0,1.627625,0.00325,0.000321846455
11.0,1.627625,0.00325,0.000321846455
11.0,1.6275,0.003375,0.000321846455
11.0,1.627125,0.00325,0.000321846455
11.0,1.627125,0.003375,0.000321846455
11.0,1.627625,0.003375,0.000321846455
11.0,1.627625,0.003375,0.000321846455
11.0,1.627625,0.003375,0.000321846455
11.0,1.62725,0.003125,0.000321846455
11.0,1.6275,0.003,0.000321846455
11.0,1.6275,0.003,0.000321846455
11.0,1.627625,0.002875,0.000321846455
11.0,1.628,0.003,0.000321846455
11.0,1.628,0.003125,0.000321846455
11.0,1.628125,0.003,0.000321846455
11.0,1.6275,0.003,0.000321846455
11.0,1.627125,0.003125,0.000321846455
11.0,1.627,0.003125,0.000321846455
11.0,1.6275,0.003125,0.000321846455
11.0,1.627375,0.00325,0.000321846455
11.0,1.627125,0.00325,0.000321846455
11.0,1.627125,0.003375,0.000321846455
11.0,1.627125,0.00325,0.000321846455
11.0,1.6275,0.00325,0.000321846455
11.0,1.627625,0.00325,0.000321846455
11.0,1.627875,0.003,0.000321846455
11.0,1.627875,0.003,0.000321846455
11.0,1.627625,0.002875,0.000321846455
11.0,1.627875,0.003,0.000321846455
11.0,1.628,0.003,0.000321846455
11.0,1.628,0.00325,0.000321846455
11.0,1.627875,0.00325,0.000321846455
11.0,1.6275,0.00325,0.000321846455
11.0,1.627125,0.00325,0.000321846455
11.0,1.62725,0.00325,0.000321846455
11.0,1.62725,0.00325,0.000321846455
11.0,1.627,0.00325,0.000321846455
11.0,1.626875,0.003125,0.000321846455
11.0,1.627375,0.00325,0.000321846455
11.0,1.627375,0.00325,0.000321846455
11.0,1.627375,0.00325,0.000321846455
11.0,1.627375,0.00325,0.000321846455
11.0,1.62725,0.003125,0.000321846455
11.0,1.62725,0.003125,0.000321846455
11.0,1.6275,0.003,0.000321846455
11.0,1.627875,0.003125,0.000321846455
11.0,1.62825,0.003,0.000321846455
11.0,1.62825,0.003125,0.000321846455
11.0,1.6275,0.003125,0.000321846455
11.0,1.626875,0.00325,0.000321846455
11.0,1.62725,0.003125,0.000321846455
11.0,1.62725,0.00325,0.000321846455
11.0,1.627375,0.003375,0.000321846455
11.0,1.62675,0.00325,0.000321846455
12.0,1.686875,0.007375,0.000321876287
12.0,1.687125,0.00725,0.000321876287
12.0,1.687125,0.00725,0.000321876287
12.0,1.686875,0.00725,0.000321876287
12.0,1.68675,0.007125,0.000321876287
12.0,1.687125,0.00725,0.000321876287
12.0,1.687625,0.0075,0.000321876287
12.0,1.687625,0.0075,0.000321876287
12.0,1.687625,0.0075,0.000321876287
12.0,1.687375,0.007375,0.000321876287
12.0,1.687375,0.007125,0.000321876287
12.0,1.687375,0.007125,0.000321876287
12.0,1.68775,0.00725,0.000321876287
12.0,1.688375,0.00725,0.000321876287
12.0,1.687875,0.007125,0.000321876287
12.0,1.687875,0.00725,0.000321876287
12.0,1.687375,0.007375,0.000321876287
12.0,1.68725,0.007375,0.000321876287
12.0,1.687625,0.007375,0.000321876287
12.0,1.68725,0.007375,0.000321876287
12.0,1.68675,0.007375,0.000321876287
12.0,1.687,0.0075,0.000321876287
12.0,1.68725,0.0075,0.000321876287
12.0,1.687625,0.007375,0.000321876287
12.0,1.687625,0.007375,0.000321876287
12.0,1.687875,0.007375,0.000321876287
12.0,1.68775,0.0075,0.000321876287
12.0,1.6875,0.00725,0.000321876287
12.0,1.687375,0.007,0.000321876287
12.0,1.68775,0.007125,0.000321876287
12.0,1.688125,0.007125,0.000321876287
12.0,1.688,0.00725,0.000321876287
12.0,1.687375,0.00725,0.000321876287
12.0,1.687375,0.007375,0.000321876287
12.0,1.6875,0.00725,0.000321876287
12.0,1.68775,0.007375,0.000321876287
12.0,1.687375,0.007375,0.000321876287
12.0,1.686875,0.00725,0.000321876287
12.0,1.687,0.007375,0.000321876287
12.0,1.687,0.00725,0.000321876287
12.0,1.68725,0.007375,0.000321876287
12.0,1.68725,0.007375,0.000321876287
12.0,1.68725,0.007375,0.000321876287
12.0,1.6875,0.007125,0.000321876287
12.0,1.68775,0.007125,0.000321876287
12.0,1.687875,0.007125,0.000321876287
12.0,1.68825,0.007125,0.000321876287
12.0,1.6885,0.007125,0.000321876287
12.0,1.68775,0.007125,0.000321876287
12.0,1.687125,0.007125,0.000321876287
12.0,1.687,0.00725,0.000321876287
12.0,1.68675,0.00725,0.000321876287
12.0,1.687125,0.007375,0.000321876287
12.0,1.687125,0.00725,0.000321876287
12.0,1.687125,0.007125,0.000321876287
12.0,1.687375,0.00725,0.000321876287
12.0,1.6875,0.007375,0.000321876287
12.0,1.6875,0.007375,0.000321876287
12.0,1.68775,0.007125,0.000321876287
12.0,1.688,0.007125,0.000321876287
12.0,1.68775,0.007125,0.000321876287
12.0,1.687625,0.007,0.000321876287
12.0,1.68775,0.006875,0.000321876287
12.0,1.688125,0.007,0.000321876287
12.0,1.688,0.006875,0.000321876287
12.0,1.687875,0.006875,0.000321876287
12.0,1.68725,0.007,0.000321876287
12.0,1.68725,0.007125,0.000321876287
12.0,1.68725,0.00725,0.000321876287
12.0,1.687125,0.007375,0.000321876287
12.0,1.686875,0.00725,0.000321876287
12.0,1.687125,0.007375,0.000321876287
12.0,1.687125,0.0075,0.000321876287
12.0,1.687125,0.0075,0.000321876287
12.0,1.687375,0.00725,0.000321876287
12.0,1.687375,0.0075,0.000321876287
12.0,1.6875,0.007375,0.000321876287
12.0,1.68725,0.007,0.000321876287
12.0,1.68725,0.006875,0.000321876287
12.0,1.687625,0.007,0.000321876287
12.0,1.688,0.007,0.000321876287
12.0,1.687625,0.007125,0.000321876287
12.0,1.687,0.007125,0.000321876287
12.0,1.686875,0.00725,0.000321876287
12.0,1.68675,0.007375,0.000321876287
12.0,1.687125,0.007375,0.000321876287
12.0,1.686875,0.00725,0.000321876287
12.0,1.686875,0.007125,0.000321876287
12.0,1.68675,0.00725,0.000321876287
12.0,1.68675,0.00725,0.000321876287
12.0,1.6875,0.00725,0.000321876287
12.0,1.68775,0.00725,0.000321876287
12.0,1.6875,0.007375,0.000321876287
12.0,1.687375,0.00725,0.000321876287
12.0,1.6875,0.007125,0.000321876287
12.0,1.687625,0.007125,0.000321876287
12.0,1.68825,0.007375,0.000321876287
12.0,1.688375,0.00725,0.000321876287
12.0,1.6875,0.007125,0.000321876287
12.0,1.687,0.007125,0.000321876287
12.0,1.687,0.00725,0.000321876287
12.0,1.68725,0.00725,0.000321876287
12.0,1.687625,0.007375,0.000321876287
12.0,1.687125,0.007125,0.000321876287
12.0,1.687,0.007125,0.000321876287
12.0,1.687,0.007125,0.000321876287
12.0,1.687375,0.00725,0.000321876287
12.0,1.6875,0.007375,0.000321876287
12.0,1.687625,0.0075,0.000321876287
12.0,1.687375,0.00725,0.000321876287
12.0,1.68725,0.007,0.000321876287
12.0,1.68775,0.007,0.000321876287
12.0,1.688125,0.007125,0.000321876287
12.0,1.6885,0.007125,0.000321876287
12.0,1.688,0.007,0.000321876287
12.0,1.687875,0.007,0.000321876287
12.0,1.68725,0.006875,0.000321876287
12.0,1.68725,0.007,0.000321876287
12.0,1.687375,0.00725,0.000321876287
12.0,1.687375,0.00725,0.000321876287
12.0,1.68725,0.00725,0.000321876287
12.0,1.68725,0.00725,0.000321876287
12.0,1.687625,0.00725,0.000321876287
12.0,1.688125,0.0075,0.000321876287
12.0,1.687625,0.00725,0.000321876287
12.0,1.6875,0.007375,0.000321876287
12.0,1.687875,0.00725,0.000321876287
12.0,1.687625,0.007,0.000321876287
12.0,1.687625,0.007,0.000321876287
12.0,1.688125,0.007,0.000321876287
12.0,1.68825,0.007125,0.000321876287
12.0,1.68775,0.007125,0.000321876287
12.0,1.68725,0.00725,0.000321876287
12.0,1.687,0.007375,0.000321876287
12.0,1.687125,0.00725,0.000321876287
12.0,1.687125,0.007375,0.000321876287
12.0,1.686875,0.007375,0.000321876287
12.0,1.686875,0.007375,0.000321876287
12.0,1.68725,0.007375,0.000321876287
12.0,1.68775,0.0075,0.000321876287
12.0,1.687375,0.007375,0.000321876287
12.0,1.68725,0.007375,0.000321876287
12.0,1.6875,0.00725,0.000321876287
12.0,1.688,0.00725,0.000321876287
12.0,1.68775,0.007125,0.000321876287
12.0,1.68775,0.00725,0.000321876287
12.0,1.688375,0.00725,0.000321876287
12.0,1.68825,0.007,0.000321876287
12.0,1.688,0.007,0.000321876287
12.0,1.6875,0.007125,0.000321876287
12.0,1.687125,0.007125,0.000321876287
12.0,1.68725,0.007125,0.000321876287
12.0,1.687375,0.00725,0.000321876287
12.0,1.687375,0.007,0.000321876287
12.0,1.686875,0.007,0.000321876287
12.0,1.6865,0.007125,0.000321876287
12.0,1.687,0.00725,0.000321876287
12.0,1.68725,0.007125,0.000321876287
12.0,1.687125,0.007125,0.000321876287
12.0,1.68725,0.007125,0.000321876287
12.0,1.687375,0.007125,0.000321876287
12.0,1.688,0.007,0.000321876287
12.0,1.687875,0.007,0.000321876287
12.0,1.688,0.006875,0.000321876287
12.0,1.68775,0.007,0.000321876287
12.0,1.687125,0.007,0.000321876287
12.0,1.68725,0.007125,0.000321876287
12.0,1.687,0.00725,0.000321876287
12.0,1.686875,0.0075,0.000321876287
13.0,1.74775,0.01275,0.000321787142
13.0,1.747625,0.01275,0.000321787142
13.0,1.7475,0.012625,0.000321787142
13.0,1.747625,0.012625,0.000321787142
13.0,1.748,0.01275,0.000321787142
13.0,1.748125,0.01275,0.000321787142
13.0,1.748,0.01275,0.000321787142
13.0,1.74725,0.012875,0.000321787142
13.0,1.74725,0.012875,0.000321787142
13.0,1.747625,0.01275,0.000321787142
13.0,1.74775,0.01275,0.000321787142
13.0,1.747625,0.01275,0.000321787142
13.0,1.747375,0.012875,0.000321787142
13.0,1.74725,0.012625,0.000321787142
13.0,1.7475,0.012875,0.000321787142
13.0,1.74775,0.013,0.000321787142
13.0,1.748,0.013,0.000321787142
13.0,1.748125,0.013,0.000321787142
13.0,1.748125,0.012875,0.000321787142
13.0,1.748,0.01275,0.000321787142
13.0,1.748625,0.012625,0.000321787142
13.0,1.748375,0.012625,0.000321787142
13.0,1.747875,0.01275,0.000321787142
13.0,1.747625,0.01275,0.000321787142
13.0,1.747625,0.01275,0.000321787142
13.0,1.747125,0.01275,0.000321787142
13.0,1.74725,0.012875,0.000321787142
13.0,1.7475,0.012875,0.000321787142
13.0,1.747375,0.01275,0.000321787142
13.0,1.747125,0.012875,0.000321787142
13.0,1.746875,0.01275,0.000321787142
13.0,1.747625,0.012875,0.000321787142
13.0,1.747875,0.012875,0.000321787142
13.0,1.747625,0.013125,0.000321787142
13.0,1.747625,0.013,0.000321787142
13.0,1.747625,0.01275,0.000321787142
13.0,1.74825,0.012625,0.000321787142
13.0,1.748375,0.01275,0.000321787142
13.0,1.74825,0.012625,0.000321787142
13.0,1.748125,0.012625,0.000321787142
13.0,1.748125,0.01275,0.000321787142
13.0,1.747875,0.01275,0.000321787142
13.0,1.7475,0.01275,0.000321787142
13.0,1.7475,0.01275,0.000321787142
13.0,1.747625,0.013,0.000321787142
13.0,1.74775,0.012875,0.000321787142
13.0,1.7475,0.01275,0.000321787142
13.0,1.747625,0.012875,0.000321787142
13.0,1.74825,0.012875,0.000321787142
13.0,1.748,0.013,0.000321787142
13.0,1.74825,0.012875,0.000321787142
13.0,1.748,0.012625,0.000321787142
13.0,1.748125,0.0125,0.000321787142
13.0,1.748125,0.012625,0.000321787142
13.0,1.748125,0.01275,0.000321787142
13.0,1.748,0.012625,0.000321787142
13.0,1.74775,0.012625,0.000321787142
13.0,1.74775,0.012625,0.000321787142
13.0,1.747125,0.012625,0.000321787142
13.0,1.74725,0.012875,0.000321787142
13.0,1.74775,0.012875,0.000321787142
13.0,1.747625,0.012875,0.000321787142
13.0,1.7475,0.01275,0.000321787142
13.0,1.747125,0.012875,0.000321787142
13.0,1.74725,0.012875,0.000321787142
13.0,1.747875,0.01275,0.000321787142
13.0,1.747625,0.01275,0.000321787142
13.0,1.74775,0.01275,0.000321787142
13.0,1.748,0.01275,0.000321787142
13.0,1.747875,0.012625,0.000321787142
13.0,1.74825,0.01275,0.000321787142
13.0,1.74825,0.01275,0.000321787142
13.0,1.748125,0.01275,0.000321787142
13.0,1.748125,0.01275,0.000321787142
13.0,1.748,0.012875,0.000321787142
13.0,1.747375,0.01275,0.000321787142
13.0,1.747375,0.012625,0.000321787142
13.0,1.74775,0.01275,0.000321787142
13.0,1.747875,0.012875,0.000321787142
13.0,1.74725,0.012875,0.000321787142
13.0,1.747,0.012875,0.000321787142
13.0,1.747625,0.012875,0.000321787142
13.0,1.748,0.012875,0.000321787142
13.0,1.748,0.012875,0.000321787142
13.0,1.748125,0.012625,0.000321787142
13.0,1.748125,0.01275,0.000321787142
13.0,1.747875,0.012625,0.000321787142
13.0,1.748,0.012625,0.000321787142
13.0,1.748,0.012625,0.000321787142
13.0,1.748,0.012625,0.000321787142
13.0,1.747875,0.01275,0.000321787142
13.0,1.747625,0.012625,0.000321787142
13.0,1.747375,0.012625,0.000321787142
13.0,1.747625,0.012875,0.000321787142
13.0,1.748,0.01275,0.000321787142
13.0,1.74775,0.01275,0.000321787142
13.0,1.74775,0.01275,0.000321787142
13.0,1.747625,0.013,0.000321787142
13.0,1.74775,0.013,0.000321787142
13.0,1.747875,0.012875,0.000321787142
13.0,1.74775,0.01275,0.000321787142
13.0,1.74775,0.012625,0.000321787142
13.0,1.74775,0.012625,0.000321787142
13.0,1.747875,0.0125,0.000321787142
13.0,1.7485,0.01275,0.000321787142
13.0,1.7485,0.01275,0.000321787142
13.0,1.748375,0.01275,0.000321787142
13.0,1.748,0.012625,0.000321787142
13.0,1.747625,0.01275,0.000321787142
13.0,1.7475,0.01275,0.000321787142
13.0,1.747625,0.01275,0.000321787142
13.0,1.747875,0.012875,0.000321787142
13.0,1.747625,0.012625,0.000321787142
13.0,1.747375,0.01275,0.000321787142
13.0,1.747625,0.012875,0.000321787142
13.0,1.748,0.013,0.000321787142
13.0,1.748375,0.012875,0.000321787142
13.0,1.74825,0.013125,0.000321787142
13.0,1.74825,0.01275,0.000321787142
13.0,1.748,0.0125,0.000321787142
13.0,1.748375,0.012375,0.000321787142
13.0,1.748375,0.0125,0.000321787142
13.0,1.74875,0.0125,0.000321787142
13.0,1.7485,0.0125,0.000321787142
13.0,1.748125,0.01275,0.000321787142
13.0,1.748125,0.01275,0.000321787142
13.0,1.748,0.01275,0.000321787142
13.0,1.747875,0.012875,0.000321787142
13.0,1.747875,0.012875,0.000321787142
13.0,1.7475,0.01275,0.000321787142
13.0,1.7475,0.01275,0.000321787142
13.0,1.747625,0.013125,0.000321787142
13.0,1.747875,0.013,0.000321787142
13.0,1.748,0.012875,0.000321787142
13.0,1.748,0.012875,0.000321787142
13.0,1.747875,0.0125,0.000321787142
13.0,1.747625,0.0125,0.000321787142
13.0,1.747625,0.012875,0.000321787142
13.0,1.748125,0.012875,0.000321787142
13.0,1.748375,0.012875,0.000321787142
13.0,1.7485,0.012625,0.000321787142
13.0,1.74775,0.012875,0.000321787142
13.0,1.74725,0.012625,0.000321787142
13.0,1.74725,0.0125,0.000321787142
13.0,1.7475,0.01275,0.000321787142
13.0,1.74725,0.01275,0.000321787142
13.0,1.747,0.012625,0.000321787142
13.0,1.7475,0.01275,0.000321787142
13.0,1.74775,0.012875,0.000321787142
13.0,1.748,0.012875,0.000321787142
13.0,1.748,0.013,0.000321787142
13.0,1.74825,0.01275,0.000321787142
13.0,1.747875,0.01275,0.000321787142
13.0,1.747875,0.0125,0.000321787142
13.0,1.747875,0.0125,0.000321787142
13.0,1.748125,0.012625,0.000321787142
13.0,1.7485,0.01275,0.000321787142
13.0,1.748375,0.01275,0.000321787142
13.0,1.747625,0.01275,0.000321787142
13.0,1.747,0.01275,0.000321787142
13.0,1.747375,0.012875,0.000321787142
13.0,1.74725,0.012875,0.000321787142
13.0,1.747375,0.012875,0.000321787142
13.0,1.7475,0.012875,0.000321787142
13.0,1.74775,0.012875,0.000321787142
13.0,1.747875,0.012875,0.000321787142
13.0,1.747875,0.013125,0.000321787142
13.0,1.747875,0.01275,0.000321787142
13.0,1.748125,0.012625,0.000321787142
14.0,1.80725,0.0205,0.000321907341
14.0,1.80725,0.020625,0.000321907341
14.0,1.80725,0.0205,0.000321907341
14.0,1.807,0.0205,0.000321907341
14.0,1.8075,0.020625,0.000321907341
14.0,1.807875,0.0205,0.000321907341
14.0,1.807875,0.020375,0.000321907341
14.0,1.807625,0.020625,0.000321907341
14.0,1.807625,0.020625,0.000321907341
14.0,1.807625,0.020375,0.000321907341
14.0,1.807875,0.020375,0.000321907341
14.0,1.80825,0.0205,0.000321907341
14.0,1.808125,0.0205,0.000321907341
14.0,1.807875,0.020375,0.000321907341
14.0,1.807625,0.020375,0.000321907341
14.0,1.8075,0.020375,0.000321907341
14.0,1.807375,0.020625,0.000321907341
14.0,1.807375,0.02075,0.000321907341
14.0,1.80725,0.020625,0.000321907341
14.0,1.80725,0.0205,0.000321907341
14.0,1.807375,0.020625,0.000321907341
14.0,1.808,0.0205,0.000321907341
14.0,1.80775,0.020625,0.000321907341
14.0,1.8075,0.020625,0.000321907341
14.0,1.8075,0.020625,0.000321907341
14.0,1.807875,0.020625,0.000321907341
14.0,1.808125,0.02025,0.000321907341
14.0,1.808,0.02025,0.000321907341
14.0,1.808125,0.02025,0.000321907341
14.0,1.808125,0.020375,0.000321907341
14.0,1.808125,0.020375,0.000321907341
14.0,1.807375,0.020375,0.000321907341
14.0,1.807125,0.0205,0.000321907341
14.0,1.807375,0.02075,0.000321907341
14.0,1.80775,0.020625,0.000321907341
14.0,1.80775,0.0205,0.000321907341
14.0,1.8075,0.0205,0.000321907341
14.0,1.8075,0.020625,0.000321907341
14.0,1.80775,0.020625,0.000321907341
14.0,1.80725,0.0205,0.000321907341
14.0,1.807625,0.0205,0.000321907341
14.0,1.807625,0.0205,0.000321907341
14.0,1.808,0.020625,0.000321907341
14.0,1.807875,0.020375,0.000321907341
14.0,1.808125,0.020125,0.000321907341
14.0,1.8085,0.02025,0.000321907341
14.0,1.808625,0.020375,0.000321907341
14.0,1.808,0.020375,0.000321907341
14.0,1.807375,0.020375,0.000321907341
14.0,1.8075,0.02025,0.000321907341
14.0,1.807625,0.0205,0.000321907341
14.0,1.80775,0.020375,0.000321907341
14.0,1.807125,0.020375,0.000321907341
14.0,1.806875,0.020375,0.000321907341
14.0,1.807375,0.020625,0.000321907341
14.0,1.8075,0.0205,0.000321907341
14.0,1.80775,0.020125,0.000321907341
14.0,1.80775,0.020125,0.000321907341
14.0,1.808,0.02025,0.000321907341
14.0,1.80825,0.020375,0.000321907341
14.0,1.808375,0.02025,0.000321907341
14.0,1.8085,0.02025,0.000321907341
14.0,1.80875,0.02025,0.000321907341
14.0,1.8085,0.02025,0.000321907341
14.0,1.808125,0.020375,0.000321907341
14.0,1.807625,0.02025,0.000321907341
14.0,1.807375,0.020375,0.000321907341
14.0,1.807375,0.020375,0.000321907341
14.0,1.807375,0.0205,0.000321907341
14.0,1.807625,0.020375,0.000321907341
14.0,1.80775,0.0205,0.000321907341
14.0,1.807875,0.020625,0.000321907341
14.0,1.80775,0.020625,0.000321907341
14.0,1.80775,0.020625,0.000321907341
14.0,1.808,0.020625,0.000321907341
14.0,1.807875,0.0205,0.000321907341
14.0,1.807875,0.020375,0.000321907341
14.0,1.808,0.020375,0.000321907341
14.0,1.808625,0.02025,0.000321907341
14.0,1.808375,0.02025,0.000321907341
14.0,1.80825,0.0205,0.000321907341
14.0,1.807875,0.020625,0.000321907341
14.0,1.80775,0.0205,0.000321907341
14.0,1.807625,0.0205,0.000321907341
14.0,1.807625,0.0205,0.000321907341
14.0,1.8075,0.0205,0.000321907341
14.0,1.80725,0.0205,0.000321907341
14.0,1.80725,0.020625,0.000321907341
14.0,1.807875,0.020625,0.000321907341
14.0,1.807875,0.020625,0.000321907341
14.0,1.8075,0.0205,0.000321907341
14.0,1.808,0.020375,0.000321907341
14.0,1.808,0.020375,0.000321907341
14.0,1.807875,0.02025,0.000321907341
14.0,1.80825,0.02025,0.000321907341
14.0,1.808625,0.020375,0.000321907341
14.0,1.8085,0.020375,0.000321907341
14.0,1.807875,0.020375,0.000321907341
14.0,1.807375,0.020375,0.000321907341
14.0,1.80725,0.020625,0.000321907341
14.0,1.8075,0.0205,0.000321907341
14.0,1.807875,0.020625,0.000321907341
14.0,1.807375,0.020375,0.000321907341
14.0,1.807,0.020625,0.000321907341
14.0,1.807375,0.020625,0.000321907341
14.0,1.807375,0.020625,0.000321907341
14.0,1.807875,0.0205,0.000321907341
14.0,1.807625,0.020375,0.000321907341
14.0,1.807875,0.0205,0.000321907341
14.0,1.807875,0.02025,0.000321907341
14.0,1.8075,0.02025,0.000321907341
14.0,1.807875,0.020375,0.000321907341
14.0,1.80825,0.020375,0.000321907341
14.0,1.808375,0.020125,0.000321907341
14.0,1.80775,0.020375,0.000321907341
14.0,1.807625,0.02025,0.000321907341
14.0,1.8075,0.02075,0.000321907341
14.0,1.80725,0.020625,0.000321907341
14.0,1.8075,0.020625,0.000321907341
14.0,1.80725,0.020375,0.000321907341
14.0,1.80725,0.0205,0.000321907341
14.0,1.80725,0.020625,0.000321907341
14.0,1.807875,0.020625,0.000321907341
14.0,1.808125,0.0205,0.000321907341
14.0,1.807875,0.020625,0.000321907341
14.0,1.808,0.020375,0.000321907341
14.0,1.807875,0.02025,0.000321907341
14.0,1.808,0.02,0.000321907341
14.0,1.80825,0.02025,0.000321907341
14.0,1.808125,0.020375,0.000321907341
14.0,1.808125,0.020375,0.000321907341
14.0,1.80775,0.020625,0.000321907341
14.0,1.807125,0.0205,0.000321907341
14.0,1.80725,0.020375,0.000321907341
14.0,1.807625,0.0205,0.000321907341
14.0,1.807625,0.020375,0.000321907341
14.0,1.807375,0.020375,0.000321907341
14.0,1.807375,0.0205,0.000321907341
14.0,1.807375,0.0205,0.000321907341
14.0,1.807875,0.020625,0.000321907341
14.0,1.808125,0.0205,0.000321907341
14.0,1.808,0.020375,0.000321907341
14.0,1.808,0.02025,0.000321907341
14.0,1.807875,0.0205,0.000321907341
14.0,1.808125,0.020375,0.000321907341
14.0,1.808125,0.02025,0.000321907341
14.0,1.808,0.02025,0.000321907341
14.0,1.808125,0.020625,0.000321907341
14.0,1.807625,0.020625,0.000321907341
14.0,1.807375,0.020625,0.000321907341
14.0,1.80725,0.0205,0.000321907341
14.0,1.8075,0.02075,0.000321907341
14.0,1.8075,0.0205,0.000321907341
14.0,1.807375,0.0205,0.000321907341
14.0,1.807375,0.0205,0.000321907341
14.0,1.80775,0.0205,0.000321907341
14.0,1.807875,0.020625,0.000321907341
14.0,1.80775,0.0205,0.000321907341
14.0,1.80775,0.020625,0.000321907341
14.0,1.808125,0.020625,0.000321907341
14.0,1.808,0.020375,0.000321907341
14.0,1.808,0.020375,0.000321907341
14.0,1.808,0.020125,0.000321907341
14.0,1.808,0.020125,0.000321907341
14.0,1.80775,0.02025,0.000321907341
14.0,1.807375,0.02075,0.000321907341
14.0,1.807375,0.020625,0.000321907341
14.0,1.80725,0.020625,0.000321907341
14.0,1.807375,0.020625,0.000321907341
15.0,1.86825,0.02975,0.000321791478
15.0,1.868,0.0295,0.000321791478
15.0,1.868,0.029375,0.000321791478
15.0,1.8685,0.0295,0.000321791478
15.0,1.868625,0.029625,0.000321791478
15.0,1.868375,0.0295,0.000321791478
15.0,1.868125,0.0295,0.000321791478
15.0,1.867875,0.029375,0.000321791478
15.0,1.867875,0.029375,0.000321791478
15.0,1.86775,0.029625,0.000321791478
15.0,1.86775,0.029875,0.000321791478
15.0,1.867625,0.02975,0.000321791478
15.0,1.8675,0.02975,0.000321791478
15.0,1.86775,0.029875,0.000321791478
15.0,1.86825,0.02975,0.000321791478
15.0,1.868,0.02975,0.000321791478
15.0,1.868,0.029625,0.000321791478
15.0,1.86825,0.0295,0.000321791478
15.0,1.867875,0.0295,0.000321791478
15.0,1.86825,0.0295,0.000321791478
15.0,1.86875,0.0295,0.000321791478
15.0,1.868625,0.0295,0.000321791478
15.0,1.867875,0.0295,0.000321791478
15.0,1.867375,0.029625,0.000321791478
15.0,1.8675,0.02975,0.000321791478
15.0,1.8675,0.02975,0.000321791478
15.0,1.86775,0.029875,0.000321791478
15.0,1.867625,0.02975,0.000321791478
15.0,1.867375,0.029875,0.000321791478
15.0,1.867625,0.02975,0.000321791478
15.0,1.868,0.029875,0.000321791478
15.0,1.86825,0.03,0.000321791478
15.0,1.868125,0.029875,0.000321791478
15.0,1.86825,0.0295,0.000321791478
15.0,1.868,0.029375,0.000321791478
15.0,1.868125,0.029375,0.000321791478
15.0,1.86875,0.0295,0.000321791478
15.0,1.868625,0.0295,0.000321791478
15.0,1.86825,0.029625,0.000321791478
15.0,1.868,0.02975,0.000321791478
15.0,1.867375,0.02975,0.000321791478
15.0,1.867375,0.02975,0.000321791478
15.0,1.8675,0.029625,0.000321791478
15.0,1.867625,0.029625,0.000321791478
15.0,1.867875,0.029875,0.000321791478
15.0,1.867875,0.02975,0.000321791478
15.0,1.8675,0.02975,0.000321791478
15.0,1.867375,0.029875,0.000321791478
15.0,1.867875,0.02975,0.000321791478
15.0,1.86825,0.02975,0.000321791478
15.0,1.868375,0.029875,0.000321791478
15.0,1.868,0.029625,0.000321791478
15.0,1.868125,0.0295,0.000321791478
15.0,1.86875,0.0295,0.000321791478
15.0,1.86875,0.029625,0.000321791478
15.0,1.8685,0.02975,0.000321791478
15.0,1.868125,0.029625,0.000321791478
15.0,1.868125,0.029625,0.000321791478
15.0,1.86775,0.029875,0.000321791478
15.0,1.868,0.02975,0.000321791478
15.0,1.868,0.029875,0.000321791478
15.0,1.867625,0.02975,0.000321791478
15.0,1.867125,0.029625,0.000321791478
15.0,1.867375,0.029625,0.000321791478
15.0,1.867875,0.030125,0.000321791478
15.0,1.868125,0.03,0.000321791478
15.0,1.86825,0.02975,0.000321791478
15.0,1.868125,0.029625,0.000321791478
15.0,1.86825,0.029375,0.000321791478
15.0,1.868375,0.0295,0.000321791478
15.0,1.868625,0.029625,0.000321791478
15.0,1.8685,0.0295,0.000321791478
15.0,1.868,0.0295,0.000321791478
15.0,1.868,0.0295,0.000321791478
15.0,1.86775,0.02975,0.000321791478
15.0,1.8675,0.029625,0.000321791478
15.0,1.867625,0.02975,0.000321791478
15.0,1.86775,0.029875,0.000321791478
15.0,1.867625,0.02975,0.000321791478
15.0,1.86725,0.02975,0.000321791478
15.0,1.867875,0.029625,0.000321791478
15.0,1.868375,0.02975,0.000321791478
15.0,1.868,0.029875,0.000321791478
15.0,1.867625,0.02975,0.000321791478
15.0,1.868125,0.0295,0.000321791478
15.0,1.868125,0.029375,0.000321791478
15.0,1.86825,0.0295,0.000321791478
15.0,1.868875,0.0295,0.000321791478
15.0,1.86875,0.0295,0.000321791478
15.0,1.86875,0.0295,0.000321791478
15.0,1.868125,0.029375,0.000321791478
15.0,1.867625,0.0295,0.000321791478
15.0,1.867375,0.02975,0.000321791478
15.0,1.868125,0.02975,0.000321791478
15.0,1.868375,0.029875,0.000321791478
15.0,1.867875,0.02975,0.000321791478
15.0,1.867625,0.0295,0.000321791478
15.0,1.868375,0.029625,0.000321791478
15.0,1.868625,0.029625,0.000321791478
15.0,1.868125,0.02975,0.000321791478
15.0,1.868625,0.02975,0.000321791478
15.0,1.868375,0.029375,0.000321791478
15.0,1.868125,0.0295,0.000321791478
15.0,1.8685,0.029375,0.000321791478
15.0,1.869125,0.029375,0.000321791478
15.0,1.869125,0.029375,0.000321791478
15.0,1.8685,0.029375,0.000321791478
15.0,1.868,0.0295,0.000321791478
15.0,1.86775,0.0295,0.000321791478
15.0,1.86775,0.0295,0.000321791478
15.0,1.868,0.029625,0.000321791478
15.0,1.868,0.02975,0.000321791478
15.0,1.86825,0.029625,0.000321791478
15.0,1.867875,0.029625,0.000321791478
15.0,1.868,0.029625,0.000321791478
15.0,1.86825,0.029875,0.000321791478
15.0,1.868125,0.029625,0.000321791478
15.0,1.86825,0.029375,0.000321791478
15.0,1.86825,0.029375,0.000321791478
15.0,1.868375,0.0295,0.000321791478
15.0,1.868625,0.0295,0.000321791478
15.0,1.868625,0.0295,0.000321791478
15.0,1.868625,0.0295,0.000321791478
15.0,1.86825,0.0295,0.000321791478
15.0,1.868125,0.0295,0.000321791478
15.0,1.86775,0.02975,0.000321791478
15.0,1.8675,0.029625,0.000321791478
15.0,1.86775,0.02975,0.000321791478
15.0,1.867625,0.029875,0.000321791478
15.0,1.86775,0.029625,0.000321791478
15.0,1.868125,0.029625,0.000321791478
15.0,1.868375,0.02975,0.000321791478
15.0,1.868375,0.029875,0.000321791478
15.0,1.868375,0.029875,0.000321791478
15.0,1.86825,0.029625,0.000321791478
15.0,1.868125,0.0295,0.000321791478
15.0,1.86825,0.0295,0.000321791478
15.0,1.8685,0.02975,0.000321791478
15.0,1.8685,0.02975,0.000321791478
15.0,1.86825,0.029375,0.000321791478
15.0,1.868,0.0295,0.000321791478
15.0,1.86775,0.029625,0.000321791478
15.0,1.86775,0.02975,0.000321791478
15.0,1.868,0.029875,0.000321791478
15.0,1.868125,0.029875,0.000321791478
15.0,1.867625,0.0295,0.000321791478
15.0,1.867375,0.029625,0.000321791478
15.0,1.867875,0.02975,0.000321791478
15.0,1.86825,0.0295,0.000321791478
15.0,1.868,0.029625,0.000321791478
15.0,1.86775,0.029625,0.000321791478
15.0,1.868,0.0295,0.000321791478
15.0,1.868,0.029375,0.000321791478
15.0,1.868375,0.0295,0.000321791478
15.0,1.868375,0.0295,0.000321791478
15.0,1.86875,0.0295,0.000321791478
15.0,1.868625,0.029625,0.000321791478
15.0,1.868,0.029625,0.000321791478
15.0,1.8675,0.02975,0.000321791478
15.0,1.8675,0.0295,0.000321791478
15.0,1.8675,0.029625,0.000321791478
15.0,1.867625,0.029625,0.000321791478
15.0,1.867125,0.0295,0.000321791478
15.0,1.867625,0.029625,0.000321791478
15.0,1.86825,0.02975,0.000321791478
15.0,1.868125,0.02975,0.000321791478
15.0,1.868125,0.029875,0.000321791478
15.0,1.86825,0.02975,0.000321791478
15.0,1.867875,0.0295,0.000321791478
16.0,1.926875,0.0405,0.000321850064
16.0,1.92675,0.0405,0.000321850064
16.0,1.9275,0.040625,0.000321850064
16.0,1.9275,0.040375,0.000321850064
16.0,1.927,0.040625,0.000321850064
16.0,1.926375,0.040625,0.000321850064
16.0,1.926375,0.040875,0.000321850064
16.0,1.926625,0.040875,0.000321850064
16.0,1.926625,0.040875,0.000321850064
16.0,1.927,0.040875,0.000321850064
16.0,1.9265,0.04075,0.000321850064
16.0,1.92625,0.04075,0.000321850064
16.0,1.9265,0.040875,0.000321850064
16.0,1.926875,0.041,0.000321850064
16.0,1.9265,0.04075,0.000321850064
16.0,1.926875,0.040875,0.000321850064
16.0,1.927,0.0405,0.000321850064
16.0,1.926875,0.040375,0.000321850064
16.0,1.927375,0.040625,0.000321850064
16.0,1.9275,0.0405,0.000321850064
16.0,1.927625,0.0405,0.000321850064
16.0,1.926875,0.040625,0.000321850064
16.0,1.92625,0.04075,0.000321850064
16.0,1.926375,0.040625,0.000321850064
16.0,1.926375,0.040625,0.000321850064
16.0,1.926625,0.04075,0.000321850064
16.0,1.926625,0.040625,0.000321850064
16.0,1.926375,0.040625,0.000321850064
16.0,1.926375,0.04075,0.000321850064
16.0,1.927,0.04075,0.000321850064
16.0,1.927125,0.0405,0.000321850064
16.0,1.927125,0.040625,0.000321850064
16.0,1.927375,0.040625,0.000321850064
16.0,1.927,0.0405,0.000321850064
16.0,1.92675,0.040375,0.000321850064
16.0,1.9275,0.04075,0.000321850064
16.0,1.927875,0.040625,0.000321850064
16.0,1.927375,0.040625,0.000321850064
16.0,1.926875,0.0405,0.000321850064
16.0,1.926875,0.0405,0.000321850064
16.0,1.927,0.0405,0.000321850064
16.0,1.927,0.04075,0.000321850064
16.0,1.926875,0.040875,0.000321850064
16.0,1.9265,0.04075,0.000321850064
16.0,1.92625,0.040625,0.000321850064
16.0,1.92625,0.04075,0.000321850064
16.0,1.92675,0.04075,0.000321850064
16.0,1.92675,0.04075,0.000321850064
16.0,1.927,0.04075,0.000321850064
16.0,1.9275,0.04075,0.000321850064
16.0,1.927,0.0405,0.000321850064
16.0,1.927125,0.040625,0.000321850064
16.0,1.927625,0.040375,0.000321850064
16.0,1.9275,0.04075,0.000321850064
16.0,1.927375,0.040625,0.000321850064
16.0,1.926625,0.04075,0.000321850064
16.0,1.92625,0.04075,0.000321850064
16.0,1.92625,0.04075,0.000321850064
16.0,1.9265,0.040875,0.000321850064
16.0,1.927,0.04075,0.000321850064
16.0,1.92675,0.04075,0.000321850064
16.0,1.926625,0.040625,0.000321850064
16.0,1.926875,0.041,0.000321850064
16.0,1.927125,0.040875,0.000321850064
16.0,1.927125,0.040875,0.000321850064
16.0,1.927125,0.04075,0.000321850064
16.0,1.927125,0.040625,0.000321850064
16.0,1.927,0.0405,0.000321850064
16.0,1.927875,0.0405,0.000321850064
16.0,1.927875,0.0405,0.000321850064
16.0,1.9275,0.0405,0.000321850064
16.0,1.926875,0.0405,0.000321850064
16.0,1.926375,0.040625,0.000321850064
16.0,1.926375,0.040625,0.000321850064
16.0,1.92675,0.04075,0.000321850064
16.0,1.92675,0.040625,0.000321850064
16.0,1.92675,0.041,0.000321850064
16.0,1.926625,0.04075,0.000321850064
16.0,1.926375,0.04075,0.000321850064
16.0,1.927,0.040875,0.000321850064
16.0,1.927125,0.040875,0.000321850064
16.0,1.927125,0.040875,0.000321850064
16.0,1.92725,0.040625,0.000321850064
16.0,1.927375,0.0405,0.000321850064
16.0,1.9275,0.0405,0.000321850064
16.0,1.92775,0.040375,0.000321850064
16.0,1.927375,0.040375,0.000321850064
16.0,1.927375,0.040375,0.000321850064
16.0,1.926875,0.040625,0.000321850064
16.0,1.926875,0.040625,0.000321850064
16.0,1.926375,0.040625,0.000321850064
16.0,1.926375,0.040875,0.000321850064
16.0,1.92675,0.04075,0.000321850064
16.0,1.9265,0.04075,0.000321850064
16.0,1.926,0.040625,0.000321850064
16.0,1.926375,0.040875,0.000321850064
16.0,1.926875,0.041,0.000321850064
16.0,1.926625,0.04075,0.000321850064
16.0,1.92625,0.0405,0.000321850064
16.0,1.92675,0.040625,0.000321850064
16.0,1.926875,0.040625,0.000321850064
16.0,1.927125,0.040625,0.000321850064
16.0,1.9275,0.0405,0.000321850064
16.0,1.92725,0.040375,0.000321850064
16.0,1.92725,0.040375,0.000321850064
16.0,1.92725,0.040375,0.000321850064
16.0,1.92675,0.040375,0.000321850064
16.0,1.926375,0.040625,0.000321850064
16.0,1.926625,0.04075,0.000321850064
16.0,1.926625,0.041,0.000321850064
16.0,1.92625,0.04075,0.000321850064
16.0,1.92625,0.040875,0.000321850064
16.0,1.92675,0.040875,0.000321850064
16.0,1.926875,0.040875,0.000321850064
16.0,1.926625,0.040625,0.000321850064
16.0,1.92675,0.040375,0.000321850064
16.0,1.9275,0.040375,0.000321850064
16.0,1.9275,0.0405,0.000321850064
16.0,1.927375,0.0405,0.000321850064
16.0,1.927625,0.040625,0.000321850064
16.0,1.927625,0.0405,0.000321850064
16.0,1.927625,0.0405,0.000321850064
16.0,1.926875,0.040875,0.000321850064
16.0,1.926625,0.04075,0.000321850064
16.0,1.9265,0.040875,0.000321850064
16.0,1.926375,0.040875,0.000321850064
16.0,1.926625,0.041,0.000321850064
16.0,1.92625,0.04075,0.000321850064
16.0,1.92625,0.040625,0.000321850064
16.0,1.92675,0.041,0.000321850064
16.0,1.926625,0.040875,0.000321850064
16.0,1.926875,0.041,0.000321850064
16.0,1.927,0.040625,0.000321850064
16.0,1.927,0.0405,0.000321850064
16.0,1.927,0.0405,0.000321850064
16.0,1.92725,0.0405,0.000321850064
16.0,1.927375,0.0405,0.000321850064
16.0,1.927,0.0405,0.000321850064
16.0,1.927,0.040375,0.000321850064
16.0,1.926625,0.040625,0.000321850064
16.0,1.92625,0.040875,0.000321850064
16.0,1.92625,0.04075,0.000321850064
16.0,1.92625,0.040875,0.000321850064
16.0,1.926625,0.04075,0.000321850064
16.0,1.926125,0.04075,0.000321850064
16.0,1.926375,0.040625,0.000321850064
16.0,1.927,0.04075,0.000321850064
16.0,1.927125,0.040875,0.000321850064
16.0,1.927125,0.04075,0.000321850064
16.0,1.92725,0.0405,0.000321850064
16.0,1.927125,0.0405,0.000321850064
16.0,1.927125,0.0405,0.000321850064
16.0,1.92725,0.040625,0.000321850064
16.0,1.92725,0.040625,0.000321850064
16.0,1.92725,0.040625,0.000321850064
16.0,1.927,0.04025,0.000321850064
16.0,1.9265,0.040625,0.000321850064
16.0,1.92675,0.04075,0.000321850064
16.0,1.92675,0.040875,0.000321850064
16.0,1.927125,0.040875,0.000321850064
16.0,1.926875,0.041,0.000321850064
16.0,1.9265,0.04075,0.000321850064
16.0,1.926625,0.041,0.000321850064
16.0,1.926875,0.041,0.000321850064
16.0,1.92675,0.041,0.000321850064
16.0,1.927125,0.04075,0.000321850064
16.0,1.927375,0.04075,0.000321850064
16.0,1.927375,0.040625,0.000321850064
16.0,1.927625,0.0405,0.000321850064
17.0,1.986875,0.053375,0.000322010572
17.0,1.98625,0.05325,0.000322010572
17.0,1.986,0.0535,0.000322010572
17.0,1.986125,0.053625,0.000322010572
17.0,1.986125,0.053375,0.000322010572
17.0,1.986125,0.053375,0.000322010572
17.0,1.986125,0.053375,0.000322010572
17.0,1.986375,0.053625,0.000322010572
17.0,1.986375,0.053625,0.000322010572
17.0,1.98675,0.05375,0.000322010572
17.0,1.986375,0.053625,0.000322010572
17.0,1.986375,0.053375,0.000322010572
17.0,1.9865,0.0535,0.000322010572
17.0,1.986375,0.05325,0.000322010572
17.0,1.98625,0.05325,0.000322010572
17.0,1.986875,0.053375,0.000322010572
17.0,1.986625,0.053125,0.000322010572
17.0,1.9865,0.05325,0.000322010572
17.0,1.985875,0.05325,0.000322010572
17.0,1.986,0.05325,0.000322010572
17.0,1.98625,0.0535,0.000322010572
17.0,1.986125,0.0535,0.000322010572
17.0,1.9855,0.053375,0.000322010572
17.0,1.9855,0.053375,0.000322010572
17.0,1.9855,0.0535,0.000322010572
17.0,1.9865,0.0535,0.000322010572
17.0,1.986625,0.0535,0.000322010572
17.0,1.98625,0.0535,0.000322010572
17.0,1.986125,0.053375,0.000322010572
17.0,1.986375,0.05325,0.000322010572
17.0,1.985875,0.053125,0.000322010572
17.0,1.98625,0.053125,0.000322010572
17.0,1.986875,0.053125,0.000322010572
17.0,1.98675,0.05325,0.000322010572
17.0,1.986,0.05325,0.000322010572
17.0,1.985625,0.053375,0.000322010572
17.0,1.98625,0.053375,0.000322010572
17.0,1.986375,0.053375,0.000322010572
17.0,1.98625,0.0535,0.000322010572
17.0,1.985875,0.053125,0.000322010572
17.0,1.985875,0.053375,0.000322010572
17.0,1.98575,0.053375,0.000322010572
17.0,1.986,0.0535,0.000322010572
17.0,1.98625,0.0535,0.000322010572
17.0,1.98625,0.05375,0.000322010572
17.0,1.9865,0.053375,0.000322010572
17.0,1.986625,0.05325,0.000322010572
17.0,1.986625,0.05325,0.000322010572
17.0,1.986875,0.05325,0.000322010572
17.0,1.986625,0.053,0.000322010572
17.0,1.986375,0.053125,0.000322010572
17.0,1.98575,0.0535,0.000322010572
17.0,1.98575,0.0535,0.000322010572
17.0,1.986,0.0535,0.000322010572
17.0,1.98625,0.0535,0.000322010572
17.0,1.986375,0.0535,0.000322010572
17.0,1.986375,0.0535,0.000322010572
17.0,1.985875,0.0535,0.000322010572
17.0,1.98625,0.0535,0.000322010572
17.0,1.98675,0.05375,0.000322010572
17.0,1.986625,0.05375,0.000322010572
17.0,1.9865,0.053375,0.000322010572
17.0,1.986875,0.053375,0.000322010572
17.0,1.98675,0.05325,0.000322010572
17.0,1.987,0.05325,0.000322010572
17.0,1.9875,0.05325,0.000322010572
17.0,1.987125,0.05325,0.000322010572
17.0,1.986625,0.05325,0.000322010572
17.0,1.986375,0.053375,0.000322010572
17.0,1.98625,0.0535,0.000322010572
17.0,1.98625,0.053625,0.000322010572
17.0,1.986125,0.0535,0.000322010572
17.0,1.985875,0.053375,0.000322010572
17.0,1.985875,0.053375,0.000322010572
17.0,1.98575,0.053375,0.000322010572
17.0,1.985875,0.0535,0.000322010572
17.0,1.986375,0.053375,0.000322010572
17.0,1.986375,0.0535,0.000322010572
17.0,1.9865,0.053375,0.000322010572
17.0,1.98625,0.05325,0.000322010572
17.0,1.9865,0.053125,0.000322010572
17.0,1.987,0.053125,0.000322010572
17.0,1.987,0.053,0.000322010572
17.0,1.986875,0.053,0.000322010572
17.0,1.986375,0.05325,0.000322010572
17.0,1.986,0.053625,0.000322010572
17.0,1.986,0.0535,0.000322010572
17.0,1.9865,0.053625,0.000322010572
17.0,1.98675,0.0535,0.000322010572
17.0,1.98675,0.0535,0.000322010572
17.0,1.985875,0.05325,0.000322010572
17.0,1.986125,0.053375,0.000322010572
17.0,1.986375,0.05325,0.000322010572
17.0,1.986625,0.053375,0.000322010572
17.0,1.9865,0.05325,0.000322010572
17.0,1.98675,0.05325,0.000322010572
17.0,1.9865,0.053375,0.000322010572
17.0,1.98625,0.05325,0.000322010572
17.0,1.986875,0.05325,0.000322010572
17.0,1.987125,0.053375,0.000322010572
17.0,1.986625,0.053125,0.000322010572
17.0,1.986125,0.053375,0.000322010572
17.0,1.985625,0.053625,0.000322010572
17.0,1.986125,0.0535,0.000322010572
17.0,1.986125,0.053625,0.000322010572
17.0,1.986125,0.053625,0.000322010572
17.0,1.986125,0.0535,0.000322010572
17.0,1.986,0.0535,0.000322010572
17.0,1.986125,0.0535,0.000322010572
17.0,1.986125,0.0535,0.000322010572
17.0,1.986125,0.0535,0.000322010572
17.0,1.985875,0.0535,0.000322010572
17.0,1.9865,0.0535,0.000322010572
17.0,1.9865,0.053125,0.000322010572
17.0,1.98675,0.05325,0.000322010572
17.0,1.987375,0.053375,0.000322010572
17.0,1.987375,0.05325,0.000322010572
17.0,1.986875,0.053125,0.000322010572
17.0,1.9865,0.053375,0.000322010572
17.0,1.986375,0.0535,0.000322010572
17.0,1.986125,0.053375,0.000322010572
17.0,1.986125,0.053375,0.000322010572
17.0,1.98625,0.053375,0.000322010572
17.0,1.985875,0.053375,0.000322010572
17.0,1.985625,0.0535,0.000322010572
17.0,1.986125,0.0535,0.000322010572
17.0,1.986375,0.053625,0.000322010572
17.0,1.986,0.053375,0.000322010572
17.0,1.9865,0.053375,0.000322010572
17.0,1.986875,0.053375,0.000322010572
17.0,1.9865,0.05325,0.000322010572
17.0,1.987,0.05325,0.000322010572
17.0,1.987,0.0535,0.000322010572
17.0,1.986875,0.05325,0.000322010572
17.0,1.98675,0.053375,0.000322010572
17.0,1.986125,0.053375,0.000322010572
17.0,1.986,0.053375,0.000322010572
17.0,1.986,0.0535,0.000322010572
17.0,1.9865,0.0535,0.000322010572
17.0,1.9865,0.0535,0.000322010572
17.0,1.98625,0.0535,0.000322010572
17.0,1.986125,0.053375,0.000322010572
17.0,1.986625,0.0535,0.000322010572
17.0,1.98675,0.0535,0.000322010572
17.0,1.9865,0.0535,0.000322010572
17.0,1.9865,0.05325,0.000322010572
17.0,1.9865,0.053,0.000322010572
17.0,1.98675,0.05325,0.000322010572
17.0,1.987375,0.05325,0.000322010572
17.0,1.987375,0.053125,0.000322010572
17.0,1.987125,0.053,0.000322010572
17.0,1.9865,0.053375,0.000322010572
17.0,1.986,0.0535,0.000322010572
17.0,1.986,0.053625,0.000322010572
17.0,1.986,0.053625,0.000322010572
17.0,1.98625,0.0535,0.000322010572
17.0,1.986,0.0535,0.000322010572
17.0,1.9855,0.0535,0.000322010572
17.0,1.986,0.0535,0.000322010572
17.0,1.986125,0.053625,0.000322010572
17.0,1.986,0.05325,0.000322010572
17.0,1.98625,0.05325,0.000322010572
17.0,1.98675,0.0535,0.000322010572
17.0,1.98675,0.053375,0.000322010572
17.0,1.986875,0.05325,0.000322010572
17.0,1.987,0.053625,0.000322010572
17.0,1.986625,0.0535,0.000322010572
17.0,1.986375,0.053375,0.000322010572
17.0,1.986,0.0535,0.000322010572
18.0,2.045,0.068125,0.000321966887
18.0,2.045125,0.06825,0.000321966887
18.0,2.045125,0.06825,0.000321966887
18.0,2.045,0.068125,0.000321966887
18.0,2.0455,0.06825,0.000321966887
18.0,2.04575,0.068125,0.000321966887
18.0,2.0455,0.068125,0.000321966887
18.0,2.04525,0.067875,0.000321966887
18.0,2.04525,0.067875,0.000321966887
18.0,2.04575,0.067875,0.000321966887
18.0,2.045875,0.067875,0.000321966887
18.0,2.04575,0.068,0.000321966887
18.0,2.046,0.068,0.000321966887
18.0,2.046125,0.06775,0.000321966887
18.0,2.045875,0.06775,0.000321966887
18.0,2.045375,0.068,0.000321966887
18.0,2.045125,0.068125,0.000321966887
18.0,2.044875,0.06825,0.000321966887
18.0,2.045,0.068125,0.000321966887
18.0,2.04475,0.068125,0.000321966887
18.0,2.0445,0.068125,0.000321966887
18.0,2.045,0.068125,0.000321966887
18.0,2.04525,0.068125,0.000321966887
18.0,2.045375,0.068,0.000321966887
18.0,2.045375,0.068,0.000321966887
18.0,2.0455,0.068125,0.000321966887
18.0,2.045875,0.068125,0.000321966887
18.0,2.0455,0.068,0.000321966887
18.0,2.045375,0.067875,0.000321966887
18.0,2.046,0.068,0.000321966887
18.0,2.046,0.067875,0.000321966887
18.0,2.04525,0.067875,0.000321966887
18.0,2.044625,0.068,0.000321966887
18.0,2.044875,0.068,0.000321966887
18.0,2.045125,0.068125,0.000321966887
18.0,2.045375,0.068125,0.000321966887
18.0,2.045375,0.067875,0.000321966887
18.0,2.045,0.067875,0.000321966887
18.0,2.04525,0.067875,0.000321966887
18.0,2.04575,0.067875,0.000321966887
18.0,2.046,0.067875,0.000321966887
18.0,2.046,0.068,0.000321966887
18.0,2.045875,0.067875,0.000321966887
18.0,2.045625,0.067875,0.000321966887
18.0,2.0455,0.067875,0.000321966887
18.0,2.046125,0.06775,0.000321966887
18.0,2.04625,0.06775,0.000321966887
18.0,2.045875,0.068,0.000321966887
18.0,2.0455,0.068,0.000321966887
18.0,2.04525,0.068125,0.000321966887
18.0,2.04575,0.067875,0.000321966887
18.0,2.0455,0.068125,0.000321966887
18.0,2.04525,0.06825,0.000321966887
18.0,2.045,0.068,0.000321966887
18.0,2.045,0.06825,0.000321966887
18.0,2.04525,0.068125,0.000321966887
18.0,2.045625,0.068375,0.000321966887
18.0,2.045625,0.068375,0.000321966887
18.0,2.0455,0.06825,0.000321966887
18.0,2.045625,0.067875,0.000321966887
18.0,2.045625,0.067875,0.000321966887
18.0,2.046,0.067875,0.000321966887
18.0,2.046625,0.067875,0.000321966887
18.0,2.046625,0.06775,0.000321966887
18.0,2.046375,0.067875,0.000321966887
18.0,2.0455,0.06825,0.000321966887
18.0,2.045375,0.06825,0.000321966887
18.0,2.045625,0.068125,0.000321966887
18.0,2.045375,0.06825,0.000321966887
18.0,2.045125,0.068125,0.000321966887
18.0,2.045125,0.06825,0.000321966887
18.0,2.0455,0.068125,0.000321966887
18.0,2.0455,0.068125,0.000321966887
18.0,2.0455,0.068125,0.000321966887
18.0,2.045,0.068,0.000321966887
18.0,2.045125,0.068125,0.000321966887
18.0,2.0455,0.068125,0.000321966887
18.0,2.0455,0.067875,0.000321966887
18.0,2.045375,0.067875,0.000321966887
18.0,2.045875,0.068,0.000321966887
18.0,2.045875,0.068,0.000321966887
18.0,2.0455,0.068,0.000321966887
18.0,2.045125,0.068,0.000321966887
18.0,2.04525,0.068125,0.000321966887
18.0,2.045375,0.06825,0.000321966887
18.0,2.045625,0.06825,0.000321966887
18.0,2.045,0.068,0.000321966887
18.0,2.044875,0.068,0.000321966887
18.0,2.045375,0.06825,0.000321966887
18.0,2.045375,0.06825,0.000321966887
18.0,2.046,0.068375,0.000321966887
18.0,2.045625,0.068375,0.000321966887
18.0,2.04575,0.068125,0.000321966887
18.0,2.046,0.067875,0.000321966887
18.0,2.045625,0.067875,0.000321966887
18.0,2.046,0.067875,0.000321966887
18.0,2.0465,0.068,0.000321966887
18.0,2.045875,0.068,0.000321966887
18.0,2.0455,0.068125,0.000321966887
18.0,2.0455,0.068125,0.000321966887
18.0,2.045375,0.06825,0.000321966887
18.0,2.045125,0.068375,0.000321966887
18.0,2.045,0.068125,0.000321966887
18.0,2.04525,0.067875,0.000321966887
18.0,2.045625,0.068125,0.000321966887
18.0,2.045625,0.068125,0.000321966887
18.0,2.0455,0.068125,0.000321966887
18.0,2.045,0.068125,0.000321966887
18.0,2.0455,0.068,0.000321966887
18.0,2.046,0.067875,0.000321966887
18.0,2.045875,0.067875,0.000321966887
18.0,2.045875,0.067875,0.000321966887
18.0,2.046125,0.068,0.000321966887
18.0,2.046375,0.067875,0.000321966887
18.0,2.046,0.068125,0.000321966887
18.0,2.045375,0.068,0.000321966887
18.0,2.04525,0.068,0.000321966887
18.0,2.045625,0.06825,0.000321966887
18.0,2.045375,0.06825,0.000321966887
18.0,2.04525,0.068125,0.000321966887
18.0,2.044875,0.068,0.000321966887
18.0,2.044875,0.068,0.000321966887
18.0,2.04475,0.06825,0.000321966887
18.0,2.045375,0.068375,0.000321966887
18.0,2.045125,0.06825,0.000321966887
18.0,2.045,0.06825,0.000321966887
18.0,2.04575,0.068,0.000321966887
18.0,2.04575,0.068,0.000321966887
18.0,2.045625,0.068125,0.000321966887
18.0,2.046,0.067875,0.000321966887
18.0,2.045875,0.068,0.000321966887
18.0,2.045625,0.068,0.000321966887
18.0,2.045125,0.068125,0.000321966887
18.0,2.045125,0.068125,0.000321966887
18.0,2.04525,0.068,0.000321966887
18.0,2.04525,0.068125,0.000321966887
18.0,2.045,0.068125,0.000321966887
18.0,2.045,0.068125,0.000321966887
18.0,2.045,0.068125,0.000321966887
18.0,2.045375,0.068375,0.000321966887
18.0,2.045625,0.06825,0.000321966887
18.0,2.045375,0.068125,0.000321966887
18.0,2.045625,0.06825,0.000321966887
18.0,2.04575,0.068125,0.000321966887
18.0,2.045625,0.068,0.000321966887
18.0,2.046,0.067875,0.000321966887
18.0,2.045875,0.06775,0.000321966887
18.0,2.04625,0.068,0.000321966887
18.0,2.045625,0.068,0.000321966887
18.0,2.045375,0.06825,0.000321966887
18.0,2.0455,0.06825,0.000321966887
18.0,2.04525,0.068125,0.000321966887
18.0,2.045125,0.068125,0.000321966887
18.0,2.044875,0.068,0.000321966887
18.0,2.044875,0.068,0.000321966887
18.0,2.044875,0.068125,0.000321966887
18.0,2.045625,0.068,0.000321966887
18.0,2.04575,0.06825,0.000321966887
18.0,2.045375,0.068125,0.000321966887
18.0,2.0455,0.068125,0.000321966887
18.0,2.045875,0.068125,0.000321966887
18.0,2.045875,0.067875,0.000321966887
18.0,2.046125,0.067875,0.000321966887
18.0,2.04625,0.068,0.000321966887
18.0,2.045875,0.067875,0.000321966887
18.0,2.045,0.068125,0.000321966887
18.0,2.045125,0.068125,0.000321966887
18.0,2.045625,0.06825,0.000321966887
18.0,2.045375,0.06825,0.000321966887
19.0,2.10375,0.08425,0.000321833621
19.0,2.10425,0.084375,0.000321833621
19.0,2.10475,0.084375,0.000321833621
19.0,2.104875,0.08425,0.000321833621
19.0,2.105125,0.084125,0.000321833621
19.0,2.104875,0.08425,0.000321833621
19.0,2.10475,0.084125,0.000321833621
19.0,2.10475,0.084,0.000321833621
19.0,2.10475,0.084,0.000321833621
19.0,2.105,0.084,0.000321833621
19.0,2.105,0.084,0.000321833621
19.0,2.104625,0.084,0.000321833621
19.0,2.104125,0.08425,0.000321833621
19.0,2.103875,0.08425,0.000321833621
19.0,2.104,0.084375,0.000321833621
19.0,2.104375,0.08425,0.000321833621
19.0,2.103875,0.084375,0.000321833621
19.0,2.10375,0.08425,0.000321833621
19.0,2.104125,0.0845,0.000321833621
19.0,2.104375,0.08425,0.000321833621
19.0,2.104375,0.084375,0.000321833621
19.0,2.105,0.08425,0.000321833621
19.0,2.104875,0.084125,0.000321833621
19.0,2.104625,0.084,0.000321833621
19.0,2.104625,0.084125,0.000321833621
19.0,2.105125,0.084125,0.000321833621
19.0,2.10525,0.084125,0.000321833621
19.0,2.105,0.084,0.000321833621
19.0,2.104875,0.08425,0.000321833621
19.0,2.1045,0.08425,0.000321833621
19.0,2.10425,0.084375,0.000321833621
19.0,2.104,0.084375,0.000321833621
19.0,2.103875,0.084375,0.000321833621
19.0,2.103875,0.084375,0.000321833621
19.0,2.104375,0.084375,0.000321833621
19.0,2.104375,0.084375,0.000321833621
19.0,2.10425,0.08425,0.000321833621
19.0,2.104375,0.08425,0.000321833621
19.0,2.104625,0.08425,0.000321833621
19.0,2.1045,0.08425,0.000321833621
19.0,2.104125,0.084,0.000321833621
19.0,2.104125,0.084,0.000321833621
19.0,2.10475,0.084125,0.000321833621
19.0,2.104875,0.084,0.000321833621
19.0,2.10475,0.08425,0.000321833621
19.0,2.104125,0.08425,0.000321833621
19.0,2.10375,0.08425,0.000321833621
19.0,2.103875,0.084125,0.000321833621
19.0,2.10375,0.0845,0.000321833621
19.0,2.103875,0.084375,0.000321833621
19.0,2.103625,0.084125,0.000321833621
19.0,2.104125,0.08425,0.000321833621
19.0,2.104375,0.08425,0.000321833621
19.0,2.1045,0.084375,0.000321833621
19.0,2.104375,0.08425,0.000321833621
19.0,2.104625,0.08425,0.000321833621
19.0,2.1045,0.084,0.000321833621
19.0,2.1045,0.084,0.000321833621
19.0,2.104625,0.084,0.000321833621
19.0,2.1055,0.084125,0.000321833621
19.0,2.105625,0.084125,0.000321833621
19.0,2.104875,0.084125,0.000321833621
19.0,2.104375,0.084125,0.000321833621
19.0,2.104375,0.08425,0.000321833621
19.0,2.104875,0.084375,0.000321833621
19.0,2.104875,0.084375,0.000321833621
19.0,2.104375,0.08425,0.000321833621
19.0,2.10425,0.08425,0.000321833621
19.0,2.104375,0.084375,0.000321833621
19.0,2.1045,0.0845,0.000321833621
19.0,2.10425,0.084375,0.000321833621
19.0,2.10475,0.08425,0.000321833621
19.0,2.104625,0.084,0.000321833621
19.0,2.104625,0.084,0.000321833621
19.0,2.104,0.084,0.000321833621
19.0,2.1045,0.084125,0.000321833621
19.0,2.105,0.084,0.000321833621
19.0,2.104625,0.084125,0.000321833621
19.0,2.10425,0.084375,0.000321833621
19.0,2.104125,0.08425,0.000321833621
19.0,2.10425,0.084125,0.000321833621
19.0,2.10425,0.08425,0.000321833621
19.0,2.104125,0.084375,0.000321833621
19.0,2.103625,0.084375,0.000321833621
19.0,2.103625,0.084375,0.000321833621
19.0,2.104375,0.08425,0.000321833621
19.0,2.10425,0.084375,0.000321833621
19.0,2.104375,0.084625,0.000321833621
19.0,2.105,0.08425,0.000321833621
19.0,2.105,0.08425,0.000321833621
19.0,2.10475,0.084,0.000321833621
19.0,2.10475,0.084,0.000321833621
19.0,2.105,0.084125,0.000321833621
19.0,2.105375,0.08425,0.000321833621
19.0,2.105,0.08425,0.000321833621
19.0,2.104375,0.08425,0.000321833621
19.0,2.104125,0.084125,0.000321833621
19.0,2.104,0.08425,0.000321833621
19.0,2.104375,0.08425,0.000321833621
19.0,2.104375,0.084375,0.000321833621
19.0,2.103875,0.084375,0.000321833621
19.0,2.104125,0.0845,0.000321833621
19.0,2.104375,0.0845,0.000321833621
19.0,2.104,0.0845,0.000321833621
19.0,2.104375,0.084375,0.000321833621
19.0,2.104375,0.084375,0.000321833621
19.0,2.104625,0.08425,0.000321833621
19.0,2.10475,0.08425,0.000321833621
19.0,2.104875,0.084,0.000321833621
19.0,2.105375,0.084,0.000321833621
19.0,2.105375,0.084125,0.000321833621
19.0,2.104625,0.08425,0.000321833621
19.0,2.104,0.08425,0.000321833621
19.0,2.104,0.08425,0.000321833621
19.0,2.10425,0.084375,0.000321833621
19.0,2.104125,0.08425,0.000321833621
19.0,2.104,0.08425,0.000321833621
19.0,2.104,0.084375,0.000321833621
19.0,2.10425,0.0845,0.000321833621
19.0,2.10475,0.084375,0.000321833621
19.0,2.104875,0.084375,0.000321833621
19.0,2.104875,0.08425,0.000321833621
19.0,2.10525,0.08425,0.000321833621
19.0,2.104875,0.084375,0.000321833621
19.0,2.104625,0.08425,0.000321833621
19.0,2.105,0.084125,0.000321833621
19.0,2.105125,0.084,0.000321833621
19.0,2.104875,0.084,0.000321833621
19.0,2.10375,0.084125,0.000321833621
19.0,2.10375,0.08425,0.000321833621
19.0,2.103625,0.084125,0.000321833621
19.0,2.10375,0.08425,0.000321833621
19.0,2.103875,0.084375,0.000321833621
19.0,2.103875,0.08425,0.000321833621
19.0,2.104,0.084375,0.000321833621
19.0,2.104625,0.08425,0.000321833621
19.0,2.104625,0.084375,0.000321833621
19.0,2.104,0.084375,0.000321833621
19.0,2.104,0.084375,0.000321833621
19.0,2.104,0.08425,0.000321833621
19.0,2.10425,0.084125,0.000321833621
19.0,2.10425,0.084125,0.000321833621
19.0,2.1045,0.084125,0.000321833621
19.0,2.104875,0.084125,0.000321833621
19.0,2.1045,0.083875,0.000321833621
19.0,2.104125,0.084125,0.000321833621
19.0,2.103625,0.08425,0.000321833621
19.0,2.104,0.084125,0.000321833621
19.0,2.10425,0.084375,0.000321833621
19.0,2.103875,0.084375,0.000321833621
19.0,2.103375,0.08425,0.000321833621
19.0,2.10375,0.08425,0.000321833621
19.0,2.10425,0.08425,0.000321833621
19.0,2.104125,0.084375,0.000321833621
19.0,2.104125,0.084375,0.000321833621
19.0,2.104625,0.084375,0.000321833621
19.0,2.104875,0.084125,0.000321833621
19.0,2.104625,0.084125,0.000321833621
19.0,2.105125,0.084125,0.000321833621
19.0,2.105375,0.08425,0.000321833621
19.0,2.10525,0.084125,0.000321833621
19.0,2.1045,0.084125,0.000321833621
19.0,2.10425,0.08425,0.000321833621
19.0,2.104,0.08425,0.000321833621
19.0,2.103625,0.08425,0.000321833621
19.0,2.103625,0.0845,0.000321833621
19.0,2.10375,0.084375,0.000321833621
19.0,2.103625,0.084125,0.000321833621
19.0,2.10375,0.08425,0.000321833621
20.0,2.162125,0.102625,0.000321800326
20.0,2.162375,0.102625,0.000321800326
20.0,2.1625,0.102375,0.000321800326
20.0,2.162375,0.10225,0.000321800326
20.0,2.162625,0.102375,0.000321800326
20.0,2.163,0.102375,0.000321800326
20.0,2.16275,0.10225,0.000321800326
20.0,2.162375,0.1025,0.000321800326
20.0,2.162375,0.1025,0.000321800326
20.0,2.162,0.102625,0.000321800326
20.0,2.162125,0.102375,0.000321800326
20.0,2.162375,0.102375,0.000321800326
20.0,2.162375,0.1025,0.000321800326
20.0,2.162,0.1025,0.000321800326
20.0,2.162,0.102375,0.000321800326
20.0,2.16225,0.1025,0.000321800326
20.0,2.162375,0.102625,0.000321800326
20.0,2.162375,0.1025,0.000321800326
20.0,2.1625,0.102375,0.000321800326
20.0,2.1625,0.10225,0.000321800326
20.0,2.162875,0.10225,0.000321800326
20.0,2.163125,0.1025,0.000321800326
20.0,2.163875,0.102375,0.000321800326
20.0,2.163625,0.102,0.000321800326
20.0,2.163625,0.10225,0.000321800326
20.0,2.162625,0.10225,0.000321800326
20.0,2.162125,0.102125,0.000321800326
20.0,2.16225,0.10225,0.000321800326
20.0,2.162625,0.102625,0.000321800326
20.0,2.1625,0.102375,0.000321800326
20.0,2.161625,0.1025,0.000321800326
20.0,2.16175,0.102375,0.000321800326
20.0,2.1625,0.1025,0.000321800326
20.0,2.162375,0.1025,0.000321800326
20.0,2.1625,0.10225,0.000321800326
20.0,2.162875,0.102125,0.000321800326
20.0,2.162875,0.10225,0.000321800326
20.0,2.16275,0.10225,0.000321800326
20.0,2.16325,0.102375,0.000321800326
20.0,2.163375,0.102375,0.000321800326
20.0,2.162875,0.10225,0.000321800326
20.0,2.162875,0.10225,0.000321800326
20.0,2.16225,0.102375,0.000321800326
20.0,2.161875,0.1025,0.000321800326
20.0,2.162375,0.1025,0.000321800326
20.0,2.162375,0.1025,0.000321800326
20.0,2.162125,0.1025,0.000321800326
20.0,2.161875,0.1025,0.000321800326
20.0,2.16225,0.102625,0.000321800326
20.0,2.16225,0.102625,0.000321800326
20.0,2.161875,0.102875,0.000321800326
20.0,2.162,0.102625,0.000321800326
20.0,2.162625,0.102625,0.000321800326
20.0,2.16225,0.102375,0.000321800326
20.0,2.16275,0.10225,0.000321800326
20.0,2.163125,0.10225,0.000321800326
20.0,2.162625,0.10225,0.000321800326
20.0,2.162625,0.10225,0.000321800326
20.0,2.1625,0.102375,0.000321800326
20.0,2.1625,0.10225,0.000321800326
20.0,2.16225,0.102375,0.000321800326
20.0,2.162125,0.102625,0.000321800326
20.0,2.1625,0.1025,0.000321800326
20.0,2.161875,0.1025,0.000321800326
20.0,2.162,0.102625,0.000321800326
20.0,2.16225,0.10275,0.000321800326
20.0,2.16275,0.102625,0.000321800326
20.0,2.16275,0.102625,0.000321800326
20.0,2.162875,0.1025,0.000321800326
20.0,2.163,0.102375,0.000321800326
20.0,2.162625,0.102125,0.000321800326
20.0,2.163125,0.10225,0.000321800326
20.0,2.16325,0.102125,0.000321800326
20.0,2.16325,0.102125,0.000321800326
20.0,2.163,0.102125,0.000321800326
20.0,2.162125,0.10225,0.000321800326
20.0,2.162,0.102375,0.000321800326
20.0,2.1625,0.102375,0.000321800326
20.0,2.162375,0.102625,0.000321800326
20.0,2.16275,0.102625,0.000321800326
20.0,2.161875,0.1025,0.000321800326
20.0,2.16175,0.102625,0.000321800326
20.0,2.1625,0.102625,0.000321800326
20.0,2.162375,0.10275,0.000321800326
20.0,2.1625,0.1025,0.000321800326
20.0,2.16325,0.102375,0.000321800326
20.0,2.162875,0.102125,0.000321800326
20.0,2.162375,0.10225,0.000321800326
20.0,2.163375,0.102375,0.000321800326
20.0,2.163375,0.102375,0.000321800326
20.0,2.163625,0.102375,0.000321800326
20.0,2.162875,0.102125,0.000321800326
20.0,2.162,0.10225,0.000321800326
20.0,2.162,0.1025,0.000321800326
20.0,2.16225,0.102625,0.000321800326
20.0,2.16225,0.102625,0.000321800326
20.0,2.162125,0.102625,0.000321800326
20.0,2.16175,0.1025,0.000321800326
20.0,2.162125,0.102625,0.000321800326
20.0,2.162625,0.102875,0.000321800326
20.0,2.163,0.102625,0.000321800326
20.0,2.162875,0.1025,0.000321800326
20.0,2.16275,0.102375,0.000321800326
20.0,2.162375,0.10225,0.000321800326
20.0,2.163,0.102375,0.000321800326
20.0,2.163,0.102375,0.000321800326
20.0,2.163125,0.10225,0.000321800326
20.0,2.163125,0.10225,0.000321800326
20.0,2.162625,0.102375,0.000321800326
20.0,2.16225,0.102375,0.000321800326
20.0,2.16225,0.102375,0.000321800326
20.0,2.16225,0.102375,0.000321800326
20.0,2.1625,0.102625,0.000321800326
20.0,2.16225,0.1025,0.000321800326
20.0,2.162125,0.102375,0.000321800326
20.0,2.1625,0.102625,0.000321800326
20.0,2.162875,0.1025,0.000321800326
20.0,2.16275,0.102625,0.000321800326
20.0,2.1625,0.10275,0.000321800326
20.0,2.162625,0.102375,0.000321800326
20.0,2.16275,0.10225,0.000321800326
20.0,2.16275,0.10225,0.000321800326
20.0,2.162875,0.10225,0.000321800326
20.0,2.16325,0.102375,0.000321800326
20.0,2.16325,0.10225,0.000321800326
20.0,2.16275,0.102375,0.000321800326
20.0,2.162,0.102375,0.000321800326
20.0,2.162375,0.102375,0.000321800326
20.0,2.16225,0.1025,0.000321800326
20.0,2.162375,0.10275,0.000321800326
20.0,2.162,0.102375,0.000321800326
20.0,2.162125,0.1025,0.000321800326
20.0,2.1625,0.10275,0.000321800326
20.0,2.1625,0.102625,0.000321800326
20.0,2.16225,0.1025,0.000321800326
20.0,2.16275,0.1025,0.000321800326
20.0,2.16275,0.10225,0.000321800326
20.0,2.16275,0.102375,0.000321800326
20.0,2.162625,0.102375,0.000321800326
20.0,2.162875,0.1025,0.000321800326
20.0,2.163,0.102375,0.000321800326
20.0,2.16275,0.102375,0.000321800326
20.0,2.16225,0.102625,0.000321800326
20.0,2.161875,0.102625,0.000321800326
20.0,2.16175,0.102625,0.000321800326
20.0,2.16175,0.1025,0.000321800326
20.0,2.161625,0.1025,0.000321800326
20.0,2.161625,0.102375,0.000321800326
20.0,2.16125,0.10275,0.000321800326
20.0,2.16225,0.1025,0.000321800326
20.0,2.162375,0.1025,0.000321800326
20.0,2.162375,0.102375,0.000321800326
20.0,2.1625,0.102625,0.000321800326
20.0,2.162625,0.10225,0.000321800326
20.0,2.162625,0.10225,0.000321800326
20.0,2.1625,0.10225,0.000321800326
20.0,2.163,0.1025,0.000321800326
20.0,2.163125,0.102375,0.000321800326
20.0,2.16275,0.102375,0.000321800326
20.0,2.162125,0.102625,0.000321800326
20.0,2.161625,0.1025,0.000321800326
20.0,2.162125,0.1025,0.000321800326
20.0,2.162125,0.102625,0.000321800326
20.0,2.16225,0.1025,0.000321800326
20.0,2.162125,0.102375,0.000321800326
20.0,2.162375,0.102625,0.000321800326
20.0,2.16275,0.10275,0.000321800326
20.0,2.163,0.102375,0.000321800326
20.0,2.163125,0.10225,0.000321800326
21.0,2.219875,0.121625,0.000321916916
21.0,2.220125,0.12175,0.000321916916
21.0,2.2205,0.121625,0.000321916916
21.0,2.219875,0.121875,0.000321916916
21.0,2.219,0.12175,0.000321916916
21.0,2.218625,0.121875,0.000321916916
21.0,2.219,0.121875,0.000321916916
21.0,2.219375,0.121875,0.000321916916
21.0,2.219375,0.121875,0.000321916916
21.0,2.2195,0.121875,0.000321916916
21.0,2.219375,0.121875,0.000321916916
21.0,2.219,0.121875,0.000321916916
21.0,2.219125,0.122,0.000321916916
21.0,2.219375,0.121875,0.000321916916
21.0,2.219875,0.121625,0.000321916916
21.0,2.22,0.121625,0.000321916916
21.0,2.219625,0.121625,0.000321916916
21.0,2.22,0.121625,0.000321916916
21.0,2.2205,0.121625,0.000321916916
21.0,2.220625,0.121625,0.000321916916
21.0,2.22,0.1215,0.000321916916
21.0,2.2195,0.12175,0.000321916916
21.0,2.21925,0.121875,0.000321916916
21.0,2.21925,0.121875,0.000321916916
21.0,2.21925,0.122125,0.000321916916
21.0,2.219375,0.122125,0.000321916916
21.0,2.219375,0.121875,0.000321916916
21.0,2.219375,0.121875,0.000321916916
21.0,2.219875,0.122,0.000321916916
21.0,2.219875,0.122,0.000321916916
21.0,2.22,0.121875,0.000321916916
21.0,2.22,0.12175,0.000321916916
21.0,2.219875,0.12175,0.000321916916
21.0,2.219875,0.121625,0.000321916916
21.0,2.220125,0.121625,0.000321916916
21.0,2.22,0.121625,0.000321916916
21.0,2.22,0.121625,0.000321916916
21.0,2.21925,0.1215,0.000321916916
21.0,2.219125,0.1215,0.000321916916
21.0,2.21925,0.121625,0.000321916916
21.0,2.21925,0.121875,0.000321916916
21.0,2.219375,0.121875,0.000321916916
21.0,2.219375,0.121875,0.000321916916
21.0,2.219,0.122,0.000321916916
21.0,2.219125,0.121875,0.000321916916
21.0,2.219875,0.122,0.000321916916
21.0,2.21975,0.122,0.000321916916
21.0,2.219125,0.122125,0.000321916916
21.0,2.2195,0.121875,0.000321916916
21.0,2.21925,0.12175,0.000321916916
21.0,2.21975,0.12175,0.000321916916
21.0,2.220125,0.121625,0.000321916916
21.0,2.220375,0.121625,0.000321916916
21.0,2.22025,0.1215,0.000321916916
21.0,2.219625,0.121625,0.000321916916
21.0,2.21925,0.121625,0.000321916916
21.0,2.21925,0.121875,0.000321916916
21.0,2.219,0.121875,0.000321916916
21.0,2.219375,0.121875,0.000321916916
21.0,2.219125,0.121875,0.000321916916
21.0,2.219,0.121875,0.000321916916
21.0,2.2195,0.121875,0.000321916916
21.0,2.22,0.12175,0.000321916916
21.0,2.219625,0.121625,0.000321916916
21.0,2.2195,0.1215,0.000321916916
21.0,2.219875,0.12175,0.000321916916
21.0,2.22,0.12175,0.000321916916
21.0,2.22,0.12175,0.000321916916
21.0,2.22,0.12175,0.000321916916
21.0,2.220375,0.12175,0.000321916916
21.0,2.22025,0.12175,0.000321916916
21.0,2.219875,0.122,0.000321916916
21.0,2.22,0.122125,0.000321916916
21.0,2.22,0.122125,0.000321916916
21.0,2.219625,0.122,0.000321916916
21.0,2.21975,0.122,0.000321916916
21.0,2.219375,0.121875,0.000321916916
21.0,2.219,0.121875,0.000321916916
21.0,2.219375,0.121875,0.000321916916
21.0,2.220125,0.122,0.000321916916
21.0,2.219875,0.121875,0.000321916916
21.0,2.22,0.122,0.000321916916
21.0,2.219625,0.1215,0.000321916916
21.0,2.219625,0.121625,0.000321916916
21.0,2.220125,0.12175,0.000321916916
21.0,2.22075,0.12175,0.000321916916
21.0,2.220625,0.121875,0.000321916916
21.0,2.21975,0.122,0.000321916916
21.0,2.2195,0.121875,0.000321916916
21.0,2.2195,0.121875,0.000321916916
21.0,2.2195,0.12175,0.000321916916
21.0,2.219625,0.121875,0.000321916916
21.0,2.2195,0.121875,0.000321916916
21.0,2.218875,0.121875,0.000321916916
21.0,2.219,0.12175,0.000321916916
21.0,2.219375,0.122,0.000321916916
21.0,2.22,0.121875,0.000321916916
21.0,2.219625,0.122,0.000321916916
21.0,2.22,0.121875,0.000321916916
21.0,2.21975,0.121625,0.000321916916
21.0,2.2195,0.121625,0.000321916916
21.0,2.220125,0.12175,0.000321916916
21.0,2.22025,0.12175,0.000321916916
21.0,2.219875,0.12175,0.000321916916
21.0,2.219375,0.12175,0.000321916916
21.0,2.219375,0.12175,0.000321916916
21.0,2.21925,0.12175,0.000321916916
21.0,2.219625,0.121625,0.000321916916
21.0,2.2195,0.121875,0.000321916916
21.0,2.218875,0.12175,0.000321916916
21.0,2.21875,0.121875,0.000321916916
21.0,2.21925,0.121875,0.000321916916
21.0,2.2195,0.121875,0.000321916916
21.0,2.219125,0.12175,0.000321916916
21.0,2.2195,0.121625,0.000321916916
21.0,2.21975,0.12175,0.000321916916
21.0,2.219625,0.1215,0.000321916916
21.0,2.219625,0.12175,0.000321916916
21.0,2.22025,0.12175,0.000321916916
21.0,2.220625,0.121625,0.000321916916
21.0,2.22025,0.12175,0.000321916916
21.0,2.22025,0.12175,0.000321916916
21.0,2.2195,0.12175,0.000321916916
21.0,2.219375,0.12175,0.000321916916
21.0,2.219125,0.122,0.000321916916
21.0,2.219375,0.122125,0.000321916916
21.0,2.219125,0.122,0.000321916916
21.0,2.21875,0.121875,0.000321916916
21.0,2.21925,0.122,0.000321916916
21.0,2.220125,0.122,0.000321916916
21.0,2.219875,0.121875,0.000321916916
21.0,2.220125,0.12175,0.000321916916
21.0,2.22,0.121625,0.000321916916
21.0,2.219625,0.121625,0.000321916916
21.0,2.22,0.121625,0.000321916916
21.0,2.220625,0.121625,0.000321916916
21.0,2.22075,0.12175,0.000321916916
21.0,2.22075,0.121625,0.000321916916
21.0,2.21975,0.121625,0.000321916916
21.0,2.219,0.12175,0.000321916916
21.0,2.218875,0.121875,0.000321916916
21.0,2.219375,0.121875,0.000321916916
21.0,2.2195,0.12175,0.000321916916
21.0,2.219125,0.12175,0.000321916916
21.0,2.219,0.122,0.000321916916
21.0,2.21975,0.122,0.000321916916
21.0,2.219875,0.122,0.000321916916
21.0,2.2195,0.12175,0.000321916916
21.0,2.2195,0.121625,0.000321916916
21.0,2.220125,0.121875,0.000321916916
21.0,2.22,0.12175,0.000321916916
21.0,2.220375,0.12175,0.000321916916
21.0,2.2205,0.121625,0.000321916916
21.0,2.2205,0.121375,0.000321916916
21.0,2.219875,0.121375,0.000321916916
21.0,2.21925,0.121625,0.000321916916
21.0,2.219125,0.121875,0.000321916916
21.0,2.219125,0.12175,0.000321916916
21.0,2.219125,0.121875,0.000321916916
21.0,2.219125,0.121875,0.000321916916
21.0,2.219375,0.121875,0.000321916916
21.0,2.21925,0.122,0.000321916916
21.0,2.219375,0.122,0.000321916916
21.0,2.21925,0.122,0.000321916916
21.0,2.219625,0.12175,0.000321916916
21.0,2.219875,0.1215,0.000321916916
21.0,2.219625,0.121625,0.000321916916
21.0,2.219375,0.12175,0.000321916916
21.0,2.22025,0.12175,0.000321916916
22.0,2.276875,0.14325,0.000322048494
22.0,2.276125,0.143125,0.000322048494
22.0,2.275875,0.14325,0.000322048494
22.0,2.276,0.143625,0.000322048494
22.0,2.276,0.143375,0.000322048494
22.0,2.2755,0.143375,0.000322048494
22.0,2.275375,0.14325,0.000322048494
22.0,2.275375,0.14325,0.000322048494
22.0,2.275375,0.14325,0.000322048494
22.0,2.275875,0.14325,0.000322048494
22.0,2.275875,0.143125,0.000322048494
22.0,2.276125,0.143125,0.000322048494
22.0,2.2765,0.143125,0.000322048494
22.0,2.2765,0.143,0.000322048494
22.0,2.27675,0.143125,0.000322048494
22.0,2.276875,0.143,0.000322048494
22.0,2.27675,0.143125,0.000322048494
22.0,2.276375,0.143125,0.000322048494
22.0,2.275875,0.14325,0.000322048494
22.0,2.27575,0.143375,0.000322048494
22.0,2.276,0.1435,0.000322048494
22.0,2.275875,0.1435,0.000322048494
22.0,2.275875,0.143375,0.000322048494
22.0,2.275875,0.143375,0.000322048494
22.0,2.276,0.143375,0.000322048494
22.0,2.276,0.143625,0.000322048494
22.0,2.276125,0.143625,0.000322048494
22.0,2.276375,0.14325,0.000322048494
22.0,2.276625,0.143,0.000322048494
22.0,2.27625,0.143,0.000322048494
22.0,2.276625,0.143125,0.000322048494
22.0,2.27675,0.14325,0.000322048494
22.0,2.277,0.143,0.000322048494
22.0,2.276875,0.143125,0.000322048494
22.0,2.276625,0.143125,0.000322048494
22.0,2.2765,0.143125,0.000322048494
22.0,2.276375,0.14325,0.000322048494
22.0,2.27625,0.14325,0.000322048494
22.0,2.276,0.14325,0.000322048494
22.0,2.27575,0.143375,0.000322048494
22.0,2.2755,0.143375,0.000322048494
22.0,2.2755,0.14325,0.000322048494
22.0,2.27625,0.143375,0.000322048494
22.0,2.2765,0.14325,0.000322048494
22.0,2.2765,0.14325,0.000322048494
22.0,2.276625,0.14325,0.000322048494
22.0,2.276875,0.143125,0.000322048494
22.0,2.27675,0.14325,0.000322048494
22.0,2.277125,0.143125,0.000322048494
22.0,2.277125,0.14325,0.000322048494
22.0,2.276875,0.143125,0.000322048494
22.0,2.276625,0.143125,0.000322048494
22.0,2.276375,0.143125,0.000322048494
22.0,2.27625,0.143375,0.000322048494
22.0,2.27625,0.143375,0.000322048494
22.0,2.276125,0.1435,0.000322048494
22.0,2.275625,0.143375,0.000322048494
22.0,2.275625,0.143375,0.000322048494
22.0,2.27575,0.143375,0.000322048494
22.0,2.276375,0.1435,0.000322048494
22.0,2.2765,0.1435,0.000322048494
22.0,2.27625,0.1435,0.000322048494
22.0,2.276875,0.143125,0.000322048494
22.0,2.27675,0.14325,0.000322048494
22.0,2.276625,0.143125,0.000322048494
22.0,2.277125,0.143125,0.000322048494
22.0,2.276875,0.143125,0.000322048494
22.0,2.2765,0.14325,0.000322048494
22.0,2.2755,0.14325,0.000322048494
22.0,2.276,0.14325,0.000322048494
22.0,2.27625,0.1435,0.000322048494
22.0,2.276375,0.1435,0.000322048494
22.0,2.276,0.143375,0.000322048494
22.0,2.276,0.143375,0.000322048494
22.0,2.275625,0.14325,0.000322048494
22.0,2.276375,0.14325,0.000322048494
22.0,2.276875,0.143375,0.000322048494
22.0,2.276125,0.1435,0.000322048494
22.0,2.276125,0.143375,0.000322048494
22.0,2.276625,0.14325,0.000322048494
22.0,2.2765,0.14325,0.000322048494
22.0,2.27675,0.14325,0.000322048494
22.0,2.277125,0.143125,0.000322048494
22.0,2.277125,0.143,0.000322048494
22.0,2.276875,0.143375,0.000322048494
22.0,2.276125,0.143375,0.000322048494
22.0,2.275875,0.143375,0.000322048494
22.0,2.275875,0.143375,0.000322048494
22.0,2.27625,0.1435,0.000322048494
22.0,2.27625,0.1435,0.000322048494
22.0,2.275875,0.143375,0.000322048494
22.0,2.2755,0.143125,0.000322048494
22.0,2.27625,0.14325,0.000322048494
22.0,2.276375,0.1435,0.000322048494
22.0,2.27625,0.1435,0.000322048494
22.0,2.276625,0.1435,0.000322048494
22.0,2.276625,0.14325,0.000322048494
22.0,2.276875,0.143125,0.000322048494
22.0,2.277,0.143,0.000322048494
22.0,2.277,0.143125,0.000322048494
22.0,2.27675,0.143125,0.000322048494
22.0,2.27625,0.14325,0.000322048494
22.0,2.276125,0.143375,0.000322048494
22.0,2.275875,0.14325,0.000322048494
22.0,2.276,0.14325,0.000322048494
22.0,2.276,0.14325,0.000322048494
22.0,2.276125,0.143375,0.000322048494
22.0,2.27575,0.14325,0.000322048494
22.0,2.275625,0.143375,0.000322048494
22.0,2.276125,0.1435,0.000322048494
22.0,2.276375,0.143375,0.000322048494
22.0,2.276125,0.143125,0.000322048494
22.0,2.276375,0.143125,0.000322048494
22.0,2.27625,0.143125,0.000322048494
22.0,2.2765,0.143125,0.000322048494
22.0,2.277125,0.143125,0.000322048494
22.0,2.277,0.143125,0.000322048494
22.0,2.27625,0.143125,0.000322048494
22.0,2.27575,0.143125,0.000322048494
22.0,2.275625,0.14325,0.000322048494
22.0,2.275875,0.143375,0.000322048494
22.0,2.27625,0.143375,0.000322048494
22.0,2.27625,0.143375,0.000322048494
22.0,2.27625,0.14325,0.000322048494
22.0,2.275625,0.14325,0.000322048494
22.0,2.276125,0.143375,0.000322048494
22.0,2.276625,0.143625,0.000322048494
22.0,2.27675,0.1435,0.000322048494
22.0,2.276375,0.143375,0.000322048494
22.0,2.2765,0.14325,0.000322048494
22.0,2.2765,0.143,0.000322048494
22.0,2.276625,0.14325,0.000322048494
22.0,2.277125,0.14325,0.000322048494
22.0,2.276875,0.143125,0.000322048494
22.0,2.27625,0.143125,0.000322048494
22.0,2.276375,0.143375,0.000322048494
22.0,2.276375,0.14325,0.000322048494
22.0,2.27625,0.14325,0.000322048494
22.0,2.27625,0.14325,0.000322048494
22.0,2.276375,0.143375,0.000322048494
22.0,2.276,0.1435,0.000322048494
22.0,2.275625,0.143375,0.000322048494
22.0,2.27625,0.1435,0.000322048494
22.0,2.2765,0.14325,0.000322048494
22.0,2.276375,0.14325,0.000322048494
22.0,2.2765,0.14325,0.000322048494
22.0,2.27675,0.143125,0.000322048494
22.0,2.2765,0.143125,0.000322048494
22.0,2.276875,0.14325,0.000322048494
22.0,2.2775,0.143125,0.000322048494
22.0,2.277,0.143,0.000322048494
22.0,2.276,0.14325,0.000322048494
22.0,2.276,0.14325,0.000322048494
22.0,2.276375,0.143375,0.000322048494
22.0,2.276375,0.143375,0.000322048494
22.0,2.276375,0.143625,0.000322048494
22.0,2.27625,0.1435,0.000322048494
22.0,2.2755,0.14325,0.000322048494
22.0,2.27575,0.143375,0.000322048494
22.0,2.2765,0.1435,0.000322048494
22.0,2.2765,0.143375,0.000322048494
22.0,2.2765,0.1435,0.000322048494
22.0,2.2765,0.143125,0.000322048494
22.0,2.276625,0.14325,0.000322048494
22.0,2.276625,0.14325,0.000322048494
22.0,2.27675,0.143125,0.000322048494
22.0,2.277,0.143,0.000322048494
22.0,2.27675,0.143125,0.000322048494
22.0,2.275875,0.1435,0.000322048494
23.0,2.332125,0.166125,0.000321984204
23.0,2.331875,0.166125,0.000321984204
23.0,2.331375,0.16625,0.000321984204
23.0,2.33125,0.166125,0.000321984204
23.0,2.331875,0.16625,0.000321984204
23.0,2.332,0.166,0.000321984204
23.0,2.33225,0.166125,0.000321984204
23.0,2.332125,0.166,0.000321984204
23.0,2.332125,0.166,0.000321984204
23.0,2.332125,0.165875,0.000321984204
23.0,2.332,0.165875,0.000321984204
23.0,2.33275,0.165875,0.000321984204
23.0,2.332875,0.165875,0.000321984204
23.0,2.332625,0.16575,0.000321984204
23.0,2.332375,0.166,0.000321984204
23.0,2.332,0.166,0.000321984204
23.0,2.33225,0.166125,0.000321984204
23.0,2.332375,0.166125,0.000321984204
23.0,2.332125,0.166125,0.000321984204
23.0,2.331625,0.166125,0.000321984204
23.0,2.331875,0.166125,0.000321984204
23.0,2.332125,0.16625,0.000321984204
23.0,2.332375,0.166375,0.000321984204
23.0,2.332625,0.166125,0.000321984204
23.0,2.332625,0.166125,0.000321984204
23.0,2.3325,0.166,0.000321984204
23.0,2.33225,0.16575,0.000321984204
23.0,2.33225,0.165875,0.000321984204
23.0,2.333125,0.165875,0.000321984204
23.0,2.333375,0.165875,0.000321984204
23.0,2.332625,0.165875,0.000321984204
23.0,2.33175,0.166125,0.000321984204
23.0,2.331625,0.166125,0.000321984204
23.0,2.33175,0.166125,0.000321984204
23.0,2.332,0.166,0.000321984204
23.0,2.331875,0.166,0.000321984204
23.0,2.33175,0.166,0.000321984204
23.0,2.33225,0.166125,0.000321984204
23.0,2.332875,0.16625,0.000321984204
23.0,2.332625,0.16625,0.000321984204
23.0,2.332625,0.166,0.000321984204
23.0,2.332625,0.166,0.000321984204
23.0,2.33275,0.166,0.000321984204
23.0,2.332375,0.165875,0.000321984204
23.0,2.3325,0.166,0.000321984204
23.0,2.332875,0.165875,0.000321984204
23.0,2.33275,0.165875,0.000321984204
23.0,2.332,0.166,0.000321984204
23.0,2.332125,0.166125,0.000321984204
23.0,2.33225,0.166125,0.000321984204
23.0,2.33225,0.166125,0.000321984204
23.0,2.3325,0.166125,0.000321984204
23.0,2.331875,0.166125,0.000321984204
23.0,2.33175,0.166,0.000321984204
23.0,2.33225,0.166125,0.000321984204
23.0,2.33225,0.16625,0.000321984204
23.0,2.332,0.16625,0.000321984204
23.0,2.332,0.16625,0.000321984204
23.0,2.33225,0.166,0.000321984204
23.0,2.332375,0.166,0.000321984204
23.0,2.33225,0.166,0.000321984204
23.0,2.333125,0.166,0.000321984204
23.0,2.33325,0.165875,0.000321984204
23.0,2.332875,0.165875,0.000321984204
23.0,2.332125,0.16575,0.000321984204
23.0,2.33175,0.165875,0.000321984204
23.0,2.332,0.166,0.000321984204
23.0,2.33225,0.166,0.000321984204
23.0,2.332,0.166125,0.000321984204
23.0,2.331625,0.166,0.000321984204
23.0,2.331625,0.166125,0.000321984204
23.0,2.332125,0.16625,0.000321984204
23.0,2.33225,0.16625,0.000321984204
23.0,2.33225,0.16625,0.000321984204
23.0,2.332375,0.166,0.000321984204
23.0,2.333,0.165875,0.000321984204
23.0,2.33275,0.166,0.000321984204
23.0,2.3325,0.166,0.000321984204
23.0,2.333125,0.166,0.000321984204
23.0,2.333,0.165875,0.000321984204
23.0,2.33275,0.165875,0.000321984204
23.0,2.332,0.166,0.000321984204
23.0,2.331875,0.16625,0.000321984204
23.0,2.3315,0.166,0.000321984204
23.0,2.331625,0.16625,0.000321984204
23.0,2.33225,0.16625,0.000321984204
23.0,2.332125,0.166125,0.000321984204
23.0,2.331875,0.16625,0.000321984204
23.0,2.332,0.166125,0.000321984204
23.0,2.332,0.166125,0.000321984204
23.0,2.331875,0.16625,0.000321984204
23.0,2.332125,0.166375,0.000321984204
23.0,2.332625,0.166125,0.000321984204
23.0,2.332625,0.165875,0.000321984204
23.0,2.332875,0.165875,0.000321984204
23.0,2.33275,0.165875,0.000321984204
23.0,2.3325,0.165875,0.000321984204
23.0,2.332375,0.165875,0.000321984204
23.0,2.332125,0.166,0.000321984204
23.0,2.331875,0.166,0.000321984204
23.0,2.332125,0.166125,0.000321984204
23.0,2.332125,0.166125,0.000321984204
23.0,2.331625,0.166,0.000321984204
23.0,2.33175,0.166125,0.000321984204
23.0,2.332,0.166125,0.000321984204
23.0,2.332,0.166125,0.000321984204
23.0,2.332375,0.16625,0.000321984204
23.0,2.332125,0.166,0.000321984204
23.0,2.33225,0.165875,0.000321984204
23.0,2.332875,0.166,0.000321984204
23.0,2.33275,0.166,0.000321984204
23.0,2.332875,0.165875,0.000321984204
23.0,2.333375,0.165875,0.000321984204
23.0,2.33275,0.166,0.000321984204
23.0,2.332375,0.166,0.000321984204
23.0,2.332,0.166125,0.000321984204
23.0,2.332,0.166125,0.000321984204
23.0,2.33225,0.166125,0.000321984204
23.0,2.332375,0.166125,0.000321984204
23.0,2.332,0.166,0.000321984204
23.0,2.33175,0.16625,0.000321984204
23.0,2.33175,0.16625,0.000321984204
23.0,2.332,0.16625,0.000321984204
23.0,2.3325,0.166375,0.000321984204
23.0,2.33225,0.166125,0.000321984204
23.0,2.332625,0.165875,0.000321984204
23.0,2.3325,0.165875,0.000321984204
23.0,2.3325,0.166,0.000321984204
23.0,2.332875,0.166125,0.000321984204
23.0,2.33275,0.165875,0.000321984204
23.0,2.332875,0.16575,0.000321984204
23.0,2.33225,0.165875,0.000321984204
23.0,2.331875,0.166,0.000321984204
23.0,2.332,0.16625,0.000321984204
23.0,2.332125,0.16625,0.000321984204
23.0,2.331875,0.166125,0.000321984204
23.0,2.3315,0.166125,0.000321984204
23.0,2.3315,0.166125,0.000321984204
23.0,2.3315,0.166125,0.000321984204
23.0,2.33225,0.166125,0.000321984204
23.0,2.3325,0.16625,0.000321984204
23.0,2.332625,0.166375,0.000321984204
23.0,2.33275,0.166,0.000321984204
23.0,2.33275,0.16575,0.000321984204
23.0,2.33275,0.165875,0.000321984204
23.0,2.33325,0.166,0.000321984204
23.0,2.332625,0.165875,0.000321984204
23.0,2.332125,0.166125,0.000321984204
23.0,2.331625,0.166,0.000321984204
23.0,2.331875,0.16625,0.000321984204
23.0,2.332,0.166125,0.000321984204
23.0,2.332,0.16625,0.000321984204
23.0,2.3315,0.166125,0.000321984204
23.0,2.331375,0.166,0.000321984204
23.0,2.331375,0.166,0.000321984204
23.0,2.332125,0.16625,0.000321984204
23.0,2.332125,0.16625,0.000321984204
23.0,2.332125,0.16625,0.000321984204
23.0,2.332375,0.166,0.000321984204
23.0,2.332625,0.166,0.000321984204
23.0,2.3325,0.166,0.000321984204
23.0,2.333125,0.166,0.000321984204
23.0,2.333125,0.166,0.000321984204
23.0,2.333,0.166,0.000321984204
23.0,2.332375,0.165875,0.000321984204
23.0,2.331875,0.166,0.000321984204
23.0,2.331875,0.16625,0.000321984204
23.0,2.332125,0.166375,0.000321984204
23.0,2.332,0.166375,0.000321984204
24.0,2.386875,0.190625,0.000322078209
24.0,2.38675,0.190625,0.000322078209
24.0,2.386875,0.1905,0.000322078209
24.0,2.387,0.1905,0.000322078209
24.0,2.386625,0.19075,0.000322078209
24.0,2.386375,0.1905,0.000322078209
24.0,2.386625,0.190875,0.000322078209
24.0,2.387125,0.190875,0.000322078209
24.0,2.387125,0.190875,0.000322078209
24.0,2.387,0.19075,0.000322078209
24.0,2.387,0.190625,0.000322078209
24.0,2.387,0.190625,0.000322078209
24.0,2.38675,0.190375,0.000322078209
24.0,2.387,0.190375,0.000322078209
24.0,2.38775,0.1905,0.000322078209
24.0,2.387875,0.190625,0.000322078209
24.0,2.386875,0.190625,0.000322078209
24.0,2.386625,0.19075,0.000322078209
24.0,2.3865,0.190875,0.000322078209
24.0,2.38675,0.1905,0.000322078209
24.0,2.38675,0.19075,0.000322078209
24.0,2.38675,0.190875,0.000322078209
24.0,2.3865,0.19075,0.000322078209
24.0,2.386875,0.190875,0.000322078209
24.0,2.386875,0.190875,0.000322078209
24.0,2.386875,0.191,0.000322078209
24.0,2.387,0.190875,0.000322078209
24.0,2.38725,0.190875,0.000322078209
24.0,2.38725,0.190625,0.000322078209
24.0,2.38725,0.1905,0.000322078209
24.0,2.38775,0.190375,0.000322078209
24.0,2.388,0.190375,0.000322078209
24.0,2.38825,0.1905,0.000322078209
24.0,2.38775,0.190625,0.000322078209
24.0,2.387,0.190625,0.000322078209
24.0,2.3865,0.1905,0.000322078209
24.0,2.38675,0.190875,0.000322078209
24.0,2.38725,0.190875,0.000322078209
24.0,2.386875,0.190625,0.000322078209
24.0,2.386625,0.190625,0.000322078209
24.0,2.38725,0.190625,0.000322078209
24.0,2.38725,0.190625,0.000322078209
24.0,2.387375,0.190625,0.000322078209
24.0,2.387375,0.190875,0.000322078209
24.0,2.387625,0.19075,0.000322078209
24.0,2.3875,0.1905,0.000322078209
24.0,2.387625,0.1905,0.000322078209
24.0,2.388375,0.190625,0.000322078209
24.0,2.388375,0.1905,0.000322078209
24.0,2.387875,0.190625,0.000322078209
24.0,2.3875,0.19075,0.000322078209
24.0,2.387125,0.19075,0.000322078209
24.0,2.387125,0.190625,0.000322078209
24.0,2.387125,0.19075,0.000322078209
24.0,2.38675,0.190625,0.000322078209
24.0,2.386375,0.19075,0.000322078209
24.0,2.386625,0.190875,0.000322078209
24.0,2.386625,0.190875,0.000322078209
24.0,2.387625,0.190875,0.000322078209
24.0,2.3875,0.190875,0.000322078209
24.0,2.387375,0.19075,0.000322078209
24.0,2.38775,0.190625,0.000322078209
24.0,2.387625,0.190625,0.000322078209
24.0,2.3875,0.190625,0.000322078209
24.0,2.388125,0.1905,0.000322078209
24.0,2.388,0.1905,0.000322078209
24.0,2.38725,0.1905,0.000322078209
24.0,2.386875,0.19075,0.000322078209
24.0,2.386375,0.190625,0.000322078209
24.0,2.387,0.19075,0.000322078209
24.0,2.3875,0.19075,0.000322078209
24.0,2.387125,0.190625,0.000322078209
24.0,2.38675,0.19075,0.000322078209
24.0,2.38675,0.19075,0.000322078209
24.0,2.387,0.191,0.000322078209
24.0,2.387125,0.19075,0.000322078209
24.0,2.386875,0.19075,0.000322078209
24.0,2.387375,0.190625,0.000322078209
24.0,2.3875,0.190625,0.000322078209
24.0,2.38725,0.1905,0.000322078209
24.0,2.3875,0.1905,0.000322078209
24.0,2.388125,0.190625,0.000322078209
24.0,2.388,0.1905,0.000322078209
24.0,2.387125,0.1905,0.000322078209
24.0,2.38625,0.1905,0.000322078209
24.0,2.38625,0.1905,0.000322078209
24.0,2.38675,0.190625,0.000322078209
24.0,2.38675,0.19075,0.000322078209
24.0,2.38675,0.19075,0.000322078209
24.0,2.38675,0.19075,0.000322078209
24.0,2.3865,0.19075,0.000322078209
24.0,2.386875,0.190875,0.000322078209
24.0,2.387125,0.190875,0.000322078209
24.0,2.38675,0.190625,0.000322078209
24.0,2.386875,0.190625,0.000322078209
24.0,2.387375,0.190625,0.000322078209
24.0,2.3875,0.1905,0.000322078209
24.0,2.388,0.190625,0.000322078209
24.0,2.388,0.1905,0.000322078209
24.0,2.38775,0.190375,0.000322078209
24.0,2.387125,0.190625,0.000322078209
24.0,2.386875,0.190875,0.000322078209
24.0,2.38725,0.190875,0.000322078209
24.0,2.387,0.190875,0.000322078209
24.0,2.3865,0.191,0.000322078209
24.0,2.3865,0.191,0.000322078209
24.0,2.386125,0.19075,0.000322078209
24.0,2.38675,0.190875,0.000322078209
24.0,2.38725,0.19075,0.000322078209
24.0,2.3875,0.19075,0.000322078209
24.0,2.387375,0.190625,0.000322078209
24.0,2.38775,0.190625,0.000322078209
24.0,2.38775,0.1905,0.000322078209
24.0,2.38775,0.19075,0.000322078209
24.0,2.388375,0.1905,0.000322078209
24.0,2.388375,0.19025,0.000322078209
24.0,2.388,0.1905,0.000322078209
24.0,2.387125,0.190875,0.000322078209
24.0,2.38725,0.19075,0.000322078209
24.0,2.387,0.190875,0.000322078209
24.0,2.387125,0.19075,0.000322078209
24.0,2.387125,0.19075,0.000322078209
24.0,2.387125,0.19075,0.000322078209
24.0,2.386625,0.19075,0.000322078209
24.0,2.386875,0.190875,0.000322078209
24.0,2.386875,0.19075,0.000322078209
24.0,2.386875,0.19075,0.000322078209
24.0,2.387125,0.1905,0.000322078209
24.0,2.386875,0.190625,0.000322078209
24.0,2.387125,0.190625,0.000322078209
24.0,2.387875,0.190625,0.000322078209
24.0,2.388125,0.190625,0.000322078209
24.0,2.388,0.190625,0.000322078209
24.0,2.387375,0.1905,0.000322078209
24.0,2.387,0.190625,0.000322078209
24.0,2.387,0.19075,0.000322078209
24.0,2.387125,0.190875,0.000322078209
24.0,2.387375,0.190875,0.000322078209
24.0,2.387375,0.19075,0.000322078209
24.0,2.387,0.190625,0.000322078209
24.0,2.38675,0.190875,0.000322078209
24.0,2.387,0.190875,0.000322078209
24.0,2.38725,0.190875,0.000322078209
24.0,2.387,0.19075,0.000322078209
24.0,2.387,0.190625,0.000322078209
24.0,2.387125,0.190625,0.000322078209
24.0,2.387375,0.1905,0.000322078209
24.0,2.387625,0.190625,0.000322078209
24.0,2.388,0.190625,0.000322078209
24.0,2.388,0.190625,0.000322078209
24.0,2.387375,0.190625,0.000322078209
24.0,2.387,0.190625,0.000322078209
24.0,2.387,0.190625,0.000322078209
24.0,2.38675,0.190875,0.000322078209
24.0,2.38675,0.190875,0.000322078209
24.0,2.3865,0.190875,0.000322078209
24.0,2.386125,0.19075,0.000322078209
24.0,2.386375,0.19075,0.000322078209
24.0,2.387125,0.190625,0.000322078209
24.0,2.38725,0.190875,0.000322078209
24.0,2.3875,0.190875,0.000322078209
24.0,2.38775,0.190875,0.000322078209
24.0,2.38725,0.19075,0.000322078209
24.0,2.387125,0.190625,0.000322078209
24.0,2.38775,0.1905,0.000322078209
24.0,2.387375,0.1905,0.000322078209
24.0,2.387375,0.1905,0.000322078209
24.0,2.38675,0.190625,0.000322078209
24.0,2.386625,0.19075,0.000322078209
25.0,2.4425,0.2165,0.000322085834
25.0,2.44175,0.216625,0.000322085834
25.0,2.44125,0.217,0.000322085834
25.0,2.4415,0.216875,0.000322085834
25.0,2.441625,0.217,0.000322085834
25.0,2.44125,0.216875,0.000322085834
25.0,2.440875,0.216875,0.000322085834
25.0,2.441,0.216875,0.000322085834
25.0,2.441,0.216875,0.000322085834
25.0,2.441625,0.217,0.000322085834
25.0,2.441625,0.217125,0.000322085834
25.0,2.44175,0.21675,0.000322085834
25.0,2.442,0.216875,0.000322085834
25.0,2.442,0.216625,0.000322085834
25.0,2.442,0.2165,0.000322085834
25.0,2.442125,0.216625,0.000322085834
25.0,2.442,0.216625,0.000322085834
25.0,2.441875,0.216625,0.000322085834
25.0,2.441625,0.216875,0.000322085834
25.0,2.440875,0.217,0.000322085834
25.0,2.441125,0.216875,0.000322085834
25.0,2.441625,0.216875,0.000322085834
25.0,2.441375,0.216875,0.000322085834
25.0,2.440625,0.216875,0.000322085834
25.0,2.440625,0.216875,0.000322085834
25.0,2.440625,0.216875,0.000322085834
25.0,2.4415,0.217,0.000322085834
25.0,2.4415,0.216875,0.000322085834
25.0,2.4415,0.216625,0.000322085834
25.0,2.44175,0.2165,0.000322085834
25.0,2.44175,0.2165,0.000322085834
25.0,2.442,0.21675,0.000322085834
25.0,2.44225,0.216625,0.000322085834
25.0,2.442375,0.21675,0.000322085834
25.0,2.44225,0.216625,0.000322085834
25.0,2.4415,0.21675,0.000322085834
25.0,2.441625,0.216625,0.000322085834
25.0,2.44175,0.216875,0.000322085834
25.0,2.441875,0.216875,0.000322085834
25.0,2.44125,0.216625,0.000322085834
25.0,2.441125,0.216875,0.000322085834
25.0,2.441125,0.216875,0.000322085834
25.0,2.44125,0.216875,0.000322085834
25.0,2.442,0.217,0.000322085834
25.0,2.441875,0.21675,0.000322085834
25.0,2.442125,0.21675,0.000322085834
25.0,2.442,0.2165,0.000322085834
25.0,2.442,0.2165,0.000322085834
25.0,2.442375,0.216625,0.000322085834
25.0,2.442375,0.2165,0.000322085834
25.0,2.44175,0.216375,0.000322085834
25.0,2.4415,0.216625,0.000322085834
25.0,2.44125,0.216875,0.000322085834
25.0,2.441375,0.216875,0.000322085834
25.0,2.44125,0.216875,0.000322085834
25.0,2.441,0.216875,0.000322085834
25.0,2.441,0.21675,0.000322085834
25.0,2.441,0.21675,0.000322085834
25.0,2.441125,0.216875,0.000322085834
25.0,2.442,0.217,0.000322085834
25.0,2.442,0.217,0.000322085834
25.0,2.441625,0.216875,0.000322085834
25.0,2.442125,0.216625,0.000322085834
25.0,2.44225,0.216625,0.000322085834
25.0,2.441875,0.2165,0.000322085834
25.0,2.442375,0.21675,0.000322085834
25.0,2.442375,0.2165,0.000322085834
25.0,2.44175,0.21675,0.000322085834
25.0,2.441125,0.216875,0.000322085834
25.0,2.441125,0.216875,0.000322085834
25.0,2.44175,0.217,0.000322085834
25.0,2.441625,0.216875,0.000322085834
25.0,2.441125,0.216875,0.000322085834
25.0,2.441125,0.216875,0.000322085834
25.0,2.440625,0.21675,0.000322085834
25.0,2.441125,0.216625,0.000322085834
25.0,2.441375,0.217125,0.000322085834
25.0,2.441125,0.217,0.000322085834
25.0,2.4415,0.21675,0.000322085834
25.0,2.44175,0.216625,0.000322085834
25.0,2.442,0.216625,0.000322085834
25.0,2.442375,0.216625,0.000322085834
25.0,2.442375,0.21675,0.000322085834
25.0,2.442125,0.216625,0.000322085834
25.0,2.44175,0.216625,0.000322085834
25.0,2.441,0.2165,0.000322085834
25.0,2.441,0.216625,0.000322085834
25.0,2.441375,0.21675,0.000322085834
25.0,2.441625,0.217,0.000322085834
25.0,2.441625,0.217,0.000322085834
25.0,2.441625,0.217,0.000322085834
25.0,2.44125,0.216875,0.000322085834
25.0,2.441125,0.217,0.000322085834
25.0,2.441625,0.21725,0.000322085834
25.0,2.441375,0.217125,0.000322085834
25.0,2.441875,0.216625,0.000322085834
25.0,2.442,0.216625,0.000322085834
25.0,2.442,0.216625,0.000322085834
25.0,2.44225,0.216625,0.000322085834
25.0,2.442375,0.216375,0.000322085834
25.0,2.442375,0.216625,0.000322085834
25.0,2.441625,0.216625,0.000322085834
25.0,2.44125,0.216875,0.000322085834
25.0,2.441375,0.21675,0.000322085834
25.0,2.4415,0.217125,0.000322085834
25.0,2.4415,0.217125,0.000322085834
25.0,2.441125,0.216875,0.000322085834
25.0,2.440625,0.21675,0.000322085834
25.0,2.440875,0.216875,0.000322085834
25.0,2.441625,0.216875,0.000322085834
25.0,2.441875,0.216875,0.000322085834
25.0,2.4415,0.21675,0.000322085834
25.0,2.441875,0.21675,0.000322085834
25.0,2.44175,0.21675,0.000322085834
25.0,2.442,0.21675,0.000322085834
25.0,2.4425,0.216625,0.000322085834
25.0,2.4425,0.2165,0.000322085834
25.0,2.44175,0.216625,0.000322085834
25.0,2.441125,0.21675,0.000322085834
25.0,2.440875,0.216875,0.000322085834
25.0,2.441,0.216875,0.000322085834
25.0,2.441,0.217,0.000322085834
25.0,2.441125,0.217,0.000322085834
25.0,2.441,0.217125,0.000322085834
25.0,2.440875,0.216875,0.000322085834
25.0,2.441,0.217,0.000322085834
25.0,2.441625,0.216875,0.000322085834
25.0,2.44175,0.216875,0.000322085834
25.0,2.4415,0.216625,0.000322085834
25.0,2.44175,0.216625,0.000322085834
25.0,2.441625,0.216625,0.000322085834
25.0,2.442125,0.216625,0.000322085834
25.0,2.442875,0.216625,0.000322085834
25.0,2.442625,0.2165,0.000322085834
25.0,2.441875,0.216625,0.000322085834
25.0,2.44125,0.21675,0.000322085834
25.0,2.44175,0.21675,0.000322085834
25.0,2.44175,0.216875,0.000322085834
25.0,2.44175,0.216875,0.000322085834
25.0,2.441625,0.216875,0.000322085834
25.0,2.441125,0.216875,0.000322085834
25.0,2.440875,0.217,0.000322085834
25.0,2.44125,0.217,0.000322085834
25.0,2.441875,0.216875,0.000322085834
25.0,2.442,0.216875,0.000322085834
25.0,2.44175,0.21675,0.000322085834
25.0,2.442125,0.216625,0.000322085834
25.0,2.442,0.216625,0.000322085834
25.0,2.4425,0.21675,0.000322085834
25.0,2.442625,0.216625,0.000322085834
25.0,2.4425,0.216625,0.000322085834
25.0,2.442,0.216875,0.000322085834
25.0,2.441375,0.21675,0.000322085834
25.0,2.4415,0.216875,0.000322085834
25.0,2.4415,0.216875,0.000322085834
25.0,2.441625,0.217,0.000322085834
25.0,2.441375,0.217,0.000322085834
25.0,2.441,0.216875,0.000322085834
25.0,2.44075,0.21675,0.000322085834
25.0,2.441375,0.216875,0.000322085834
25.0,2.442,0.216875,0.000322085834
25.0,2.441875,0.217,0.000322085834
25.0,2.442,0.21675,0.000322085834
25.0,2.44175,0.216625,0.000322085834
25.0,2.442125,0.216375,0.000322085834
25.0,2.443,0.216375,0.000322085834
25.0,2.443125,0.216625,0.000322085834
25.0,2.4425,0.21675,0.000322085834
25.0,2.441625,0.21675,0.000322085834
26.0,2.4955,0.244125,0.000322052976
26.0,2.495125,0.244125,0.000322052976
26.0,2.494625,0.244375,0.000322052976
26.0,2.49425,0.244375,0.000322052976
26.0,2.4945,0.244375,0.000322052976
26.0,2.494875,0.244375,0.000322052976
26.0,2.4945,0.2445,0.000322052976
26.0,2.493875,0.2445,0.000322052976
26.0,2.493875,0.2445,0.000322052976
26.0,2.493875,0.2445,0.000322052976
26.0,2.494625,0.244625,0.000322052976
26.0,2.49475,0.2445,0.000322052976
26.0,2.494625,0.24425,0.000322052976
26.0,2.494875,0.244375,0.000322052976
26.0,2.495,0.244125,0.000322052976
26.0,2.49525,0.24425,0.000322052976
26.0,2.4955,0.24425,0.000322052976
26.0,2.495625,0.244125,0.000322052976
26.0,2.495375,0.244375,0.000322052976
26.0,2.494375,0.244375,0.000322052976
26.0,2.494375,0.24425,0.000322052976
26.0,2.495,0.244375,0.000322052976
26.0,2.495,0.244625,0.000322052976
26.0,2.494625,0.244375,0.000322052976
26.0,2.494625,0.244375,0.000322052976
26.0,2.494125,0.2445,0.000322052976
26.0,2.49425,0.2445,0.000322052976
26.0,2.494625,0.244625,0.000322052976
26.0,2.49475,0.244625,0.000322052976
26.0,2.494625,0.2445,0.000322052976
26.0,2.49475,0.244375,0.000322052976
26.0,2.495,0.244125,0.000322052976
26.0,2.4955,0.244375,0.000322052976
26.0,2.496125,0.244375,0.000322052976
26.0,2.495625,0.24425,0.000322052976
26.0,2.495,0.244375,0.000322052976
26.0,2.494375,0.24425,0.000322052976
26.0,2.494,0.24425,0.000322052976
26.0,2.494125,0.2445,0.000322052976
26.0,2.4945,0.2445,0.000322052976
26.0,2.494125,0.244375,0.000322052976
26.0,2.494125,0.244375,0.000322052976
26.0,2.494,0.2445,0.000322052976
26.0,2.495,0.2445,0.000322052976
26.0,2.495375,0.244375,0.000322052976
26.0,2.495,0.244375,0.000322052976
26.0,2.494625,0.244375,0.000322052976
26.0,2.494625,0.24425,0.000322052976
26.0,2.49475,0.24425,0.000322052976
26.0,2.49525,0.244375,0.000322052976
26.0,2.496,0.24425,0.000322052976
26.0,2.4955,0.24425,0.000322052976
26.0,2.4945,0.24425,0.000322052976
26.0,2.494125,0.24425,0.000322052976
26.0,2.494625,0.244375,0.000322052976
26.0,2.494625,0.244375,0.000322052976
26.0,2.494375,0.2445,0.000322052976
26.0,2.494375,0.2445,0.000322052976
26.0,2.494,0.24425,0.000322052976
26.0,2.49425,0.244375,0.000322052976
26.0,2.49475,0.24475,0.000322052976
26.0,2.494625,0.24475,0.000322052976
26.0,2.494625,0.244375,0.000322052976
26.0,2.49525,0.244375,0.000322052976
26.0,2.495375,0.24425,0.000322052976
26.0,2.495125,0.24425,0.000322052976
26.0,2.4955,0.24425,0.000322052976
26.0,2.495625,0.24425,0.000322052976
26.0,2.495625,0.244125,0.000322052976
26.0,2.494875,0.244375,0.000322052976
26.0,2.494125,0.244375,0.000322052976
26.0,2.494375,0.244375,0.000322052976
26.0,2.494625,0.244375,0.000322052976
26.0,2.494625,0.244375,0.000322052976
26.0,2.49475,0.244625,0.000322052976
26.0,2.49425,0.244625,0.000322052976
26.0,2.494625,0.24475,0.000322052976
26.0,2.49475,0.244375,0.000322052976
26.0,2.494875,0.24425,0.000322052976
26.0,2.494875,0.24425,0.000322052976
26.0,2.495125,0.244375,0.000322052976
26.0,2.495125,0.24425,0.000322052976
26.0,2.495,0.244125,0.000322052976
26.0,2.495625,0.24425,0.000322052976
26.0,2.4955,0.244375,0.000322052976
26.0,2.495375,0.24425,0.000322052976
26.0,2.49475,0.244375,0.000322052976
26.0,2.49425,0.2445,0.000322052976
26.0,2.494375,0.244375,0.000322052976
26.0,2.494375,0.244375,0.000322052976
26.0,2.4945,0.244625,0.000322052976
26.0,2.494625,0.244375,0.000322052976
26.0,2.494375,0.244375,0.000322052976
26.0,2.494375,0.2445,0.000322052976
26.0,2.495,0.244375,0.000322052976
26.0,2.495375,0.24425,0.000322052976
26.0,2.495375,0.244375,0.000322052976
26.0,2.49525,0.244375,0.000322052976
26.0,2.494875,0.244375,0.000322052976
26.0,2.495375,0.24425,0.000322052976
26.0,2.4955,0.244375,0.000322052976
26.0,2.49525,0.244375,0.000322052976
26.0,2.494875,0.244375,0.000322052976
26.0,2.494625,0.24425,0.000322052976
26.0,2.494875,0.244375,0.000322052976
26.0,2.494875,0.244375,0.000322052976
26.0,2.49475,0.244375,0.000322052976
26.0,2.494625,0.244375,0.000322052976
26.0,2.4945,0.244375,0.000322052976
26.0,2.49475,0.244375,0.000322052976
26.0,2.495125,0.2445,0.000322052976
26.0,2.494875,0.2445,0.000322052976
26.0,2.494625,0.244375,0.000322052976
26.0,2.494875,0.244375,0.000322052976
26.0,2.495125,0.24425,0.000322052976
26.0,2.495,0.244125,0.000322052976
26.0,2.4955,0.24425,0.000322052976
26.0,2.49575,0.244125,0.000322052976
26.0,2.495625,0.24425,0.000322052976
26.0,2.495125,0.24425,0.000322052976
26.0,2.495,0.24425,0.000322052976
26.0,2.495,0.24425,0.000322052976
26.0,2.49475,0.2445,0.000322052976
26.0,2.49475,0.2445,0.000322052976
26.0,2.49425,0.2445,0.000322052976
26.0,2.49375,0.244375,0.000322052976
26.0,2.49425,0.2445,0.000322052976
26.0,2.495125,0.244625,0.000322052976
26.0,2.495125,0.24475,0.000322052976
26.0,2.494875,0.244375,0.000322052976
26.0,2.49525,0.24425,0.000322052976
26.0,2.494875,0.24425,0.000322052976
26.0,2.495125,0.24425,0.000322052976
26.0,2.496,0.24425,0.000322052976
26.0,2.495375,0.244125,0.000322052976
26.0,2.495125,0.24425,0.000322052976
26.0,2.4945,0.24425,0.000322052976
26.0,2.4945,0.24425,0.000322052976
26.0,2.494625,0.24425,0.000322052976
26.0,2.494375,0.244375,0.000322052976
26.0,2.494875,0.244375,0.000322052976
26.0,2.49475,0.244375,0.000322052976
26.0,2.494125,0.24425,0.000322052976
26.0,2.494375,0.2445,0.000322052976
26.0,2.495125,0.244625,0.000322052976
26.0,2.495125,0.24425,0.000322052976
26.0,2.494875,0.24425,0.000322052976
26.0,2.494875,0.24425,0.000322052976
26.0,2.49475,0.24425,0.000322052976
26.0,2.495125,0.244375,0.000322052976
26.0,2.49525,0.24425,0.000322052976
26.0,2.4955,0.244375,0.000322052976
26.0,2.495,0.244625,0.000322052976
26.0,2.494375,0.24475,0.000322052976
26.0,2.494375,0.24475,0.000322052976
26.0,2.4945,0.244875,0.000322052976
26.0,2.494625,0.2445,0.000322052976
26.0,2.494625,0.244625,0.000322052976
26.0,2.494,0.2445,0.000322052976
26.0,2.494,0.244625,0.000322052976
26.0,2.494875,0.24475,0.000322052976
26.0,2.49525,0.24475,0.000322052976
26.0,2.495,0.244375,0.000322052976
26.0,2.49525,0.2445,0.000322052976
26.0,2.495,0.24425,0.000322052976
26.0,2.495,0.244375,0.000322052976
26.0,2.4955,0.244,0.000322052976
26.0,2.495625,0.24425,0.000322052976
26.0,2.495625,0.24425,0.000322052976
27.0,2.5475,0.27375,0.000321832369
27.0,2.54775,0.2735,0.000321832369
27.0,2.547625,0.273375,0.000321832369
27.0,2.54775,0.2735,0.000321832369
27.0,2.547875,0.273375,0.000321832369
27.0,2.54825,0.273125,0.000321832369
27.0,2.5485,0.27325,0.000321832369
27.0,2.548125,0.27325,0.000321832369
27.0,2.548125,0.27325,0.000321832369
27.0,2.547875,0.27325,0.000321832369
27.0,2.5475,0.273125,0.000321832369
27.0,2.547125,0.273125,0.000321832369
27.0,2.547625,0.2735,0.000321832369
27.0,2.54775,0.273625,0.000321832369
27.0,2.547375,0.273625,0.000321832369
27.0,2.547125,0.273375,0.000321832369
27.0,2.547375,0.273625,0.000321832369
27.0,2.548125,0.273625,0.000321832369
27.0,2.54775,0.273625,0.000321832369
27.0,2.547875,0.273375,0.000321832369
27.0,2.547875,0.273375,0.000321832369
27.0,2.54825,0.27325,0.000321832369
27.0,2.54825,0.27325,0.000321832369
27.0,2.5485,0.27325,0.000321832369
27.0,2.5485,0.27325,0.000321832369
27.0,2.5485,0.27325,0.000321832369
27.0,2.5475,0.273,0.000321832369
27.0,2.546875,0.27325,0.000321832369
27.0,2.54725,0.2735,0.000321832369
27.0,2.5475,0.273375,0.000321832369
27.0,2.548125,0.2735,0.000321832369
27.0,2.54725,0.273375,0.000321832369
27.0,2.547,0.2735,0.000321832369
27.0,2.547875,0.2735,0.000321832369
27.0,2.54775,0.27375,0.000321832369
27.0,2.547125,0.2735,0.000321832369
27.0,2.547375,0.27325,0.000321832369
27.0,2.54775,0.273125,0.000321832369
27.0,2.548125,0.273125,0.000321832369
27.0,2.548625,0.27325,0.000321832369
27.0,2.5485,0.27325,0.000321832369
27.0,2.5485,0.27325,0.000321832369
27.0,2.548375,0.273125,0.000321832369
27.0,2.547625,0.27325,0.000321832369
27.0,2.546875,0.27325,0.000321832369
27.0,2.546875,0.2735,0.000321832369
27.0,2.547,0.273625,0.000321832369
27.0,2.547125,0.2735,0.000321832369
27.0,2.54675,0.2735,0.000321832369
27.0,2.547,0.2735,0.000321832369
27.0,2.548,0.273625,0.000321832369
27.0,2.547875,0.273625,0.000321832369
27.0,2.54775,0.2735,0.000321832369
27.0,2.547875,0.273375,0.000321832369
27.0,2.548125,0.27325,0.000321832369
27.0,2.54825,0.27325,0.000321832369
27.0,2.54825,0.27325,0.000321832369
27.0,2.54825,0.27325,0.000321832369
27.0,2.54825,0.273125,0.000321832369
27.0,2.5485,0.27325,0.000321832369
27.0,2.547875,0.273125,0.000321832369
27.0,2.54725,0.27325,0.000321832369
27.0,2.547375,0.273375,0.000321832369
27.0,2.547625,0.273375,0.000321832369
27.0,2.547125,0.273375,0.000321832369
27.0,2.547125,0.27325,0.000321832369
27.0,2.547375,0.2735,0.000321832369
27.0,2.54775,0.2735,0.000321832369
27.0,2.547875,0.2735,0.000321832369
27.0,2.54775,0.273375,0.000321832369
27.0,2.548125,0.273125,0.000321832369
27.0,2.548125,0.27325,0.000321832369
27.0,2.548,0.27325,0.000321832369
27.0,2.548,0.27325,0.000321832369
27.0,2.548625,0.27325,0.000321832369
27.0,2.54875,0.27325,0.000321832369
27.0,2.5485,0.273125,0.000321832369
27.0,2.547375,0.273375,0.000321832369
27.0,2.547,0.273625,0.000321832369
27.0,2.54725,0.2735,0.000321832369
27.0,2.54725,0.273375,0.000321832369
27.0,2.547,0.273375,0.000321832369
27.0,2.54675,0.273375,0.000321832369
27.0,2.5475,0.273625,0.000321832369
27.0,2.548125,0.273625,0.000321832369
27.0,2.5475,0.273125,0.000321832369
27.0,2.547875,0.273375,0.000321832369
27.0,2.548,0.273375,0.000321832369
27.0,2.548125,0.273375,0.000321832369
27.0,2.548125,0.273375,0.000321832369
27.0,2.54825,0.273375,0.000321832369
27.0,2.54825,0.273125,0.000321832369
27.0,2.5485,0.273,0.000321832369
27.0,2.547625,0.27325,0.000321832369
27.0,2.546875,0.27325,0.000321832369
27.0,2.547375,0.273375,0.000321832369
27.0,2.547625,0.2735,0.000321832369
27.0,2.547625,0.2735,0.000321832369
27.0,2.547125,0.2735,0.000321832369
27.0,2.546875,0.2735,0.000321832369
27.0,2.5475,0.27375,0.000321832369
27.0,2.54825,0.273625,0.000321832369
27.0,2.547875,0.273625,0.000321832369
27.0,2.547875,0.2735,0.000321832369
27.0,2.548,0.273375,0.000321832369
27.0,2.548,0.273375,0.000321832369
27.0,2.547875,0.27325,0.000321832369
27.0,2.54825,0.273375,0.000321832369
27.0,2.54875,0.27325,0.000321832369
27.0,2.5485,0.27325,0.000321832369
27.0,2.54775,0.273375,0.000321832369
27.0,2.54725,0.273375,0.000321832369
27.0,2.54725,0.273125,0.000321832369
27.0,2.547375,0.273375,0.000321832369
27.0,2.547375,0.2735,0.000321832369
27.0,2.547125,0.273375,0.000321832369
27.0,2.547125,0.273625,0.000321832369
27.0,2.54775,0.2735,0.000321832369
27.0,2.548,0.273625,0.000321832369
27.0,2.547875,0.273625,0.000321832369
27.0,2.548125,0.273125,0.000321832369
27.0,2.548125,0.273125,0.000321832369
27.0,2.548125,0.27325,0.000321832369
27.0,2.548375,0.27325,0.000321832369
27.0,2.548625,0.27325,0.000321832369
27.0,2.548875,0.27325,0.000321832369
27.0,2.54825,0.273125,0.000321832369
27.0,2.547875,0.2735,0.000321832369
27.0,2.547625,0.27325,0.000321832369
27.0,2.548,0.273375,0.000321832369
27.0,2.54775,0.2735,0.000321832369
27.0,2.547375,0.2735,0.000321832369
27.0,2.546875,0.273625,0.000321832369
27.0,2.547375,0.27375,0.000321832369
27.0,2.54825,0.27375,0.000321832369
27.0,2.547625,0.273625,0.000321832369
27.0,2.54775,0.273375,0.000321832369
27.0,2.54775,0.273375,0.000321832369
27.0,2.54775,0.273375,0.000321832369
27.0,2.547625,0.27325,0.000321832369
27.0,2.54825,0.27325,0.000321832369
27.0,2.54875,0.273,0.000321832369
27.0,2.5485,0.27325,0.000321832369
27.0,2.547625,0.273375,0.000321832369
27.0,2.54675,0.273375,0.000321832369
27.0,2.54725,0.273375,0.000321832369
27.0,2.54775,0.2735,0.000321832369
27.0,2.547375,0.273625,0.000321832369
27.0,2.54675,0.273375,0.000321832369
27.0,2.547,0.27325,0.000321832369
27.0,2.547375,0.2735,0.000321832369
27.0,2.54775,0.273625,0.000321832369
27.0,2.54775,0.273625,0.000321832369
27.0,2.54775,0.2735,0.000321832369
27.0,2.54775,0.2735,0.000321832369
27.0,2.548,0.27325,0.000321832369
27.0,2.547875,0.273125,0.000321832369
27.0,2.5485,0.273125,0.000321832369
27.0,2.548625,0.273125,0.000321832369
27.0,2.5485,0.27325,0.000321832369
27.0,2.547875,0.273125,0.000321832369
27.0,2.547375,0.273,0.000321832369
27.0,2.54775,0.273375,0.000321832369
27.0,2.54775,0.273375,0.000321832369
27.0,2.54775,0.273625,0.000321832369
27.0,2.547125,0.2735,0.000321832369
27.0,2.547375,0.273625,0.000321832369
27.0,2.548,0.27375,0.000321832369
27.0,2.547625,0.27375,0.000321832369
28.0,2.59875,0.304,0.000321965636
28.0,2.59925,0.304,0.000321965636
28.0,2.59975,0.304,0.000321965636
28.0,2.599375,0.303875,0.000321965636
28.0,2.599,0.304,0.000321965636
28.0,2.598375,0.304,0.000321965636
28.0,2.598,0.304125,0.000321965636
28.0,2.598,0.30425,0.000321965636
28.0,2.598,0.30425,0.000321965636
28.0,2.598375,0.30425,0.000321965636
28.0,2.5985,0.30425,0.000321965636
28.0,2.598,0.30425,0.000321965636
28.0,2.599,0.3045,0.000321965636
28.0,2.599375,0.3045,0.000321965636
28.0,2.598625,0.304375,0.000321965636
28.0,2.59875,0.30425,0.000321965636
28.0,2.59875,0.303875,0.000321965636
28.0,2.598875,0.304,0.000321965636
28.0,2.599125,0.303875,0.000321965636
28.0,2.599625,0.304,0.000321965636
28.0,2.599875,0.304,0.000321965636
28.0,2.599,0.304,0.000321965636
28.0,2.59825,0.304125,0.000321965636
28.0,2.597875,0.304125,0.000321965636
28.0,2.598125,0.30425,0.000321965636
28.0,2.598125,0.30425,0.000321965636
28.0,2.598375,0.30425,0.000321965636
28.0,2.59775,0.304125,0.000321965636
28.0,2.597875,0.304375,0.000321965636
28.0,2.59875,0.304625,0.000321965636
28.0,2.598875,0.3045,0.000321965636
28.0,2.59875,0.304375,0.000321965636
28.0,2.598875,0.30425,0.000321965636
28.0,2.598625,0.304,0.000321965636
28.0,2.5985,0.304125,0.000321965636
28.0,2.59925,0.304125,0.000321965636
28.0,2.5995,0.304,0.000321965636
28.0,2.599125,0.304,0.000321965636
28.0,2.598375,0.304125,0.000321965636
28.0,2.5985,0.304125,0.000321965636
28.0,2.598875,0.304,0.000321965636
28.0,2.598875,0.304,0.000321965636
28.0,2.59875,0.304125,0.000321965636
28.0,2.598875,0.304125,0.000321965636
28.0,2.5985,0.30425,0.000321965636
28.0,2.598,0.30425,0.000321965636
28.0,2.59875,0.304375,0.000321965636
28.0,2.598625,0.30425,0.000321965636
28.0,2.5985,0.304125,0.000321965636
28.0,2.598875,0.30425,0.000321965636
28.0,2.598625,0.30425,0.000321965636
28.0,2.599125,0.304125,0.000321965636
28.0,2.599375,0.304125,0.000321965636
28.0,2.5995,0.304125,0.000321965636
28.0,2.599375,0.304125,0.000321965636
28.0,2.598125,0.304,0.000321965636
28.0,2.598125,0.304125,0.000321965636
28.0,2.598125,0.304125,0.000321965636
28.0,2.5985,0.30425,0.000321965636
28.0,2.598625,0.30425,0.000321965636
28.0,2.59825,0.30425,0.000321965636
28.0,2.59825,0.30425,0.000321965636
28.0,2.5985,0.304375,0.000321965636
28.0,2.59875,0.30425,0.000321965636
28.0,2.5985,0.304125,0.000321965636
28.0,2.59875,0.304375,0.000321965636
28.0,2.59875,0.304125,0.000321965636
28.0,2.59875,0.304,0.000321965636
28.0,2.599125,0.304,0.000321965636
28.0,2.59975,0.304,0.000321965636
28.0,2.5995,0.304125,0.000321965636
28.0,2.5985,0.304125,0.000321965636
28.0,2.59775,0.304125,0.000321965636
28.0,2.59775,0.304125,0.000321965636
28.0,2.597875,0.304125,0.000321965636
28.0,2.598125,0.30425,0.000321965636
28.0,2.59825,0.304125,0.000321965636
28.0,2.597875,0.30425,0.000321965636
28.0,2.598,0.30425,0.000321965636
28.0,2.598625,0.304375,0.000321965636
28.0,2.5985,0.304375,0.000321965636
28.0,2.59825,0.304375,0.000321965636
28.0,2.59825,0.30425,0.000321965636
28.0,2.598875,0.304,0.000321965636
28.0,2.59875,0.304125,0.000321965636
28.0,2.599125,0.304125,0.000321965636
28.0,2.59925,0.304,0.000321965636
28.0,2.598875,0.303875,0.000321965636
28.0,2.59825,0.304,0.000321965636
28.0,2.59825,0.304,0.000321965636
28.0,2.598,0.304,0.000321965636
28.0,2.598375,0.30425,0.000321965636
28.0,2.59825,0.30425,0.000321965636
28.0,2.598375,0.30425,0.000321965636
28.0,2.597625,0.304125,0.000321965636
28.0,2.597875,0.30425,0.000321965636
28.0,2.59875,0.3045,0.000321965636
28.0,2.598875,0.304375,0.000321965636
28.0,2.599125,0.304125,0.000321965636
28.0,2.59925,0.304125,0.000321965636
28.0,2.599,0.304125,0.000321965636
28.0,2.599,0.304125,0.000321965636
28.0,2.5995,0.304125,0.000321965636
28.0,2.599375,0.303875,0.000321965636
28.0,2.59925,0.304125,0.000321965636
28.0,2.59925,0.304125,0.000321965636
28.0,2.5985,0.304125,0.000321965636
28.0,2.59825,0.304375,0.000321965636
28.0,2.598875,0.304125,0.000321965636
28.0,2.599,0.30425,0.000321965636
28.0,2.598625,0.30425,0.000321965636
28.0,2.598,0.304125,0.000321965636
28.0,2.598375,0.30425,0.000321965636
28.0,2.598625,0.304375,0.000321965636
28.0,2.598875,0.304375,0.000321965636
28.0,2.598625,0.304,0.000321965636
28.0,2.599,0.304,0.000321965636
28.0,2.59925,0.304,0.000321965636
28.0,2.599375,0.304,0.000321965636
28.0,2.59975,0.304,0.000321965636
28.0,2.599375,0.304125,0.000321965636
28.0,2.599375,0.304125,0.000321965636
28.0,2.598875,0.304125,0.000321965636
28.0,2.598,0.304125,0.000321965636
28.0,2.598375,0.30425,0.000321965636
28.0,2.59825,0.304375,0.000321965636
28.0,2.59825,0.30425,0.000321965636
28.0,2.597875,0.30425,0.000321965636
28.0,2.59775,0.30425,0.000321965636
28.0,2.59875,0.304375,0.000321965636
28.0,2.598875,0.304125,0.000321965636
28.0,2.599,0.304125,0.000321965636
28.0,2.59875,0.304125,0.000321965636
28.0,2.599,0.304125,0.000321965636
28.0,2.59875,0.304,0.000321965636
28.0,2.599375,0.304,0.000321965636
28.0,2.599625,0.304,0.000321965636
28.0,2.598875,0.303875,0.000321965636
28.0,2.598875,0.303875,0.000321965636
28.0,2.59825,0.303875,0.000321965636
28.0,2.598125,0.304125,0.000321965636
28.0,2.5985,0.30425,0.000321965636
28.0,2.5985,0.30425,0.000321965636
28.0,2.598,0.304125,0.000321965636
28.0,2.597875,0.304,0.000321965636
28.0,2.598125,0.304375,0.000321965636
28.0,2.598875,0.3045,0.000321965636
28.0,2.599125,0.30425,0.000321965636
28.0,2.59875,0.304125,0.000321965636
28.0,2.598875,0.304125,0.000321965636
28.0,2.59875,0.304125,0.000321965636
28.0,2.59875,0.304125,0.000321965636
28.0,2.599625,0.304,0.000321965636
28.0,2.599625,0.303875,0.000321965636
28.0,2.599625,0.303875,0.000321965636
28.0,2.599,0.303875,0.000321965636
28.0,2.598375,0.304,0.000321965636
28.0,2.59825,0.304125,0.000321965636
28.0,2.598625,0.30425,0.000321965636
28.0,2.59875,0.30425,0.000321965636
28.0,2.598625,0.30425,0.000321965636
28.0,2.598125,0.30425,0.000321965636
28.0,2.598375,0.3045,0.000321965636
28.0,2.598625,0.304375,0.000321965636
28.0,2.5985,0.3045,0.000321965636
28.0,2.598625,0.30425,0.000321965636
28.0,2.599,0.304125,0.000321965636
28.0,2.598875,0.304,0.000321965636
28.0,2.59925,0.304,0.000321965636
29.0,2.647875,0.336125,0.000322102394
29.0,2.648625,0.336125,0.000322102394
29.0,2.648625,0.33625,0.000322102394
29.0,2.648125,0.33625,0.000322102394
29.0,2.648,0.336375,0.000322102394
29.0,2.648375,0.3365,0.000322102394
29.0,2.648625,0.336375,0.000322102394
29.0,2.648375,0.336375,0.000322102394
29.0,2.648375,0.336375,0.000322102394
29.0,2.64825,0.33625,0.000322102394
29.0,2.64875,0.336125,0.000322102394
29.0,2.6485,0.336125,0.000322102394
29.0,2.648875,0.335875,0.000322102394
29.0,2.6495,0.336,0.000322102394
29.0,2.6495,0.335875,0.000322102394
29.0,2.649,0.336,0.000322102394
29.0,2.648,0.336,0.000322102394
29.0,2.648,0.336125,0.000322102394
29.0,2.64825,0.336375,0.000322102394
29.0,2.64825,0.33625,0.000322102394
29.0,2.648,0.336125,0.000322102394
29.0,2.647875,0.33625,0.000322102394
29.0,2.648625,0.3365,0.000322102394
29.0,2.6485,0.33625,0.000322102394
29.0,2.6485,0.33625,0.000322102394
29.0,2.648125,0.33625,0.000322102394
29.0,2.648375,0.336125,0.000322102394
29.0,2.648625,0.336125,0.000322102394
29.0,2.648625,0.336125,0.000322102394
29.0,2.64925,0.33625,0.000322102394
29.0,2.6495,0.336125,0.000322102394
29.0,2.649125,0.335875,0.000322102394
29.0,2.648375,0.336,0.000322102394
29.0,2.648125,0.33625,0.000322102394
29.0,2.648125,0.33625,0.000322102394
29.0,2.64825,0.33625,0.000322102394
29.0,2.64825,0.336375,0.000322102394
29.0,2.64825,0.336375,0.000322102394
29.0,2.648125,0.3365,0.000322102394
29.0,2.64825,0.336375,0.000322102394
29.0,2.648625,0.336375,0.000322102394
29.0,2.648625,0.336375,0.000322102394
29.0,2.648625,0.33625,0.000322102394
29.0,2.649,0.336125,0.000322102394
29.0,2.64875,0.336,0.000322102394
29.0,2.64875,0.336,0.000322102394
29.0,2.649625,0.336,0.000322102394
29.0,2.6495,0.335875,0.000322102394
29.0,2.649,0.336,0.000322102394
29.0,2.648375,0.33625,0.000322102394
29.0,2.64775,0.336375,0.000322102394
29.0,2.647875,0.336375,0.000322102394
29.0,2.64825,0.336375,0.000322102394
29.0,2.648,0.336125,0.000322102394
29.0,2.647875,0.33625,0.000322102394
29.0,2.648125,0.336375,0.000322102394
29.0,2.648375,0.336375,0.000322102394
29.0,2.648375,0.336375,0.000322102394
29.0,2.648625,0.336125,0.000322102394
29.0,2.648625,0.336125,0.000322102394
29.0,2.648875,0.335875,0.000322102394
29.0,2.649125,0.336,0.000322102394
29.0,2.649375,0.336,0.000322102394
29.0,2.649625,0.336,0.000322102394
29.0,2.64975,0.336,0.000322102394
29.0,2.64925,0.335875,0.000322102394
29.0,2.64825,0.336125,0.000322102394
29.0,2.648,0.336375,0.000322102394
29.0,2.648375,0.336375,0.000322102394
29.0,2.648625,0.3365,0.000322102394
29.0,2.648,0.336375,0.000322102394
29.0,2.6475,0.336375,0.000322102394
29.0,2.648125,0.336375,0.000322102394
29.0,2.648125,0.336375,0.000322102394
29.0,2.64875,0.3365,0.000322102394
29.0,2.6485,0.3365,0.000322102394
29.0,2.64875,0.336375,0.000322102394
29.0,2.649125,0.336125,0.000322102394
29.0,2.648875,0.336125,0.000322102394
29.0,2.649375,0.336125,0.000322102394
29.0,2.64975,0.336,0.000322102394
29.0,2.649125,0.335875,0.000322102394
29.0,2.648625,0.33625,0.000322102394
29.0,2.6485,0.336375,0.000322102394
29.0,2.648375,0.3365,0.000322102394
29.0,2.648375,0.33625,0.000322102394
29.0,2.64825,0.33625,0.000322102394
29.0,2.64825,0.33625,0.000322102394
29.0,2.64825,0.336375,0.000322102394
29.0,2.64825,0.336375,0.000322102394
29.0,2.6485,0.3365,0.000322102394
29.0,2.648625,0.336625,0.000322102394
29.0,2.648375,0.33625,0.000322102394
29.0,2.64825,0.336125,0.000322102394
29.0,2.6485,0.335875,0.000322102394
29.0,2.649,0.336,0.000322102394
29.0,2.649375,0.336,0.000322102394
29.0,2.6495,0.335875,0.000322102394
29.0,2.649,0.335875,0.000322102394
29.0,2.648125,0.336125,0.000322102394
29.0,2.648,0.33625,0.000322102394
29.0,2.6485,0.336125,0.000322102394
29.0,2.64875,0.336375,0.000322102394
29.0,2.648375,0.336375,0.000322102394
29.0,2.647875,0.33625,0.000322102394
29.0,2.647875,0.33625,0.000322102394
29.0,2.648125,0.3365,0.000322102394
29.0,2.6485,0.33675,0.000322102394
29.0,2.648375,0.3365,0.000322102394
29.0,2.648625,0.336125,0.000322102394
29.0,2.648625,0.336125,0.000322102394
29.0,2.64875,0.336125,0.000322102394
29.0,2.648875,0.336125,0.000322102394
29.0,2.64975,0.335875,0.000322102394
29.0,2.649625,0.336,0.000322102394
29.0,2.64925,0.33625,0.000322102394
29.0,2.648125,0.33625,0.000322102394
29.0,2.647875,0.3365,0.000322102394
29.0,2.648375,0.3365,0.000322102394
29.0,2.648375,0.336625,0.000322102394
29.0,2.647875,0.336375,0.000322102394
29.0,2.647875,0.336375,0.000322102394
29.0,2.64775,0.33625,0.000322102394
29.0,2.64825,0.3365,0.000322102394
29.0,2.648375,0.3365,0.000322102394
29.0,2.648125,0.336375,0.000322102394
29.0,2.648375,0.336125,0.000322102394
29.0,2.648875,0.336,0.000322102394
29.0,2.648875,0.335875,0.000322102394
29.0,2.649375,0.336,0.000322102394
29.0,2.6495,0.336125,0.000322102394
29.0,2.64925,0.336125,0.000322102394
29.0,2.648625,0.336375,0.000322102394
29.0,2.648125,0.336375,0.000322102394
29.0,2.648125,0.33625,0.000322102394
29.0,2.648,0.336375,0.000322102394
29.0,2.648125,0.33625,0.000322102394
29.0,2.6475,0.33625,0.000322102394
29.0,2.6475,0.33625,0.000322102394
29.0,2.647625,0.3365,0.000322102394
29.0,2.648375,0.3365,0.000322102394
29.0,2.648625,0.336375,0.000322102394
29.0,2.648375,0.336375,0.000322102394
29.0,2.648875,0.336375,0.000322102394
29.0,2.649125,0.336125,0.000322102394
29.0,2.648625,0.336125,0.000322102394
29.0,2.649125,0.336,0.000322102394
29.0,2.649375,0.336125,0.000322102394
29.0,2.648875,0.336,0.000322102394
29.0,2.648,0.336,0.000322102394
29.0,2.64775,0.336125,0.000322102394
29.0,2.64825,0.336,0.000322102394
29.0,2.648375,0.33625,0.000322102394
29.0,2.648125,0.33625,0.000322102394
29.0,2.648125,0.33625,0.000322102394
29.0,2.647875,0.336125,0.000322102394
29.0,2.648125,0.336125,0.000322102394
29.0,2.648125,0.33625,0.000322102394
29.0,2.64775,0.3365,0.000322102394
29.0,2.6485,0.336125,0.000322102394
29.0,2.649125,0.336,0.000322102394
29.0,2.648875,0.33575,0.000322102394
29.0,2.649,0.336,0.000322102394
29.0,2.6495,0.336,0.000322102394
29.0,2.649125,0.335875,0.000322102394
29.0,2.649,0.336,0.000322102394
29.0,2.648625,0.33625,0.000322102394
29.0,2.64825,0.335875,0.000322102394
29.0,2.648125,0.336125,0.000322102394
30.0,2.697375,0.36975,0.000322021981
30.0,2.698,0.369625,0.000322021981
30.0,2.698125,0.369625,0.000322021981
30.0,2.69775,0.369875,0.000322021981
30.0,2.69725,0.369875,0.000322021981
30.0,2.696625,0.36975,0.000322021981
30.0,2.69675,0.369875,0.000322021981
30.0,2.697,0.370125,0.000322021981
30.0,2.697,0.370125,0.000322021981
30.0,2.69675,0.37,0.000322021981
30.0,2.69625,0.37,0.000322021981
30.0,2.696625,0.370125,0.000322021981
30.0,2.697375,0.37025,0.000322021981
30.0,2.69725,0.37025,0.000322021981
30.0,2.697375,0.37,0.000322021981
30.0,2.697625,0.36975,0.000322021981
30.0,2.6975,0.36975,0.000322021981
30.0,2.6975,0.369875,0.000322021981
30.0,2.69825,0.369875,0.000322021981
30.0,2.698,0.369625,0.000322021981
30.0,2.697625,0.36975,0.000322021981
30.0,2.6965,0.37,0.000322021981
30.0,2.696375,0.37,0.000322021981
30.0,2.696875,0.37,0.000322021981
30.0,2.696875,0.37,0.000322021981
30.0,2.697,0.370125,0.000322021981
30.0,2.69675,0.37,0.000322021981
30.0,2.696625,0.37,0.000322021981
30.0,2.697,0.370125,0.000322021981
30.0,2.69725,0.37025,0.000322021981
30.0,2.696875,0.369875,0.000322021981
30.0,2.696875,0.36975,0.000322021981
30.0,2.697125,0.36975,0.000322021981
30.0,2.69725,0.36975,0.000322021981
30.0,2.697375,0.36975,0.000322021981
30.0,2.697625,0.37,0.000322021981
30.0,2.69775,0.369625,0.000322021981
30.0,2.69725,0.369625,0.000322021981
30.0,2.69675,0.36975,0.000322021981
30.0,2.696875,0.37,0.000322021981
30.0,2.696875,0.370125,0.000322021981
30.0,2.697125,0.370125,0.000322021981
30.0,2.697,0.370125,0.000322021981
30.0,2.6965,0.37,0.000322021981
30.0,2.696625,0.370125,0.000322021981
30.0,2.697375,0.37025,0.000322021981
30.0,2.697375,0.37025,0.000322021981
30.0,2.69725,0.369875,0.000322021981
30.0,2.6975,0.369875,0.000322021981
30.0,2.6975,0.37,0.000322021981
30.0,2.6975,0.369625,0.000322021981
30.0,2.697875,0.36975,0.000322021981
30.0,2.698,0.369625,0.000322021981
30.0,2.69775,0.36975,0.000322021981
30.0,2.697,0.36975,0.000322021981
30.0,2.696875,0.37,0.000322021981
30.0,2.696875,0.370125,0.000322021981
30.0,2.696875,0.370125,0.000322021981
30.0,2.697,0.37,0.000322021981
30.0,2.69675,0.37,0.000322021981
30.0,2.696625,0.370125,0.000322021981
30.0,2.697,0.370125,0.000322021981
30.0,2.6975,0.37,0.000322021981
30.0,2.697125,0.37,0.000322021981
30.0,2.696875,0.36975,0.000322021981
30.0,2.697625,0.36975,0.000322021981
30.0,2.697625,0.369625,0.000322021981
30.0,2.697625,0.36975,0.000322021981
30.0,2.697875,0.36975,0.000322021981
30.0,2.697875,0.36975,0.000322021981
30.0,2.697375,0.36975,0.000322021981
30.0,2.696625,0.36975,0.000322021981
30.0,2.6965,0.37,0.000322021981
30.0,2.6965,0.37,0.000322021981
30.0,2.696875,0.369875,0.000322021981
30.0,2.696875,0.370125,0.000322021981
30.0,2.696375,0.37,0.000322021981
30.0,2.696125,0.37,0.000322021981
30.0,2.696625,0.37025,0.000322021981
30.0,2.69725,0.370125,0.000322021981
30.0,2.697375,0.370125,0.000322021981
30.0,2.697625,0.369875,0.000322021981
30.0,2.69775,0.369875,0.000322021981
30.0,2.6975,0.36975,0.000322021981
30.0,2.69775,0.369625,0.000322021981
30.0,2.698,0.369625,0.000322021981
30.0,2.69775,0.369625,0.000322021981
30.0,2.697,0.369625,0.000322021981
30.0,2.69675,0.369875,0.000322021981
30.0,2.69675,0.369875,0.000322021981
30.0,2.696625,0.369875,0.000322021981
30.0,2.696625,0.369875,0.000322021981
30.0,2.696875,0.37,0.000322021981
30.0,2.696625,0.369875,0.000322021981
30.0,2.696375,0.37,0.000322021981
30.0,2.696625,0.37,0.000322021981
30.0,2.696625,0.370125,0.000322021981
30.0,2.696875,0.37,0.000322021981
30.0,2.69725,0.36975,0.000322021981
30.0,2.697375,0.36975,0.000322021981
30.0,2.697375,0.369625,0.000322021981
30.0,2.698,0.36975,0.000322021981
30.0,2.698,0.369625,0.000322021981
30.0,2.69775,0.36975,0.000322021981
30.0,2.697375,0.36975,0.000322021981
30.0,2.697375,0.36975,0.000322021981
30.0,2.69675,0.369875,0.000322021981
30.0,2.696875,0.369875,0.000322021981
30.0,2.69725,0.370125,0.000322021981
30.0,2.697125,0.37,0.000322021981
30.0,2.6965,0.37,0.000322021981
30.0,2.6965,0.37025,0.000322021981
30.0,2.697,0.37025,0.000322021981
30.0,2.69725,0.37,0.000322021981
30.0,2.697125,0.369875,0.000322021981
30.0,2.697625,0.36975,0.000322021981
30.0,2.697125,0.369875,0.000322021981
30.0,2.6975,0.36975,0.000322021981
30.0,2.6985,0.36975,0.000322021981
30.0,2.6985,0.369625,0.000322021981
30.0,2.697625,0.369625,0.000322021981
30.0,2.697625,0.370125,0.000322021981
30.0,2.696625,0.370125,0.000322021981
30.0,2.69675,0.36975,0.000322021981
30.0,2.697,0.369875,0.000322021981
30.0,2.697,0.37,0.000322021981
30.0,2.696625,0.369875,0.000322021981
30.0,2.696875,0.369875,0.000322021981
30.0,2.697,0.370125,0.000322021981
30.0,2.69725,0.37025,0.000322021981
30.0,2.69725,0.37,0.000322021981
30.0,2.69725,0.369875,0.000322021981
30.0,2.6975,0.3695,0.000322021981
30.0,2.697375,0.3695,0.000322021981
30.0,2.697875,0.36975,0.000322021981
30.0,2.698375,0.36975,0.000322021981
30.0,2.6985,0.369875,0.000322021981
30.0,2.6985,0.369875,0.000322021981
30.0,2.698,0.369875,0.000322021981
30.0,2.697,0.369875,0.000322021981
30.0,2.696875,0.369875,0.000322021981
30.0,2.696625,0.370125,0.000322021981
30.0,2.6965,0.370125,0.000322021981
30.0,2.696375,0.37,0.000322021981
30.0,2.696,0.37,0.000322021981
30.0,2.696625,0.37025,0.000322021981
30.0,2.697125,0.370125,0.000322021981
30.0,2.697,0.370125,0.000322021981
30.0,2.697,0.369875,0.000322021981
30.0,2.696875,0.36975,0.000322021981
30.0,2.69675,0.369625,0.000322021981
30.0,2.69725,0.369625,0.000322021981
30.0,2.698375,0.369625,0.000322021981
30.0,2.69825,0.36975,0.000322021981
30.0,2.69825,0.36975,0.000322021981
30.0,2.697125,0.36975,0.000322021981
30.0,2.696375,0.36975,0.000322021981
30.0,2.6965,0.369875,0.000322021981
30.0,2.696875,0.370125,0.000322021981
30.0,2.697,0.370125,0.000322021981
30.0,2.6965,0.37,0.000322021981
30.0,2.696625,0.37025,0.000322021981
30.0,2.696875,0.37025,0.000322021981
30.0,2.69675,0.370125,0.000322021981
30.0,2.696875,0.37,0.000322021981
30.0,2.697625,0.36975,0.000322021981
30.0,2.6975,0.369625,0.000322021981
30.0,2.6975,0.36975,0.000322021981
30.0,2.698,0.36975,0.000322021981
31.0,2.745125,0.40425,0.000322104752
31.0,2.745,0.40425,0.000322104752
31.0,2.744,0.404125,0.000322104752
31.0,2.743625,0.4045,0.000322104752
31.0,2.744,0.404625,0.000322104752
31.0,2.744375,0.404625,0.000322104752
31.0,2.744375,0.404625,0.000322104752
31.0,2.743375,0.4045,0.000322104752
31.0,2.743375,0.4045,0.000322104752
31.0,2.743375,0.404625,0.000322104752
31.0,2.744375,0.40475,0.000322104752
31.0,2.744625,0.404375,0.000322104752
31.0,2.74475,0.404375,0.000322104752
31.0,2.745,0.404375,0.000322104752
31.0,2.7445,0.40425,0.000322104752
31.0,2.7445,0.404375,0.000322104752
31.0,2.745375,0.404375,0.000322104752
31.0,2.7455,0.40425,0.000322104752
31.0,2.744625,0.404375,0.000322104752
31.0,2.744125,0.4045,0.000322104752
31.0,2.744,0.404375,0.000322104752
31.0,2.743875,0.404375,0.000322104752
31.0,2.744,0.40475,0.000322104752
31.0,2.743625,0.4045,0.000322104752
31.0,2.743625,0.4045,0.000322104752
31.0,2.74325,0.404375,0.000322104752
31.0,2.743375,0.404625,0.000322104752
31.0,2.743875,0.404625,0.000322104752
31.0,2.744375,0.404625,0.000322104752
31.0,2.7445,0.404625,0.000322104752
31.0,2.744375,0.40425,0.000322104752
31.0,2.744625,0.404125,0.000322104752
31.0,2.74475,0.40425,0.000322104752
31.0,2.744875,0.404125,0.000322104752
31.0,2.744875,0.404125,0.000322104752
31.0,2.744375,0.403875,0.000322104752
31.0,2.743875,0.40425,0.000322104752
31.0,2.744125,0.4045,0.000322104752
31.0,2.744375,0.404375,0.000322104752
31.0,2.74425,0.4045,0.000322104752
31.0,2.74425,0.4045,0.000322104752
31.0,2.743875,0.4045,0.000322104752
31.0,2.74375,0.404625,0.000322104752
31.0,2.7445,0.40475,0.000322104752
31.0,2.744625,0.404875,0.000322104752
31.0,2.744375,0.40475,0.000322104752
31.0,2.744125,0.40475,0.000322104752
31.0,2.7445,0.4045,0.000322104752
31.0,2.74475,0.40425,0.000322104752
31.0,2.74525,0.404125,0.000322104752
31.0,2.745,0.404125,0.000322104752
31.0,2.744625,0.404,0.000322104752
31.0,2.744125,0.40425,0.000322104752
31.0,2.74375,0.404125,0.000322104752
31.0,2.74375,0.40425,0.000322104752
31.0,2.744,0.4045,0.000322104752
31.0,2.743875,0.404625,0.000322104752
31.0,2.743875,0.404625,0.000322104752
31.0,2.74375,0.4045,0.000322104752
31.0,2.743875,0.404625,0.000322104752
31.0,2.74425,0.4045,0.000322104752
31.0,2.744,0.40475,0.000322104752
31.0,2.744,0.4045,0.000322104752
31.0,2.74425,0.404375,0.000322104752
31.0,2.744625,0.404125,0.000322104752
31.0,2.744875,0.40425,0.000322104752
31.0,2.745375,0.40425,0.000322104752
31.0,2.74525,0.404125,0.000322104752
31.0,2.744625,0.404375,0.000322104752
31.0,2.743625,0.4045,0.000322104752
31.0,2.74375,0.4045,0.000322104752
31.0,2.743875,0.4045,0.000322104752
31.0,2.744,0.404625,0.000322104752
31.0,2.744,0.404625,0.000322104752
31.0,2.744,0.404625,0.000322104752
31.0,2.743625,0.4045,0.000322104752
31.0,2.743875,0.404625,0.000322104752
31.0,2.744375,0.40475,0.000322104752
31.0,2.744375,0.404625,0.000322104752
31.0,2.744625,0.404375,0.000322104752
31.0,2.744875,0.40425,0.000322104752
31.0,2.74475,0.40425,0.000322104752
31.0,2.745,0.40425,0.000322104752
31.0,2.7455,0.40425,0.000322104752
31.0,2.745375,0.404125,0.000322104752
31.0,2.745,0.40425,0.000322104752
31.0,2.743875,0.404375,0.000322104752
31.0,2.744125,0.404625,0.000322104752
31.0,2.744625,0.404375,0.000322104752
31.0,2.744625,0.404375,0.000322104752
31.0,2.74425,0.40475,0.000322104752
31.0,2.743875,0.404625,0.000322104752
31.0,2.743625,0.404625,0.000322104752
31.0,2.743875,0.40475,0.000322104752
31.0,2.7445,0.405,0.000322104752
31.0,2.74425,0.40475,0.000322104752
31.0,2.7445,0.4045,0.000322104752
31.0,2.744125,0.404375,0.000322104752
31.0,2.744375,0.404125,0.000322104752
31.0,2.745125,0.404375,0.000322104752
31.0,2.745625,0.40425,0.000322104752
31.0,2.745125,0.40425,0.000322104752
31.0,2.744375,0.404375,0.000322104752
31.0,2.743625,0.404625,0.000322104752
31.0,2.74375,0.4045,0.000322104752
31.0,2.74375,0.4045,0.000322104752
31.0,2.743625,0.404375,0.000322104752
31.0,2.743625,0.4045,0.000322104752
31.0,2.74375,0.4045,0.000322104752
31.0,2.743625,0.40475,0.000322104752
31.0,2.744375,0.404625,0.000322104752
31.0,2.744375,0.404625,0.000322104752
31.0,2.74425,0.404375,0.000322104752
31.0,2.74425,0.40425,0.000322104752
31.0,2.744375,0.40425,0.000322104752
31.0,2.74475,0.40425,0.000322104752
31.0,2.744875,0.40425,0.000322104752
31.0,2.745125,0.403875,0.000322104752
31.0,2.744875,0.403875,0.000322104752
31.0,2.744375,0.40425,0.000322104752
31.0,2.744125,0.4045,0.000322104752
31.0,2.744125,0.4045,0.000322104752
31.0,2.744125,0.4045,0.000322104752
31.0,2.744,0.404625,0.000322104752
31.0,2.744,0.404375,0.000322104752
31.0,2.74375,0.4045,0.000322104752
31.0,2.744,0.4045,0.000322104752
31.0,2.74475,0.404625,0.000322104752
31.0,2.7445,0.404625,0.000322104752
31.0,2.74425,0.404375,0.000322104752
31.0,2.744375,0.40425,0.000322104752
31.0,2.7445,0.40425,0.000322104752
31.0,2.744875,0.40425,0.000322104752
31.0,2.74525,0.40425,0.000322104752
31.0,2.745,0.404,0.000322104752
31.0,2.744625,0.404125,0.000322104752
31.0,2.743375,0.40425,0.000322104752
31.0,2.743375,0.40425,0.000322104752
31.0,2.743125,0.4045,0.000322104752
31.0,2.743875,0.404375,0.000322104752
31.0,2.74425,0.404625,0.000322104752
31.0,2.74375,0.4045,0.000322104752
31.0,2.7435,0.4045,0.000322104752
31.0,2.744,0.4045,0.000322104752
31.0,2.744125,0.404375,0.000322104752
31.0,2.7445,0.404375,0.000322104752
31.0,2.744625,0.404375,0.000322104752
31.0,2.744875,0.40425,0.000322104752
31.0,2.744875,0.404125,0.000322104752
31.0,2.745,0.40425,0.000322104752
31.0,2.745125,0.40425,0.000322104752
31.0,2.744625,0.40425,0.000322104752
31.0,2.7445,0.404375,0.000322104752
31.0,2.744,0.4045,0.000322104752
31.0,2.744,0.4045,0.000322104752
31.0,2.743875,0.4045,0.000322104752
31.0,2.74375,0.4045,0.000322104752
31.0,2.744,0.404625,0.000322104752
31.0,2.743625,0.404625,0.000322104752
31.0,2.743375,0.404625,0.000322104752
31.0,2.744125,0.40475,0.000322104752
31.0,2.74475,0.404625,0.000322104752
31.0,2.744375,0.404375,0.000322104752
31.0,2.744375,0.40425,0.000322104752
31.0,2.744875,0.40425,0.000322104752
31.0,2.74475,0.40425,0.000322104752
31.0,2.744875,0.404375,0.000322104752
31.0,2.744875,0.404375,0.000322104752
31.0,2.744625,0.404375,0.000322104752
32.0,2.79025,0.440375,0.000322068197
32.0,2.790125,0.440625,0.000322068197
32.0,2.79,0.440625,0.000322068197
32.0,2.78975,0.44075,0.000322068197
32.0,2.79,0.44075,0.000322068197
32.0,2.79025,0.440875,0.000322068197
32.0,2.79025,0.440625,0.000322068197
32.0,2.790375,0.4405,0.000322068197
32.0,2.790375,0.4405,0.000322068197
32.0,2.790375,0.440375,0.000322068197
32.0,2.7905,0.440375,0.000322068197
32.0,2.791,0.440375,0.000322068197
32.0,2.79175,0.44025,0.000322068197
32.0,2.79125,0.440375,0.000322068197
32.0,2.79075,0.4405,0.000322068197
32.0,2.789875,0.440625,0.000322068197
32.0,2.790125,0.4405,0.000322068197
32.0,2.78975,0.440625,0.000322068197
32.0,2.79,0.44075,0.000322068197
32.0,2.789625,0.44075,0.000322068197
32.0,2.789375,0.44075,0.000322068197
32.0,2.78975,0.44075,0.000322068197
32.0,2.79025,0.44075,0.000322068197
32.0,2.790875,0.440625,0.000322068197
32.0,2.790875,0.440625,0.000322068197
32.0,2.790875,0.440625,0.000322068197
32.0,2.790875,0.4405,0.000322068197
32.0,2.790625,0.44025,0.000322068197
32.0,2.790875,0.440375,0.000322068197
32.0,2.79125,0.44025,0.000322068197
32.0,2.79125,0.440375,0.000322068197
32.0,2.7905,0.440125,0.000322068197
32.0,2.789875,0.4405,0.000322068197
32.0,2.790125,0.44075,0.000322068197
32.0,2.79025,0.440625,0.000322068197
32.0,2.790375,0.440625,0.000322068197
32.0,2.789875,0.440625,0.000322068197
32.0,2.78975,0.44075,0.000322068197
32.0,2.790125,0.44075,0.000322068197
32.0,2.790125,0.44075,0.000322068197
32.0,2.790125,0.440625,0.000322068197
32.0,2.79025,0.440625,0.000322068197
32.0,2.7905,0.4405,0.000322068197
32.0,2.790375,0.440375,0.000322068197
32.0,2.79075,0.44025,0.000322068197
32.0,2.791375,0.4405,0.000322068197
32.0,2.7915,0.4405,0.000322068197
32.0,2.790875,0.440375,0.000322068197
32.0,2.79025,0.44075,0.000322068197
32.0,2.79,0.44075,0.000322068197
32.0,2.789875,0.440875,0.000322068197
32.0,2.79,0.440625,0.000322068197
32.0,2.789875,0.44075,0.000322068197
32.0,2.7895,0.4405,0.000322068197
32.0,2.79025,0.44075,0.000322068197
32.0,2.790625,0.44075,0.000322068197
32.0,2.790375,0.44075,0.000322068197
32.0,2.790375,0.44075,0.000322068197
32.0,2.790375,0.440625,0.000322068197
32.0,2.791,0.440625,0.000322068197
32.0,2.791,0.4405,0.000322068197
32.0,2.79125,0.440375,0.000322068197
32.0,2.791625,0.440375,0.000322068197
32.0,2.7915,0.44025,0.000322068197
32.0,2.79075,0.440375,0.000322068197
32.0,2.79,0.440375,0.000322068197
32.0,2.790125,0.440625,0.000322068197
32.0,2.79025,0.440625,0.000322068197
32.0,2.79,0.44075,0.000322068197
32.0,2.78975,0.440625,0.000322068197
32.0,2.789875,0.44075,0.000322068197
32.0,2.79025,0.440875,0.000322068197
32.0,2.790375,0.440875,0.000322068197
32.0,2.790375,0.440875,0.000322068197
32.0,2.790375,0.44075,0.000322068197
32.0,2.79075,0.4405,0.000322068197
32.0,2.791,0.4405,0.000322068197
32.0,2.79075,0.440625,0.000322068197
32.0,2.79125,0.440375,0.000322068197
32.0,2.7915,0.44025,0.000322068197
32.0,2.791125,0.440375,0.000322068197
32.0,2.790125,0.4405,0.000322068197
32.0,2.78975,0.4405,0.000322068197
32.0,2.790375,0.440625,0.000322068197
32.0,2.7905,0.44075,0.000322068197
32.0,2.7905,0.440875,0.000322068197
32.0,2.79,0.44075,0.000322068197
32.0,2.790375,0.44075,0.000322068197
32.0,2.790875,0.440875,0.000322068197
32.0,2.790875,0.440875,0.000322068197
32.0,2.790375,0.440875,0.000322068197
32.0,2.79025,0.440875,0.000322068197
32.0,2.7905,0.4405,0.000322068197
32.0,2.7905,0.440375,0.000322068197
32.0,2.7905,0.440375,0.000322068197
32.0,2.791375,0.4405,0.000322068197
32.0,2.791625,0.4405,0.000322068197
32.0,2.7915,0.4405,0.000322068197
32.0,2.79125,0.440375,0.000322068197
32.0,2.7905,0.440375,0.000322068197
32.0,2.7905,0.44075,0.000322068197
32.0,2.790625,0.44075,0.000322068197
32.0,2.789875,0.440625,0.000322068197
32.0,2.789375,0.4405,0.000322068197
32.0,2.790125,0.44075,0.000322068197
32.0,2.790125,0.44075,0.000322068197
32.0,2.7905,0.440875,0.000322068197
32.0,2.79075,0.440875,0.000322068197
32.0,2.79075,0.44075,0.000322068197
32.0,2.790875,0.440625,0.000322068197
32.0,2.79075,0.440375,0.000322068197
32.0,2.791125,0.440375,0.000322068197
32.0,2.79125,0.44025,0.000322068197
32.0,2.7915,0.440375,0.000322068197
32.0,2.79075,0.4405,0.000322068197
32.0,2.789875,0.440375,0.000322068197
32.0,2.790375,0.4405,0.000322068197
32.0,2.79075,0.4405,0.000322068197
32.0,2.79025,0.4405,0.000322068197
32.0,2.78975,0.440625,0.000322068197
32.0,2.79,0.44075,0.000322068197
32.0,2.79,0.44075,0.000322068197
32.0,2.790375,0.440875,0.000322068197
32.0,2.7905,0.440625,0.000322068197
32.0,2.79025,0.44075,0.000322068197
32.0,2.790625,0.4405,0.000322068197
32.0,2.790625,0.4405,0.000322068197
32.0,2.7905,0.440375,0.000322068197
32.0,2.791125,0.440375,0.000322068197
32.0,2.791125,0.440375,0.000322068197
32.0,2.79075,0.440125,0.000322068197
32.0,2.790875,0.440375,0.000322068197
32.0,2.79025,0.4405,0.000322068197
32.0,2.790125,0.44075,0.000322068197
32.0,2.79025,0.440625,0.000322068197
32.0,2.790375,0.44075,0.000322068197
32.0,2.79025,0.4405,0.000322068197
32.0,2.79025,0.440625,0.000322068197
32.0,2.790125,0.440625,0.000322068197
32.0,2.79025,0.440875,0.000322068197
32.0,2.790625,0.441125,0.000322068197
32.0,2.79025,0.440625,0.000322068197
32.0,2.79075,0.4405,0.000322068197
32.0,2.790625,0.44025,0.000322068197
32.0,2.79075,0.4405,0.000322068197
32.0,2.79175,0.440375,0.000322068197
32.0,2.79175,0.440375,0.000322068197
32.0,2.791,0.4405,0.000322068197
32.0,2.789875,0.4405,0.000322068197
32.0,2.79,0.440625,0.000322068197
32.0,2.790625,0.4405,0.000322068197
32.0,2.790875,0.440875,0.000322068197
32.0,2.790625,0.44075,0.000322068197
32.0,2.789875,0.44075,0.000322068197
32.0,2.789875,0.44075,0.000322068197
32.0,2.78975,0.440875,0.000322068197
32.0,2.790375,0.440875,0.000322068197
32.0,2.790625,0.441,0.000322068197
32.0,2.790625,0.440625,0.000322068197
32.0,2.790875,0.440625,0.000322068197
32.0,2.791,0.440375,0.000322068197
32.0,2.791125,0.44025,0.000322068197
32.0,2.791625,0.440375,0.000322068197
32.0,2.79125,0.44025,0.000322068197
32.0,2.7905,0.4405,0.000322068197
32.0,2.78975,0.440625,0.000322068197
32.0,2.790125,0.440625,0.000322068197
32.0,2.790375,0.44075,0.000322068197
32.0,2.79,0.44075,0.000322068197
33.0,2.83525,0.478125,0.000321898726
33.0,2.8355,0.478125,0.000321898726
33.0,2.835625,0.478125,0.000321898726
33.0,2.835875,0.47825,0.000321898726
33.0,2.835875,0.478,0.000321898726
33.0,2.8355,0.47775,0.000321898726
33.0,2.836,0.478,0.000321898726
33.0,2.8365,0.478,0.000321898726
33.0,2.8365,0.478,0.000321898726
33.0,2.83675,0.477875,0.000321898726
33.0,2.836,0.47775,0.000321898726
33.0,2.83475,0.477875,0.000321898726
33.0,2.83525,0.477875,0.000321898726
33.0,2.8355,0.478125,0.000321898726
33.0,2.835375,0.478125,0.000321898726
33.0,2.835,0.478125,0.000321898726
33.0,2.834875,0.478375,0.000321898726
33.0,2.835125,0.478375,0.000321898726
33.0,2.83525,0.478125,0.000321898726
33.0,2.835125,0.478,0.000321898726
33.0,2.835375,0.478,0.000321898726
33.0,2.83575,0.47775,0.000321898726
33.0,2.836,0.477625,0.000321898726
33.0,2.836625,0.47775,0.000321898726
33.0,2.837125,0.47775,0.000321898726
33.0,2.837125,0.47775,0.000321898726
33.0,2.836375,0.477875,0.000321898726
33.0,2.835125,0.478,0.000321898726
33.0,2.835125,0.478,0.000321898726
33.0,2.8355,0.478125,0.000321898726
33.0,2.83575,0.478125,0.000321898726
33.0,2.835375,0.478,0.000321898726
33.0,2.835125,0.47825,0.000321898726
33.0,2.835,0.47825,0.000321898726
33.0,2.835875,0.47825,0.000321898726
33.0,2.835875,0.478125,0.000321898726
33.0,2.835625,0.4775,0.000321898726
33.0,2.836,0.47775,0.000321898726
33.0,2.836125,0.47775,0.000321898726
33.0,2.8365,0.47775,0.000321898726
33.0,2.837,0.477625,0.000321898726
33.0,2.837,0.477625,0.000321898726
33.0,2.83675,0.477625,0.000321898726
33.0,2.83625,0.477875,0.000321898726
33.0,2.8355,0.478,0.000321898726
33.0,2.835375,0.477875,0.000321898726
33.0,2.83575,0.478125,0.000321898726
33.0,2.836,0.478125,0.000321898726
33.0,2.8355,0.478,0.000321898726
33.0,2.83525,0.47825,0.000321898726
33.0,2.835,0.478375,0.000321898726
33.0,2.835875,0.47825,0.000321898726
33.0,2.836,0.47825,0.000321898726
33.0,2.83625,0.478,0.000321898726
33.0,2.83625,0.477875,0.000321898726
33.0,2.836,0.47775,0.000321898726
33.0,2.836625,0.477875,0.000321898726
33.0,2.836625,0.477875,0.000321898726
33.0,2.83675,0.47775,0.000321898726
33.0,2.83625,0.47775,0.000321898726
33.0,2.83575,0.478,0.000321898726
33.0,2.834875,0.478,0.000321898726
33.0,2.834625,0.478,0.000321898726
33.0,2.835125,0.47825,0.000321898726
33.0,2.835375,0.478125,0.000321898726
33.0,2.835125,0.47825,0.000321898726
33.0,2.835375,0.478125,0.000321898726
33.0,2.835625,0.47825,0.000321898726
33.0,2.8355,0.478375,0.000321898726
33.0,2.83525,0.478125,0.000321898726
33.0,2.8355,0.477875,0.000321898726
33.0,2.835625,0.47775,0.000321898726
33.0,2.83575,0.477875,0.000321898726
33.0,2.83575,0.477875,0.000321898726
33.0,2.836375,0.477875,0.000321898726
33.0,2.83675,0.47775,0.000321898726
33.0,2.8365,0.477875,0.000321898726
33.0,2.836,0.47775,0.000321898726
33.0,2.835375,0.47775,0.000321898726
33.0,2.8355,0.478,0.000321898726
33.0,2.835625,0.47825,0.000321898726
33.0,2.8355,0.478125,0.000321898726
33.0,2.835,0.478125,0.000321898726
33.0,2.835,0.478125,0.000321898726
33.0,2.83575,0.47825,0.000321898726
33.0,2.835375,0.478125,0.000321898726
33.0,2.83575,0.477875,0.000321898726
33.0,2.836125,0.477625,0.000321898726
33.0,2.836125,0.47775,0.000321898726
33.0,2.836125,0.47775,0.000321898726
33.0,2.836125,0.47775,0.000321898726
33.0,2.836625,0.478,0.000321898726
33.0,2.836625,0.477875,0.000321898726
33.0,2.836,0.477625,0.000321898726
33.0,2.83575,0.477875,0.000321898726
33.0,2.83525,0.47775,0.000321898726
33.0,2.835625,0.477875,0.000321898726
33.0,2.836125,0.47825,0.000321898726
33.0,2.835625,0.47825,0.000321898726
33.0,2.835625,0.478125,0.000321898726
33.0,2.836,0.47825,0.000321898726
33.0,2.83625,0.47825,0.000321898726
33.0,2.836,0.478125,0.000321898726
33.0,2.836125,0.478125,0.000321898726
33.0,2.83625,0.47775,0.000321898726
33.0,2.83625,0.47775,0.000321898726
33.0,2.835875,0.477875,0.000321898726
33.0,2.83625,0.477875,0.000321898726
33.0,2.83675,0.477875,0.000321898726
33.0,2.8365,0.47775,0.000321898726
33.0,2.835875,0.478,0.000321898726
33.0,2.835125,0.478125,0.000321898726
33.0,2.8355,0.47825,0.000321898726
33.0,2.8355,0.478,0.000321898726
33.0,2.83575,0.478125,0.000321898726
33.0,2.835375,0.478125,0.000321898726
33.0,2.835125,0.478125,0.000321898726
33.0,2.83525,0.478375,0.000321898726
33.0,2.83575,0.478375,0.000321898726
33.0,2.836,0.478125,0.000321898726
33.0,2.83625,0.477875,0.000321898726
33.0,2.836375,0.477875,0.000321898726
33.0,2.836375,0.477875,0.000321898726
33.0,2.836125,0.478,0.000321898726
33.0,2.836375,0.477875,0.000321898726
33.0,2.83675,0.47775,0.000321898726
33.0,2.8365,0.477875,0.000321898726
33.0,2.8355,0.47775,0.000321898726
33.0,2.835,0.47775,0.000321898726
33.0,2.835125,0.477875,0.000321898726
33.0,2.83525,0.478125,0.000321898726
33.0,2.83525,0.478125,0.000321898726
33.0,2.835,0.478375,0.000321898726
33.0,2.835125,0.478125,0.000321898726
33.0,2.836125,0.47825,0.000321898726
33.0,2.836375,0.478,0.000321898726
33.0,2.835875,0.478,0.000321898726
33.0,2.836,0.478,0.000321898726
33.0,2.836,0.478,0.000321898726
33.0,2.836,0.477875,0.000321898726
33.0,2.835875,0.47775,0.000321898726
33.0,2.83625,0.477875,0.000321898726
33.0,2.836375,0.477625,0.000321898726
33.0,2.836,0.4775,0.000321898726
33.0,2.835375,0.477875,0.000321898726
33.0,2.835125,0.477875,0.000321898726
33.0,2.835625,0.477875,0.000321898726
33.0,2.8355,0.47825,0.000321898726
33.0,2.835375,0.478,0.000321898726
33.0,2.835375,0.478,0.000321898726
33.0,2.83525,0.478375,0.000321898726
33.0,2.83575,0.478125,0.000321898726
33.0,2.8355,0.478125,0.000321898726
33.0,2.83575,0.477875,0.000321898726
33.0,2.83575,0.477875,0.000321898726
33.0,2.835875,0.477875,0.000321898726
33.0,2.835875,0.47775,0.000321898726
33.0,2.836375,0.477875,0.000321898726
33.0,2.836625,0.47775,0.000321898726
33.0,2.8365,0.47775,0.000321898726
33.0,2.835625,0.47775,0.000321898726
33.0,2.834875,0.47775,0.000321898726
33.0,2.834875,0.478125,0.000321898726
33.0,2.835375,0.4785,0.000321898726
33.0,2.835375,0.47825,0.000321898726
33.0,2.834875,0.47825,0.000321898726
33.0,2.835,0.478,0.000321898726
33.0,2.835125,0.47825,0.000321898726
33.0,2.835375,0.478375,0.000321898726
34.0,2.880125,0.517375,0.000321993924
34.0,2.880375,0.51725,0.000321993924
34.0,2.880875,0.517375,0.000321993924
34.0,2.880875,0.517375,0.000321993924
34.0,2.880125,0.51725,0.000321993924
34.0,2.87925,0.517125,0.000321993924
34.0,2.87925,0.517375,0.000321993924
34.0,2.87975,0.5175,0.000321993924
34.0,2.87975,0.5175,0.000321993924
34.0,2.879875,0.5175,0.000321993924
34.0,2.8795,0.5175,0.000321993924
34.0,2.879,0.5175,0.000321993924
34.0,2.879625,0.51775,0.000321993924
34.0,2.88025,0.517875,0.000321993924
34.0,2.87975,0.517625,0.000321993924
34.0,2.879375,0.5175,0.000321993924
34.0,2.880125,0.5175,0.000321993924
34.0,2.88,0.51725,0.000321993924
34.0,2.88025,0.517375,0.000321993924
34.0,2.881,0.517375,0.000321993924
34.0,2.880875,0.51725,0.000321993924
34.0,2.880625,0.517125,0.000321993924
34.0,2.87975,0.517625,0.000321993924
34.0,2.87925,0.51775,0.000321993924
34.0,2.87925,0.51775,0.000321993924
34.0,2.87975,0.517625,0.000321993924
34.0,2.879625,0.517375,0.000321993924
34.0,2.879375,0.5175,0.000321993924
34.0,2.879125,0.5175,0.000321993924
34.0,2.87975,0.51775,0.000321993924
34.0,2.880125,0.517625,0.000321993924
34.0,2.88,0.5175,0.000321993924
34.0,2.88,0.517375,0.000321993924
34.0,2.880125,0.51725,0.000321993924
34.0,2.88,0.517375,0.000321993924
34.0,2.88,0.517375,0.000321993924
34.0,2.880875,0.517375,0.000321993924
34.0,2.881,0.51725,0.000321993924
34.0,2.880125,0.517125,0.000321993924
34.0,2.879375,0.517375,0.000321993924
34.0,2.87975,0.517625,0.000321993924
34.0,2.87975,0.517625,0.000321993924
34.0,2.879625,0.51775,0.000321993924
34.0,2.87975,0.517625,0.000321993924
34.0,2.8795,0.5175,0.000321993924
34.0,2.878875,0.517625,0.000321993924
34.0,2.879625,0.517875,0.000321993924
34.0,2.88025,0.517875,0.000321993924
34.0,2.88,0.5175,0.000321993924
34.0,2.88025,0.517375,0.000321993924
34.0,2.880375,0.51725,0.000321993924
34.0,2.880375,0.51725,0.000321993924
34.0,2.880875,0.51725,0.000321993924
34.0,2.88125,0.51725,0.000321993924
34.0,2.88075,0.517375,0.000321993924
34.0,2.880125,0.51725,0.000321993924
34.0,2.87925,0.517375,0.000321993924
34.0,2.87925,0.517375,0.000321993924
34.0,2.8795,0.517375,0.000321993924
34.0,2.880125,0.517625,0.000321993924
34.0,2.87975,0.517625,0.000321993924
34.0,2.879375,0.5175,0.000321993924
34.0,2.879625,0.51775,0.000321993924
34.0,2.880375,0.517625,0.000321993924
34.0,2.88025,0.51775,0.000321993924
34.0,2.8795,0.5175,0.000321993924
34.0,2.88,0.517375,0.000321993924
34.0,2.880375,0.517375,0.000321993924
34.0,2.880625,0.5175,0.000321993924
34.0,2.881,0.517625,0.000321993924
34.0,2.88075,0.51725,0.000321993924
34.0,2.8805,0.517,0.000321993924
34.0,2.879875,0.51725,0.000321993924
34.0,2.879875,0.51725,0.000321993924
34.0,2.8795,0.517375,0.000321993924
34.0,2.87975,0.5175,0.000321993924
34.0,2.88,0.51775,0.000321993924
34.0,2.879625,0.51775,0.000321993924
34.0,2.87925,0.517625,0.000321993924
34.0,2.8795,0.51775,0.000321993924
34.0,2.8805,0.517875,0.000321993924
34.0,2.88025,0.517875,0.000321993924
34.0,2.8805,0.5175,0.000321993924
34.0,2.88075,0.517375,0.000321993924
34.0,2.88075,0.51725,0.000321993924
34.0,2.881,0.5175,0.000321993924
34.0,2.881125,0.5175,0.000321993924
34.0,2.880875,0.517375,0.000321993924
34.0,2.88,0.517375,0.000321993924
34.0,2.88,0.517375,0.000321993924
34.0,2.879625,0.517375,0.000321993924
34.0,2.879875,0.51725,0.000321993924
34.0,2.879875,0.5175,0.000321993924
34.0,2.879875,0.5175,0.000321993924
34.0,2.879375,0.5175,0.000321993924
34.0,2.87925,0.51775,0.000321993924
34.0,2.879875,0.517875,0.000321993924
34.0,2.88025,0.51775,0.000321993924
34.0,2.88,0.517625,0.000321993924
34.0,2.880625,0.5175,0.000321993924
34.0,2.880625,0.51725,0.000321993924
34.0,2.880125,0.51725,0.000321993924
34.0,2.880875,0.517375,0.000321993924
34.0,2.88125,0.51725,0.000321993924
34.0,2.880875,0.51725,0.000321993924
34.0,2.880875,0.51725,0.000321993924
34.0,2.880125,0.517375,0.000321993924
34.0,2.8795,0.5175,0.000321993924
34.0,2.879375,0.517625,0.000321993924
34.0,2.88,0.517625,0.000321993924
34.0,2.88,0.517625,0.000321993924
34.0,2.879625,0.517625,0.000321993924
34.0,2.8795,0.51775,0.000321993924
34.0,2.88025,0.517625,0.000321993924
34.0,2.88075,0.517625,0.000321993924
34.0,2.880375,0.5175,0.000321993924
34.0,2.880375,0.517625,0.000321993924
34.0,2.88,0.517375,0.000321993924
34.0,2.88,0.517375,0.000321993924
34.0,2.8805,0.5175,0.000321993924
34.0,2.880875,0.517375,0.000321993924
34.0,2.880875,0.517375,0.000321993924
34.0,2.880375,0.51725,0.000321993924
34.0,2.87975,0.517375,0.000321993924
34.0,2.879375,0.5175,0.000321993924
34.0,2.88,0.517625,0.000321993924
34.0,2.880625,0.517875,0.000321993924
34.0,2.88,0.51775,0.000321993924
34.0,2.87975,0.517625,0.000321993924
34.0,2.88,0.517625,0.000321993924
34.0,2.880375,0.517875,0.000321993924
34.0,2.880125,0.517625,0.000321993924
34.0,2.88025,0.517375,0.000321993924
34.0,2.88025,0.51725,0.000321993924
34.0,2.88,0.51725,0.000321993924
34.0,2.880375,0.51725,0.000321993924
34.0,2.88125,0.51725,0.000321993924
34.0,2.881,0.51725,0.000321993924
34.0,2.881,0.51725,0.000321993924
34.0,2.880375,0.517125,0.000321993924
34.0,2.879875,0.5175,0.000321993924
34.0,2.879875,0.517625,0.000321993924
34.0,2.88,0.5175,0.000321993924
34.0,2.88,0.517625,0.000321993924
34.0,2.88,0.517375,0.000321993924
34.0,2.8795,0.5175,0.000321993924
34.0,2.879875,0.5175,0.000321993924
34.0,2.88,0.51775,0.000321993924
34.0,2.88,0.5175,0.000321993924
34.0,2.880375,0.517375,0.000321993924
34.0,2.8805,0.51725,0.000321993924
34.0,2.88075,0.51725,0.000321993924
34.0,2.881375,0.51725,0.000321993924
34.0,2.8815,0.51725,0.000321993924
34.0,2.8815,0.51725,0.000321993924
34.0,2.881125,0.51725,0.000321993924
34.0,2.880125,0.517375,0.000321993924
34.0,2.879625,0.5175,0.000321993924
34.0,2.8795,0.517625,0.000321993924
34.0,2.879875,0.517625,0.000321993924
34.0,2.88,0.5175,0.000321993924
34.0,2.8795,0.5175,0.000321993924
34.0,2.879625,0.5175,0.000321993924
34.0,2.880375,0.51775,0.000321993924
34.0,2.8805,0.517875,0.000321993924
34.0,2.880375,0.5175,0.000321993924
34.0,2.880625,0.51725,0.000321993924
34.0,2.8805,0.51725,0.000321993924
34.0,2.8805,0.517375,0.000321993924
35.0,2.92025,0.55675,0.000322130712
35.0,2.920625,0.557,0.000322130712
35.0,2.920625,0.556875,0.000322130712
35.0,2.920625,0.557,0.000322130712
35.0,2.920375,0.557,0.000322130712
35.0,2.920375,0.557125,0.000322130712
35.0,2.92075,0.557,0.000322130712
35.0,2.9205,0.557,0.000322130712
35.0,2.9205,0.557,0.000322130712
35.0,2.920875,0.556875,0.000322130712
35.0,2.92125,0.55675,0.000322130712
35.0,2.921125,0.556625,0.000322130712
35.0,2.9215,0.55675,0.000322130712
35.0,2.921875,0.556625,0.000322130712
35.0,2.922,0.556625,0.000322130712
35.0,2.921375,0.5565,0.000322130712
35.0,2.920375,0.55675,0.000322130712
35.0,2.920375,0.55675,0.000322130712
35.0,2.92025,0.557,0.000322130712
35.0,2.920125,0.557125,0.000322130712
35.0,2.920125,0.556875,0.000322130712
35.0,2.920125,0.556875,0.000322130712
35.0,2.920625,0.557,0.000322130712
35.0,2.921125,0.557125,0.000322130712
35.0,2.921125,0.557125,0.000322130712
35.0,2.921125,0.557,0.000322130712
35.0,2.921125,0.55675,0.000322130712
35.0,2.921375,0.556625,0.000322130712
35.0,2.9215,0.55675,0.000322130712
35.0,2.921875,0.556625,0.000322130712
35.0,2.922125,0.556875,0.000322130712
35.0,2.921875,0.55675,0.000322130712
35.0,2.921,0.55675,0.000322130712
35.0,2.920375,0.557,0.000322130712
35.0,2.920375,0.55675,0.000322130712
35.0,2.9205,0.556875,0.000322130712
35.0,2.920375,0.557,0.000322130712
35.0,2.919875,0.556875,0.000322130712
35.0,2.920125,0.557125,0.000322130712
35.0,2.9205,0.557375,0.000322130712
35.0,2.9205,0.557375,0.000322130712
35.0,2.920875,0.557375,0.000322130712
35.0,2.92075,0.557,0.000322130712
35.0,2.921,0.556625,0.000322130712
35.0,2.921,0.556625,0.000322130712
35.0,2.921,0.5565,0.000322130712
35.0,2.9215,0.556625,0.000322130712
35.0,2.92175,0.5565,0.000322130712
35.0,2.92175,0.5565,0.000322130712
35.0,2.920625,0.556875,0.000322130712
35.0,2.9205,0.557,0.000322130712
35.0,2.920875,0.557,0.000322130712
35.0,2.920875,0.556875,0.000322130712
35.0,2.9205,0.55675,0.000322130712
35.0,2.920375,0.557,0.000322130712
35.0,2.920625,0.55725,0.000322130712
35.0,2.921125,0.55725,0.000322130712
35.0,2.921125,0.55725,0.000322130712
35.0,2.921125,0.557125,0.000322130712
35.0,2.921125,0.556875,0.000322130712
35.0,2.921,0.556625,0.000322130712
35.0,2.920625,0.556625,0.000322130712
35.0,2.921375,0.556625,0.000322130712
35.0,2.921875,0.556625,0.000322130712
35.0,2.9215,0.556625,0.000322130712
35.0,2.920875,0.556625,0.000322130712
35.0,2.920625,0.556875,0.000322130712
35.0,2.9205,0.557,0.000322130712
35.0,2.921,0.557,0.000322130712
35.0,2.921,0.557125,0.000322130712
35.0,2.92025,0.557125,0.000322130712
35.0,2.92025,0.557125,0.000322130712
35.0,2.9205,0.557125,0.000322130712
35.0,2.9205,0.557125,0.000322130712
35.0,2.920375,0.55725,0.000322130712
35.0,2.920375,0.557,0.000322130712
35.0,2.92075,0.557125,0.000322130712
35.0,2.921125,0.55675,0.000322130712
35.0,2.92125,0.556875,0.000322130712
35.0,2.921625,0.55675,0.000322130712
35.0,2.92175,0.556625,0.000322130712
35.0,2.921625,0.5565,0.000322130712
35.0,2.920875,0.55675,0.000322130712
35.0,2.920375,0.55675,0.000322130712
35.0,2.920625,0.557,0.000322130712
35.0,2.920875,0.557125,0.000322130712
35.0,2.9205,0.557125,0.000322130712
35.0,2.92025,0.557,0.000322130712
35.0,2.92025,0.557125,0.000322130712
35.0,2.92025,0.557125,0.000322130712
35.0,2.920875,0.557,0.000322130712
35.0,2.921,0.557,0.000322130712
35.0,2.9205,0.556875,0.000322130712
35.0,2.92075,0.55675,0.000322130712
35.0,2.92125,0.556625,0.000322130712
35.0,2.921125,0.556625,0.000322130712
35.0,2.922,0.556625,0.000322130712
35.0,2.92225,0.5565,0.000322130712
35.0,2.92175,0.556625,0.000322130712
35.0,2.921,0.556875,0.000322130712
35.0,2.9205,0.556875,0.000322130712
35.0,2.921,0.556875,0.000322130712
35.0,2.92125,0.557125,0.000322130712
35.0,2.920625,0.557,0.000322130712
35.0,2.920375,0.556875,0.000322130712
35.0,2.920375,0.556875,0.000322130712
35.0,2.9205,0.557125,0.000322130712
35.0,2.921,0.557125,0.000322130712
35.0,2.921,0.557125,0.000322130712
35.0,2.920875,0.55675,0.000322130712
35.0,2.92125,0.55675,0.000322130712
35.0,2.92125,0.55675,0.000322130712
35.0,2.9215,0.55675,0.000322130712
35.0,2.92175,0.556875,0.000322130712
35.0,2.921875,0.556875,0.000322130712
35.0,2.921,0.556625,0.000322130712
35.0,2.920375,0.55675,0.000322130712
35.0,2.921,0.556875,0.000322130712
35.0,2.920875,0.556875,0.000322130712
35.0,2.9205,0.557,0.000322130712
35.0,2.9205,0.557,0.000322130712
35.0,2.9205,0.557,0.000322130712
35.0,2.920125,0.557,0.000322130712
35.0,2.92025,0.55725,0.000322130712
35.0,2.920875,0.557125,0.000322130712
35.0,2.921,0.557125,0.000322130712
35.0,2.921625,0.556625,0.000322130712
35.0,2.921625,0.556625,0.000322130712
35.0,2.92125,0.556625,0.000322130712
35.0,2.92175,0.55675,0.000322130712
35.0,2.922125,0.55675,0.000322130712
35.0,2.92175,0.5565,0.000322130712
35.0,2.921,0.55675,0.000322130712
35.0,2.92075,0.556875,0.000322130712
35.0,2.9205,0.557,0.000322130712
35.0,2.92075,0.556875,0.000322130712
35.0,2.92075,0.556875,0.000322130712
35.0,2.92075,0.556875,0.000322130712
35.0,2.920375,0.556875,0.000322130712
35.0,2.920125,0.557,0.000322130712
35.0,2.92075,0.55725,0.000322130712
35.0,2.920875,0.557125,0.000322130712
35.0,2.920875,0.557,0.000322130712
35.0,2.921375,0.55675,0.000322130712
35.0,2.92125,0.5565,0.000322130712
35.0,2.92125,0.55675,0.000322130712
35.0,2.92175,0.556875,0.000322130712
35.0,2.92175,0.55675,0.000322130712
35.0,2.9215,0.556625,0.000322130712
35.0,2.921375,0.556625,0.000322130712
35.0,2.920375,0.557,0.000322130712
35.0,2.920625,0.556875,0.000322130712
35.0,2.921125,0.55725,0.000322130712
35.0,2.920625,0.556875,0.000322130712
35.0,2.920625,0.556875,0.000322130712
35.0,2.92025,0.55675,0.000322130712
35.0,2.920125,0.55725,0.000322130712
35.0,2.920875,0.55725,0.000322130712
35.0,2.920875,0.557,0.000322130712
35.0,2.920625,0.556875,0.000322130712
35.0,2.921,0.55675,0.000322130712
35.0,2.921125,0.556875,0.000322130712
35.0,2.9215,0.556625,0.000322130712
35.0,2.922,0.556625,0.000322130712
35.0,2.921875,0.556625,0.000322130712
35.0,2.921125,0.556875,0.000322130712
35.0,2.920375,0.556875,0.000322130712
35.0,2.92025,0.556875,0.000322130712
35.0,2.9205,0.557125,0.000322130712
36.0,2.96125,0.597625,0.000322163833
36.0,2.96025,0.597875,0.000322163833
36.0,2.960375,0.59775,0.000322163833
36.0,2.96075,0.597875,0.000322163833
36.0,2.961,0.597875,0.000322163833
36.0,2.96075,0.598,0.000322163833
36.0,2.96025,0.597875,0.000322163833
36.0,2.960875,0.598125,0.000322163833
36.0,2.960875,0.598125,0.000322163833
36.0,2.96125,0.598125,0.000322163833
36.0,2.961125,0.597875,0.000322163833
36.0,2.961,0.59775,0.000322163833
36.0,2.961,0.597625,0.000322163833
36.0,2.961,0.59775,0.000322163833
36.0,2.9615,0.59775,0.000322163833
36.0,2.962,0.59775,0.000322163833
36.0,2.961625,0.59775,0.000322163833
36.0,2.960625,0.59775,0.000322163833
36.0,2.959875,0.597875,0.000322163833
36.0,2.96,0.597875,0.000322163833
36.0,2.960375,0.59775,0.000322163833
36.0,2.960375,0.598,0.000322163833
36.0,2.95975,0.598,0.000322163833
36.0,2.959875,0.598125,0.000322163833
36.0,2.96075,0.598125,0.000322163833
36.0,2.96075,0.598125,0.000322163833
36.0,2.961,0.598125,0.000322163833
36.0,2.96025,0.59775,0.000322163833
36.0,2.96075,0.597375,0.000322163833
36.0,2.961125,0.597625,0.000322163833
36.0,2.96125,0.597625,0.000322163833
36.0,2.96175,0.597625,0.000322163833
36.0,2.961875,0.597625,0.000322163833
36.0,2.961625,0.597625,0.000322163833
36.0,2.960625,0.597625,0.000322163833
36.0,2.959625,0.597875,0.000322163833
36.0,2.959875,0.597875,0.000322163833
36.0,2.960375,0.597875,0.000322163833
36.0,2.960625,0.598,0.000322163833
36.0,2.95975,0.598125,0.000322163833
36.0,2.959875,0.598125,0.000322163833
36.0,2.959875,0.598125,0.000322163833
36.0,2.96075,0.598125,0.000322163833
36.0,2.961125,0.598,0.000322163833
36.0,2.96075,0.597875,0.000322163833
36.0,2.961,0.59775,0.000322163833
36.0,2.961375,0.59775,0.000322163833
36.0,2.961375,0.59775,0.000322163833
36.0,2.96175,0.59775,0.000322163833
36.0,2.96175,0.5975,0.000322163833
36.0,2.96125,0.5975,0.000322163833
36.0,2.960625,0.59775,0.000322163833
36.0,2.96025,0.597875,0.000322163833
36.0,2.960125,0.597875,0.000322163833
36.0,2.96025,0.598,0.000322163833
36.0,2.95975,0.598,0.000322163833
36.0,2.959125,0.597875,0.000322163833
36.0,2.959125,0.597875,0.000322163833
36.0,2.959625,0.598,0.000322163833
36.0,2.9605,0.597875,0.000322163833
36.0,2.960625,0.597875,0.000322163833
36.0,2.960875,0.597875,0.000322163833
36.0,2.96125,0.597625,0.000322163833
36.0,2.961,0.59775,0.000322163833
36.0,2.961375,0.59775,0.000322163833
36.0,2.962125,0.597875,0.000322163833
36.0,2.962375,0.597625,0.000322163833
36.0,2.9615,0.597625,0.000322163833
36.0,2.9605,0.597875,0.000322163833
36.0,2.9605,0.597875,0.000322163833
36.0,2.96075,0.597875,0.000322163833
36.0,2.960875,0.598125,0.000322163833
36.0,2.960375,0.598,0.000322163833
36.0,2.960375,0.598,0.000322163833
36.0,2.96025,0.598,0.000322163833
36.0,2.9605,0.598125,0.000322163833
36.0,2.96075,0.597875,0.000322163833
36.0,2.96075,0.597625,0.000322163833
36.0,2.961,0.59775,0.000322163833
36.0,2.961,0.5975,0.000322163833
36.0,2.96075,0.597625,0.000322163833
36.0,2.960875,0.597625,0.000322163833
36.0,2.96125,0.597625,0.000322163833
36.0,2.961625,0.59775,0.000322163833
36.0,2.961125,0.59775,0.000322163833
36.0,2.960375,0.598,0.000322163833
36.0,2.960375,0.597875,0.000322163833
36.0,2.96025,0.597875,0.000322163833
36.0,2.9605,0.598,0.000322163833
36.0,2.9605,0.598,0.000322163833
36.0,2.95975,0.598,0.000322163833
36.0,2.959625,0.598125,0.000322163833
36.0,2.960375,0.59825,0.000322163833
36.0,2.9605,0.59825,0.000322163833
36.0,2.960625,0.598125,0.000322163833
36.0,2.96075,0.597625,0.000322163833
36.0,2.960875,0.5975,0.000322163833
36.0,2.96125,0.597625,0.000322163833
36.0,2.961875,0.597875,0.000322163833
36.0,2.961625,0.597625,0.000322163833
36.0,2.961,0.5975,0.000322163833
36.0,2.960625,0.597625,0.000322163833
36.0,2.960125,0.59775,0.000322163833
36.0,2.96025,0.597875,0.000322163833
36.0,2.960375,0.597875,0.000322163833
36.0,2.960375,0.597875,0.000322163833
36.0,2.96025,0.597875,0.000322163833
36.0,2.95975,0.59775,0.000322163833
36.0,2.96,0.598,0.000322163833
36.0,2.961125,0.598,0.000322163833
36.0,2.961,0.598125,0.000322163833
36.0,2.960625,0.597625,0.000322163833
36.0,2.960625,0.597625,0.000322163833
36.0,2.961,0.59775,0.000322163833
36.0,2.96075,0.597625,0.000322163833
36.0,2.9615,0.5975,0.000322163833
36.0,2.9615,0.597625,0.000322163833
36.0,2.961,0.5975,0.000322163833
36.0,2.9605,0.597625,0.000322163833
36.0,2.96025,0.597875,0.000322163833
36.0,2.9605,0.597875,0.000322163833
36.0,2.9605,0.597875,0.000322163833
36.0,2.960625,0.598,0.000322163833
36.0,2.96,0.598,0.000322163833
36.0,2.959625,0.598,0.000322163833
36.0,2.96025,0.598125,0.000322163833
36.0,2.960875,0.598,0.000322163833
36.0,2.960625,0.598,0.000322163833
36.0,2.961,0.59775,0.000322163833
36.0,2.961,0.5975,0.000322163833
36.0,2.96125,0.59775,0.000322163833
36.0,2.96125,0.597625,0.000322163833
36.0,2.961625,0.5975,0.000322163833
36.0,2.9615,0.597375,0.000322163833
36.0,2.960375,0.5975,0.000322163833
36.0,2.96,0.597625,0.000322163833
36.0,2.96,0.59775,0.000322163833
36.0,2.960375,0.597875,0.000322163833
36.0,2.960375,0.597875,0.000322163833
36.0,2.960625,0.597875,0.000322163833
36.0,2.960125,0.597875,0.000322163833
36.0,2.960125,0.598125,0.000322163833
36.0,2.9605,0.598125,0.000322163833
36.0,2.961,0.598375,0.000322163833
36.0,2.96075,0.598125,0.000322163833
36.0,2.961,0.597875,0.000322163833
36.0,2.961,0.597875,0.000322163833
36.0,2.960625,0.597625,0.000322163833
36.0,2.9615,0.5975,0.000322163833
36.0,2.961875,0.5975,0.000322163833
36.0,2.96175,0.597375,0.000322163833
36.0,2.96075,0.597625,0.000322163833
36.0,2.96025,0.59775,0.000322163833
36.0,2.960875,0.59775,0.000322163833
36.0,2.960875,0.59775,0.000322163833
36.0,2.96075,0.598,0.000322163833
36.0,2.960125,0.598,0.000322163833
36.0,2.9595,0.597875,0.000322163833
36.0,2.960125,0.598125,0.000322163833
36.0,2.961,0.59825,0.000322163833
36.0,2.960625,0.598,0.000322163833
36.0,2.960625,0.597875,0.000322163833
36.0,2.961,0.59775,0.000322163833
36.0,2.96075,0.59775,0.000322163833
36.0,2.96075,0.59775,0.000322163833
36.0,2.9615,0.597625,0.000322163833
36.0,2.961875,0.597625,0.000322163833
36.0,2.96125,0.597625,0.000322163833
36.0,2.9605,0.59775,0.000322163833
37.0,2.998375,0.639375,0.000322094187
37.0,2.9985,0.6395,0.000322094187
37.0,2.998,0.6395,0.000322094187
37.0,2.99775,0.639625,0.000322094187
37.0,2.998125,0.64,0.000322094187
37.0,2.998875,0.63975,0.000322094187
37.0,2.999,0.6395,0.000322094187
37.0,2.99875,0.639375,0.000322094187
37.0,2.99875,0.639375,0.000322094187
37.0,2.998625,0.63925,0.000322094187
37.0,2.99875,0.639125,0.000322094187
37.0,2.999375,0.639125,0.000322094187
37.0,2.999875,0.639,0.000322094187
37.0,2.9995,0.639,0.000322094187
37.0,2.998625,0.63925,0.000322094187
37.0,2.997875,0.639375,0.000322094187
37.0,2.998375,0.639625,0.000322094187
37.0,2.999,0.6395,0.000322094187
37.0,2.999,0.639625,0.000322094187
37.0,2.998375,0.6395,0.000322094187
37.0,2.99825,0.639875,0.000322094187
37.0,2.998875,0.63975,0.000322094187
37.0,2.998625,0.639625,0.000322094187
37.0,2.9985,0.6395,0.000322094187
37.0,2.9985,0.6395,0.000322094187
37.0,2.998875,0.6395,0.000322094187
37.0,2.999125,0.639125,0.000322094187
37.0,2.999,0.63925,0.000322094187
37.0,3.0,0.639125,0.000322094187
37.0,3.000125,0.639,0.000322094187
37.0,2.999375,0.639,0.000322094187
37.0,2.998625,0.639375,0.000322094187
37.0,2.99825,0.63925,0.000322094187
37.0,2.9985,0.639375,0.000322094187
37.0,2.998375,0.6395,0.000322094187
37.0,2.998,0.6395,0.000322094187
37.0,2.99775,0.6395,0.000322094187
37.0,2.998125,0.63975,0.000322094187
37.0,2.999,0.639875,0.000322094187
37.0,2.999125,0.6395,0.000322094187
37.0,2.999125,0.63925,0.000322094187
37.0,2.9995,0.63925,0.000322094187
37.0,2.999875,0.639125,0.000322094187
37.0,2.999625,0.639125,0.000322094187
37.0,2.99975,0.63925,0.000322094187
37.0,3.000125,0.639125,0.000322094187
37.0,3.000125,0.639,0.000322094187
37.0,2.999375,0.639125,0.000322094187
37.0,2.9985,0.639375,0.000322094187
37.0,2.9985,0.6395,0.000322094187
37.0,2.998875,0.639375,0.000322094187
37.0,2.998875,0.639375,0.000322094187
37.0,2.998375,0.63925,0.000322094187
37.0,2.99825,0.639375,0.000322094187
37.0,2.999125,0.639875,0.000322094187
37.0,2.999625,0.63975,0.000322094187
37.0,2.99925,0.639125,0.000322094187
37.0,2.99925,0.639125,0.000322094187
37.0,2.9995,0.63925,0.000322094187
37.0,2.999625,0.63925,0.000322094187
37.0,2.999625,0.639375,0.000322094187
37.0,2.99975,0.63925,0.000322094187
37.0,2.999875,0.639125,0.000322094187
37.0,2.999875,0.639125,0.000322094187
37.0,2.998875,0.639375,0.000322094187
37.0,2.998375,0.63925,0.000322094187
37.0,2.9985,0.63925,0.000322094187
37.0,2.998625,0.639375,0.000322094187
37.0,2.998375,0.6395,0.000322094187
37.0,2.998,0.6395,0.000322094187
37.0,2.998,0.639625,0.000322094187
37.0,2.998625,0.63975,0.000322094187
37.0,2.998875,0.63975,0.000322094187
37.0,2.998875,0.63975,0.000322094187
37.0,2.999125,0.639375,0.000322094187
37.0,2.999125,0.63925,0.000322094187
37.0,2.9995,0.639125,0.000322094187
37.0,2.999375,0.639,0.000322094187
37.0,2.999375,0.639125,0.000322094187
37.0,2.99975,0.638875,0.000322094187
37.0,2.999375,0.639,0.000322094187
37.0,2.9985,0.639125,0.000322094187
37.0,2.998375,0.63925,0.000322094187
37.0,2.998625,0.639375,0.000322094187
37.0,2.99875,0.6395,0.000322094187
37.0,2.99825,0.6395,0.000322094187
37.0,2.998125,0.639375,0.000322094187
37.0,2.9985,0.639625,0.000322094187
37.0,2.998625,0.639875,0.000322094187
37.0,2.998625,0.639875,0.000322094187
37.0,2.999,0.63975,0.000322094187
37.0,2.998875,0.639375,0.000322094187
37.0,2.99875,0.639125,0.000322094187
37.0,2.99875,0.639,0.000322094187
37.0,2.9995,0.639125,0.000322094187
37.0,3.000125,0.639,0.000322094187
37.0,2.999625,0.639,0.000322094187
37.0,2.999,0.639375,0.000322094187
37.0,2.99875,0.639375,0.000322094187
37.0,2.998875,0.639375,0.000322094187
37.0,2.999,0.639375,0.000322094187
37.0,2.99875,0.6395,0.000322094187
37.0,2.99825,0.639375,0.000322094187
37.0,2.99825,0.6395,0.000322094187
37.0,2.99875,0.639625,0.000322094187
37.0,2.99875,0.639625,0.000322094187
37.0,2.99925,0.63975,0.000322094187
37.0,2.998875,0.6395,0.000322094187
37.0,2.998625,0.63925,0.000322094187
37.0,2.99875,0.63925,0.000322094187
37.0,2.999,0.63925,0.000322094187
37.0,2.999375,0.639125,0.000322094187
37.0,2.999625,0.639125,0.000322094187
37.0,2.99925,0.639,0.000322094187
37.0,2.9985,0.63925,0.000322094187
37.0,2.9985,0.639375,0.000322094187
37.0,2.998625,0.639625,0.000322094187
37.0,2.99875,0.639625,0.000322094187
37.0,2.99825,0.6395,0.000322094187
37.0,2.998,0.639375,0.000322094187
37.0,2.998,0.6395,0.000322094187
37.0,2.998,0.6395,0.000322094187
37.0,2.998625,0.63975,0.000322094187
37.0,2.99875,0.63975,0.000322094187
37.0,2.99875,0.639625,0.000322094187
37.0,2.999,0.63925,0.000322094187
37.0,2.998625,0.63925,0.000322094187
37.0,2.99875,0.63925,0.000322094187
37.0,2.9995,0.639125,0.000322094187
37.0,2.99925,0.639125,0.000322094187
37.0,2.998875,0.63925,0.000322094187
37.0,2.997875,0.6395,0.000322094187
37.0,2.998,0.639375,0.000322094187
37.0,2.998,0.639375,0.000322094187
37.0,2.998125,0.6395,0.000322094187
37.0,2.998125,0.6395,0.000322094187
37.0,2.997875,0.6395,0.000322094187
37.0,2.997875,0.639625,0.000322094187
37.0,2.998625,0.639625,0.000322094187
37.0,2.998875,0.63975,0.000322094187
37.0,2.998375,0.63975,0.000322094187
37.0,2.998375,0.63925,0.000322094187
37.0,2.99875,0.639,0.000322094187
37.0,2.999375,0.639125,0.000322094187
37.0,2.99925,0.639125,0.000322094187
37.0,3.0,0.639125,0.000322094187
37.0,2.999625,0.63925,0.000322094187
37.0,2.999125,0.63925,0.000322094187
37.0,2.9985,0.63925,0.000322094187
37.0,2.99825,0.6395,0.000322094187
37.0,2.998375,0.63975,0.000322094187
37.0,2.9985,0.639625,0.000322094187
37.0,2.998125,0.6395,0.000322094187
37.0,2.998125,0.6395,0.000322094187
37.0,2.99775,0.6395,0.000322094187
37.0,2.998625,0.639625,0.000322094187
37.0,2.998875,0.63975,0.000322094187
37.0,2.998625,0.6395,0.000322094187
37.0,2.99875,0.6395,0.000322094187
37.0,2.998625,0.639125,0.000322094187
37.0,2.998625,0.639125,0.000322094187
37.0,2.99925,0.639125,0.000322094187
37.0,2.9995,0.639375,0.000322094187
37.0,2.99925,0.639125,0.000322094187
37.0,2.998625,0.63925,0.000322094187
37.0,2.998,0.639625,0.000322094187
37.0,2.998125,0.63925,0.000322094187
37.0,2.998625,0.639375,0.000322094187
37.0,2.998625,0.639375,0.000322094187
38.0,3.03425,0.682625,0.00032208144
38.0,3.03475,0.682625,0.00032208144
38.0,3.0345,0.682625,0.00032208144
38.0,3.03425,0.682625,0.00032208144
38.0,3.03475,0.682875,0.00032208144
38.0,3.035375,0.682875,0.00032208144
38.0,3.035,0.682875,0.00032208144
38.0,3.03525,0.682375,0.00032208144
38.0,3.03525,0.682375,0.00032208144
38.0,3.03525,0.682375,0.00032208144
38.0,3.035125,0.6825,0.00032208144
38.0,3.035625,0.682375,0.00032208144
38.0,3.0365,0.68225,0.00032208144
38.0,3.036,0.68225,0.00032208144
38.0,3.035125,0.6825,0.00032208144
38.0,3.03425,0.68275,0.00032208144
38.0,3.0345,0.68275,0.00032208144
38.0,3.03475,0.68275,0.00032208144
38.0,3.034625,0.68275,0.00032208144
38.0,3.034,0.6825,0.00032208144
38.0,3.033875,0.682625,0.00032208144
38.0,3.034625,0.68275,0.00032208144
38.0,3.034875,0.682875,0.00032208144
38.0,3.034625,0.682625,0.00032208144
38.0,3.034625,0.682625,0.00032208144
38.0,3.034875,0.6825,0.00032208144
38.0,3.03475,0.6825,0.00032208144
38.0,3.035,0.682375,0.00032208144
38.0,3.035875,0.6825,0.00032208144
38.0,3.03575,0.682375,0.00032208144
38.0,3.0355,0.682375,0.00032208144
38.0,3.034875,0.682375,0.00032208144
38.0,3.034625,0.6825,0.00032208144
38.0,3.03475,0.68275,0.00032208144
38.0,3.035,0.682625,0.00032208144
38.0,3.03475,0.68275,0.00032208144
38.0,3.034375,0.682625,0.00032208144
38.0,3.03425,0.68275,0.00032208144
38.0,3.03475,0.683125,0.00032208144
38.0,3.034875,0.68275,0.00032208144
38.0,3.034875,0.682375,0.00032208144
38.0,3.034625,0.682375,0.00032208144
38.0,3.035125,0.682375,0.00032208144
38.0,3.035375,0.682375,0.00032208144
38.0,3.035625,0.682375,0.00032208144
38.0,3.036375,0.682375,0.00032208144
38.0,3.03625,0.68225,0.00032208144
38.0,3.035375,0.68225,0.00032208144
38.0,3.034,0.6825,0.00032208144
38.0,3.034125,0.6825,0.00032208144
38.0,3.03425,0.682625,0.00032208144
38.0,3.03475,0.68275,0.00032208144
38.0,3.034375,0.682875,0.00032208144
38.0,3.033625,0.682875,0.00032208144
38.0,3.033625,0.683125,0.00032208144
38.0,3.034625,0.683,0.00032208144
38.0,3.034625,0.68275,0.00032208144
38.0,3.03475,0.68275,0.00032208144
38.0,3.03475,0.682375,0.00032208144
38.0,3.03475,0.68225,0.00032208144
38.0,3.034875,0.682375,0.00032208144
38.0,3.035625,0.682375,0.00032208144
38.0,3.035875,0.682375,0.00032208144
38.0,3.035375,0.68225,0.00032208144
38.0,3.03475,0.682375,0.00032208144
38.0,3.034375,0.6825,0.00032208144
38.0,3.034625,0.682625,0.00032208144
38.0,3.034875,0.682625,0.00032208144
38.0,3.035375,0.682875,0.00032208144
38.0,3.034375,0.682625,0.00032208144
38.0,3.03425,0.682875,0.00032208144
38.0,3.03475,0.683,0.00032208144
38.0,3.035125,0.683,0.00032208144
38.0,3.035125,0.683,0.00032208144
38.0,3.034875,0.68275,0.00032208144
38.0,3.03525,0.682375,0.00032208144
38.0,3.035125,0.682375,0.00032208144
38.0,3.03525,0.682375,0.00032208144
38.0,3.036,0.6825,0.00032208144
38.0,3.03625,0.682375,0.00032208144
38.0,3.035875,0.6825,0.00032208144
38.0,3.03475,0.6825,0.00032208144
38.0,3.0345,0.682625,0.00032208144
38.0,3.03475,0.682375,0.00032208144
38.0,3.035125,0.6825,0.00032208144
38.0,3.034875,0.682625,0.00032208144
38.0,3.034,0.68275,0.00032208144
38.0,3.03425,0.682875,0.00032208144
38.0,3.035125,0.682875,0.00032208144
38.0,3.035125,0.682875,0.00032208144
38.0,3.035125,0.68275,0.00032208144
38.0,3.035125,0.682875,0.00032208144
38.0,3.035375,0.682375,0.00032208144
38.0,3.0355,0.682375,0.00032208144
38.0,3.035625,0.6825,0.00032208144
38.0,3.036125,0.682375,0.00032208144
38.0,3.03625,0.682375,0.00032208144
38.0,3.0355,0.68225,0.00032208144
38.0,3.034625,0.682625,0.00032208144
38.0,3.03425,0.6825,0.00032208144
38.0,3.034625,0.682625,0.00032208144
38.0,3.035,0.68275,0.00032208144
38.0,3.03475,0.682875,0.00032208144
38.0,3.034,0.682875,0.00032208144
38.0,3.034125,0.683,0.00032208144
38.0,3.034125,0.683,0.00032208144
38.0,3.03475,0.682875,0.00032208144
38.0,3.034625,0.682875,0.00032208144
38.0,3.03475,0.6825,0.00032208144
38.0,3.035,0.6825,0.00032208144
38.0,3.03525,0.682375,0.00032208144
38.0,3.035625,0.6825,0.00032208144
38.0,3.0365,0.682375,0.00032208144
38.0,3.035875,0.68225,0.00032208144
38.0,3.03525,0.68225,0.00032208144
38.0,3.03475,0.682625,0.00032208144
38.0,3.03475,0.682625,0.00032208144
38.0,3.035,0.68275,0.00032208144
38.0,3.03475,0.682625,0.00032208144
38.0,3.034,0.6825,0.00032208144
38.0,3.03425,0.682625,0.00032208144
38.0,3.03425,0.682625,0.00032208144
38.0,3.035125,0.68275,0.00032208144
38.0,3.035,0.682875,0.00032208144
38.0,3.034875,0.682625,0.00032208144
38.0,3.035625,0.6825,0.00032208144
38.0,3.03575,0.682375,0.00032208144
38.0,3.0355,0.68225,0.00032208144
38.0,3.035875,0.68225,0.00032208144
38.0,3.036,0.682125,0.00032208144
38.0,3.035625,0.682125,0.00032208144
38.0,3.034625,0.6825,0.00032208144
38.0,3.034375,0.682625,0.00032208144
38.0,3.0345,0.68275,0.00032208144
38.0,3.034875,0.68275,0.00032208144
38.0,3.034875,0.683,0.00032208144
38.0,3.03425,0.68275,0.00032208144
38.0,3.03425,0.682875,0.00032208144
38.0,3.034125,0.682875,0.00032208144
38.0,3.03475,0.683,0.00032208144
38.0,3.035125,0.683,0.00032208144
38.0,3.035125,0.682625,0.00032208144
38.0,3.035125,0.68225,0.00032208144
38.0,3.035125,0.68225,0.00032208144
38.0,3.034875,0.6825,0.00032208144
38.0,3.035875,0.6825,0.00032208144
38.0,3.036,0.682375,0.00032208144
38.0,3.035375,0.68225,0.00032208144
38.0,3.03425,0.6825,0.00032208144
38.0,3.034,0.682625,0.00032208144
38.0,3.034375,0.6825,0.00032208144
38.0,3.0345,0.682625,0.00032208144
38.0,3.03475,0.6825,0.00032208144
38.0,3.03425,0.682375,0.00032208144
38.0,3.03425,0.682375,0.00032208144
38.0,3.0345,0.68275,0.00032208144
38.0,3.035375,0.683,0.00032208144
38.0,3.03525,0.68275,0.00032208144
38.0,3.035125,0.682375,0.00032208144
38.0,3.035375,0.682375,0.00032208144
38.0,3.0355,0.682375,0.00032208144
38.0,3.035625,0.6825,0.00032208144
38.0,3.036375,0.6825,0.00032208144
38.0,3.036125,0.68225,0.00032208144
38.0,3.0355,0.68225,0.00032208144
38.0,3.034625,0.682625,0.00032208144
38.0,3.034625,0.682625,0.00032208144
38.0,3.034875,0.68275,0.00032208144
38.0,3.035,0.68275,0.00032208144
39.0,3.069125,0.7265,0.00032192783
39.0,3.068875,0.72625,0.00032192783
39.0,3.069,0.725875,0.00032192783
39.0,3.069125,0.725875,0.00032192783
39.0,3.069875,0.726125,0.00032192783
39.0,3.07,0.725875,0.00032192783
39.0,3.069625,0.726,0.00032192783
39.0,3.069,0.726,0.00032192783
39.0,3.069,0.726,0.00032192783
39.0,3.068125,0.726125,0.00032192783
39.0,3.068125,0.72625,0.00032192783
39.0,3.06875,0.726375,0.00032192783
39.0,3.069125,0.726375,0.00032192783
39.0,3.068125,0.726125,0.00032192783
39.0,3.0675,0.72625,0.00032192783
39.0,3.06875,0.7265,0.00032192783
39.0,3.069375,0.726625,0.00032192783
39.0,3.06875,0.72625,0.00032192783
39.0,3.068625,0.726125,0.00032192783
39.0,3.069125,0.726125,0.00032192783
39.0,3.069375,0.726,0.00032192783
39.0,3.069625,0.725875,0.00032192783
39.0,3.069875,0.72575,0.00032192783
39.0,3.06975,0.72575,0.00032192783
39.0,3.06975,0.72575,0.00032192783
39.0,3.069375,0.72575,0.00032192783
39.0,3.068375,0.726125,0.00032192783
39.0,3.068625,0.726125,0.00032192783
39.0,3.068875,0.72625,0.00032192783
39.0,3.069125,0.72625,0.00032192783
39.0,3.06825,0.726125,0.00032192783
39.0,3.067875,0.72625,0.00032192783
39.0,3.068875,0.7265,0.00032192783
39.0,3.06925,0.7265,0.00032192783
39.0,3.068875,0.72625,0.00032192783
39.0,3.06875,0.726125,0.00032192783
39.0,3.069125,0.726,0.00032192783
39.0,3.069125,0.726125,0.00032192783
39.0,3.0695,0.726,0.00032192783
39.0,3.0695,0.725875,0.00032192783
39.0,3.06925,0.725875,0.00032192783
39.0,3.06925,0.725875,0.00032192783
39.0,3.068875,0.72625,0.00032192783
39.0,3.0685,0.72625,0.00032192783
39.0,3.068875,0.726125,0.00032192783
39.0,3.068875,0.72625,0.00032192783
39.0,3.069,0.726375,0.00032192783
39.0,3.06825,0.72625,0.00032192783
39.0,3.068375,0.726375,0.00032192783
39.0,3.069,0.726625,0.00032192783
39.0,3.069,0.726375,0.00032192783
39.0,3.069375,0.726125,0.00032192783
39.0,3.0695,0.725875,0.00032192783
39.0,3.069375,0.72575,0.00032192783
39.0,3.069375,0.725875,0.00032192783
39.0,3.070125,0.726125,0.00032192783
39.0,3.069875,0.726125,0.00032192783
39.0,3.069875,0.726125,0.00032192783
39.0,3.0695,0.725875,0.00032192783
39.0,3.068875,0.725875,0.00032192783
39.0,3.068875,0.72575,0.00032192783
39.0,3.069125,0.726125,0.00032192783
39.0,3.069125,0.72625,0.00032192783
39.0,3.06875,0.72625,0.00032192783
39.0,3.068375,0.72625,0.00032192783
39.0,3.069,0.726375,0.00032192783
39.0,3.069125,0.726375,0.00032192783
39.0,3.0685,0.726125,0.00032192783
39.0,3.06875,0.726,0.00032192783
39.0,3.069375,0.726,0.00032192783
39.0,3.06925,0.726125,0.00032192783
39.0,3.069875,0.725875,0.00032192783
39.0,3.070125,0.725875,0.00032192783
39.0,3.070125,0.725875,0.00032192783
39.0,3.069625,0.725875,0.00032192783
39.0,3.068875,0.72625,0.00032192783
39.0,3.068625,0.726375,0.00032192783
39.0,3.068375,0.72625,0.00032192783
39.0,3.06875,0.72625,0.00032192783
39.0,3.068875,0.72625,0.00032192783
39.0,3.0685,0.72625,0.00032192783
39.0,3.0685,0.726375,0.00032192783
39.0,3.069125,0.726625,0.00032192783
39.0,3.069125,0.72625,0.00032192783
39.0,3.069125,0.726375,0.00032192783
39.0,3.0695,0.726125,0.00032192783
39.0,3.06975,0.72575,0.00032192783
39.0,3.0695,0.725875,0.00032192783
39.0,3.07,0.726,0.00032192783
39.0,3.07,0.726,0.00032192783
39.0,3.07025,0.725875,0.00032192783
39.0,3.06975,0.725625,0.00032192783
39.0,3.068625,0.726125,0.00032192783
39.0,3.068125,0.72625,0.00032192783
39.0,3.0685,0.726125,0.00032192783
39.0,3.068875,0.726375,0.00032192783
39.0,3.068375,0.726375,0.00032192783
39.0,3.06825,0.72625,0.00032192783
39.0,3.068375,0.72625,0.00032192783
39.0,3.069,0.726625,0.00032192783
39.0,3.069375,0.7265,0.00032192783
39.0,3.068875,0.726,0.00032192783
39.0,3.069125,0.726,0.00032192783
39.0,3.06925,0.725875,0.00032192783
39.0,3.06925,0.726,0.00032192783
39.0,3.06925,0.725875,0.00032192783
39.0,3.07,0.725875,0.00032192783
39.0,3.07,0.725875,0.00032192783
39.0,3.06925,0.726125,0.00032192783
39.0,3.0685,0.72625,0.00032192783
39.0,3.06825,0.726,0.00032192783
39.0,3.068625,0.726,0.00032192783
39.0,3.069125,0.72625,0.00032192783
39.0,3.068625,0.726375,0.00032192783
39.0,3.068375,0.72625,0.00032192783
39.0,3.06875,0.726375,0.00032192783
39.0,3.068875,0.7265,0.00032192783
39.0,3.069,0.7265,0.00032192783
39.0,3.069,0.726125,0.00032192783
39.0,3.069375,0.726,0.00032192783
39.0,3.069125,0.725875,0.00032192783
39.0,3.069125,0.726,0.00032192783
39.0,3.069125,0.726,0.00032192783
39.0,3.0695,0.726,0.00032192783
39.0,3.069375,0.725875,0.00032192783
39.0,3.06925,0.725875,0.00032192783
39.0,3.0685,0.726125,0.00032192783
39.0,3.068375,0.726125,0.00032192783
39.0,3.068625,0.7265,0.00032192783
39.0,3.068875,0.72625,0.00032192783
39.0,3.06875,0.72625,0.00032192783
39.0,3.0685,0.72625,0.00032192783
39.0,3.069,0.7265,0.00032192783
39.0,3.068875,0.7265,0.00032192783
39.0,3.0685,0.726375,0.00032192783
39.0,3.069125,0.725875,0.00032192783
39.0,3.06925,0.725875,0.00032192783
39.0,3.0695,0.725875,0.00032192783
39.0,3.0695,0.725875,0.00032192783
39.0,3.07,0.725875,0.00032192783
39.0,3.07025,0.725875,0.00032192783
39.0,3.07,0.726,0.00032192783
39.0,3.069625,0.726,0.00032192783
39.0,3.06875,0.72625,0.00032192783
39.0,3.0685,0.726125,0.00032192783
39.0,3.069,0.72625,0.00032192783
39.0,3.0695,0.72625,0.00032192783
39.0,3.068625,0.726,0.00032192783
39.0,3.068875,0.72625,0.00032192783
39.0,3.069,0.7265,0.00032192783
39.0,3.06875,0.7265,0.00032192783
39.0,3.068625,0.726375,0.00032192783
39.0,3.069625,0.726125,0.00032192783
39.0,3.0695,0.726125,0.00032192783
39.0,3.0695,0.726125,0.00032192783
39.0,3.0695,0.726125,0.00032192783
39.0,3.069875,0.726,0.00032192783
39.0,3.07,0.726,0.00032192783
39.0,3.06975,0.725875,0.00032192783
39.0,3.068625,0.726125,0.00032192783
39.0,3.068125,0.72625,0.00032192783
39.0,3.06875,0.72625,0.00032192783
39.0,3.069,0.726125,0.00032192783
39.0,3.06875,0.72625,0.00032192783
39.0,3.06825,0.7265,0.00032192783
39.0,3.0685,0.7265,0.00032192783
39.0,3.069,0.7265,0.00032192783
39.0,3.069125,0.7265,0.00032192783
39.0,3.06925,0.726125,0.00032192783
40.0,3.103125,0.771125,0.000322129199
40.0,3.103,0.771125,0.000322129199
40.0,3.102125,0.771375,0.000322129199
40.0,3.101375,0.771375,0.000322129199
40.0,3.10175,0.7715,0.000322129199
40.0,3.102,0.77175,0.000322129199
40.0,3.101875,0.77175,0.000322129199
40.0,3.10125,0.771625,0.000322129199
40.0,3.10125,0.771625,0.000322129199
40.0,3.10125,0.771875,0.000322129199
40.0,3.102,0.772125,0.000322129199
40.0,3.102125,0.77175,0.000322129199
40.0,3.102125,0.77175,0.000322129199
40.0,3.102,0.771375,0.000322129199
40.0,3.102375,0.77125,0.000322129199
40.0,3.102375,0.77125,0.000322129199
40.0,3.102875,0.771375,0.000322129199
40.0,3.102875,0.77125,0.000322129199
40.0,3.10275,0.77125,0.000322129199
40.0,3.101875,0.771625,0.000322129199
40.0,3.101625,0.77175,0.000322129199
40.0,3.102,0.771625,0.000322129199
40.0,3.10225,0.7715,0.000322129199
40.0,3.101625,0.771625,0.000322129199
40.0,3.10125,0.771625,0.000322129199
40.0,3.10125,0.771625,0.000322129199
40.0,3.101625,0.771875,0.000322129199
40.0,3.10225,0.772,0.000322129199
40.0,3.102375,0.77175,0.000322129199
40.0,3.102125,0.771625,0.000322129199
40.0,3.1025,0.771375,0.000322129199
40.0,3.10275,0.771375,0.000322129199
40.0,3.10275,0.771375,0.000322129199
40.0,3.103375,0.7715,0.000322129199
40.0,3.103375,0.77125,0.000322129199
40.0,3.103,0.771125,0.000322129199
40.0,3.101875,0.7715,0.000322129199
40.0,3.101875,0.7715,0.000322129199
40.0,3.10225,0.7715,0.000322129199
40.0,3.102375,0.771625,0.000322129199
40.0,3.102,0.771625,0.000322129199
40.0,3.102,0.7715,0.000322129199
40.0,3.101625,0.7715,0.000322129199
40.0,3.102125,0.771875,0.000322129199
40.0,3.10225,0.77175,0.000322129199
40.0,3.10175,0.771625,0.000322129199
40.0,3.101875,0.77125,0.000322129199
40.0,3.10225,0.771375,0.000322129199
40.0,3.102625,0.77125,0.000322129199
40.0,3.103375,0.771625,0.000322129199
40.0,3.1035,0.771375,0.000322129199
40.0,3.103125,0.77125,0.000322129199
40.0,3.1025,0.771125,0.000322129199
40.0,3.10175,0.771625,0.000322129199
40.0,3.101625,0.7715,0.000322129199
40.0,3.102125,0.77175,0.000322129199
40.0,3.101875,0.771875,0.000322129199
40.0,3.101875,0.771875,0.000322129199
40.0,3.101875,0.771625,0.000322129199
40.0,3.1015,0.771625,0.000322129199
40.0,3.10225,0.771875,0.000322129199
40.0,3.1025,0.77175,0.000322129199
40.0,3.102,0.7715,0.000322129199
40.0,3.10225,0.7715,0.000322129199
40.0,3.10225,0.771375,0.000322129199
40.0,3.102375,0.771375,0.000322129199
40.0,3.103,0.771375,0.000322129199
40.0,3.10375,0.77125,0.000322129199
40.0,3.1035,0.771,0.000322129199
40.0,3.102375,0.77125,0.000322129199
40.0,3.101625,0.7715,0.000322129199
40.0,3.102,0.7715,0.000322129199
40.0,3.1025,0.7715,0.000322129199
40.0,3.1025,0.7715,0.000322129199
40.0,3.102,0.7715,0.000322129199
40.0,3.101125,0.771625,0.000322129199
40.0,3.101125,0.77175,0.000322129199
40.0,3.102125,0.771875,0.000322129199
40.0,3.1025,0.772,0.000322129199
40.0,3.102625,0.771625,0.000322129199
40.0,3.102625,0.7715,0.000322129199
40.0,3.1025,0.771375,0.000322129199
40.0,3.1025,0.771375,0.000322129199
40.0,3.1035,0.771125,0.000322129199
40.0,3.103625,0.771125,0.000322129199
40.0,3.10325,0.771125,0.000322129199
40.0,3.102375,0.7715,0.000322129199
40.0,3.102125,0.771375,0.000322129199
40.0,3.10225,0.7715,0.000322129199
40.0,3.10225,0.7715,0.000322129199
40.0,3.102125,0.771625,0.000322129199
40.0,3.101875,0.77175,0.000322129199
40.0,3.10175,0.771625,0.000322129199
40.0,3.102125,0.771875,0.000322129199
40.0,3.102375,0.772,0.000322129199
40.0,3.102,0.772,0.000322129199
40.0,3.102625,0.7715,0.000322129199
40.0,3.102375,0.771375,0.000322129199
40.0,3.10275,0.77125,0.000322129199
40.0,3.10325,0.77125,0.000322129199
40.0,3.1035,0.771375,0.000322129199
40.0,3.1035,0.77125,0.000322129199
40.0,3.102625,0.7715,0.000322129199
40.0,3.1015,0.771625,0.000322129199
40.0,3.10175,0.7715,0.000322129199
40.0,3.10175,0.7715,0.000322129199
40.0,3.102,0.771625,0.000322129199
40.0,3.101875,0.771625,0.000322129199
40.0,3.1015,0.771625,0.000322129199
40.0,3.101,0.771875,0.000322129199
40.0,3.1015,0.772,0.000322129199
40.0,3.102375,0.771625,0.000322129199
40.0,3.1025,0.7715,0.000322129199
40.0,3.102625,0.771625,0.000322129199
40.0,3.10275,0.77125,0.000322129199
40.0,3.102625,0.771375,0.000322129199
40.0,3.10325,0.771375,0.000322129199
40.0,3.10375,0.77125,0.000322129199
40.0,3.10325,0.77125,0.000322129199
40.0,3.102375,0.7715,0.000322129199
40.0,3.101875,0.7715,0.000322129199
40.0,3.101875,0.7715,0.000322129199
40.0,3.102125,0.771625,0.000322129199
40.0,3.102125,0.77175,0.000322129199
40.0,3.102,0.771625,0.000322129199
40.0,3.101625,0.771625,0.000322129199
40.0,3.101875,0.77175,0.000322129199
40.0,3.102375,0.771875,0.000322129199
40.0,3.102625,0.77175,0.000322129199
40.0,3.102625,0.771625,0.000322129199
40.0,3.103,0.771375,0.000322129199
40.0,3.10325,0.77125,0.000322129199
40.0,3.103,0.771375,0.000322129199
40.0,3.1035,0.7715,0.000322129199
40.0,3.103625,0.771375,0.000322129199
40.0,3.103,0.77125,0.000322129199
40.0,3.102125,0.7715,0.000322129199
40.0,3.10225,0.7715,0.000322129199
40.0,3.10225,0.7715,0.000322129199
40.0,3.102375,0.77175,0.000322129199
40.0,3.1025,0.77175,0.000322129199
40.0,3.1025,0.771625,0.000322129199
40.0,3.10175,0.7715,0.000322129199
40.0,3.10175,0.77175,0.000322129199
40.0,3.1025,0.772,0.000322129199
40.0,3.102625,0.771875,0.000322129199
40.0,3.102875,0.77175,0.000322129199
40.0,3.10325,0.771375,0.000322129199
40.0,3.103125,0.7715,0.000322129199
40.0,3.1035,0.771375,0.000322129199
40.0,3.10375,0.77125,0.000322129199
40.0,3.103125,0.77125,0.000322129199
40.0,3.102625,0.7715,0.000322129199
40.0,3.102,0.77175,0.000322129199
40.0,3.102,0.77175,0.000322129199
40.0,3.101625,0.771875,0.000322129199
40.0,3.102125,0.77175,0.000322129199
40.0,3.10225,0.771625,0.000322129199
40.0,3.10175,0.771875,0.000322129199
40.0,3.1015,0.77175,0.000322129199
40.0,3.101875,0.772125,0.000322129199
40.0,3.10275,0.772,0.000322129199
40.0,3.102125,0.771625,0.000322129199
40.0,3.102375,0.77125,0.000322129199
40.0,3.102875,0.77125,0.000322129199
40.0,3.1025,0.771375,0.000322129199
40.0,3.102625,0.7715,0.000322129199
40.0,3.10325,0.7715,0.000322129199
40.0,3.103375,0.771375,0.000322129199
41.0,3.1335,0.81775,0.000321931089
41.0,3.13375,0.817375,0.000321931089
41.0,3.13425,0.817375,0.000321931089
41.0,3.134375,0.81725,0.000321931089
41.0,3.134375,0.81725,0.000321931089
41.0,3.135125,0.81725,0.000321931089
41.0,3.135125,0.817125,0.000321931089
41.0,3.134375,0.817125,0.000321931089
41.0,3.134375,0.817125,0.000321931089
41.0,3.133375,0.817625,0.000321931089
41.0,3.133125,0.81775,0.000321931089
41.0,3.13325,0.81775,0.000321931089
41.0,3.133625,0.817625,0.000321931089
41.0,3.133375,0.817625,0.000321931089
41.0,3.133,0.8175,0.000321931089
41.0,3.133375,0.81775,0.000321931089
41.0,3.134125,0.817875,0.000321931089
41.0,3.134125,0.817875,0.000321931089
41.0,3.134,0.81775,0.000321931089
41.0,3.133875,0.8175,0.000321931089
41.0,3.13375,0.817375,0.000321931089
41.0,3.134125,0.81725,0.000321931089
41.0,3.135,0.817375,0.000321931089
41.0,3.134875,0.817375,0.000321931089
41.0,3.134875,0.817375,0.000321931089
41.0,3.13425,0.817375,0.000321931089
41.0,3.1335,0.817625,0.000321931089
41.0,3.1335,0.817375,0.000321931089
41.0,3.133875,0.817625,0.000321931089
41.0,3.133625,0.81775,0.000321931089
41.0,3.133625,0.81775,0.000321931089
41.0,3.13325,0.81775,0.000321931089
41.0,3.133875,0.817875,0.000321931089
41.0,3.134,0.818,0.000321931089
41.0,3.133875,0.817875,0.000321931089
41.0,3.133875,0.817625,0.000321931089
41.0,3.13425,0.81725,0.000321931089
41.0,3.134375,0.817375,0.000321931089
41.0,3.135,0.8175,0.000321931089
41.0,3.135375,0.81725,0.000321931089
41.0,3.134875,0.81725,0.000321931089
41.0,3.134875,0.81725,0.000321931089
41.0,3.134,0.817375,0.000321931089
41.0,3.13375,0.8175,0.000321931089
41.0,3.134,0.8175,0.000321931089
41.0,3.13425,0.81775,0.000321931089
41.0,3.133625,0.81775,0.000321931089
41.0,3.13325,0.8175,0.000321931089
41.0,3.1335,0.817875,0.000321931089
41.0,3.13425,0.818125,0.000321931089
41.0,3.134,0.818125,0.000321931089
41.0,3.13425,0.817875,0.000321931089
41.0,3.134125,0.817375,0.000321931089
41.0,3.13425,0.817375,0.000321931089
41.0,3.134625,0.817375,0.000321931089
41.0,3.13525,0.817375,0.000321931089
41.0,3.135,0.817,0.000321931089
41.0,3.135,0.817,0.000321931089
41.0,3.1345,0.817125,0.000321931089
41.0,3.133625,0.817375,0.000321931089
41.0,3.133,0.817625,0.000321931089
41.0,3.133875,0.8175,0.000321931089
41.0,3.134,0.8175,0.000321931089
41.0,3.133625,0.81775,0.000321931089
41.0,3.133,0.81775,0.000321931089
41.0,3.133125,0.817875,0.000321931089
41.0,3.13375,0.818125,0.000321931089
41.0,3.133375,0.818,0.000321931089
41.0,3.1335,0.817625,0.000321931089
41.0,3.13375,0.8175,0.000321931089
41.0,3.134125,0.817375,0.000321931089
41.0,3.13425,0.817375,0.000321931089
41.0,3.135,0.817375,0.000321931089
41.0,3.135,0.817375,0.000321931089
41.0,3.135125,0.817375,0.000321931089
41.0,3.134375,0.8175,0.000321931089
41.0,3.133375,0.81775,0.000321931089
41.0,3.133375,0.817625,0.000321931089
41.0,3.13325,0.817875,0.000321931089
41.0,3.1335,0.817875,0.000321931089
41.0,3.133125,0.81775,0.000321931089
41.0,3.13275,0.81775,0.000321931089
41.0,3.1335,0.817875,0.000321931089
41.0,3.134,0.81775,0.000321931089
41.0,3.13375,0.8175,0.000321931089
41.0,3.133875,0.817375,0.000321931089
41.0,3.134125,0.81725,0.000321931089
41.0,3.134375,0.817375,0.000321931089
41.0,3.135,0.817625,0.000321931089
41.0,3.135,0.817625,0.000321931089
41.0,3.135125,0.81725,0.000321931089
41.0,3.13475,0.817125,0.000321931089
41.0,3.134,0.8175,0.000321931089
41.0,3.133375,0.817625,0.000321931089
41.0,3.13325,0.817625,0.000321931089
41.0,3.1335,0.817625,0.000321931089
41.0,3.133625,0.81775,0.000321931089
41.0,3.133,0.817625,0.000321931089
41.0,3.133,0.81775,0.000321931089
41.0,3.133625,0.818,0.000321931089
41.0,3.13425,0.81775,0.000321931089
41.0,3.133875,0.8175,0.000321931089
41.0,3.13375,0.8175,0.000321931089
41.0,3.133625,0.817625,0.000321931089
41.0,3.13425,0.817625,0.000321931089
41.0,3.13425,0.817625,0.000321931089
41.0,3.135125,0.8175,0.000321931089
41.0,3.135375,0.817375,0.000321931089
41.0,3.134875,0.817375,0.000321931089
41.0,3.134,0.8175,0.000321931089
41.0,3.133375,0.817625,0.000321931089
41.0,3.1335,0.817625,0.000321931089
41.0,3.133875,0.81775,0.000321931089
41.0,3.1335,0.817875,0.000321931089
41.0,3.132875,0.81775,0.000321931089
41.0,3.133125,0.818,0.000321931089
41.0,3.133875,0.818125,0.000321931089
41.0,3.134125,0.818,0.000321931089
41.0,3.134,0.817625,0.000321931089
41.0,3.13425,0.8175,0.000321931089
41.0,3.134375,0.8175,0.000321931089
41.0,3.134375,0.8175,0.000321931089
41.0,3.1345,0.8175,0.000321931089
41.0,3.135,0.817375,0.000321931089
41.0,3.13475,0.81725,0.000321931089
41.0,3.134125,0.817375,0.000321931089
41.0,3.133125,0.817625,0.000321931089
41.0,3.133125,0.817625,0.000321931089
41.0,3.13325,0.817875,0.000321931089
41.0,3.13375,0.81775,0.000321931089
41.0,3.133125,0.81775,0.000321931089
41.0,3.13275,0.81775,0.000321931089
41.0,3.133625,0.817875,0.000321931089
41.0,3.133875,0.818,0.000321931089
41.0,3.133625,0.81775,0.000321931089
41.0,3.13375,0.8175,0.000321931089
41.0,3.133375,0.817375,0.000321931089
41.0,3.1335,0.81725,0.000321931089
41.0,3.1335,0.81725,0.000321931089
41.0,3.133625,0.817375,0.000321931089
41.0,3.134125,0.81725,0.000321931089
41.0,3.1345,0.81725,0.000321931089
41.0,3.133875,0.81725,0.000321931089
41.0,3.13275,0.8175,0.000321931089
41.0,3.133,0.817625,0.000321931089
41.0,3.133375,0.817875,0.000321931089
41.0,3.13325,0.817875,0.000321931089
41.0,3.133125,0.81775,0.000321931089
41.0,3.133,0.817625,0.000321931089
41.0,3.134125,0.817875,0.000321931089
41.0,3.13425,0.817625,0.000321931089
41.0,3.133875,0.817375,0.000321931089
41.0,3.134125,0.81725,0.000321931089
41.0,3.134375,0.8175,0.000321931089
41.0,3.134375,0.8175,0.000321931089
41.0,3.134125,0.8175,0.000321931089
41.0,3.13475,0.8175,0.000321931089
41.0,3.13525,0.81725,0.000321931089
41.0,3.13475,0.81725,0.000321931089
41.0,3.13375,0.81725,0.000321931089
41.0,3.13325,0.817375,0.000321931089
41.0,3.1335,0.817625,0.000321931089
41.0,3.13375,0.81775,0.000321931089
41.0,3.133625,0.81775,0.000321931089
41.0,3.133125,0.81775,0.000321931089
41.0,3.13325,0.818,0.000321931089
41.0,3.133875,0.818125,0.000321931089
41.0,3.133625,0.818125,0.000321931089
41.0,3.134,0.817625,0.000321931089
42.0,3.162125,0.86425,0.000321997941
42.0,3.16225,0.8645,0.000321997941
42.0,3.163125,0.864375,0.000321997941
42.0,3.16275,0.86425,0.000321997941
42.0,3.162625,0.864,0.000321997941
42.0,3.163125,0.863875,0.000321997941
42.0,3.163,0.86375,0.000321997941
42.0,3.163125,0.864,0.000321997941
42.0,3.163125,0.864,0.000321997941
42.0,3.163625,0.863875,0.000321997941
42.0,3.163625,0.863625,0.000321997941
42.0,3.16325,0.863625,0.000321997941
42.0,3.162375,0.86375,0.000321997941
42.0,3.162625,0.86375,0.000321997941
42.0,3.163,0.86425,0.000321997941
42.0,3.163,0.86425,0.000321997941
42.0,3.162625,0.86425,0.000321997941
42.0,3.162625,0.864125,0.000321997941
42.0,3.163125,0.86425,0.000321997941
42.0,3.163,0.864375,0.000321997941
42.0,3.163125,0.86425,0.000321997941
42.0,3.16325,0.863875,0.000321997941
42.0,3.1635,0.863875,0.000321997941
42.0,3.163375,0.86375,0.000321997941
42.0,3.163375,0.86375,0.000321997941
42.0,3.163875,0.863875,0.000321997941
42.0,3.16375,0.863875,0.000321997941
42.0,3.1635,0.86375,0.000321997941
42.0,3.162625,0.864125,0.000321997941
42.0,3.161875,0.86425,0.000321997941
42.0,3.16225,0.864,0.000321997941
42.0,3.162625,0.86425,0.000321997941
42.0,3.16275,0.864375,0.000321997941
42.0,3.162375,0.86425,0.000321997941
42.0,3.162375,0.864125,0.000321997941
42.0,3.16275,0.8645,0.000321997941
42.0,3.162875,0.8645,0.000321997941
42.0,3.16275,0.86425,0.000321997941
42.0,3.1635,0.863875,0.000321997941
42.0,3.1635,0.863875,0.000321997941
42.0,3.1635,0.863875,0.000321997941
42.0,3.1635,0.863875,0.000321997941
42.0,3.16425,0.864125,0.000321997941
42.0,3.164625,0.863875,0.000321997941
42.0,3.163875,0.86375,0.000321997941
42.0,3.163,0.864,0.000321997941
42.0,3.162375,0.864,0.000321997941
42.0,3.16275,0.86425,0.000321997941
42.0,3.162875,0.86425,0.000321997941
42.0,3.162875,0.864375,0.000321997941
42.0,3.16225,0.86425,0.000321997941
42.0,3.16225,0.864375,0.000321997941
42.0,3.163,0.86425,0.000321997941
42.0,3.162875,0.864125,0.000321997941
42.0,3.163,0.864125,0.000321997941
42.0,3.163,0.864,0.000321997941
42.0,3.16275,0.863875,0.000321997941
42.0,3.16275,0.863875,0.000321997941
42.0,3.163375,0.863875,0.000321997941
42.0,3.16425,0.863875,0.000321997941
42.0,3.164125,0.863875,0.000321997941
42.0,3.16325,0.86375,0.000321997941
42.0,3.1625,0.864,0.000321997941
42.0,3.163125,0.86425,0.000321997941
42.0,3.163,0.86425,0.000321997941
42.0,3.163125,0.86425,0.000321997941
42.0,3.162875,0.864125,0.000321997941
42.0,3.162375,0.864125,0.000321997941
42.0,3.16275,0.864375,0.000321997941
42.0,3.16325,0.864375,0.000321997941
42.0,3.163,0.864125,0.000321997941
42.0,3.16325,0.864,0.000321997941
42.0,3.1635,0.863875,0.000321997941
42.0,3.1635,0.863875,0.000321997941
42.0,3.16325,0.864,0.000321997941
42.0,3.16375,0.863875,0.000321997941
42.0,3.1645,0.864,0.000321997941
42.0,3.164375,0.86375,0.000321997941
42.0,3.163,0.864,0.000321997941
42.0,3.16275,0.864,0.000321997941
42.0,3.16275,0.863875,0.000321997941
42.0,3.162875,0.864,0.000321997941
42.0,3.163,0.864125,0.000321997941
42.0,3.162375,0.86425,0.000321997941
42.0,3.162375,0.86425,0.000321997941
42.0,3.163,0.8645,0.000321997941
42.0,3.16325,0.86425,0.000321997941
42.0,3.1635,0.864,0.000321997941
42.0,3.1635,0.863625,0.000321997941
42.0,3.1635,0.863625,0.000321997941
42.0,3.16325,0.863875,0.000321997941
42.0,3.16325,0.864,0.000321997941
42.0,3.16375,0.864,0.000321997941
42.0,3.164,0.86375,0.000321997941
42.0,3.1635,0.863875,0.000321997941
42.0,3.162375,0.864,0.000321997941
42.0,3.162,0.864,0.000321997941
42.0,3.16275,0.864125,0.000321997941
42.0,3.163125,0.86425,0.000321997941
42.0,3.163,0.86425,0.000321997941
42.0,3.162125,0.864125,0.000321997941
42.0,3.16225,0.864375,0.000321997941
42.0,3.163125,0.864625,0.000321997941
42.0,3.163125,0.8645,0.000321997941
42.0,3.163,0.864,0.000321997941
42.0,3.163,0.864,0.000321997941
42.0,3.163375,0.86375,0.000321997941
42.0,3.163125,0.863875,0.000321997941
42.0,3.16325,0.863875,0.000321997941
42.0,3.16375,0.86375,0.000321997941
42.0,3.164125,0.863875,0.000321997941
42.0,3.163,0.863875,0.000321997941
42.0,3.16225,0.864125,0.000321997941
42.0,3.162125,0.864,0.000321997941
42.0,3.162375,0.864,0.000321997941
42.0,3.162875,0.864375,0.000321997941
42.0,3.1625,0.864375,0.000321997941
42.0,3.162375,0.864375,0.000321997941
42.0,3.163,0.864625,0.000321997941
42.0,3.163125,0.8645,0.000321997941
42.0,3.163125,0.8645,0.000321997941
42.0,3.163125,0.8645,0.000321997941
42.0,3.163,0.864125,0.000321997941
42.0,3.163375,0.863875,0.000321997941
42.0,3.1635,0.863875,0.000321997941
42.0,3.164,0.863875,0.000321997941
42.0,3.16425,0.863625,0.000321997941
42.0,3.163875,0.863625,0.000321997941
42.0,3.16325,0.863625,0.000321997941
42.0,3.16275,0.864125,0.000321997941
42.0,3.162625,0.864125,0.000321997941
42.0,3.16275,0.864375,0.000321997941
42.0,3.1625,0.86425,0.000321997941
42.0,3.1625,0.864125,0.000321997941
42.0,3.162375,0.864375,0.000321997941
42.0,3.162875,0.864625,0.000321997941
42.0,3.163375,0.8645,0.000321997941
42.0,3.163375,0.8645,0.000321997941
42.0,3.162875,0.86425,0.000321997941
42.0,3.163,0.86375,0.000321997941
42.0,3.163125,0.86375,0.000321997941
42.0,3.163625,0.864,0.000321997941
42.0,3.164125,0.864,0.000321997941
42.0,3.16425,0.863875,0.000321997941
42.0,3.16375,0.863625,0.000321997941
42.0,3.162625,0.86375,0.000321997941
42.0,3.162375,0.864125,0.000321997941
42.0,3.162625,0.864125,0.000321997941
42.0,3.16275,0.86425,0.000321997941
42.0,3.162875,0.86425,0.000321997941
42.0,3.162625,0.864375,0.000321997941
42.0,3.162625,0.8645,0.000321997941
42.0,3.162875,0.864625,0.000321997941
42.0,3.16275,0.8645,0.000321997941
42.0,3.16275,0.8645,0.000321997941
42.0,3.16275,0.864,0.000321997941
42.0,3.16325,0.863875,0.000321997941
42.0,3.163375,0.86375,0.000321997941
42.0,3.163125,0.86375,0.000321997941
42.0,3.16375,0.86375,0.000321997941
42.0,3.163875,0.86375,0.000321997941
42.0,3.1635,0.863875,0.000321997941
42.0,3.162375,0.863875,0.000321997941
42.0,3.16225,0.86425,0.000321997941
42.0,3.16325,0.864375,0.000321997941
42.0,3.16275,0.86425,0.000321997941
42.0,3.1625,0.864125,0.000321997941
42.0,3.162,0.864375,0.000321997941
42.0,3.16275,0.8645,0.000321997941
43.0,3.1905,0.91075,0.000322010077
43.0,3.190625,0.91075,0.000322010077
43.0,3.19125,0.91075,0.000322010077
43.0,3.191625,0.911,0.000322010077
43.0,3.191375,0.91075,0.000322010077
43.0,3.190625,0.911,0.000322010077
43.0,3.19025,0.910875,0.000322010077
43.0,3.19,0.911125,0.000322010077
43.0,3.19,0.911125,0.000322010077
43.0,3.190125,0.911375,0.000322010077
43.0,3.190125,0.911375,0.000322010077
43.0,3.189625,0.91125,0.000322010077
43.0,3.189375,0.91125,0.000322010077
43.0,3.19025,0.911625,0.000322010077
43.0,3.19075,0.9115,0.000322010077
43.0,3.190125,0.91125,0.000322010077
43.0,3.189875,0.911,0.000322010077
43.0,3.19025,0.911,0.000322010077
43.0,3.1905,0.91075,0.000322010077
43.0,3.190875,0.911125,0.000322010077
43.0,3.191125,0.910875,0.000322010077
43.0,3.191,0.91075,0.000322010077
43.0,3.190375,0.910875,0.000322010077
43.0,3.19,0.91125,0.000322010077
43.0,3.19,0.911125,0.000322010077
43.0,3.189625,0.911125,0.000322010077
43.0,3.189875,0.91125,0.000322010077
43.0,3.190125,0.911375,0.000322010077
43.0,3.18975,0.91125,0.000322010077
43.0,3.189875,0.9115,0.000322010077
43.0,3.190125,0.91175,0.000322010077
43.0,3.190625,0.9115,0.000322010077
43.0,3.1905,0.911,0.000322010077
43.0,3.19075,0.910875,0.000322010077
43.0,3.190625,0.911,0.000322010077
43.0,3.190875,0.911,0.000322010077
43.0,3.19175,0.910875,0.000322010077
43.0,3.19175,0.910875,0.000322010077
43.0,3.191,0.910875,0.000322010077
43.0,3.189875,0.911,0.000322010077
43.0,3.189875,0.911,0.000322010077
43.0,3.189875,0.911,0.000322010077
43.0,3.19,0.91125,0.000322010077
43.0,3.19,0.911375,0.000322010077
43.0,3.189375,0.91125,0.000322010077
43.0,3.189125,0.911375,0.000322010077
43.0,3.189375,0.911625,0.000322010077
43.0,3.19025,0.911625,0.000322010077
43.0,3.190125,0.911375,0.000322010077
43.0,3.190375,0.911,0.000322010077
43.0,3.19075,0.911,0.000322010077
43.0,3.1905,0.910875,0.000322010077
43.0,3.190625,0.910875,0.000322010077
43.0,3.19125,0.911125,0.000322010077
43.0,3.19125,0.91075,0.000322010077
43.0,3.1905,0.910875,0.000322010077
43.0,3.1895,0.911125,0.000322010077
43.0,3.1895,0.911125,0.000322010077
43.0,3.18925,0.911125,0.000322010077
43.0,3.189875,0.91125,0.000322010077
43.0,3.190375,0.911375,0.000322010077
43.0,3.190125,0.91125,0.000322010077
43.0,3.189625,0.911375,0.000322010077
43.0,3.189875,0.9115,0.000322010077
43.0,3.190375,0.9115,0.000322010077
43.0,3.189875,0.911375,0.000322010077
43.0,3.190125,0.911125,0.000322010077
43.0,3.19025,0.911125,0.000322010077
43.0,3.1905,0.910875,0.000322010077
43.0,3.1915,0.911,0.000322010077
43.0,3.19175,0.910875,0.000322010077
43.0,3.191,0.91075,0.000322010077
43.0,3.19025,0.911125,0.000322010077
43.0,3.19025,0.911125,0.000322010077
43.0,3.189875,0.911375,0.000322010077
43.0,3.19,0.91125,0.000322010077
43.0,3.190125,0.911125,0.000322010077
43.0,3.18975,0.911125,0.000322010077
43.0,3.189375,0.91125,0.000322010077
43.0,3.189125,0.911375,0.000322010077
43.0,3.18975,0.9115,0.000322010077
43.0,3.190375,0.911375,0.000322010077
43.0,3.19,0.91125,0.000322010077
43.0,3.190625,0.911,0.000322010077
43.0,3.190625,0.911,0.000322010077
43.0,3.190375,0.911,0.000322010077
43.0,3.190875,0.911125,0.000322010077
43.0,3.191125,0.91075,0.000322010077
43.0,3.1905,0.910625,0.000322010077
43.0,3.1905,0.910625,0.000322010077
43.0,3.18975,0.910875,0.000322010077
43.0,3.1895,0.911125,0.000322010077
43.0,3.189875,0.911,0.000322010077
43.0,3.190625,0.91125,0.000322010077
43.0,3.190375,0.911375,0.000322010077
43.0,3.19,0.91125,0.000322010077
43.0,3.19,0.9115,0.000322010077
43.0,3.189875,0.911625,0.000322010077
43.0,3.189875,0.911375,0.000322010077
43.0,3.19025,0.911125,0.000322010077
43.0,3.191,0.910875,0.000322010077
43.0,3.191,0.910875,0.000322010077
43.0,3.190875,0.911125,0.000322010077
43.0,3.19125,0.911125,0.000322010077
43.0,3.191375,0.91075,0.000322010077
43.0,3.191375,0.91075,0.000322010077
43.0,3.191,0.910875,0.000322010077
43.0,3.19025,0.911125,0.000322010077
43.0,3.18975,0.911,0.000322010077
43.0,3.189875,0.911,0.000322010077
43.0,3.189875,0.911125,0.000322010077
43.0,3.189375,0.911125,0.000322010077
43.0,3.18975,0.911375,0.000322010077
43.0,3.19025,0.911625,0.000322010077
43.0,3.190375,0.911375,0.000322010077
43.0,3.19025,0.9115,0.000322010077
43.0,3.190125,0.911,0.000322010077
43.0,3.1905,0.910875,0.000322010077
43.0,3.190875,0.910875,0.000322010077
43.0,3.19125,0.910875,0.000322010077
43.0,3.19125,0.91075,0.000322010077
43.0,3.19125,0.91075,0.000322010077
43.0,3.19075,0.91075,0.000322010077
43.0,3.189875,0.911,0.000322010077
43.0,3.18925,0.911,0.000322010077
43.0,3.189875,0.91125,0.000322010077
43.0,3.190125,0.91125,0.000322010077
43.0,3.19,0.91125,0.000322010077
43.0,3.189375,0.911125,0.000322010077
43.0,3.189375,0.91125,0.000322010077
43.0,3.19,0.911625,0.000322010077
43.0,3.19,0.9115,0.000322010077
43.0,3.19,0.911125,0.000322010077
43.0,3.19025,0.910875,0.000322010077
43.0,3.19025,0.911,0.000322010077
43.0,3.190125,0.910875,0.000322010077
43.0,3.191,0.91075,0.000322010077
43.0,3.191125,0.910875,0.000322010077
43.0,3.191125,0.910875,0.000322010077
43.0,3.191,0.910625,0.000322010077
43.0,3.18975,0.911,0.000322010077
43.0,3.18925,0.91125,0.000322010077
43.0,3.18925,0.911125,0.000322010077
43.0,3.19,0.911375,0.000322010077
43.0,3.190125,0.91125,0.000322010077
43.0,3.18925,0.91125,0.000322010077
43.0,3.189375,0.9115,0.000322010077
43.0,3.19,0.9115,0.000322010077
43.0,3.19,0.91125,0.000322010077
43.0,3.190125,0.911125,0.000322010077
43.0,3.190375,0.911,0.000322010077
43.0,3.19025,0.910875,0.000322010077
43.0,3.190375,0.911,0.000322010077
43.0,3.191,0.911125,0.000322010077
43.0,3.191,0.911125,0.000322010077
43.0,3.190875,0.910875,0.000322010077
43.0,3.1905,0.91125,0.000322010077
43.0,3.189625,0.911375,0.000322010077
43.0,3.1895,0.91125,0.000322010077
43.0,3.189875,0.91125,0.000322010077
43.0,3.18975,0.9115,0.000322010077
43.0,3.18975,0.91125,0.000322010077
43.0,3.189,0.91125,0.000322010077
43.0,3.18975,0.911625,0.000322010077
43.0,3.190375,0.911625,0.000322010077
43.0,3.19025,0.91125,0.000322010077
43.0,3.19025,0.911,0.000322010077
43.0,3.19025,0.910875,0.000322010077
43.0,3.1905,0.911,0.000322010077
44.0,3.2155,0.959125,0.000322004053
44.0,3.2155,0.95925,0.000322004053
44.0,3.21575,0.959375,0.000322004053
44.0,3.2165,0.959375,0.000322004053
44.0,3.216625,0.959375,0.000322004053
44.0,3.216,0.959375,0.000322004053
44.0,3.21525,0.9595,0.000322004053
44.0,3.214625,0.9595,0.000322004053
44.0,3.214625,0.9595,0.000322004053
44.0,3.215,0.95925,0.000322004053
44.0,3.215625,0.95975,0.000322004053
44.0,3.215375,0.95975,0.000322004053
44.0,3.21475,0.959625,0.000322004053
44.0,3.214625,0.959875,0.000322004053
44.0,3.215625,0.96,0.000322004053
44.0,3.216125,0.96,0.000322004053
44.0,3.216,0.95975,0.000322004053
44.0,3.216375,0.959375,0.000322004053
44.0,3.215625,0.95925,0.000322004053
44.0,3.2155,0.959375,0.000322004053
44.0,3.2165,0.959125,0.000322004053
44.0,3.216875,0.959125,0.000322004053
44.0,3.21625,0.959,0.000322004053
44.0,3.215,0.9595,0.000322004053
44.0,3.215,0.9595,0.000322004053
44.0,3.215,0.959625,0.000322004053
44.0,3.2155,0.9595,0.000322004053
44.0,3.2155,0.959625,0.000322004053
44.0,3.215375,0.95975,0.000322004053
44.0,3.21475,0.959875,0.000322004053
44.0,3.215125,0.96,0.000322004053
44.0,3.21575,0.960125,0.000322004053
44.0,3.2155,0.959875,0.000322004053
44.0,3.215875,0.9595,0.000322004053
44.0,3.216125,0.959375,0.000322004053
44.0,3.215875,0.959375,0.000322004053
44.0,3.21625,0.9595,0.000322004053
44.0,3.21675,0.959375,0.000322004053
44.0,3.21625,0.959375,0.000322004053
44.0,3.216125,0.95925,0.000322004053
44.0,3.216125,0.95925,0.000322004053
44.0,3.21525,0.959375,0.000322004053
44.0,3.21525,0.9595,0.000322004053
44.0,3.215625,0.959625,0.000322004053
44.0,3.215625,0.95975,0.000322004053
44.0,3.215,0.959625,0.000322004053
44.0,3.214625,0.959875,0.000322004053
44.0,3.21525,0.960125,0.000322004053
44.0,3.21525,0.959875,0.000322004053
44.0,3.21525,0.95975,0.000322004053
44.0,3.215875,0.959375,0.000322004053
44.0,3.216125,0.9595,0.000322004053
44.0,3.216125,0.9595,0.000322004053
44.0,3.216625,0.9595,0.000322004053
44.0,3.217,0.959125,0.000322004053
44.0,3.216125,0.95925,0.000322004053
44.0,3.21525,0.959625,0.000322004053
44.0,3.21525,0.959625,0.000322004053
44.0,3.215125,0.959625,0.000322004053
44.0,3.215375,0.959375,0.000322004053
44.0,3.215625,0.959625,0.000322004053
44.0,3.2155,0.959625,0.000322004053
44.0,3.215125,0.95975,0.000322004053
44.0,3.21525,0.959875,0.000322004053
44.0,3.216,0.960125,0.000322004053
44.0,3.215625,0.959875,0.000322004053
44.0,3.21575,0.9595,0.000322004053
44.0,3.21625,0.959375,0.000322004053
44.0,3.216125,0.95925,0.000322004053
44.0,3.216,0.959375,0.000322004053
44.0,3.216125,0.959375,0.000322004053
44.0,3.216375,0.959375,0.000322004053
44.0,3.21575,0.9595,0.000322004053
44.0,3.21575,0.9595,0.000322004053
44.0,3.214625,0.9595,0.000322004053
44.0,3.21475,0.9595,0.000322004053
44.0,3.21525,0.9595,0.000322004053
44.0,3.21575,0.959625,0.000322004053
44.0,3.21525,0.95975,0.000322004053
44.0,3.215375,0.95975,0.000322004053
44.0,3.21575,0.959875,0.000322004053
44.0,3.21625,0.959875,0.000322004053
44.0,3.215875,0.95975,0.000322004053
44.0,3.215875,0.9595,0.000322004053
44.0,3.216,0.95925,0.000322004053
44.0,3.215875,0.9595,0.000322004053
44.0,3.216375,0.9595,0.000322004053
44.0,3.217125,0.959375,0.000322004053
44.0,3.216625,0.95925,0.000322004053
44.0,3.216625,0.95925,0.000322004053
44.0,3.216125,0.95925,0.000322004053
44.0,3.215625,0.9595,0.000322004053
44.0,3.215625,0.959625,0.000322004053
44.0,3.215875,0.95975,0.000322004053
44.0,3.21575,0.95975,0.000322004053
44.0,3.215125,0.959625,0.000322004053
44.0,3.214875,0.95975,0.000322004053
44.0,3.2155,0.96,0.000322004053
44.0,3.21575,0.960125,0.000322004053
44.0,3.21575,0.96,0.000322004053
44.0,3.216375,0.959625,0.000322004053
44.0,3.216375,0.959375,0.000322004053
44.0,3.216125,0.959375,0.000322004053
44.0,3.2165,0.9595,0.000322004053
44.0,3.2165,0.959375,0.000322004053
44.0,3.2165,0.959375,0.000322004053
44.0,3.216125,0.95925,0.000322004053
44.0,3.21575,0.9595,0.000322004053
44.0,3.215125,0.95975,0.000322004053
44.0,3.21525,0.959625,0.000322004053
44.0,3.2155,0.95975,0.000322004053
44.0,3.215,0.959875,0.000322004053
44.0,3.21475,0.95975,0.000322004053
44.0,3.2145,0.96,0.000322004053
44.0,3.215625,0.960125,0.000322004053
44.0,3.2155,0.96,0.000322004053
44.0,3.215375,0.9595,0.000322004053
44.0,3.21575,0.95925,0.000322004053
44.0,3.21575,0.9595,0.000322004053
44.0,3.21625,0.9595,0.000322004053
44.0,3.21675,0.9595,0.000322004053
44.0,3.21675,0.9595,0.000322004053
44.0,3.21625,0.959375,0.000322004053
44.0,3.21575,0.95925,0.000322004053
44.0,3.214875,0.959625,0.000322004053
44.0,3.214875,0.95975,0.000322004053
44.0,3.215375,0.9595,0.000322004053
44.0,3.215625,0.95975,0.000322004053
44.0,3.215375,0.95975,0.000322004053
44.0,3.21475,0.95975,0.000322004053
44.0,3.215375,0.96,0.000322004053
44.0,3.216125,0.96,0.000322004053
44.0,3.216125,0.959875,0.000322004053
44.0,3.21625,0.959625,0.000322004053
44.0,3.21625,0.959375,0.000322004053
44.0,3.216375,0.9595,0.000322004053
44.0,3.21675,0.9595,0.000322004053
44.0,3.21675,0.959375,0.000322004053
44.0,3.216875,0.959375,0.000322004053
44.0,3.216625,0.95925,0.000322004053
44.0,3.2155,0.959375,0.000322004053
44.0,3.21475,0.959875,0.000322004053
44.0,3.21525,0.959875,0.000322004053
44.0,3.215625,0.95975,0.000322004053
44.0,3.215625,0.95975,0.000322004053
44.0,3.21525,0.959625,0.000322004053
44.0,3.215125,0.959875,0.000322004053
44.0,3.216125,0.96,0.000322004053
44.0,3.21625,0.960125,0.000322004053
44.0,3.215875,0.95975,0.000322004053
44.0,3.215875,0.959625,0.000322004053
44.0,3.21575,0.9595,0.000322004053
44.0,3.215875,0.959375,0.000322004053
44.0,3.216625,0.9595,0.000322004053
44.0,3.216625,0.9595,0.000322004053
44.0,3.217,0.959375,0.000322004053
44.0,3.216625,0.959375,0.000322004053
44.0,3.215875,0.9595,0.000322004053
44.0,3.2155,0.959625,0.000322004053
44.0,3.216,0.959875,0.000322004053
44.0,3.216,0.959875,0.000322004053
44.0,3.21575,0.96,0.000322004053
44.0,3.215,0.95975,0.000322004053
44.0,3.215125,0.960125,0.000322004053
44.0,3.215875,0.96025,0.000322004053
44.0,3.21575,0.960125,0.000322004053
44.0,3.215625,0.95975,0.000322004053
44.0,3.216125,0.959625,0.000322004053
44.0,3.216125,0.9595,0.000322004053
45.0,3.240375,1.0095,0.000322146923
45.0,3.24075,1.009375,0.000322146923
45.0,3.24075,1.0095,0.000322146923
45.0,3.240375,1.0095,0.000322146923
45.0,3.23975,1.0095,0.000322146923
45.0,3.240625,1.00975,0.000322146923
45.0,3.241625,1.00975,0.000322146923
45.0,3.24125,1.009625,0.000322146923
45.0,3.24125,1.009625,0.000322146923
45.0,3.241375,1.009125,0.000322146923
45.0,3.2415,1.009125,0.000322146923
45.0,3.24125,1.009125,0.000322146923
45.0,3.241625,1.00925,0.000322146923
45.0,3.24225,1.009125,0.000322146923
45.0,3.241625,1.009,0.000322146923
45.0,3.240875,1.009125,0.000322146923
45.0,3.240375,1.009375,0.000322146923
45.0,3.240375,1.00925,0.000322146923
45.0,3.2405,1.009625,0.000322146923
45.0,3.24075,1.00975,0.000322146923
45.0,3.24025,1.0095,0.000322146923
45.0,3.23975,1.0095,0.000322146923
45.0,3.240375,1.009875,0.000322146923
45.0,3.240625,1.01,0.000322146923
45.0,3.240625,1.01,0.000322146923
45.0,3.24075,1.009625,0.000322146923
45.0,3.241,1.009375,0.000322146923
45.0,3.2415,1.009125,0.000322146923
45.0,3.24125,1.009125,0.000322146923
45.0,3.241875,1.00925,0.000322146923
45.0,3.242375,1.009125,0.000322146923
45.0,3.241625,1.009,0.000322146923
45.0,3.240625,1.00925,0.000322146923
45.0,3.24,1.009125,0.000322146923
45.0,3.240375,1.009375,0.000322146923
45.0,3.240625,1.0095,0.000322146923
45.0,3.241,1.009625,0.000322146923
45.0,3.240375,1.009375,0.000322146923
45.0,3.240375,1.009875,0.000322146923
45.0,3.241375,1.009875,0.000322146923
45.0,3.241375,1.009875,0.000322146923
45.0,3.241375,1.009875,0.000322146923
45.0,3.24125,1.009375,0.000322146923
45.0,3.241125,1.00925,0.000322146923
45.0,3.241125,1.00925,0.000322146923
45.0,3.2415,1.009125,0.000322146923
45.0,3.241875,1.00925,0.000322146923
45.0,3.24225,1.009,0.000322146923
45.0,3.2415,1.009125,0.000322146923
45.0,3.241,1.0095,0.000322146923
45.0,3.2405,1.009375,0.000322146923
45.0,3.240875,1.009375,0.000322146923
45.0,3.2415,1.00975,0.000322146923
45.0,3.241125,1.0095,0.000322146923
45.0,3.240625,1.009625,0.000322146923
45.0,3.24075,1.009875,0.000322146923
45.0,3.241375,1.01,0.000322146923
45.0,3.241375,1.01,0.000322146923
45.0,3.241625,1.009875,0.000322146923
45.0,3.24125,1.009375,0.000322146923
45.0,3.2415,1.009,0.000322146923
45.0,3.241625,1.009125,0.000322146923
45.0,3.241875,1.00925,0.000322146923
45.0,3.242125,1.009125,0.000322146923
45.0,3.241625,1.009,0.000322146923
45.0,3.241375,1.009,0.000322146923
45.0,3.240375,1.00925,0.000322146923
45.0,3.240625,1.0095,0.000322146923
45.0,3.241,1.0095,0.000322146923
45.0,3.240875,1.009625,0.000322146923
45.0,3.24025,1.009625,0.000322146923
45.0,3.240125,1.00975,0.000322146923
45.0,3.24075,1.009875,0.000322146923
45.0,3.24075,1.009875,0.000322146923
45.0,3.24125,1.00975,0.000322146923
45.0,3.24125,1.00975,0.000322146923
45.0,3.2415,1.0095,0.000322146923
45.0,3.241375,1.00925,0.000322146923
45.0,3.24125,1.00925,0.000322146923
45.0,3.241875,1.00925,0.000322146923
45.0,3.242625,1.009125,0.000322146923
45.0,3.242375,1.009,0.000322146923
45.0,3.241625,1.00925,0.000322146923
45.0,3.240875,1.0095,0.000322146923
45.0,3.241,1.0095,0.000322146923
45.0,3.241,1.0095,0.000322146923
45.0,3.240875,1.0095,0.000322146923
45.0,3.240375,1.009625,0.000322146923
45.0,3.240625,1.009875,0.000322146923
45.0,3.240625,1.009875,0.000322146923
45.0,3.24125,1.010125,0.000322146923
45.0,3.2415,1.01,0.000322146923
45.0,3.241375,1.009625,0.000322146923
45.0,3.241875,1.00925,0.000322146923
45.0,3.241625,1.00925,0.000322146923
45.0,3.24175,1.009125,0.000322146923
45.0,3.242375,1.00925,0.000322146923
45.0,3.242875,1.009,0.000322146923
45.0,3.24225,1.009,0.000322146923
45.0,3.240875,1.00925,0.000322146923
45.0,3.2405,1.009375,0.000322146923
45.0,3.241,1.009375,0.000322146923
45.0,3.241125,1.009625,0.000322146923
45.0,3.24075,1.0095,0.000322146923
45.0,3.240375,1.009625,0.000322146923
45.0,3.240375,1.009625,0.000322146923
45.0,3.24025,1.00975,0.000322146923
45.0,3.240875,1.01,0.000322146923
45.0,3.24075,1.00975,0.000322146923
45.0,3.241,1.0095,0.000322146923
45.0,3.24175,1.00925,0.000322146923
45.0,3.24175,1.009375,0.000322146923
45.0,3.24225,1.009375,0.000322146923
45.0,3.242625,1.00925,0.000322146923
45.0,3.24225,1.00925,0.000322146923
45.0,3.241375,1.009125,0.000322146923
45.0,3.240625,1.009625,0.000322146923
45.0,3.240625,1.009625,0.000322146923
45.0,3.241,1.0095,0.000322146923
45.0,3.240875,1.009625,0.000322146923
45.0,3.2405,1.009375,0.000322146923
45.0,3.2405,1.009375,0.000322146923
45.0,3.240375,1.009875,0.000322146923
45.0,3.24075,1.010125,0.000322146923
45.0,3.2415,1.01025,0.000322146923
45.0,3.24125,1.01,0.000322146923
45.0,3.241625,1.0095,0.000322146923
45.0,3.241625,1.009,0.000322146923
45.0,3.241375,1.00925,0.000322146923
45.0,3.24175,1.009375,0.000322146923
45.0,3.2425,1.00925,0.000322146923
45.0,3.241875,1.009375,0.000322146923
45.0,3.241125,1.009375,0.000322146923
45.0,3.24025,1.009625,0.000322146923
45.0,3.240375,1.0095,0.000322146923
45.0,3.2405,1.0095,0.000322146923
45.0,3.24075,1.009625,0.000322146923
45.0,3.2405,1.009625,0.000322146923
45.0,3.2405,1.009625,0.000322146923
45.0,3.240375,1.00975,0.000322146923
45.0,3.240625,1.009875,0.000322146923
45.0,3.240875,1.009875,0.000322146923
45.0,3.24125,1.009875,0.000322146923
45.0,3.24175,1.00975,0.000322146923
45.0,3.241625,1.009375,0.000322146923
45.0,3.2415,1.009375,0.000322146923
45.0,3.242125,1.00925,0.000322146923
45.0,3.242,1.009125,0.000322146923
45.0,3.241625,1.009,0.000322146923
45.0,3.2405,1.0095,0.000322146923
45.0,3.24025,1.0095,0.000322146923
45.0,3.2405,1.0095,0.000322146923
45.0,3.24075,1.00975,0.000322146923
45.0,3.2405,1.009625,0.000322146923
45.0,3.2405,1.009625,0.000322146923
45.0,3.24025,1.00975,0.000322146923
45.0,3.2405,1.009875,0.000322146923
45.0,3.241,1.01,0.000322146923
45.0,3.240625,1.00975,0.000322146923
45.0,3.241,1.009375,0.000322146923
45.0,3.2415,1.009375,0.000322146923
45.0,3.241375,1.009625,0.000322146923
45.0,3.24175,1.009375,0.000322146923
45.0,3.24225,1.00925,0.000322146923
45.0,3.242375,1.009,0.000322146923
45.0,3.241625,1.009125,0.000322146923
45.0,3.24075,1.009375,0.000322146923
45.0,3.2405,1.009375,0.000322146923
45.0,3.241,1.009625,0.000322146923
46.0,3.264125,1.058375,0.000322228472
46.0,3.26325,1.0585,0.000322228472
46.0,3.26225,1.05875,0.000322228472
46.0,3.26225,1.058625,0.000322228472
46.0,3.26225,1.058625,0.000322228472
46.0,3.26225,1.058875,0.000322228472
46.0,3.262375,1.058875,0.000322228472
46.0,3.262125,1.058875,0.000322228472
46.0,3.262125,1.058875,0.000322228472
46.0,3.262375,1.059,0.000322228472
46.0,3.26275,1.059,0.000322228472
46.0,3.26275,1.059,0.000322228472
46.0,3.263,1.0585,0.000322228472
46.0,3.263375,1.0585,0.000322228472
46.0,3.262875,1.058375,0.000322228472
46.0,3.262875,1.0585,0.000322228472
46.0,3.26375,1.058625,0.000322228472
46.0,3.264,1.058375,0.000322228472
46.0,3.263,1.0585,0.000322228472
46.0,3.262375,1.05875,0.000322228472
46.0,3.262375,1.058875,0.000322228472
46.0,3.26225,1.059,0.000322228472
46.0,3.262,1.05875,0.000322228472
46.0,3.261625,1.05875,0.000322228472
46.0,3.26125,1.05875,0.000322228472
46.0,3.26125,1.059,0.000322228472
46.0,3.26225,1.059375,0.000322228472
46.0,3.262625,1.05925,0.000322228472
46.0,3.262375,1.05875,0.000322228472
46.0,3.26275,1.05875,0.000322228472
46.0,3.262875,1.058625,0.000322228472
46.0,3.262875,1.058625,0.000322228472
46.0,3.2635,1.0585,0.000322228472
46.0,3.264,1.058375,0.000322228472
46.0,3.2635,1.058375,0.000322228472
46.0,3.2625,1.058625,0.000322228472
46.0,3.262125,1.05875,0.000322228472
46.0,3.262125,1.05875,0.000322228472
46.0,3.2625,1.05875,0.000322228472
46.0,3.2625,1.059125,0.000322228472
46.0,3.261875,1.059125,0.000322228472
46.0,3.261875,1.058875,0.000322228472
46.0,3.261875,1.059125,0.000322228472
46.0,3.26275,1.059125,0.000322228472
46.0,3.262375,1.059,0.000322228472
46.0,3.262375,1.05875,0.000322228472
46.0,3.262625,1.0585,0.000322228472
46.0,3.262875,1.058375,0.000322228472
46.0,3.26325,1.058375,0.000322228472
46.0,3.26375,1.058375,0.000322228472
46.0,3.264,1.05825,0.000322228472
46.0,3.263375,1.058375,0.000322228472
46.0,3.262,1.0585,0.000322228472
46.0,3.261625,1.0585,0.000322228472
46.0,3.262625,1.058625,0.000322228472
46.0,3.263,1.058875,0.000322228472
46.0,3.262375,1.058875,0.000322228472
46.0,3.262375,1.058875,0.000322228472
46.0,3.2615,1.058875,0.000322228472
46.0,3.261875,1.059,0.000322228472
46.0,3.26225,1.059125,0.000322228472
46.0,3.262125,1.059125,0.000322228472
46.0,3.262375,1.0585,0.000322228472
46.0,3.26275,1.058375,0.000322228472
46.0,3.263125,1.05825,0.000322228472
46.0,3.26325,1.05825,0.000322228472
46.0,3.2635,1.05825,0.000322228472
46.0,3.26375,1.05825,0.000322228472
46.0,3.262625,1.058375,0.000322228472
46.0,3.2615,1.058625,0.000322228472
46.0,3.261875,1.058625,0.000322228472
46.0,3.262375,1.058875,0.000322228472
46.0,3.2625,1.05875,0.000322228472
46.0,3.2625,1.05875,0.000322228472
46.0,3.262125,1.05875,0.000322228472
46.0,3.261625,1.058875,0.000322228472
46.0,3.262625,1.059125,0.000322228472
46.0,3.262875,1.059,0.000322228472
46.0,3.262625,1.05875,0.000322228472
46.0,3.262875,1.058375,0.000322228472
46.0,3.263,1.058375,0.000322228472
46.0,3.263,1.05825,0.000322228472
46.0,3.2635,1.058625,0.000322228472
46.0,3.263875,1.058375,0.000322228472
46.0,3.263375,1.058,0.000322228472
46.0,3.262375,1.058125,0.000322228472
46.0,3.2615,1.05825,0.000322228472
46.0,3.261375,1.058625,0.000322228472
46.0,3.262375,1.058625,0.000322228472
46.0,3.262375,1.058625,0.000322228472
46.0,3.262125,1.05875,0.000322228472
46.0,3.261875,1.058625,0.000322228472
46.0,3.26175,1.05875,0.000322228472
46.0,3.2625,1.058875,0.000322228472
46.0,3.2625,1.058875,0.000322228472
46.0,3.26225,1.0585,0.000322228472
46.0,3.26275,1.058375,0.000322228472
46.0,3.2625,1.058375,0.000322228472
46.0,3.262625,1.058375,0.000322228472
46.0,3.26325,1.058375,0.000322228472
46.0,3.263625,1.058125,0.000322228472
46.0,3.26325,1.058125,0.000322228472
46.0,3.262125,1.0585,0.000322228472
46.0,3.26175,1.058625,0.000322228472
46.0,3.26225,1.05875,0.000322228472
46.0,3.262375,1.05875,0.000322228472
46.0,3.262375,1.059,0.000322228472
46.0,3.262,1.059,0.000322228472
46.0,3.261375,1.058875,0.000322228472
46.0,3.261875,1.05925,0.000322228472
46.0,3.262875,1.059125,0.000322228472
46.0,3.2625,1.058875,0.000322228472
46.0,3.262875,1.058625,0.000322228472
46.0,3.2635,1.058625,0.000322228472
46.0,3.263125,1.0585,0.000322228472
46.0,3.263625,1.0585,0.000322228472
46.0,3.26375,1.058625,0.000322228472
46.0,3.2635,1.058375,0.000322228472
46.0,3.26275,1.05825,0.000322228472
46.0,3.26175,1.0585,0.000322228472
46.0,3.262,1.0585,0.000322228472
46.0,3.262625,1.0585,0.000322228472
46.0,3.262625,1.05875,0.000322228472
46.0,3.26275,1.058875,0.000322228472
46.0,3.262125,1.05875,0.000322228472
46.0,3.262,1.058875,0.000322228472
46.0,3.2625,1.059,0.000322228472
46.0,3.2625,1.05925,0.000322228472
46.0,3.262125,1.059125,0.000322228472
46.0,3.262375,1.058625,0.000322228472
46.0,3.262625,1.0585,0.000322228472
46.0,3.262875,1.0585,0.000322228472
46.0,3.26325,1.058375,0.000322228472
46.0,3.2635,1.058375,0.000322228472
46.0,3.263625,1.058375,0.000322228472
46.0,3.26275,1.05875,0.000322228472
46.0,3.26175,1.05875,0.000322228472
46.0,3.262,1.05875,0.000322228472
46.0,3.262,1.058625,0.000322228472
46.0,3.262375,1.058625,0.000322228472
46.0,3.262375,1.05875,0.000322228472
46.0,3.2615,1.058625,0.000322228472
46.0,3.261625,1.059125,0.000322228472
46.0,3.2625,1.05925,0.000322228472
46.0,3.262625,1.059125,0.000322228472
46.0,3.262375,1.05875,0.000322228472
46.0,3.262625,1.0585,0.000322228472
46.0,3.26225,1.058625,0.000322228472
46.0,3.2625,1.0585,0.000322228472
46.0,3.2635,1.0585,0.000322228472
46.0,3.26375,1.05825,0.000322228472
46.0,3.26325,1.05825,0.000322228472
46.0,3.26175,1.058625,0.000322228472
46.0,3.261375,1.05875,0.000322228472
46.0,3.261375,1.05875,0.000322228472
46.0,3.26175,1.05875,0.000322228472
46.0,3.26225,1.058875,0.000322228472
46.0,3.261875,1.058875,0.000322228472
46.0,3.261625,1.059,0.000322228472
46.0,3.262375,1.059125,0.000322228472
46.0,3.262625,1.059375,0.000322228472
46.0,3.262375,1.059125,0.000322228472
46.0,3.26275,1.058625,0.000322228472
46.0,3.263,1.0585,0.000322228472
46.0,3.26275,1.058625,0.000322228472
46.0,3.262875,1.0585,0.000322228472
46.0,3.26375,1.0585,0.000322228472
46.0,3.263875,1.05825,0.000322228472
46.0,3.263,1.058375,0.000322228472
47.0,3.282125,1.107375,0.000322217034
47.0,3.281,1.107625,0.000322217034
47.0,3.28075,1.10775,0.000322217034
47.0,3.281375,1.108125,0.000322217034
47.0,3.28125,1.107875,0.000322217034
47.0,3.280875,1.108,0.000322217034
47.0,3.280375,1.108125,0.000322217034
47.0,3.280875,1.10825,0.000322217034
47.0,3.280875,1.10825,0.000322217034
47.0,3.28125,1.108375,0.000322217034
47.0,3.28125,1.107875,0.000322217034
47.0,3.2815,1.1075,0.000322217034
47.0,3.281625,1.107375,0.000322217034
47.0,3.281375,1.107625,0.000322217034
47.0,3.28175,1.107625,0.000322217034
47.0,3.282375,1.1075,0.000322217034
47.0,3.28225,1.107375,0.000322217034
47.0,3.28175,1.107625,0.000322217034
47.0,3.280875,1.107625,0.000322217034
47.0,3.280875,1.10775,0.000322217034
47.0,3.281375,1.10775,0.000322217034
47.0,3.28125,1.108,0.000322217034
47.0,3.280375,1.107875,0.000322217034
47.0,3.280375,1.108125,0.000322217034
47.0,3.280375,1.10825,0.000322217034
47.0,3.280875,1.10825,0.000322217034
47.0,3.28125,1.108125,0.000322217034
47.0,3.281375,1.10775,0.000322217034
47.0,3.28175,1.107625,0.000322217034
47.0,3.281875,1.107625,0.000322217034
47.0,3.282,1.107625,0.000322217034
47.0,3.282375,1.107625,0.000322217034
47.0,3.282,1.10725,0.000322217034
47.0,3.28175,1.107125,0.000322217034
47.0,3.281125,1.1075,0.000322217034
47.0,3.280875,1.10775,0.000322217034
47.0,3.281125,1.107625,0.000322217034
47.0,3.2815,1.107875,0.000322217034
47.0,3.281375,1.107875,0.000322217034
47.0,3.28075,1.10775,0.000322217034
47.0,3.28075,1.108125,0.000322217034
47.0,3.280875,1.108125,0.000322217034
47.0,3.28125,1.10825,0.000322217034
47.0,3.280875,1.108125,0.000322217034
47.0,3.281125,1.10775,0.000322217034
47.0,3.282,1.1075,0.000322217034
47.0,3.281875,1.1075,0.000322217034
47.0,3.282125,1.107625,0.000322217034
47.0,3.28275,1.107625,0.000322217034
47.0,3.28225,1.107375,0.000322217034
47.0,3.281875,1.107375,0.000322217034
47.0,3.281125,1.10775,0.000322217034
47.0,3.280875,1.107875,0.000322217034
47.0,3.281375,1.108,0.000322217034
47.0,3.281375,1.108,0.000322217034
47.0,3.280875,1.108,0.000322217034
47.0,3.28075,1.107875,0.000322217034
47.0,3.28075,1.107875,0.000322217034
47.0,3.28125,1.108,0.000322217034
47.0,3.281625,1.10825,0.000322217034
47.0,3.2815,1.108125,0.000322217034
47.0,3.281875,1.107625,0.000322217034
47.0,3.281875,1.107625,0.000322217034
47.0,3.28175,1.1075,0.000322217034
47.0,3.28225,1.107625,0.000322217034
47.0,3.282625,1.107375,0.000322217034
47.0,3.2825,1.107125,0.000322217034
47.0,3.282375,1.107375,0.000322217034
47.0,3.281125,1.10775,0.000322217034
47.0,3.281125,1.107875,0.000322217034
47.0,3.281375,1.108,0.000322217034
47.0,3.28125,1.108,0.000322217034
47.0,3.28075,1.108,0.000322217034
47.0,3.28075,1.108,0.000322217034
47.0,3.280625,1.107875,0.000322217034
47.0,3.28125,1.10825,0.000322217034
47.0,3.281625,1.108,0.000322217034
47.0,3.2815,1.10775,0.000322217034
47.0,3.282125,1.1075,0.000322217034
47.0,3.281875,1.107375,0.000322217034
47.0,3.281875,1.1075,0.000322217034
47.0,3.28275,1.1075,0.000322217034
47.0,3.283,1.10725,0.000322217034
47.0,3.28225,1.1075,0.000322217034
47.0,3.281125,1.10775,0.000322217034
47.0,3.28075,1.10775,0.000322217034
47.0,3.281125,1.10775,0.000322217034
47.0,3.2815,1.10775,0.000322217034
47.0,3.281625,1.10775,0.000322217034
47.0,3.281625,1.10775,0.000322217034
47.0,3.281,1.10775,0.000322217034
47.0,3.280875,1.108125,0.000322217034
47.0,3.28175,1.108125,0.000322217034
47.0,3.28175,1.108125,0.000322217034
47.0,3.281625,1.107625,0.000322217034
47.0,3.282125,1.107375,0.000322217034
47.0,3.282,1.107625,0.000322217034
47.0,3.282375,1.1075,0.000322217034
47.0,3.28275,1.107625,0.000322217034
47.0,3.282625,1.1075,0.000322217034
47.0,3.282125,1.1075,0.000322217034
47.0,3.28075,1.10775,0.000322217034
47.0,3.28025,1.10775,0.000322217034
47.0,3.281125,1.107875,0.000322217034
47.0,3.281375,1.108,0.000322217034
47.0,3.281375,1.108,0.000322217034
47.0,3.280875,1.107875,0.000322217034
47.0,3.280875,1.107875,0.000322217034
47.0,3.281125,1.108125,0.000322217034
47.0,3.281375,1.10825,0.000322217034
47.0,3.28125,1.108,0.000322217034
47.0,3.281875,1.10775,0.000322217034
47.0,3.28225,1.107625,0.000322217034
47.0,3.28175,1.107625,0.000322217034
47.0,3.282125,1.107625,0.000322217034
47.0,3.283,1.1075,0.000322217034
47.0,3.282625,1.107375,0.000322217034
47.0,3.281875,1.107625,0.000322217034
47.0,3.280875,1.107625,0.000322217034
47.0,3.281,1.1075,0.000322217034
47.0,3.2815,1.10775,0.000322217034
47.0,3.2815,1.10775,0.000322217034
47.0,3.2815,1.107875,0.000322217034
47.0,3.28125,1.107875,0.000322217034
47.0,3.280625,1.107875,0.000322217034
47.0,3.28125,1.10825,0.000322217034
47.0,3.281875,1.10825,0.000322217034
47.0,3.281875,1.107875,0.000322217034
47.0,3.28175,1.107375,0.000322217034
47.0,3.281375,1.107625,0.000322217034
47.0,3.2815,1.107625,0.000322217034
47.0,3.282375,1.1075,0.000322217034
47.0,3.28275,1.10725,0.000322217034
47.0,3.282125,1.107375,0.000322217034
47.0,3.281,1.107375,0.000322217034
47.0,3.28075,1.10775,0.000322217034
47.0,3.280875,1.107625,0.000322217034
47.0,3.280875,1.107875,0.000322217034
47.0,3.281,1.107875,0.000322217034
47.0,3.281125,1.108,0.000322217034
47.0,3.280625,1.107875,0.000322217034
47.0,3.2805,1.107875,0.000322217034
47.0,3.281125,1.108125,0.000322217034
47.0,3.28125,1.108,0.000322217034
47.0,3.28125,1.1075,0.000322217034
47.0,3.28175,1.107375,0.000322217034
47.0,3.281625,1.1075,0.000322217034
47.0,3.28175,1.1075,0.000322217034
47.0,3.282,1.1075,0.000322217034
47.0,3.282375,1.107375,0.000322217034
47.0,3.282,1.1075,0.000322217034
47.0,3.28125,1.10775,0.000322217034
47.0,3.281125,1.107875,0.000322217034
47.0,3.28125,1.10775,0.000322217034
47.0,3.28125,1.10775,0.000322217034
47.0,3.281125,1.10775,0.000322217034
47.0,3.280875,1.10775,0.000322217034
47.0,3.281,1.107875,0.000322217034
47.0,3.2815,1.108125,0.000322217034
47.0,3.282125,1.108125,0.000322217034
47.0,3.28225,1.108,0.000322217034
47.0,3.28225,1.10775,0.000322217034
47.0,3.282,1.10725,0.000322217034
47.0,3.28175,1.10775,0.000322217034
47.0,3.281875,1.107625,0.000322217034
47.0,3.2825,1.107375,0.000322217034
47.0,3.28275,1.10725,0.000322217034
47.0,3.281875,1.107375,0.000322217034
47.0,3.281125,1.107625,0.000322217034
48.0,3.298625,1.158375,0.00032217332
48.0,3.298875,1.15875,0.00032217332
48.0,3.29875,1.15875,0.00032217332
48.0,3.297875,1.158625,0.00032217332
48.0,3.29825,1.159,0.00032217332
48.0,3.299,1.159,0.00032217332
48.0,3.29925,1.15875,0.00032217332
48.0,3.2995,1.158375,0.00032217332
48.0,3.2995,1.158375,0.00032217332
48.0,3.299375,1.158375,0.00032217332
48.0,3.299,1.15825,0.00032217332
48.0,3.299375,1.15825,0.00032217332
48.0,3.299625,1.158375,0.00032217332
48.0,3.2995,1.158125,0.00032217332
48.0,3.299375,1.15825,0.00032217332
48.0,3.29825,1.158375,0.00032217332
48.0,3.298375,1.1585,0.00032217332
48.0,3.298625,1.1585,0.00032217332
48.0,3.29825,1.1585,0.00032217332
48.0,3.298125,1.158625,0.00032217332
48.0,3.29775,1.1585,0.00032217332
48.0,3.2985,1.158875,0.00032217332
48.0,3.299125,1.158875,0.00032217332
48.0,3.299375,1.15875,0.00032217332
48.0,3.29925,1.15875,0.00032217332
48.0,3.29925,1.1585,0.00032217332
48.0,3.299125,1.15825,0.00032217332
48.0,3.299,1.15825,0.00032217332
48.0,3.299375,1.158375,0.00032217332
48.0,3.3,1.15825,0.00032217332
48.0,3.299625,1.157875,0.00032217332
48.0,3.298875,1.15825,0.00032217332
48.0,3.298125,1.158625,0.00032217332
48.0,3.298375,1.158625,0.00032217332
48.0,3.298875,1.15875,0.00032217332
48.0,3.299125,1.15875,0.00032217332
48.0,3.298375,1.158625,0.00032217332
48.0,3.2975,1.158875,0.00032217332
48.0,3.298375,1.158875,0.00032217332
48.0,3.299375,1.159,0.00032217332
48.0,3.298875,1.158875,0.00032217332
48.0,3.298875,1.158875,0.00032217332
48.0,3.299125,1.1585,0.00032217332
48.0,3.299125,1.158125,0.00032217332
48.0,3.299375,1.15825,0.00032217332
48.0,3.2995,1.1585,0.00032217332
48.0,3.30025,1.15825,0.00032217332
48.0,3.3,1.158125,0.00032217332
48.0,3.299375,1.15825,0.00032217332
48.0,3.298875,1.1585,0.00032217332
48.0,3.298625,1.1585,0.00032217332
48.0,3.298875,1.158625,0.00032217332
48.0,3.298625,1.15875,0.00032217332
48.0,3.298375,1.158625,0.00032217332
48.0,3.29825,1.159,0.00032217332
48.0,3.299125,1.159,0.00032217332
48.0,3.299125,1.158875,0.00032217332
48.0,3.299125,1.158875,0.00032217332
48.0,3.29925,1.158625,0.00032217332
48.0,3.299625,1.158375,0.00032217332
48.0,3.299375,1.1585,0.00032217332
48.0,3.29975,1.1585,0.00032217332
48.0,3.300375,1.158375,0.00032217332
48.0,3.30075,1.158375,0.00032217332
48.0,3.29975,1.158125,0.00032217332
48.0,3.298875,1.158625,0.00032217332
48.0,3.29825,1.1585,0.00032217332
48.0,3.29825,1.1585,0.00032217332
48.0,3.2985,1.1585,0.00032217332
48.0,3.298375,1.158625,0.00032217332
48.0,3.298125,1.158625,0.00032217332
48.0,3.2985,1.158875,0.00032217332
48.0,3.298875,1.158875,0.00032217332
48.0,3.298875,1.158875,0.00032217332
48.0,3.298625,1.15875,0.00032217332
48.0,3.29875,1.158375,0.00032217332
48.0,3.299375,1.158375,0.00032217332
48.0,3.299,1.158375,0.00032217332
48.0,3.299375,1.15825,0.00032217332
48.0,3.300375,1.158125,0.00032217332
48.0,3.3,1.158,0.00032217332
48.0,3.299625,1.158,0.00032217332
48.0,3.298875,1.158375,0.00032217332
48.0,3.299,1.158375,0.00032217332
48.0,3.299125,1.158375,0.00032217332
48.0,3.29925,1.158625,0.00032217332
48.0,3.298625,1.158625,0.00032217332
48.0,3.29825,1.1585,0.00032217332
48.0,3.298875,1.159,0.00032217332
48.0,3.298875,1.159,0.00032217332
48.0,3.299375,1.159,0.00032217332
48.0,3.299125,1.158625,0.00032217332
48.0,3.29925,1.15825,0.00032217332
48.0,3.29925,1.158375,0.00032217332
48.0,3.299375,1.15825,0.00032217332
48.0,3.300125,1.158125,0.00032217332
48.0,3.300625,1.15825,0.00032217332
48.0,3.3005,1.158,0.00032217332
48.0,3.299375,1.158125,0.00032217332
48.0,3.2985,1.1585,0.00032217332
48.0,3.299125,1.158375,0.00032217332
48.0,3.2995,1.158625,0.00032217332
48.0,3.299125,1.1585,0.00032217332
48.0,3.2985,1.158625,0.00032217332
48.0,3.298625,1.158875,0.00032217332
48.0,3.29925,1.158875,0.00032217332
48.0,3.29925,1.158875,0.00032217332
48.0,3.29925,1.158875,0.00032217332
48.0,3.299375,1.1585,0.00032217332
48.0,3.299625,1.158125,0.00032217332
48.0,3.299375,1.15825,0.00032217332
48.0,3.299625,1.158375,0.00032217332
48.0,3.300125,1.1585,0.00032217332
48.0,3.30025,1.15825,0.00032217332
48.0,3.299625,1.158125,0.00032217332
48.0,3.29825,1.158375,0.00032217332
48.0,3.298375,1.158625,0.00032217332
48.0,3.298375,1.158625,0.00032217332
48.0,3.298625,1.158625,0.00032217332
48.0,3.29925,1.1585,0.00032217332
48.0,3.298625,1.15875,0.00032217332
48.0,3.29825,1.159,0.00032217332
48.0,3.29825,1.159,0.00032217332
48.0,3.29875,1.159,0.00032217332
48.0,3.299,1.158625,0.00032217332
48.0,3.299,1.158375,0.00032217332
48.0,3.299125,1.158125,0.00032217332
48.0,3.299,1.158375,0.00032217332
48.0,3.29975,1.158375,0.00032217332
48.0,3.300375,1.15825,0.00032217332
48.0,3.300125,1.158125,0.00032217332
48.0,3.299125,1.15825,0.00032217332
48.0,3.298375,1.15825,0.00032217332
48.0,3.29825,1.15825,0.00032217332
48.0,3.298375,1.158375,0.00032217332
48.0,3.2985,1.1585,0.00032217332
48.0,3.2985,1.158375,0.00032217332
48.0,3.298375,1.1585,0.00032217332
48.0,3.298375,1.1585,0.00032217332
48.0,3.298875,1.15875,0.00032217332
48.0,3.299375,1.158875,0.00032217332
48.0,3.299125,1.15875,0.00032217332
48.0,3.29925,1.15825,0.00032217332
48.0,3.299375,1.158,0.00032217332
48.0,3.2995,1.158,0.00032217332
48.0,3.299875,1.15825,0.00032217332
48.0,3.30025,1.158125,0.00032217332
48.0,3.29975,1.158125,0.00032217332
48.0,3.299375,1.15825,0.00032217332
48.0,3.298875,1.158375,0.00032217332
48.0,3.299,1.15825,0.00032217332
48.0,3.299,1.158375,0.00032217332
48.0,3.29925,1.158375,0.00032217332
48.0,3.298625,1.158375,0.00032217332
48.0,3.298625,1.158375,0.00032217332
48.0,3.298375,1.15875,0.00032217332
48.0,3.299125,1.159,0.00032217332
48.0,3.299125,1.158875,0.00032217332
48.0,3.299,1.158375,0.00032217332
48.0,3.299375,1.158125,0.00032217332
48.0,3.299,1.158,0.00032217332
48.0,3.299375,1.158125,0.00032217332
48.0,3.3,1.158,0.00032217332
48.0,3.300625,1.158,0.00032217332
48.0,3.29975,1.158125,0.00032217332
48.0,3.29875,1.1585,0.00032217332
48.0,3.2985,1.158375,0.00032217332
48.0,3.298875,1.158375,0.00032217332
48.0,3.299375,1.1585,0.00032217332
49.0,3.311875,1.20675,0.000322247419
49.0,3.311,1.207,0.000322247419
49.0,3.310875,1.207,0.000322247419
49.0,3.311,1.206875,0.000322247419
49.0,3.311375,1.207,0.000322247419
49.0,3.310625,1.207,0.000322247419
49.0,3.3105,1.20725,0.000322247419
49.0,3.311125,1.207375,0.000322247419
49.0,3.311125,1.207375,0.000322247419
49.0,3.311375,1.2075,0.000322247419
49.0,3.3115,1.207375,0.000322247419
49.0,3.311875,1.20675,0.000322247419
49.0,3.311625,1.20675,0.000322247419
49.0,3.31175,1.206625,0.000322247419
49.0,3.312125,1.206625,0.000322247419
49.0,3.3125,1.206625,0.000322247419
49.0,3.312125,1.2065,0.000322247419
49.0,3.311125,1.206875,0.000322247419
49.0,3.311,1.206875,0.000322247419
49.0,3.311,1.206875,0.000322247419
49.0,3.310875,1.207125,0.000322247419
49.0,3.31075,1.207125,0.000322247419
49.0,3.31025,1.206875,0.000322247419
49.0,3.310875,1.20725,0.000322247419
49.0,3.310875,1.20725,0.000322247419
49.0,3.311875,1.2075,0.000322247419
49.0,3.31175,1.2075,0.000322247419
49.0,3.31175,1.206875,0.000322247419
49.0,3.311875,1.20675,0.000322247419
49.0,3.312125,1.20675,0.000322247419
49.0,3.312,1.206875,0.000322247419
49.0,3.31225,1.206625,0.000322247419
49.0,3.312625,1.206375,0.000322247419
49.0,3.312125,1.206375,0.000322247419
49.0,3.311,1.207125,0.000322247419
49.0,3.310875,1.20725,0.000322247419
49.0,3.311125,1.207,0.000322247419
49.0,3.31125,1.20725,0.000322247419
49.0,3.310875,1.207,0.000322247419
49.0,3.310625,1.20725,0.000322247419
49.0,3.31125,1.20725,0.000322247419
49.0,3.31125,1.207375,0.000322247419
49.0,3.311625,1.2075,0.000322247419
49.0,3.311375,1.207125,0.000322247419
49.0,3.311625,1.20675,0.000322247419
49.0,3.312125,1.20675,0.000322247419
49.0,3.31175,1.20675,0.000322247419
49.0,3.31225,1.206875,0.000322247419
49.0,3.312625,1.206625,0.000322247419
49.0,3.312,1.2065,0.000322247419
49.0,3.31125,1.206625,0.000322247419
49.0,3.3105,1.207,0.000322247419
49.0,3.31075,1.207125,0.000322247419
49.0,3.310875,1.207125,0.000322247419
49.0,3.31075,1.207125,0.000322247419
49.0,3.3105,1.207,0.000322247419
49.0,3.310625,1.207375,0.000322247419
49.0,3.310625,1.207375,0.000322247419
49.0,3.311125,1.207625,0.000322247419
49.0,3.31125,1.207625,0.000322247419
49.0,3.311375,1.20725,0.000322247419
49.0,3.311625,1.20675,0.000322247419
49.0,3.311875,1.206875,0.000322247419
49.0,3.31175,1.206875,0.000322247419
49.0,3.312625,1.20675,0.000322247419
49.0,3.313,1.2065,0.000322247419
49.0,3.312125,1.206375,0.000322247419
49.0,3.311,1.206625,0.000322247419
49.0,3.310375,1.207,0.000322247419
49.0,3.311125,1.207,0.000322247419
49.0,3.31175,1.20725,0.000322247419
49.0,3.31125,1.20725,0.000322247419
49.0,3.310875,1.207125,0.000322247419
49.0,3.310875,1.207125,0.000322247419
49.0,3.311,1.20725,0.000322247419
49.0,3.311625,1.207125,0.000322247419
49.0,3.311625,1.20725,0.000322247419
49.0,3.31125,1.207,0.000322247419
49.0,3.311625,1.206625,0.000322247419
49.0,3.312,1.20675,0.000322247419
49.0,3.312125,1.20675,0.000322247419
49.0,3.312875,1.206625,0.000322247419
49.0,3.31325,1.206625,0.000322247419
49.0,3.31225,1.2065,0.000322247419
49.0,3.310875,1.206875,0.000322247419
49.0,3.310875,1.207,0.000322247419
49.0,3.311,1.207,0.000322247419
49.0,3.311375,1.20725,0.000322247419
49.0,3.31125,1.207125,0.000322247419
49.0,3.31125,1.207125,0.000322247419
49.0,3.310625,1.20725,0.000322247419
49.0,3.310875,1.207375,0.000322247419
49.0,3.311625,1.207375,0.000322247419
49.0,3.311875,1.207,0.000322247419
49.0,3.311625,1.206875,0.000322247419
49.0,3.31175,1.206625,0.000322247419
49.0,3.312,1.206625,0.000322247419
49.0,3.3125,1.20675,0.000322247419
49.0,3.313125,1.206625,0.000322247419
49.0,3.31275,1.206625,0.000322247419
49.0,3.312125,1.206625,0.000322247419
49.0,3.31125,1.207,0.000322247419
49.0,3.311125,1.207,0.000322247419
49.0,3.311375,1.206875,0.000322247419
49.0,3.3115,1.207125,0.000322247419
49.0,3.3115,1.207125,0.000322247419
49.0,3.310875,1.207125,0.000322247419
49.0,3.311,1.20725,0.000322247419
49.0,3.311625,1.207375,0.000322247419
49.0,3.31175,1.207375,0.000322247419
49.0,3.311375,1.207125,0.000322247419
49.0,3.311375,1.206625,0.000322247419
49.0,3.3115,1.206625,0.000322247419
49.0,3.311625,1.20675,0.000322247419
49.0,3.3125,1.20675,0.000322247419
49.0,3.312875,1.206625,0.000322247419
49.0,3.312625,1.2065,0.000322247419
49.0,3.31175,1.20675,0.000322247419
49.0,3.311125,1.206875,0.000322247419
49.0,3.311375,1.206875,0.000322247419
49.0,3.311375,1.207125,0.000322247419
49.0,3.311375,1.207125,0.000322247419
49.0,3.311375,1.207125,0.000322247419
49.0,3.31075,1.207125,0.000322247419
49.0,3.31125,1.20725,0.000322247419
49.0,3.31175,1.20775,0.000322247419
49.0,3.311375,1.2075,0.000322247419
49.0,3.3115,1.207,0.000322247419
49.0,3.311875,1.20675,0.000322247419
49.0,3.311875,1.20675,0.000322247419
49.0,3.31175,1.206875,0.000322247419
49.0,3.31225,1.20675,0.000322247419
49.0,3.3125,1.206625,0.000322247419
49.0,3.312125,1.206625,0.000322247419
49.0,3.3115,1.206875,0.000322247419
49.0,3.311375,1.207,0.000322247419
49.0,3.311375,1.207,0.000322247419
49.0,3.31125,1.207,0.000322247419
49.0,3.31125,1.207125,0.000322247419
49.0,3.311,1.207125,0.000322247419
49.0,3.3105,1.207125,0.000322247419
49.0,3.31075,1.2075,0.000322247419
49.0,3.31125,1.2075,0.000322247419
49.0,3.311,1.207375,0.000322247419
49.0,3.3115,1.207,0.000322247419
49.0,3.311875,1.20675,0.000322247419
49.0,3.3115,1.206625,0.000322247419
49.0,3.31175,1.20675,0.000322247419
49.0,3.312375,1.20675,0.000322247419
49.0,3.312,1.206625,0.000322247419
49.0,3.3115,1.206875,0.000322247419
49.0,3.311,1.207125,0.000322247419
49.0,3.310875,1.206875,0.000322247419
49.0,3.3115,1.207,0.000322247419
49.0,3.3115,1.207,0.000322247419
49.0,3.311375,1.20725,0.000322247419
49.0,3.310875,1.20725,0.000322247419
49.0,3.31075,1.207375,0.000322247419
49.0,3.3115,1.2075,0.000322247419
49.0,3.311625,1.20725,0.000322247419
49.0,3.311375,1.207125,0.000322247419
49.0,3.311875,1.206625,0.000322247419
49.0,3.31175,1.206625,0.000322247419
49.0,3.31175,1.20675,0.000322247419
49.0,3.3125,1.206875,0.000322247419
49.0,3.312875,1.206625,0.000322247419
49.0,3.31275,1.206625,0.000322247419
49.0,3.31175,1.206875,0.000322247419
49.0,3.311,1.207,0.000322247419
50.0,3.325,1.258875,0.00032221587
50.0,3.324875,1.25875,0.00032221587
50.0,3.325625,1.259,0.00032221587
50.0,3.325875,1.259125,0.00032221587
50.0,3.324875,1.259,0.00032221587
50.0,3.325,1.259125,0.00032221587
50.0,3.32525,1.259375,0.00032221587
50.0,3.3255,1.259375,0.00032221587
50.0,3.3255,1.259375,0.00032221587
50.0,3.325625,1.259,0.00032221587
50.0,3.325375,1.2585,0.00032221587
50.0,3.32575,1.2585,0.00032221587
50.0,3.325875,1.258875,0.00032221587
50.0,3.3265,1.2585,0.00032221587
50.0,3.32675,1.258375,0.00032221587
50.0,3.32625,1.25825,0.00032221587
50.0,3.325375,1.2585,0.00032221587
50.0,3.324625,1.25875,0.00032221587
50.0,3.325125,1.258625,0.00032221587
50.0,3.325625,1.258875,0.00032221587
50.0,3.32525,1.259125,0.00032221587
50.0,3.324625,1.259,0.00032221587
50.0,3.325,1.259375,0.00032221587
50.0,3.326,1.2595,0.00032221587
50.0,3.326,1.259375,0.00032221587
50.0,3.3255,1.259375,0.00032221587
50.0,3.325125,1.258875,0.00032221587
50.0,3.32575,1.25875,0.00032221587
50.0,3.326,1.25875,0.00032221587
50.0,3.326125,1.25875,0.00032221587
50.0,3.3265,1.258875,0.00032221587
50.0,3.326625,1.2585,0.00032221587
50.0,3.32625,1.2585,0.00032221587
50.0,3.325125,1.259125,0.00032221587
50.0,3.324625,1.259,0.00032221587
50.0,3.32525,1.259,0.00032221587
50.0,3.325875,1.25925,0.00032221587
50.0,3.325625,1.259125,0.00032221587
50.0,3.32525,1.259125,0.00032221587
50.0,3.3255,1.25925,0.00032221587
50.0,3.3255,1.259375,0.00032221587
50.0,3.325625,1.259375,0.00032221587
50.0,3.32525,1.259125,0.00032221587
50.0,3.326,1.258875,0.00032221587
50.0,3.32625,1.258625,0.00032221587
50.0,3.32575,1.25875,0.00032221587
50.0,3.325875,1.258625,0.00032221587
50.0,3.326875,1.258625,0.00032221587
50.0,3.32675,1.258375,0.00032221587
50.0,3.326,1.25875,0.00032221587
50.0,3.32575,1.259125,0.00032221587
50.0,3.32525,1.258875,0.00032221587
50.0,3.325375,1.25875,0.00032221587
50.0,3.325375,1.259125,0.00032221587
50.0,3.325,1.259125,0.00032221587
50.0,3.325,1.25925,0.00032221587
50.0,3.32575,1.2595,0.00032221587
50.0,3.32575,1.2595,0.00032221587
50.0,3.325875,1.2595,0.00032221587
50.0,3.32575,1.259,0.00032221587
50.0,3.326,1.25875,0.00032221587
50.0,3.325875,1.258875,0.00032221587
50.0,3.326,1.258875,0.00032221587
50.0,3.326875,1.258875,0.00032221587
50.0,3.327125,1.258875,0.00032221587
50.0,3.326625,1.258625,0.00032221587
50.0,3.3255,1.25875,0.00032221587
50.0,3.324875,1.259125,0.00032221587
50.0,3.3255,1.258875,0.00032221587
50.0,3.325875,1.259,0.00032221587
50.0,3.325625,1.259,0.00032221587
50.0,3.32475,1.259,0.00032221587
50.0,3.32425,1.259375,0.00032221587
50.0,3.32425,1.259375,0.00032221587
50.0,3.325125,1.259375,0.00032221587
50.0,3.325625,1.25925,0.00032221587
50.0,3.325875,1.259,0.00032221587
50.0,3.32625,1.25875,0.00032221587
50.0,3.32575,1.25875,0.00032221587
50.0,3.32625,1.25875,0.00032221587
50.0,3.327,1.25875,0.00032221587
50.0,3.326625,1.258375,0.00032221587
50.0,3.3255,1.2585,0.00032221587
50.0,3.32525,1.258875,0.00032221587
50.0,3.325,1.25875,0.00032221587
50.0,3.3255,1.259,0.00032221587
50.0,3.3255,1.259125,0.00032221587
50.0,3.325375,1.259,0.00032221587
50.0,3.324875,1.259125,0.00032221587
50.0,3.324875,1.259125,0.00032221587
50.0,3.325125,1.259375,0.00032221587
50.0,3.32575,1.2595,0.00032221587
50.0,3.32575,1.259125,0.00032221587
50.0,3.326125,1.25875,0.00032221587
50.0,3.326125,1.2585,0.00032221587
50.0,3.325625,1.25875,0.00032221587
50.0,3.32625,1.258875,0.00032221587
50.0,3.32675,1.25875,0.00032221587
50.0,3.326625,1.2585,0.00032221587
50.0,3.32625,1.258625,0.00032221587
50.0,3.32525,1.258875,0.00032221587
50.0,3.32525,1.258875,0.00032221587
50.0,3.32575,1.259125,0.00032221587
50.0,3.325875,1.259125,0.00032221587
50.0,3.32575,1.259,0.00032221587
50.0,3.32575,1.259,0.00032221587
50.0,3.325125,1.25925,0.00032221587
50.0,3.32525,1.259625,0.00032221587
50.0,3.326,1.25925,0.00032221587
50.0,3.3255,1.25925,0.00032221587
50.0,3.325625,1.258875,0.00032221587
50.0,3.326,1.25875,0.00032221587
50.0,3.326125,1.25875,0.00032221587
50.0,3.326375,1.25875,0.00032221587
50.0,3.327,1.258625,0.00032221587
50.0,3.3265,1.258625,0.00032221587
50.0,3.3255,1.25875,0.00032221587
50.0,3.324625,1.258875,0.00032221587
50.0,3.324875,1.25875,0.00032221587
50.0,3.325375,1.259,0.00032221587
50.0,3.32525,1.259125,0.00032221587
50.0,3.32525,1.259125,0.00032221587
50.0,3.325125,1.259125,0.00032221587
50.0,3.3255,1.259375,0.00032221587
50.0,3.325625,1.259625,0.00032221587
50.0,3.3255,1.2595,0.00032221587
50.0,3.32575,1.259125,0.00032221587
50.0,3.32625,1.258625,0.00032221587
50.0,3.326,1.258625,0.00032221587
50.0,3.326125,1.258625,0.00032221587
50.0,3.32675,1.25875,0.00032221587
50.0,3.32725,1.2585,0.00032221587
50.0,3.3265,1.2585,0.00032221587
50.0,3.32575,1.258875,0.00032221587
50.0,3.32525,1.258875,0.00032221587
50.0,3.32525,1.258875,0.00032221587
50.0,3.32575,1.259125,0.00032221587
50.0,3.32575,1.259,0.00032221587
50.0,3.325375,1.259,0.00032221587
50.0,3.324875,1.259125,0.00032221587
50.0,3.3255,1.259375,0.00032221587
50.0,3.32625,1.259375,0.00032221587
50.0,3.326,1.25925,0.00032221587
50.0,3.325875,1.258875,0.00032221587
50.0,3.326625,1.25875,0.00032221587
50.0,3.32625,1.25875,0.00032221587
50.0,3.326875,1.258875,0.00032221587
50.0,3.327125,1.25875,0.00032221587
50.0,3.32675,1.258375,0.00032221587
50.0,3.326125,1.25875,0.00032221587
50.0,3.325625,1.259,0.00032221587
50.0,3.325875,1.259,0.00032221587
50.0,3.326125,1.258875,0.00032221587
50.0,3.326125,1.259125,0.00032221587
50.0,3.326125,1.259125,0.00032221587
50.0,3.325125,1.259,0.00032221587
50.0,3.324875,1.25925,0.00032221587
50.0,3.325875,1.2595,0.00032221587
50.0,3.32625,1.2595,0.00032221587
50.0,3.326125,1.259375,0.00032221587
50.0,3.32625,1.258875,0.00032221587
50.0,3.326375,1.25875,0.00032221587
50.0,3.32625,1.258875,0.00032221587
50.0,3.32675,1.259,0.00032221587
50.0,3.32725,1.25875,0.00032221587
50.0,3.327,1.258625,0.00032221587
50.0,3.326,1.258875,0.00032221587
50.0,3.324875,1.259125,0.00032221587
50.0,3.3255,1.258875,0.00032221587
51.0,3.33775,1.31,0.000322087144
51.0,3.338,1.31025,0.000322087144
51.0,3.338375,1.310375,0.000322087144
51.0,3.339,1.310375,0.000322087144
51.0,3.338625,1.31,0.000322087144
51.0,3.33775,1.31,0.000322087144
51.0,3.336875,1.310375,0.000322087144
51.0,3.337,1.310625,0.000322087144
51.0,3.337,1.310625,0.000322087144
51.0,3.337,1.310625,0.000322087144
51.0,3.337125,1.310625,0.000322087144
51.0,3.337,1.310625,0.000322087144
51.0,3.3365,1.310875,0.000322087144
51.0,3.337,1.311,0.000322087144
51.0,3.33775,1.311,0.000322087144
51.0,3.33725,1.310625,0.000322087144
51.0,3.337125,1.310125,0.000322087144
51.0,3.33725,1.310125,0.000322087144
51.0,3.33775,1.31025,0.000322087144
51.0,3.338,1.31025,0.000322087144
51.0,3.338375,1.31025,0.000322087144
51.0,3.338,1.31,0.000322087144
51.0,3.337375,1.310125,0.000322087144
51.0,3.33675,1.310125,0.000322087144
51.0,3.33675,1.310125,0.000322087144
51.0,3.337,1.310375,0.000322087144
51.0,3.3375,1.310625,0.000322087144
51.0,3.337,1.31075,0.000322087144
51.0,3.3365,1.310625,0.000322087144
51.0,3.336375,1.310875,0.000322087144
51.0,3.337125,1.311125,0.000322087144
51.0,3.3375,1.310875,0.000322087144
51.0,3.337,1.3105,0.000322087144
51.0,3.337375,1.310375,0.000322087144
51.0,3.337375,1.310125,0.000322087144
51.0,3.337375,1.31025,0.000322087144
51.0,3.338,1.31025,0.000322087144
51.0,3.33825,1.31,0.000322087144
51.0,3.337875,1.30975,0.000322087144
51.0,3.33675,1.31025,0.000322087144
51.0,3.336625,1.310375,0.000322087144
51.0,3.336625,1.310375,0.000322087144
51.0,3.337125,1.310375,0.000322087144
51.0,3.33725,1.310625,0.000322087144
51.0,3.336875,1.3105,0.000322087144
51.0,3.33625,1.3105,0.000322087144
51.0,3.33675,1.311,0.000322087144
51.0,3.33775,1.311125,0.000322087144
51.0,3.3375,1.31075,0.000322087144
51.0,3.337875,1.31025,0.000322087144
51.0,3.33775,1.310125,0.000322087144
51.0,3.3375,1.310125,0.000322087144
51.0,3.338,1.31025,0.000322087144
51.0,3.338625,1.310125,0.000322087144
51.0,3.338125,1.31,0.000322087144
51.0,3.337375,1.310125,0.000322087144
51.0,3.337125,1.310125,0.000322087144
51.0,3.337125,1.310125,0.000322087144
51.0,3.337125,1.31025,0.000322087144
51.0,3.337125,1.310375,0.000322087144
51.0,3.337375,1.310625,0.000322087144
51.0,3.337125,1.310625,0.000322087144
51.0,3.336625,1.31075,0.000322087144
51.0,3.337125,1.311,0.000322087144
51.0,3.3375,1.310625,0.000322087144
51.0,3.3375,1.310375,0.000322087144
51.0,3.338,1.31025,0.000322087144
51.0,3.337625,1.309875,0.000322087144
51.0,3.337625,1.31,0.000322087144
51.0,3.338375,1.310375,0.000322087144
51.0,3.338625,1.31025,0.000322087144
51.0,3.337875,1.31,0.000322087144
51.0,3.33725,1.310125,0.000322087144
51.0,3.33725,1.310125,0.000322087144
51.0,3.336875,1.310375,0.000322087144
51.0,3.33675,1.3105,0.000322087144
51.0,3.337125,1.310625,0.000322087144
51.0,3.33725,1.3105,0.000322087144
51.0,3.336375,1.310625,0.000322087144
51.0,3.336375,1.310625,0.000322087144
51.0,3.33725,1.311,0.000322087144
51.0,3.33725,1.31075,0.000322087144
51.0,3.336875,1.310625,0.000322087144
51.0,3.33725,1.310375,0.000322087144
51.0,3.3375,1.310125,0.000322087144
51.0,3.337625,1.310125,0.000322087144
51.0,3.338,1.310125,0.000322087144
51.0,3.33825,1.310125,0.000322087144
51.0,3.337625,1.309875,0.000322087144
51.0,3.337625,1.309875,0.000322087144
51.0,3.337125,1.310125,0.000322087144
51.0,3.33675,1.310125,0.000322087144
51.0,3.336875,1.3105,0.000322087144
51.0,3.337,1.3105,0.000322087144
51.0,3.33675,1.310375,0.000322087144
51.0,3.33625,1.3105,0.000322087144
51.0,3.336375,1.31075,0.000322087144
51.0,3.336875,1.310875,0.000322087144
51.0,3.337,1.31075,0.000322087144
51.0,3.337375,1.310375,0.000322087144
51.0,3.338,1.31,0.000322087144
51.0,3.337375,1.31,0.000322087144
51.0,3.33775,1.31025,0.000322087144
51.0,3.338375,1.31025,0.000322087144
51.0,3.33825,1.31,0.000322087144
51.0,3.33825,1.31,0.000322087144
51.0,3.337375,1.309875,0.000322087144
51.0,3.33675,1.310375,0.000322087144
51.0,3.33675,1.310375,0.000322087144
51.0,3.337,1.310375,0.000322087144
51.0,3.337,1.3105,0.000322087144
51.0,3.336875,1.3105,0.000322087144
51.0,3.336375,1.310625,0.000322087144
51.0,3.336875,1.311,0.000322087144
51.0,3.33725,1.31075,0.000322087144
51.0,3.337,1.310625,0.000322087144
51.0,3.33725,1.310375,0.000322087144
51.0,3.3375,1.310125,0.000322087144
51.0,3.337625,1.310125,0.000322087144
51.0,3.337625,1.31025,0.000322087144
51.0,3.338375,1.31025,0.000322087144
51.0,3.338375,1.31025,0.000322087144
51.0,3.3385,1.31,0.000322087144
51.0,3.337625,1.310125,0.000322087144
51.0,3.33625,1.310125,0.000322087144
51.0,3.3365,1.310125,0.000322087144
51.0,3.336875,1.310375,0.000322087144
51.0,3.336875,1.310375,0.000322087144
51.0,3.336875,1.310375,0.000322087144
51.0,3.33675,1.3105,0.000322087144
51.0,3.337,1.310875,0.000322087144
51.0,3.337125,1.31075,0.000322087144
51.0,3.337375,1.3105,0.000322087144
51.0,3.337625,1.31025,0.000322087144
51.0,3.337875,1.309875,0.000322087144
51.0,3.337375,1.31,0.000322087144
51.0,3.338125,1.310125,0.000322087144
51.0,3.33825,1.309875,0.000322087144
51.0,3.33825,1.309875,0.000322087144
51.0,3.338,1.30975,0.000322087144
51.0,3.3375,1.310125,0.000322087144
51.0,3.33675,1.31025,0.000322087144
51.0,3.337125,1.31025,0.000322087144
51.0,3.337625,1.3105,0.000322087144
51.0,3.337375,1.310375,0.000322087144
51.0,3.33725,1.31025,0.000322087144
51.0,3.336875,1.3105,0.000322087144
51.0,3.337375,1.31075,0.000322087144
51.0,3.337125,1.310875,0.000322087144
51.0,3.336875,1.3105,0.000322087144
51.0,3.33725,1.310125,0.000322087144
51.0,3.33775,1.31,0.000322087144
51.0,3.338125,1.31025,0.000322087144
51.0,3.33825,1.310125,0.000322087144
51.0,3.33825,1.310125,0.000322087144
51.0,3.3385,1.309875,0.000322087144
51.0,3.338375,1.309875,0.000322087144
51.0,3.33725,1.310375,0.000322087144
51.0,3.336875,1.31,0.000322087144
51.0,3.33675,1.31025,0.000322087144
51.0,3.337125,1.310625,0.000322087144
51.0,3.337125,1.3105,0.000322087144
51.0,3.33625,1.3105,0.000322087144
51.0,3.3365,1.31075,0.000322087144
51.0,3.337625,1.310625,0.000322087144
51.0,3.337625,1.3105,0.000322087144
51.0,3.337625,1.31025,0.000322087144
51.0,3.338,1.310125,0.000322087144
51.0,3.33775,1.31,0.000322087144
52.0,3.345625,1.36075,0.000322066597
52.0,3.3455,1.360875,0.000322066597
52.0,3.346,1.360875,0.000322066597
52.0,3.3465,1.360625,0.000322066597
52.0,3.34625,1.3605,0.000322066597
52.0,3.345375,1.36075,0.000322066597
52.0,3.3445,1.361,0.000322066597
52.0,3.345125,1.361125,0.000322066597
52.0,3.345125,1.361125,0.000322066597
52.0,3.345375,1.361125,0.000322066597
52.0,3.345125,1.36125,0.000322066597
52.0,3.344375,1.361125,0.000322066597
52.0,3.3445,1.361375,0.000322066597
52.0,3.34525,1.3615,0.000322066597
52.0,3.345125,1.36125,0.000322066597
52.0,3.345125,1.361,0.000322066597
52.0,3.34525,1.360625,0.000322066597
52.0,3.345125,1.36075,0.000322066597
52.0,3.345625,1.36075,0.000322066597
52.0,3.346125,1.36075,0.000322066597
52.0,3.346375,1.3605,0.000322066597
52.0,3.345875,1.3605,0.000322066597
52.0,3.345,1.36075,0.000322066597
52.0,3.344625,1.360875,0.000322066597
52.0,3.344625,1.360875,0.000322066597
52.0,3.345,1.360875,0.000322066597
52.0,3.345125,1.361,0.000322066597
52.0,3.345,1.361,0.000322066597
52.0,3.34475,1.361,0.000322066597
52.0,3.345125,1.3615,0.000322066597
52.0,3.34575,1.361625,0.000322066597
52.0,3.345375,1.3615,0.000322066597
52.0,3.345375,1.361,0.000322066597
52.0,3.34575,1.36075,0.000322066597
52.0,3.34575,1.360875,0.000322066597
52.0,3.346,1.36075,0.000322066597
52.0,3.346375,1.36075,0.000322066597
52.0,3.34625,1.360375,0.000322066597
52.0,3.34575,1.36075,0.000322066597
52.0,3.345,1.361,0.000322066597
52.0,3.345,1.361,0.000322066597
52.0,3.345,1.361,0.000322066597
52.0,3.34525,1.360875,0.000322066597
52.0,3.34525,1.361125,0.000322066597
52.0,3.34475,1.361,0.000322066597
52.0,3.3445,1.361,0.000322066597
52.0,3.345125,1.361375,0.000322066597
52.0,3.345625,1.36125,0.000322066597
52.0,3.34525,1.361,0.000322066597
52.0,3.34525,1.36075,0.000322066597
52.0,3.3455,1.360625,0.000322066597
52.0,3.345625,1.36075,0.000322066597
52.0,3.346,1.36075,0.000322066597
52.0,3.346625,1.360625,0.000322066597
52.0,3.346625,1.360625,0.000322066597
52.0,3.345625,1.36075,0.000322066597
52.0,3.3445,1.36075,0.000322066597
52.0,3.3445,1.36075,0.000322066597
52.0,3.344375,1.3605,0.000322066597
52.0,3.344875,1.360875,0.000322066597
52.0,3.344625,1.36125,0.000322066597
52.0,3.3445,1.36125,0.000322066597
52.0,3.344625,1.36125,0.000322066597
52.0,3.34525,1.361625,0.000322066597
52.0,3.3455,1.3615,0.000322066597
52.0,3.345375,1.361125,0.000322066597
52.0,3.345625,1.360875,0.000322066597
52.0,3.34525,1.360625,0.000322066597
52.0,3.345125,1.36075,0.000322066597
52.0,3.346125,1.36075,0.000322066597
52.0,3.3465,1.360375,0.000322066597
52.0,3.346,1.36025,0.000322066597
52.0,3.344875,1.36075,0.000322066597
52.0,3.344875,1.36075,0.000322066597
52.0,3.3445,1.360875,0.000322066597
52.0,3.34525,1.360875,0.000322066597
52.0,3.34525,1.361,0.000322066597
52.0,3.34475,1.361,0.000322066597
52.0,3.344,1.361125,0.000322066597
52.0,3.34475,1.361375,0.000322066597
52.0,3.34575,1.3615,0.000322066597
52.0,3.3455,1.361375,0.000322066597
52.0,3.344875,1.360875,0.000322066597
52.0,3.345625,1.360625,0.000322066597
52.0,3.345625,1.360625,0.000322066597
52.0,3.34625,1.36075,0.000322066597
52.0,3.346875,1.3605,0.000322066597
52.0,3.3465,1.3605,0.000322066597
52.0,3.345875,1.360375,0.000322066597
52.0,3.345875,1.360375,0.000322066597
52.0,3.345125,1.36075,0.000322066597
52.0,3.344875,1.360875,0.000322066597
52.0,3.34525,1.36075,0.000322066597
52.0,3.3455,1.361125,0.000322066597
52.0,3.344625,1.360875,0.000322066597
52.0,3.344375,1.361,0.000322066597
52.0,3.344875,1.36125,0.000322066597
52.0,3.3455,1.361125,0.000322066597
52.0,3.3455,1.361125,0.000322066597
52.0,3.345625,1.360625,0.000322066597
52.0,3.345875,1.3605,0.000322066597
52.0,3.345875,1.36075,0.000322066597
52.0,3.346375,1.36075,0.000322066597
52.0,3.34675,1.360625,0.000322066597
52.0,3.346375,1.36025,0.000322066597
52.0,3.346375,1.36025,0.000322066597
52.0,3.34575,1.3605,0.000322066597
52.0,3.345,1.360875,0.000322066597
52.0,3.3445,1.361,0.000322066597
52.0,3.34475,1.360875,0.000322066597
52.0,3.345,1.361125,0.000322066597
52.0,3.344625,1.361,0.000322066597
52.0,3.344625,1.361125,0.000322066597
52.0,3.3455,1.361375,0.000322066597
52.0,3.34525,1.36125,0.000322066597
52.0,3.345375,1.361125,0.000322066597
52.0,3.34575,1.360625,0.000322066597
52.0,3.346,1.3605,0.000322066597
52.0,3.346375,1.360625,0.000322066597
52.0,3.34675,1.360625,0.000322066597
52.0,3.347125,1.360375,0.000322066597
52.0,3.347125,1.36025,0.000322066597
52.0,3.346375,1.36025,0.000322066597
52.0,3.345625,1.360625,0.000322066597
52.0,3.34525,1.36075,0.000322066597
52.0,3.345125,1.36075,0.000322066597
52.0,3.3455,1.361125,0.000322066597
52.0,3.345125,1.361125,0.000322066597
52.0,3.34475,1.360875,0.000322066597
52.0,3.344875,1.36125,0.000322066597
52.0,3.34525,1.361375,0.000322066597
52.0,3.34575,1.361125,0.000322066597
52.0,3.3455,1.3605,0.000322066597
52.0,3.346125,1.360375,0.000322066597
52.0,3.346125,1.360625,0.000322066597
52.0,3.34625,1.360625,0.000322066597
52.0,3.34675,1.3605,0.000322066597
52.0,3.34675,1.360375,0.000322066597
52.0,3.346625,1.360375,0.000322066597
52.0,3.346375,1.360375,0.000322066597
52.0,3.34525,1.360625,0.000322066597
52.0,3.344875,1.36075,0.000322066597
52.0,3.34525,1.360875,0.000322066597
52.0,3.3455,1.361125,0.000322066597
52.0,3.34525,1.361,0.000322066597
52.0,3.345,1.360875,0.000322066597
52.0,3.345125,1.36125,0.000322066597
52.0,3.34575,1.361375,0.000322066597
52.0,3.346,1.360875,0.000322066597
52.0,3.346125,1.360375,0.000322066597
52.0,3.34625,1.360375,0.000322066597
52.0,3.345875,1.3605,0.000322066597
52.0,3.346375,1.360625,0.000322066597
52.0,3.34675,1.360375,0.000322066597
52.0,3.34675,1.360375,0.000322066597
52.0,3.346,1.36,0.000322066597
52.0,3.345625,1.360125,0.000322066597
52.0,3.344625,1.360625,0.000322066597
52.0,3.345,1.36075,0.000322066597
52.0,3.345375,1.361,0.000322066597
52.0,3.34525,1.361,0.000322066597
52.0,3.345,1.360875,0.000322066597
52.0,3.344875,1.361125,0.000322066597
52.0,3.345625,1.3615,0.000322066597
52.0,3.34575,1.361375,0.000322066597
52.0,3.34525,1.360875,0.000322066597
52.0,3.345875,1.360875,0.000322066597
52.0,3.346,1.360375,0.000322066597
52.0,3.346,1.360625,0.000322066597
53.0,3.35175,1.411875,0.000322040636
53.0,3.352,1.41175,0.000322040636
53.0,3.35175,1.411875,0.000322040636
53.0,3.3525,1.412,0.000322040636
53.0,3.353,1.411875,0.000322040636
53.0,3.35275,1.4115,0.000322040636
53.0,3.35175,1.412,0.000322040636
53.0,3.351,1.412125,0.000322040636
53.0,3.351,1.412125,0.000322040636
53.0,3.35125,1.412,0.000322040636
53.0,3.35125,1.412125,0.000322040636
53.0,3.351625,1.412375,0.000322040636
53.0,3.350875,1.4125,0.000322040636
53.0,3.350625,1.41275,0.000322040636
53.0,3.3515,1.412875,0.000322040636
53.0,3.351875,1.4125,0.000322040636
53.0,3.35225,1.41225,0.000322040636
53.0,3.352375,1.411875,0.000322040636
53.0,3.35225,1.411875,0.000322040636
53.0,3.352,1.412125,0.000322040636
53.0,3.352375,1.411875,0.000322040636
53.0,3.353,1.411625,0.000322040636
53.0,3.352375,1.411375,0.000322040636
53.0,3.351625,1.411875,0.000322040636
53.0,3.351625,1.411875,0.000322040636
53.0,3.351125,1.411875,0.000322040636
53.0,3.35125,1.412,0.000322040636
53.0,3.35175,1.41225,0.000322040636
53.0,3.3515,1.412375,0.000322040636
53.0,3.351,1.41225,0.000322040636
53.0,3.350875,1.41275,0.000322040636
53.0,3.3515,1.412875,0.000322040636
53.0,3.351125,1.4125,0.000322040636
53.0,3.35175,1.412125,0.000322040636
53.0,3.35225,1.41175,0.000322040636
53.0,3.351875,1.412,0.000322040636
53.0,3.35225,1.412,0.000322040636
53.0,3.352875,1.411875,0.000322040636
53.0,3.35275,1.4115,0.000322040636
53.0,3.352125,1.411625,0.000322040636
53.0,3.351,1.412,0.000322040636
53.0,3.351,1.412,0.000322040636
53.0,3.3505,1.411875,0.000322040636
53.0,3.351375,1.411875,0.000322040636
53.0,3.35175,1.41225,0.000322040636
53.0,3.351,1.412375,0.000322040636
53.0,3.350625,1.41225,0.000322040636
53.0,3.351,1.412625,0.000322040636
53.0,3.351375,1.41275,0.000322040636
53.0,3.351375,1.412375,0.000322040636
53.0,3.351625,1.411875,0.000322040636
53.0,3.352125,1.411625,0.000322040636
53.0,3.352125,1.41175,0.000322040636
53.0,3.3525,1.41175,0.000322040636
53.0,3.35325,1.411625,0.000322040636
53.0,3.353125,1.411375,0.000322040636
53.0,3.351875,1.411625,0.000322040636
53.0,3.351875,1.411625,0.000322040636
53.0,3.350875,1.412,0.000322040636
53.0,3.351375,1.411875,0.000322040636
53.0,3.35175,1.412125,0.000322040636
53.0,3.351625,1.412375,0.000322040636
53.0,3.35075,1.412125,0.000322040636
53.0,3.351125,1.4125,0.000322040636
53.0,3.351625,1.412625,0.000322040636
53.0,3.35175,1.41225,0.000322040636
53.0,3.35175,1.412,0.000322040636
53.0,3.35225,1.411875,0.000322040636
53.0,3.352375,1.41175,0.000322040636
53.0,3.352,1.411875,0.000322040636
53.0,3.3525,1.411875,0.000322040636
53.0,3.352875,1.41175,0.000322040636
53.0,3.352125,1.411625,0.000322040636
53.0,3.352125,1.411625,0.000322040636
53.0,3.35125,1.41175,0.000322040636
53.0,3.350875,1.411875,0.000322040636
53.0,3.351125,1.412,0.000322040636
53.0,3.35175,1.412125,0.000322040636
53.0,3.351625,1.41225,0.000322040636
53.0,3.351125,1.41225,0.000322040636
53.0,3.35125,1.412375,0.000322040636
53.0,3.35175,1.412625,0.000322040636
53.0,3.351625,1.41225,0.000322040636
53.0,3.352,1.41175,0.000322040636
53.0,3.352375,1.4115,0.000322040636
53.0,3.352125,1.411625,0.000322040636
53.0,3.3525,1.411875,0.000322040636
53.0,3.353125,1.411875,0.000322040636
53.0,3.352875,1.411625,0.000322040636
53.0,3.352875,1.411625,0.000322040636
53.0,3.352,1.41175,0.000322040636
53.0,3.351125,1.412,0.000322040636
53.0,3.35075,1.412,0.000322040636
53.0,3.352,1.41175,0.000322040636
53.0,3.352375,1.41225,0.000322040636
53.0,3.351375,1.412125,0.000322040636
53.0,3.350625,1.41225,0.000322040636
53.0,3.351125,1.412625,0.000322040636
53.0,3.352,1.4125,0.000322040636
53.0,3.35225,1.41225,0.000322040636
53.0,3.35225,1.412,0.000322040636
53.0,3.352125,1.412,0.000322040636
53.0,3.352125,1.412,0.000322040636
53.0,3.353,1.411875,0.000322040636
53.0,3.353375,1.41175,0.000322040636
53.0,3.353375,1.41175,0.000322040636
53.0,3.352875,1.411375,0.000322040636
53.0,3.35225,1.41175,0.000322040636
53.0,3.351125,1.412,0.000322040636
53.0,3.351375,1.412,0.000322040636
53.0,3.3515,1.412125,0.000322040636
53.0,3.351625,1.41225,0.000322040636
53.0,3.35125,1.412,0.000322040636
53.0,3.35125,1.41225,0.000322040636
53.0,3.351625,1.4125,0.000322040636
53.0,3.351625,1.412375,0.000322040636
53.0,3.351625,1.412,0.000322040636
53.0,3.352125,1.411625,0.000322040636
53.0,3.3525,1.411375,0.000322040636
53.0,3.352375,1.4115,0.000322040636
53.0,3.353,1.411625,0.000322040636
53.0,3.353,1.411625,0.000322040636
53.0,3.353125,1.41125,0.000322040636
53.0,3.352375,1.411125,0.000322040636
53.0,3.35175,1.411375,0.000322040636
53.0,3.35125,1.41175,0.000322040636
53.0,3.35175,1.411875,0.000322040636
53.0,3.351875,1.412,0.000322040636
53.0,3.3515,1.411875,0.000322040636
53.0,3.351125,1.411875,0.000322040636
53.0,3.3515,1.412125,0.000322040636
53.0,3.352,1.41225,0.000322040636
53.0,3.351875,1.412125,0.000322040636
53.0,3.352,1.412,0.000322040636
53.0,3.352125,1.411625,0.000322040636
53.0,3.352,1.4115,0.000322040636
53.0,3.35225,1.411625,0.000322040636
53.0,3.353375,1.411625,0.000322040636
53.0,3.353375,1.411625,0.000322040636
53.0,3.353625,1.4115,0.000322040636
53.0,3.35275,1.411375,0.000322040636
53.0,3.3515,1.411625,0.000322040636
53.0,3.351625,1.41175,0.000322040636
53.0,3.352,1.411875,0.000322040636
53.0,3.352125,1.412125,0.000322040636
53.0,3.352,1.412125,0.000322040636
53.0,3.351375,1.412125,0.000322040636
53.0,3.351625,1.4125,0.000322040636
53.0,3.35225,1.4125,0.000322040636
53.0,3.352,1.41225,0.000322040636
53.0,3.35225,1.4115,0.000322040636
53.0,3.352375,1.4115,0.000322040636
53.0,3.352625,1.411625,0.000322040636
53.0,3.353,1.41175,0.000322040636
53.0,3.353,1.41175,0.000322040636
53.0,3.3535,1.4115,0.000322040636
53.0,3.35325,1.41125,0.000322040636
53.0,3.3525,1.411375,0.000322040636
53.0,3.35175,1.411875,0.000322040636
53.0,3.35175,1.411875,0.000322040636
53.0,3.35225,1.412,0.000322040636
53.0,3.352125,1.412,0.000322040636
53.0,3.351625,1.411875,0.000322040636
53.0,3.351125,1.41225,0.000322040636
53.0,3.351625,1.412375,0.000322040636
53.0,3.351625,1.41225,0.000322040636
53.0,3.351625,1.412,0.000322040636
53.0,3.3515,1.41175,0.000322040636
53.0,3.351875,1.411625,0.000322040636
54.0,3.356125,1.463125,0.0003220785
54.0,3.355625,1.463125,0.0003220785
54.0,3.3555,1.463125,0.0003220785
54.0,3.3565,1.463,0.0003220785
54.0,3.356625,1.462625,0.0003220785
54.0,3.355625,1.46275,0.0003220785
54.0,3.35525,1.46325,0.0003220785
54.0,3.355125,1.46325,0.0003220785
54.0,3.355125,1.46325,0.0003220785
54.0,3.355625,1.463375,0.0003220785
54.0,3.35575,1.4635,0.0003220785
54.0,3.355375,1.463625,0.0003220785
54.0,3.354375,1.463625,0.0003220785
54.0,3.354875,1.46375,0.0003220785
54.0,3.355375,1.464125,0.0003220785
54.0,3.355375,1.463625,0.0003220785
54.0,3.3555,1.463125,0.0003220785
54.0,3.35575,1.463,0.0003220785
54.0,3.355875,1.463125,0.0003220785
54.0,3.356,1.46325,0.0003220785
54.0,3.356875,1.463125,0.0003220785
54.0,3.3565,1.462625,0.0003220785
54.0,3.35575,1.462875,0.0003220785
54.0,3.355125,1.463625,0.0003220785
54.0,3.355125,1.463625,0.0003220785
54.0,3.355125,1.4635,0.0003220785
54.0,3.355625,1.463375,0.0003220785
54.0,3.3555,1.463625,0.0003220785
54.0,3.354625,1.4635,0.0003220785
54.0,3.35425,1.463625,0.0003220785
54.0,3.355375,1.464,0.0003220785
54.0,3.355625,1.463875,0.0003220785
54.0,3.355125,1.4635,0.0003220785
54.0,3.355625,1.463,0.0003220785
54.0,3.35575,1.46325,0.0003220785
54.0,3.3555,1.46325,0.0003220785
54.0,3.356125,1.463125,0.0003220785
54.0,3.356625,1.463,0.0003220785
54.0,3.35625,1.462875,0.0003220785
54.0,3.35575,1.463,0.0003220785
54.0,3.35475,1.463375,0.0003220785
54.0,3.35475,1.463375,0.0003220785
54.0,3.35475,1.463375,0.0003220785
54.0,3.35525,1.4635,0.0003220785
54.0,3.355,1.4635,0.0003220785
54.0,3.354625,1.4635,0.0003220785
54.0,3.3545,1.46375,0.0003220785
54.0,3.355125,1.464125,0.0003220785
54.0,3.355375,1.46375,0.0003220785
54.0,3.355125,1.463625,0.0003220785
54.0,3.355625,1.46325,0.0003220785
54.0,3.3555,1.46325,0.0003220785
54.0,3.355875,1.463125,0.0003220785
54.0,3.35625,1.463,0.0003220785
54.0,3.3565,1.462875,0.0003220785
54.0,3.356,1.46275,0.0003220785
54.0,3.355125,1.46325,0.0003220785
54.0,3.355125,1.46325,0.0003220785
54.0,3.354625,1.463375,0.0003220785
54.0,3.355375,1.46325,0.0003220785
54.0,3.355625,1.4635,0.0003220785
54.0,3.35525,1.463625,0.0003220785
54.0,3.35475,1.46375,0.0003220785
54.0,3.355125,1.463875,0.0003220785
54.0,3.355375,1.46425,0.0003220785
54.0,3.35525,1.464125,0.0003220785
54.0,3.355375,1.46325,0.0003220785
54.0,3.355625,1.463,0.0003220785
54.0,3.355875,1.463125,0.0003220785
54.0,3.356125,1.463125,0.0003220785
54.0,3.35675,1.463125,0.0003220785
54.0,3.356875,1.462875,0.0003220785
54.0,3.35575,1.46325,0.0003220785
54.0,3.35575,1.46325,0.0003220785
54.0,3.354625,1.4635,0.0003220785
54.0,3.35475,1.4635,0.0003220785
54.0,3.355375,1.4635,0.0003220785
54.0,3.355375,1.46375,0.0003220785
54.0,3.354875,1.46375,0.0003220785
54.0,3.354625,1.46375,0.0003220785
54.0,3.355,1.464,0.0003220785
54.0,3.35575,1.464,0.0003220785
54.0,3.35575,1.4635,0.0003220785
54.0,3.35575,1.463125,0.0003220785
54.0,3.355625,1.463125,0.0003220785
54.0,3.355375,1.463125,0.0003220785
54.0,3.35625,1.463375,0.0003220785
54.0,3.356375,1.463125,0.0003220785
54.0,3.35625,1.46275,0.0003220785
54.0,3.35625,1.46275,0.0003220785
54.0,3.355125,1.462875,0.0003220785
54.0,3.35425,1.4635,0.0003220785
54.0,3.354625,1.463375,0.0003220785
54.0,3.355,1.4635,0.0003220785
54.0,3.355125,1.4635,0.0003220785
54.0,3.354375,1.4635,0.0003220785
54.0,3.354375,1.463625,0.0003220785
54.0,3.355375,1.464,0.0003220785
54.0,3.35525,1.464,0.0003220785
54.0,3.355375,1.4635,0.0003220785
54.0,3.35575,1.463,0.0003220785
54.0,3.355875,1.463,0.0003220785
54.0,3.355875,1.463,0.0003220785
54.0,3.356625,1.46325,0.0003220785
54.0,3.35675,1.462875,0.0003220785
54.0,3.35675,1.462875,0.0003220785
54.0,3.355625,1.463,0.0003220785
54.0,3.354625,1.463375,0.0003220785
54.0,3.354625,1.46325,0.0003220785
54.0,3.35525,1.4635,0.0003220785
54.0,3.355375,1.463625,0.0003220785
54.0,3.35475,1.463375,0.0003220785
54.0,3.35425,1.463375,0.0003220785
54.0,3.354625,1.46375,0.0003220785
54.0,3.3555,1.463875,0.0003220785
54.0,3.355625,1.463625,0.0003220785
54.0,3.3555,1.46325,0.0003220785
54.0,3.356125,1.462875,0.0003220785
54.0,3.356,1.463125,0.0003220785
54.0,3.356375,1.46325,0.0003220785
54.0,3.357,1.463375,0.0003220785
54.0,3.357,1.463375,0.0003220785
54.0,3.357,1.462875,0.0003220785
54.0,3.356,1.462875,0.0003220785
54.0,3.355,1.463625,0.0003220785
54.0,3.355125,1.463625,0.0003220785
54.0,3.355,1.4635,0.0003220785
54.0,3.355,1.463625,0.0003220785
54.0,3.355125,1.4635,0.0003220785
54.0,3.354875,1.463625,0.0003220785
54.0,3.355,1.463875,0.0003220785
54.0,3.356,1.46375,0.0003220785
54.0,3.355625,1.4635,0.0003220785
54.0,3.355375,1.46325,0.0003220785
54.0,3.355625,1.463125,0.0003220785
54.0,3.356,1.463,0.0003220785
54.0,3.356625,1.463125,0.0003220785
54.0,3.356625,1.463125,0.0003220785
54.0,3.357,1.463,0.0003220785
54.0,3.356625,1.46275,0.0003220785
54.0,3.3555,1.463,0.0003220785
54.0,3.3545,1.463,0.0003220785
54.0,3.355,1.46325,0.0003220785
54.0,3.355625,1.46325,0.0003220785
54.0,3.35525,1.4635,0.0003220785
54.0,3.354625,1.463625,0.0003220785
54.0,3.3545,1.4635,0.0003220785
54.0,3.355125,1.463875,0.0003220785
54.0,3.355375,1.464,0.0003220785
54.0,3.3555,1.4635,0.0003220785
54.0,3.355875,1.463125,0.0003220785
54.0,3.35575,1.463,0.0003220785
54.0,3.355625,1.463125,0.0003220785
54.0,3.356375,1.463125,0.0003220785
54.0,3.356375,1.463125,0.0003220785
54.0,3.35675,1.462875,0.0003220785
54.0,3.356125,1.462875,0.0003220785
54.0,3.355,1.463,0.0003220785
54.0,3.354875,1.463375,0.0003220785
54.0,3.3555,1.46325,0.0003220785
54.0,3.3555,1.4635,0.0003220785
54.0,3.355125,1.4635,0.0003220785
54.0,3.354875,1.4635,0.0003220785
54.0,3.35525,1.463625,0.0003220785
54.0,3.355375,1.464,0.0003220785
54.0,3.355625,1.46375,0.0003220785
54.0,3.355625,1.4635,0.0003220785
54.0,3.356375,1.463125,0.0003220785
54.0,3.35625,1.463125,0.0003220785
55.0,3.357125,1.514375,0.000322286098
55.0,3.35725,1.514375,0.000322286098
55.0,3.3575,1.51475,0.000322286098
55.0,3.357625,1.51475,0.000322286098
55.0,3.357125,1.51475,0.000322286098
55.0,3.357,1.514875,0.000322286098
55.0,3.3575,1.51525,0.000322286098
55.0,3.357875,1.515,0.000322286098
55.0,3.357875,1.515,0.000322286098
55.0,3.357875,1.51475,0.000322286098
55.0,3.358375,1.51425,0.000322286098
55.0,3.358375,1.514,0.000322286098
55.0,3.358375,1.514125,0.000322286098
55.0,3.358875,1.51425,0.000322286098
55.0,3.359375,1.514125,0.000322286098
55.0,3.35875,1.51375,0.000322286098
55.0,3.3575,1.51425,0.000322286098
55.0,3.35725,1.5145,0.000322286098
55.0,3.357375,1.514625,0.000322286098
55.0,3.357875,1.514625,0.000322286098
55.0,3.357625,1.514875,0.000322286098
55.0,3.357,1.514625,0.000322286098
55.0,3.35675,1.514875,0.000322286098
55.0,3.35775,1.515125,0.000322286098
55.0,3.35775,1.515125,0.000322286098
55.0,3.358,1.515,0.000322286098
55.0,3.35775,1.5145,0.000322286098
55.0,3.358125,1.514375,0.000322286098
55.0,3.35825,1.51425,0.000322286098
55.0,3.3585,1.514375,0.000322286098
55.0,3.35875,1.5145,0.000322286098
55.0,3.35875,1.51425,0.000322286098
55.0,3.358375,1.514125,0.000322286098
55.0,3.357625,1.51425,0.000322286098
55.0,3.357375,1.514625,0.000322286098
55.0,3.357625,1.5145,0.000322286098
55.0,3.357625,1.51475,0.000322286098
55.0,3.35775,1.51475,0.000322286098
55.0,3.357125,1.514875,0.000322286098
55.0,3.357,1.51525,0.000322286098
55.0,3.357625,1.515375,0.000322286098
55.0,3.357625,1.515375,0.000322286098
55.0,3.357125,1.515,0.000322286098
55.0,3.357375,1.5145,0.000322286098
55.0,3.35825,1.514375,0.000322286098
55.0,3.357875,1.51425,0.000322286098
55.0,3.358375,1.514375,0.000322286098
55.0,3.359,1.514375,0.000322286098
55.0,3.358625,1.514,0.000322286098
55.0,3.358125,1.514,0.000322286098
55.0,3.357125,1.5145,0.000322286098
55.0,3.357125,1.514625,0.000322286098
55.0,3.357375,1.5145,0.000322286098
55.0,3.357375,1.514625,0.000322286098
55.0,3.357125,1.51475,0.000322286098
55.0,3.356875,1.514875,0.000322286098
55.0,3.35725,1.515125,0.000322286098
55.0,3.35725,1.515125,0.000322286098
55.0,3.357875,1.51525,0.000322286098
55.0,3.35775,1.51475,0.000322286098
55.0,3.358125,1.51425,0.000322286098
55.0,3.358375,1.514125,0.000322286098
55.0,3.35825,1.514125,0.000322286098
55.0,3.35875,1.51425,0.000322286098
55.0,3.359,1.514125,0.000322286098
55.0,3.359,1.514125,0.000322286098
55.0,3.35825,1.51425,0.000322286098
55.0,3.35725,1.514625,0.000322286098
55.0,3.3575,1.514625,0.000322286098
55.0,3.3575,1.514625,0.000322286098
55.0,3.35775,1.51475,0.000322286098
55.0,3.35725,1.51475,0.000322286098
55.0,3.356875,1.515,0.000322286098
55.0,3.356875,1.515,0.000322286098
55.0,3.357625,1.515125,0.000322286098
55.0,3.358375,1.51475,0.000322286098
55.0,3.35825,1.5145,0.000322286098
55.0,3.358375,1.51425,0.000322286098
55.0,3.358125,1.51425,0.000322286098
55.0,3.358375,1.514375,0.000322286098
55.0,3.358875,1.51425,0.000322286098
55.0,3.359,1.514125,0.000322286098
55.0,3.35825,1.514125,0.000322286098
55.0,3.3575,1.514375,0.000322286098
55.0,3.356875,1.514625,0.000322286098
55.0,3.3575,1.5145,0.000322286098
55.0,3.3575,1.514875,0.000322286098
55.0,3.3575,1.514875,0.000322286098
55.0,3.356875,1.51475,0.000322286098
55.0,3.356875,1.51475,0.000322286098
55.0,3.356875,1.515,0.000322286098
55.0,3.357625,1.51525,0.000322286098
55.0,3.3575,1.515125,0.000322286098
55.0,3.357375,1.514375,0.000322286098
55.0,3.35775,1.514,0.000322286098
55.0,3.357875,1.514375,0.000322286098
55.0,3.358125,1.514375,0.000322286098
55.0,3.358875,1.51425,0.000322286098
55.0,3.358625,1.514,0.000322286098
55.0,3.358,1.51425,0.000322286098
55.0,3.357125,1.514625,0.000322286098
55.0,3.35675,1.514625,0.000322286098
55.0,3.357125,1.5145,0.000322286098
55.0,3.357875,1.514625,0.000322286098
55.0,3.35775,1.514625,0.000322286098
55.0,3.35775,1.514625,0.000322286098
55.0,3.357,1.51475,0.000322286098
55.0,3.357,1.515125,0.000322286098
55.0,3.35775,1.514875,0.000322286098
55.0,3.358125,1.51475,0.000322286098
55.0,3.357875,1.514375,0.000322286098
55.0,3.357875,1.51425,0.000322286098
55.0,3.3575,1.514375,0.000322286098
55.0,3.358375,1.5145,0.000322286098
55.0,3.35925,1.51425,0.000322286098
55.0,3.359125,1.513875,0.000322286098
55.0,3.358125,1.514125,0.000322286098
55.0,3.357125,1.51475,0.000322286098
55.0,3.357125,1.514625,0.000322286098
55.0,3.357375,1.5145,0.000322286098
55.0,3.357375,1.51475,0.000322286098
55.0,3.357375,1.51475,0.000322286098
55.0,3.357,1.514625,0.000322286098
55.0,3.357125,1.514875,0.000322286098
55.0,3.35775,1.51525,0.000322286098
55.0,3.358,1.515,0.000322286098
55.0,3.3575,1.5145,0.000322286098
55.0,3.35775,1.514,0.000322286098
55.0,3.357875,1.514125,0.000322286098
55.0,3.357625,1.51425,0.000322286098
55.0,3.35825,1.51425,0.000322286098
55.0,3.359,1.514,0.000322286098
55.0,3.3585,1.514,0.000322286098
55.0,3.3575,1.51425,0.000322286098
55.0,3.357,1.5145,0.000322286098
55.0,3.35725,1.51425,0.000322286098
55.0,3.357375,1.514625,0.000322286098
55.0,3.35675,1.514625,0.000322286098
55.0,3.35675,1.514625,0.000322286098
55.0,3.355875,1.51475,0.000322286098
55.0,3.35625,1.515125,0.000322286098
55.0,3.357,1.515125,0.000322286098
55.0,3.35775,1.515,0.000322286098
55.0,3.357625,1.5145,0.000322286098
55.0,3.357875,1.51425,0.000322286098
55.0,3.358,1.51425,0.000322286098
55.0,3.358125,1.514375,0.000322286098
55.0,3.358875,1.51425,0.000322286098
55.0,3.358875,1.51375,0.000322286098
55.0,3.358,1.51375,0.000322286098
55.0,3.35725,1.514125,0.000322286098
55.0,3.357,1.51425,0.000322286098
55.0,3.357,1.51425,0.000322286098
55.0,3.3575,1.514625,0.000322286098
55.0,3.3575,1.514625,0.000322286098
55.0,3.3575,1.5145,0.000322286098
55.0,3.356875,1.514625,0.000322286098
55.0,3.357125,1.515,0.000322286098
55.0,3.358,1.515,0.000322286098
55.0,3.357875,1.514625,0.000322286098
55.0,3.35775,1.514375,0.000322286098
55.0,3.358,1.51425,0.000322286098
55.0,3.358125,1.514375,0.000322286098
55.0,3.3585,1.514375,0.000322286098
55.0,3.35875,1.51425,0.000322286098
55.0,3.3585,1.514375,0.000322286098
55.0,3.357625,1.514375,0.000322286098
55.0,3.3575,1.5145,0.000322286098
55.0,3.35775,1.514625,0.000322286098
56.0,3.35675,1.56575,0.000322200678
56.0,3.356375,1.566,0.000322200678
56.0,3.35575,1.566,0.000322200678
56.0,3.355875,1.566375,0.000322200678
56.0,3.3565,1.5665,0.000322200678
56.0,3.3565,1.566125,0.000322200678
56.0,3.3565,1.565625,0.000322200678
56.0,3.357125,1.565375,0.000322200678
56.0,3.357125,1.565375,0.000322200678
56.0,3.35725,1.5655,0.000322200678
56.0,3.357875,1.565625,0.000322200678
56.0,3.358125,1.5655,0.000322200678
56.0,3.358,1.56525,0.000322200678
56.0,3.357625,1.56525,0.000322200678
56.0,3.356625,1.565625,0.000322200678
56.0,3.356625,1.5655,0.000322200678
56.0,3.357,1.56575,0.000322200678
56.0,3.357,1.565875,0.000322200678
56.0,3.3565,1.566,0.000322200678
56.0,3.356625,1.566,0.000322200678
56.0,3.356875,1.5665,0.000322200678
56.0,3.35725,1.566375,0.000322200678
56.0,3.35675,1.565875,0.000322200678
56.0,3.357125,1.5655,0.000322200678
56.0,3.35775,1.5655,0.000322200678
56.0,3.35775,1.56525,0.000322200678
56.0,3.3575,1.565375,0.000322200678
56.0,3.358,1.565375,0.000322200678
56.0,3.358875,1.56525,0.000322200678
56.0,3.358625,1.565,0.000322200678
56.0,3.35775,1.565375,0.000322200678
56.0,3.356875,1.5655,0.000322200678
56.0,3.3565,1.565375,0.000322200678
56.0,3.356875,1.56575,0.000322200678
56.0,3.356625,1.56575,0.000322200678
56.0,3.35625,1.56575,0.000322200678
56.0,3.356375,1.565875,0.000322200678
56.0,3.357375,1.566375,0.000322200678
56.0,3.3575,1.56625,0.000322200678
56.0,3.35725,1.5655,0.000322200678
56.0,3.3575,1.565,0.000322200678
56.0,3.3575,1.565,0.000322200678
56.0,3.357625,1.56525,0.000322200678
56.0,3.3575,1.565625,0.000322200678
56.0,3.358125,1.565375,0.000322200678
56.0,3.358,1.565125,0.000322200678
56.0,3.357625,1.565,0.000322200678
56.0,3.357125,1.5655,0.000322200678
56.0,3.356625,1.565625,0.000322200678
56.0,3.35675,1.565625,0.000322200678
56.0,3.356875,1.565875,0.000322200678
56.0,3.356625,1.565875,0.000322200678
56.0,3.35625,1.566,0.000322200678
56.0,3.3565,1.56625,0.000322200678
56.0,3.357,1.566375,0.000322200678
56.0,3.35675,1.566,0.000322200678
56.0,3.356625,1.5655,0.000322200678
56.0,3.356625,1.5655,0.000322200678
56.0,3.356875,1.5655,0.000322200678
56.0,3.35725,1.565375,0.000322200678
56.0,3.357375,1.5655,0.000322200678
56.0,3.358375,1.5655,0.000322200678
56.0,3.358625,1.565125,0.000322200678
56.0,3.3575,1.565125,0.000322200678
56.0,3.35675,1.56575,0.000322200678
56.0,3.3565,1.565875,0.000322200678
56.0,3.356875,1.565875,0.000322200678
56.0,3.357,1.566,0.000322200678
56.0,3.3565,1.565875,0.000322200678
56.0,3.355875,1.566,0.000322200678
56.0,3.356625,1.56625,0.000322200678
56.0,3.35725,1.5665,0.000322200678
56.0,3.357,1.56625,0.000322200678
56.0,3.357,1.56625,0.000322200678
56.0,3.356875,1.56575,0.000322200678
56.0,3.35675,1.565375,0.000322200678
56.0,3.357375,1.565625,0.000322200678
56.0,3.358125,1.565625,0.000322200678
56.0,3.3585,1.565375,0.000322200678
56.0,3.35825,1.565125,0.000322200678
56.0,3.35725,1.565375,0.000322200678
56.0,3.3565,1.56575,0.000322200678
56.0,3.356875,1.566,0.000322200678
56.0,3.35775,1.565875,0.000322200678
56.0,3.35725,1.565875,0.000322200678
56.0,3.356375,1.565875,0.000322200678
56.0,3.356,1.566,0.000322200678
56.0,3.35675,1.56625,0.000322200678
56.0,3.357375,1.565875,0.000322200678
56.0,3.357375,1.565875,0.000322200678
56.0,3.357375,1.565625,0.000322200678
56.0,3.357375,1.565375,0.000322200678
56.0,3.35725,1.56525,0.000322200678
56.0,3.357375,1.565375,0.000322200678
56.0,3.35825,1.5655,0.000322200678
56.0,3.358625,1.56525,0.000322200678
56.0,3.358,1.565125,0.000322200678
56.0,3.357,1.565625,0.000322200678
56.0,3.356125,1.566,0.000322200678
56.0,3.3565,1.565625,0.000322200678
56.0,3.35675,1.56575,0.000322200678
56.0,3.356625,1.565875,0.000322200678
56.0,3.35625,1.56575,0.000322200678
56.0,3.35625,1.566,0.000322200678
56.0,3.357,1.56625,0.000322200678
56.0,3.357,1.56625,0.000322200678
56.0,3.357,1.566125,0.000322200678
56.0,3.3565,1.565625,0.000322200678
56.0,3.356875,1.56525,0.000322200678
56.0,3.35725,1.565375,0.000322200678
56.0,3.357625,1.565625,0.000322200678
56.0,3.357875,1.5655,0.000322200678
56.0,3.357875,1.565375,0.000322200678
56.0,3.357375,1.56525,0.000322200678
56.0,3.35625,1.56575,0.000322200678
56.0,3.356125,1.565625,0.000322200678
56.0,3.356125,1.5655,0.000322200678
56.0,3.3565,1.565875,0.000322200678
56.0,3.3565,1.565875,0.000322200678
56.0,3.35625,1.566125,0.000322200678
56.0,3.35675,1.5665,0.000322200678
56.0,3.35675,1.5665,0.000322200678
56.0,3.35675,1.566625,0.000322200678
56.0,3.356625,1.566,0.000322200678
56.0,3.357,1.565625,0.000322200678
56.0,3.35725,1.5655,0.000322200678
56.0,3.357,1.5655,0.000322200678
56.0,3.3575,1.565375,0.000322200678
56.0,3.358,1.565375,0.000322200678
56.0,3.35825,1.565125,0.000322200678
56.0,3.35775,1.565125,0.000322200678
56.0,3.35675,1.565375,0.000322200678
56.0,3.3565,1.56575,0.000322200678
56.0,3.3565,1.565875,0.000322200678
56.0,3.356875,1.566,0.000322200678
56.0,3.356375,1.565875,0.000322200678
56.0,3.35625,1.56575,0.000322200678
56.0,3.3565,1.56575,0.000322200678
56.0,3.3565,1.566125,0.000322200678
56.0,3.3575,1.56625,0.000322200678
56.0,3.3575,1.565875,0.000322200678
56.0,3.357375,1.56525,0.000322200678
56.0,3.357375,1.56525,0.000322200678
56.0,3.35775,1.56525,0.000322200678
56.0,3.35825,1.565375,0.000322200678
56.0,3.358375,1.565,0.000322200678
56.0,3.357375,1.565,0.000322200678
56.0,3.356625,1.56525,0.000322200678
56.0,3.35625,1.565625,0.000322200678
56.0,3.356375,1.56575,0.000322200678
56.0,3.357,1.56575,0.000322200678
56.0,3.356875,1.56575,0.000322200678
56.0,3.35625,1.565625,0.000322200678
56.0,3.356125,1.566,0.000322200678
56.0,3.356125,1.566,0.000322200678
56.0,3.357,1.56625,0.000322200678
56.0,3.3575,1.566,0.000322200678
56.0,3.357,1.565625,0.000322200678
56.0,3.357375,1.56525,0.000322200678
56.0,3.35725,1.565375,0.000322200678
56.0,3.357375,1.5655,0.000322200678
56.0,3.357875,1.565375,0.000322200678
56.0,3.358,1.56525,0.000322200678
56.0,3.357625,1.56525,0.000322200678
56.0,3.35675,1.565625,0.000322200678
56.0,3.356375,1.565625,0.000322200678
56.0,3.3565,1.5655,0.000322200678
56.0,3.356625,1.56575,0.000322200678
56.0,3.356625,1.56575,0.000322200678
57.0,3.356,1.6165,0.000322195265
57.0,3.356375,1.6165,0.000322195265
57.0,3.3565,1.61625,0.000322195265
57.0,3.356125,1.61625,0.000322195265
57.0,3.354875,1.61675,0.000322195265
57.0,3.354625,1.616875,0.000322195265
57.0,3.355375,1.61675,0.000322195265
57.0,3.3555,1.617125,0.000322195265
57.0,3.3555,1.617125,0.000322195265
57.0,3.354875,1.617,0.000322195265
57.0,3.3545,1.617125,0.000322195265
57.0,3.35525,1.617375,0.000322195265
57.0,3.355625,1.6175,0.000322195265
57.0,3.355625,1.617125,0.000322195265
57.0,3.35575,1.61675,0.000322195265
57.0,3.355875,1.61625,0.000322195265
57.0,3.355625,1.616625,0.000322195265
57.0,3.356,1.61675,0.000322195265
57.0,3.356625,1.61675,0.000322195265
57.0,3.356375,1.616375,0.000322195265
57.0,3.356125,1.6165,0.000322195265
57.0,3.354875,1.616625,0.000322195265
57.0,3.35475,1.616625,0.000322195265
57.0,3.355125,1.616875,0.000322195265
57.0,3.355125,1.616875,0.000322195265
57.0,3.35525,1.617,0.000322195265
57.0,3.354875,1.617125,0.000322195265
57.0,3.3545,1.61725,0.000322195265
57.0,3.35525,1.6175,0.000322195265
57.0,3.35525,1.6175,0.000322195265
57.0,3.354875,1.617125,0.000322195265
57.0,3.35525,1.61625,0.000322195265
57.0,3.355625,1.616375,0.000322195265
57.0,3.3555,1.616625,0.000322195265
57.0,3.356125,1.61675,0.000322195265
57.0,3.356625,1.616375,0.000322195265
57.0,3.356625,1.61625,0.000322195265
57.0,3.355375,1.616625,0.000322195265
57.0,3.3545,1.61675,0.000322195265
57.0,3.355,1.616875,0.000322195265
57.0,3.354875,1.617125,0.000322195265
57.0,3.354875,1.617125,0.000322195265
57.0,3.354875,1.617,0.000322195265
57.0,3.35475,1.617,0.000322195265
57.0,3.354625,1.617375,0.000322195265
57.0,3.35525,1.6175,0.000322195265
57.0,3.3555,1.61725,0.000322195265
57.0,3.355875,1.616875,0.000322195265
57.0,3.355875,1.6165,0.000322195265
57.0,3.35575,1.6165,0.000322195265
57.0,3.356,1.61675,0.000322195265
57.0,3.35625,1.616625,0.000322195265
57.0,3.355875,1.616375,0.000322195265
57.0,3.355625,1.616625,0.000322195265
57.0,3.35475,1.61675,0.000322195265
57.0,3.3545,1.61675,0.000322195265
57.0,3.355,1.617,0.000322195265
57.0,3.355,1.617,0.000322195265
57.0,3.35525,1.617125,0.000322195265
57.0,3.355125,1.617125,0.000322195265
57.0,3.354625,1.617125,0.000322195265
57.0,3.35475,1.6175,0.000322195265
57.0,3.355375,1.617625,0.000322195265
57.0,3.355125,1.617125,0.000322195265
57.0,3.355,1.61675,0.000322195265
57.0,3.3555,1.616625,0.000322195265
57.0,3.355375,1.6165,0.000322195265
57.0,3.35575,1.61675,0.000322195265
57.0,3.356,1.616875,0.000322195265
57.0,3.356,1.616625,0.000322195265
57.0,3.355625,1.61675,0.000322195265
57.0,3.3545,1.617125,0.000322195265
57.0,3.354125,1.617,0.000322195265
57.0,3.354125,1.617,0.000322195265
57.0,3.3545,1.617,0.000322195265
57.0,3.35475,1.617,0.000322195265
57.0,3.3545,1.617,0.000322195265
57.0,3.353875,1.61725,0.000322195265
57.0,3.354625,1.617625,0.000322195265
57.0,3.3555,1.617375,0.000322195265
57.0,3.355125,1.617125,0.000322195265
57.0,3.35525,1.61675,0.000322195265
57.0,3.35525,1.61675,0.000322195265
57.0,3.35525,1.616875,0.000322195265
57.0,3.355875,1.616625,0.000322195265
57.0,3.35625,1.6165,0.000322195265
57.0,3.356125,1.6165,0.000322195265
57.0,3.35525,1.616875,0.000322195265
57.0,3.354875,1.616875,0.000322195265
57.0,3.354875,1.616875,0.000322195265
57.0,3.35475,1.616875,0.000322195265
57.0,3.355125,1.617125,0.000322195265
57.0,3.355375,1.617125,0.000322195265
57.0,3.3545,1.617125,0.000322195265
57.0,3.35475,1.6175,0.000322195265
57.0,3.355125,1.6175,0.000322195265
57.0,3.3555,1.617375,0.000322195265
57.0,3.35525,1.617,0.000322195265
57.0,3.355875,1.6165,0.000322195265
57.0,3.355875,1.616625,0.000322195265
57.0,3.355875,1.616875,0.000322195265
57.0,3.3565,1.61675,0.000322195265
57.0,3.356875,1.6165,0.000322195265
57.0,3.356125,1.6165,0.000322195265
57.0,3.355375,1.61675,0.000322195265
57.0,3.355375,1.61675,0.000322195265
57.0,3.355125,1.617125,0.000322195265
57.0,3.355375,1.617125,0.000322195265
57.0,3.355375,1.617125,0.000322195265
57.0,3.355,1.617125,0.000322195265
57.0,3.354625,1.617375,0.000322195265
57.0,3.35475,1.6175,0.000322195265
57.0,3.3555,1.617625,0.000322195265
57.0,3.35525,1.617375,0.000322195265
57.0,3.355375,1.616875,0.000322195265
57.0,3.355875,1.616625,0.000322195265
57.0,3.3555,1.616625,0.000322195265
57.0,3.355875,1.616875,0.000322195265
57.0,3.356875,1.616875,0.000322195265
57.0,3.357125,1.6165,0.000322195265
57.0,3.356125,1.616625,0.000322195265
57.0,3.356125,1.616625,0.000322195265
57.0,3.355125,1.617,0.000322195265
57.0,3.355,1.617,0.000322195265
57.0,3.35525,1.616875,0.000322195265
57.0,3.35525,1.617,0.000322195265
57.0,3.35475,1.617,0.000322195265
57.0,3.354375,1.617125,0.000322195265
57.0,3.354875,1.61775,0.000322195265
57.0,3.3555,1.6175,0.000322195265
57.0,3.35525,1.61725,0.000322195265
57.0,3.355625,1.616625,0.000322195265
57.0,3.356,1.61675,0.000322195265
57.0,3.355875,1.61675,0.000322195265
57.0,3.356,1.61675,0.000322195265
57.0,3.356375,1.6165,0.000322195265
57.0,3.3565,1.616375,0.000322195265
57.0,3.35575,1.616375,0.000322195265
57.0,3.35575,1.6165,0.000322195265
57.0,3.355125,1.617,0.000322195265
57.0,3.35525,1.617125,0.000322195265
57.0,3.3555,1.61725,0.000322195265
57.0,3.35525,1.617125,0.000322195265
57.0,3.354625,1.61725,0.000322195265
57.0,3.354625,1.6175,0.000322195265
57.0,3.355625,1.617625,0.000322195265
57.0,3.355625,1.61775,0.000322195265
57.0,3.355375,1.617,0.000322195265
57.0,3.355875,1.616375,0.000322195265
57.0,3.356,1.616625,0.000322195265
57.0,3.355875,1.616875,0.000322195265
57.0,3.35675,1.616875,0.000322195265
57.0,3.356375,1.616625,0.000322195265
57.0,3.356,1.6165,0.000322195265
57.0,3.356,1.6165,0.000322195265
57.0,3.355625,1.61675,0.000322195265
57.0,3.355125,1.617125,0.000322195265
57.0,3.3555,1.617,0.000322195265
57.0,3.355625,1.617125,0.000322195265
57.0,3.35525,1.617125,0.000322195265
57.0,3.354625,1.617125,0.000322195265
57.0,3.354625,1.6175,0.000322195265
57.0,3.355625,1.617875,0.000322195265
57.0,3.35525,1.6175,0.000322195265
57.0,3.3555,1.617,0.000322195265
57.0,3.35575,1.61675,0.000322195265
57.0,3.356,1.617,0.000322195265
57.0,3.356,1.617125,0.000322195265
57.0,3.356625,1.61675,0.000322195265
58.0,3.353,1.66925,0.000322209729
58.0,3.35275,1.669,0.000322209729
58.0,3.3525,1.669125,0.000322209729
58.0,3.352,1.6695,0.000322209729
58.0,3.35125,1.669625,0.000322209729
58.0,3.351625,1.6695,0.000322209729
58.0,3.351875,1.669625,0.000322209729
58.0,3.351375,1.669625,0.000322209729
58.0,3.351375,1.669625,0.000322209729
58.0,3.350625,1.669625,0.000322209729
58.0,3.35075,1.67,0.000322209729
58.0,3.351625,1.67025,0.000322209729
58.0,3.351875,1.67,0.000322209729
58.0,3.352,1.6695,0.000322209729
58.0,3.352375,1.668875,0.000322209729
58.0,3.352125,1.669,0.000322209729
58.0,3.3525,1.66925,0.000322209729
58.0,3.35325,1.669125,0.000322209729
58.0,3.353375,1.668875,0.000322209729
58.0,3.352875,1.669,0.000322209729
58.0,3.3515,1.66925,0.000322209729
58.0,3.351625,1.669375,0.000322209729
58.0,3.35175,1.669375,0.000322209729
58.0,3.352,1.66975,0.000322209729
58.0,3.352,1.669625,0.000322209729
58.0,3.351375,1.669625,0.000322209729
58.0,3.35125,1.66975,0.000322209729
58.0,3.351875,1.670375,0.000322209729
58.0,3.352,1.670125,0.000322209729
58.0,3.351625,1.66975,0.000322209729
58.0,3.352125,1.669375,0.000322209729
58.0,3.352375,1.66925,0.000322209729
58.0,3.352125,1.66925,0.000322209729
58.0,3.352875,1.66925,0.000322209729
58.0,3.353375,1.669,0.000322209729
58.0,3.352875,1.669,0.000322209729
58.0,3.352,1.669125,0.000322209729
58.0,3.35125,1.669375,0.000322209729
58.0,3.351375,1.66925,0.000322209729
58.0,3.352125,1.6695,0.000322209729
58.0,3.352125,1.66975,0.000322209729
58.0,3.35175,1.66975,0.000322209729
58.0,3.351,1.66975,0.000322209729
58.0,3.35075,1.67,0.000322209729
58.0,3.35175,1.670375,0.000322209729
58.0,3.352375,1.67025,0.000322209729
58.0,3.351875,1.669875,0.000322209729
58.0,3.3515,1.66925,0.000322209729
58.0,3.3515,1.66925,0.000322209729
58.0,3.352,1.669375,0.000322209729
58.0,3.353,1.669125,0.000322209729
58.0,3.353,1.668875,0.000322209729
58.0,3.35275,1.668875,0.000322209729
58.0,3.35175,1.669375,0.000322209729
58.0,3.351,1.6695,0.000322209729
58.0,3.3515,1.6695,0.000322209729
58.0,3.352125,1.669875,0.000322209729
58.0,3.352125,1.669875,0.000322209729
58.0,3.351625,1.669875,0.000322209729
58.0,3.35125,1.669875,0.000322209729
58.0,3.3515,1.67025,0.000322209729
58.0,3.35225,1.670375,0.000322209729
58.0,3.35225,1.669875,0.000322209729
58.0,3.35225,1.669375,0.000322209729
58.0,3.35225,1.668875,0.000322209729
58.0,3.352375,1.669125,0.000322209729
58.0,3.35275,1.669125,0.000322209729
58.0,3.353375,1.66925,0.000322209729
58.0,3.353625,1.669125,0.000322209729
58.0,3.353125,1.669,0.000322209729
58.0,3.351625,1.6695,0.000322209729
58.0,3.351125,1.669375,0.000322209729
58.0,3.35175,1.6695,0.000322209729
58.0,3.35175,1.6695,0.000322209729
58.0,3.35225,1.669625,0.000322209729
58.0,3.3515,1.6695,0.000322209729
58.0,3.351,1.66975,0.000322209729
58.0,3.3515,1.670125,0.000322209729
58.0,3.35225,1.670125,0.000322209729
58.0,3.352125,1.669875,0.000322209729
58.0,3.35275,1.669375,0.000322209729
58.0,3.352875,1.669125,0.000322209729
58.0,3.352625,1.669375,0.000322209729
58.0,3.353375,1.669375,0.000322209729
58.0,3.35375,1.66925,0.000322209729
58.0,3.353375,1.668875,0.000322209729
58.0,3.352125,1.66925,0.000322209729
58.0,3.35125,1.669375,0.000322209729
58.0,3.3515,1.669625,0.000322209729
58.0,3.3515,1.669625,0.000322209729
58.0,3.351875,1.669625,0.000322209729
58.0,3.35175,1.66975,0.000322209729
58.0,3.351375,1.669625,0.000322209729
58.0,3.3515,1.669875,0.000322209729
58.0,3.352375,1.670125,0.000322209729
58.0,3.352625,1.670125,0.000322209729
58.0,3.352125,1.669625,0.000322209729
58.0,3.3525,1.669,0.000322209729
58.0,3.3525,1.669125,0.000322209729
58.0,3.352125,1.66925,0.000322209729
58.0,3.352375,1.669125,0.000322209729
58.0,3.352875,1.668875,0.000322209729
58.0,3.352375,1.669,0.000322209729
58.0,3.351875,1.66925,0.000322209729
58.0,3.351375,1.6695,0.000322209729
58.0,3.351375,1.6695,0.000322209729
58.0,3.351625,1.669625,0.000322209729
58.0,3.352375,1.66975,0.000322209729
58.0,3.352125,1.669875,0.000322209729
58.0,3.3515,1.66975,0.000322209729
58.0,3.3515,1.670125,0.000322209729
58.0,3.352125,1.67025,0.000322209729
58.0,3.352125,1.670125,0.000322209729
58.0,3.352,1.6695,0.000322209729
58.0,3.35225,1.66925,0.000322209729
58.0,3.352375,1.66925,0.000322209729
58.0,3.35275,1.6695,0.000322209729
58.0,3.353375,1.669375,0.000322209729
58.0,3.35325,1.669125,0.000322209729
58.0,3.352375,1.66925,0.000322209729
58.0,3.3515,1.6695,0.000322209729
58.0,3.3515,1.6695,0.000322209729
58.0,3.351375,1.6695,0.000322209729
58.0,3.351875,1.6695,0.000322209729
58.0,3.351875,1.66975,0.000322209729
58.0,3.351625,1.669875,0.000322209729
58.0,3.350875,1.66975,0.000322209729
58.0,3.3515,1.67025,0.000322209729
58.0,3.352625,1.67025,0.000322209729
58.0,3.352,1.67,0.000322209729
58.0,3.35175,1.669375,0.000322209729
58.0,3.352125,1.669125,0.000322209729
58.0,3.352125,1.669375,0.000322209729
58.0,3.352875,1.6695,0.000322209729
58.0,3.35325,1.66925,0.000322209729
58.0,3.352875,1.668875,0.000322209729
58.0,3.35225,1.66925,0.000322209729
58.0,3.35225,1.6695,0.000322209729
58.0,3.351375,1.6695,0.000322209729
58.0,3.351125,1.669625,0.000322209729
58.0,3.351125,1.66975,0.000322209729
58.0,3.351625,1.67,0.000322209729
58.0,3.3515,1.669875,0.000322209729
58.0,3.351375,1.670125,0.000322209729
58.0,3.351875,1.670375,0.000322209729
58.0,3.352,1.670375,0.000322209729
58.0,3.352125,1.66975,0.000322209729
58.0,3.35225,1.669375,0.000322209729
58.0,3.352625,1.66925,0.000322209729
58.0,3.353,1.6695,0.000322209729
58.0,3.353375,1.669375,0.000322209729
58.0,3.3535,1.669125,0.000322209729
58.0,3.352375,1.669,0.000322209729
58.0,3.351625,1.66925,0.000322209729
58.0,3.351625,1.66925,0.000322209729
58.0,3.351375,1.669625,0.000322209729
58.0,3.3515,1.669625,0.000322209729
58.0,3.35175,1.66975,0.000322209729
58.0,3.351625,1.66975,0.000322209729
58.0,3.351125,1.67,0.000322209729
58.0,3.351375,1.67025,0.000322209729
58.0,3.351875,1.67025,0.000322209729
58.0,3.351875,1.67025,0.000322209729
58.0,3.35175,1.6695,0.000322209729
58.0,3.35225,1.669,0.000322209729
58.0,3.35225,1.669375,0.000322209729
58.0,3.352375,1.669375,0.000322209729
58.0,3.353125,1.669375,0.000322209729
58.0,3.353,1.669125,0.000322209729
59.0,3.346625,1.72075,0.000322116859
59.0,3.346875,1.720625,0.000322116859
59.0,3.347,1.72075,0.000322116859
59.0,3.347875,1.720875,0.000322116859
59.0,3.34775,1.7205,0.000322116859
59.0,3.347125,1.72025,0.000322116859
59.0,3.3465,1.720875,0.000322116859
59.0,3.346125,1.72075,0.000322116859
59.0,3.346125,1.72075,0.000322116859
59.0,3.34675,1.720625,0.000322116859
59.0,3.347,1.721125,0.000322116859
59.0,3.346375,1.721,0.000322116859
59.0,3.345875,1.72125,0.000322116859
59.0,3.34625,1.721625,0.000322116859
59.0,3.346875,1.721875,0.000322116859
59.0,3.346375,1.7215,0.000322116859
59.0,3.346625,1.720875,0.000322116859
59.0,3.347125,1.720625,0.000322116859
59.0,3.346875,1.720875,0.000322116859
59.0,3.346875,1.720875,0.000322116859
59.0,3.3475,1.72075,0.000322116859
59.0,3.34775,1.72025,0.000322116859
59.0,3.347375,1.720625,0.000322116859
59.0,3.346375,1.721,0.000322116859
59.0,3.346375,1.721,0.000322116859
59.0,3.345875,1.720875,0.000322116859
59.0,3.346125,1.721125,0.000322116859
59.0,3.34675,1.721375,0.000322116859
59.0,3.3465,1.721125,0.000322116859
59.0,3.34575,1.72125,0.000322116859
59.0,3.346375,1.72175,0.000322116859
59.0,3.347125,1.721625,0.000322116859
59.0,3.346375,1.721125,0.000322116859
59.0,3.3465,1.72075,0.000322116859
59.0,3.346875,1.72075,0.000322116859
59.0,3.346875,1.72075,0.000322116859
59.0,3.347625,1.72075,0.000322116859
59.0,3.348125,1.720625,0.000322116859
59.0,3.3475,1.720375,0.000322116859
59.0,3.3465,1.720625,0.000322116859
59.0,3.3465,1.72125,0.000322116859
59.0,3.345875,1.72125,0.000322116859
59.0,3.346,1.721125,0.000322116859
59.0,3.346625,1.721125,0.000322116859
59.0,3.346625,1.72125,0.000322116859
59.0,3.346,1.72125,0.000322116859
59.0,3.345625,1.721375,0.000322116859
59.0,3.346625,1.72175,0.000322116859
59.0,3.34675,1.7215,0.000322116859
59.0,3.346375,1.721,0.000322116859
59.0,3.347125,1.7205,0.000322116859
59.0,3.347375,1.72075,0.000322116859
59.0,3.3475,1.720875,0.000322116859
59.0,3.348,1.720625,0.000322116859
59.0,3.34825,1.720375,0.000322116859
59.0,3.347875,1.7205,0.000322116859
59.0,3.34675,1.721,0.000322116859
59.0,3.34675,1.721,0.000322116859
59.0,3.34625,1.720875,0.000322116859
59.0,3.346875,1.721,0.000322116859
59.0,3.347,1.721,0.000322116859
59.0,3.346625,1.721125,0.000322116859
59.0,3.34625,1.721375,0.000322116859
59.0,3.3465,1.721625,0.000322116859
59.0,3.34725,1.72175,0.000322116859
59.0,3.34725,1.721375,0.000322116859
59.0,3.347125,1.721,0.000322116859
59.0,3.347,1.720625,0.000322116859
59.0,3.346875,1.720625,0.000322116859
59.0,3.347625,1.72075,0.000322116859
59.0,3.348125,1.720625,0.000322116859
59.0,3.348,1.720375,0.000322116859
59.0,3.347375,1.7205,0.000322116859
59.0,3.347375,1.7205,0.000322116859
59.0,3.346625,1.720875,0.000322116859
59.0,3.34625,1.721,0.000322116859
59.0,3.346875,1.721125,0.000322116859
59.0,3.34675,1.721125,0.000322116859
59.0,3.34625,1.72125,0.000322116859
59.0,3.345625,1.721375,0.000322116859
59.0,3.346,1.7215,0.000322116859
59.0,3.34675,1.7215,0.000322116859
59.0,3.34675,1.721375,0.000322116859
59.0,3.346625,1.72075,0.000322116859
59.0,3.347125,1.720625,0.000322116859
59.0,3.347,1.720875,0.000322116859
59.0,3.347125,1.720875,0.000322116859
59.0,3.348125,1.720625,0.000322116859
59.0,3.3475,1.720375,0.000322116859
59.0,3.3475,1.720375,0.000322116859
59.0,3.346625,1.7205,0.000322116859
59.0,3.345875,1.72075,0.000322116859
59.0,3.346125,1.7205,0.000322116859
59.0,3.346875,1.72075,0.000322116859
59.0,3.346625,1.72125,0.000322116859
59.0,3.34625,1.721125,0.000322116859
59.0,3.34575,1.72125,0.000322116859
59.0,3.34675,1.721625,0.000322116859
59.0,3.34675,1.7215,0.000322116859
59.0,3.346125,1.721,0.000322116859
59.0,3.346875,1.7205,0.000322116859
59.0,3.346875,1.720625,0.000322116859
59.0,3.34725,1.720875,0.000322116859
59.0,3.34775,1.72075,0.000322116859
59.0,3.347875,1.7205,0.000322116859
59.0,3.347875,1.7205,0.000322116859
59.0,3.34775,1.7205,0.000322116859
59.0,3.34675,1.721,0.000322116859
59.0,3.346,1.721125,0.000322116859
59.0,3.346375,1.721,0.000322116859
59.0,3.346625,1.721125,0.000322116859
59.0,3.3465,1.721375,0.000322116859
59.0,3.346125,1.721375,0.000322116859
59.0,3.346125,1.721625,0.000322116859
59.0,3.346625,1.721875,0.000322116859
59.0,3.347,1.721625,0.000322116859
59.0,3.346625,1.721125,0.000322116859
59.0,3.346875,1.7205,0.000322116859
59.0,3.347125,1.72075,0.000322116859
59.0,3.34725,1.720875,0.000322116859
59.0,3.347875,1.720875,0.000322116859
59.0,3.347875,1.720875,0.000322116859
59.0,3.347625,1.72075,0.000322116859
59.0,3.34675,1.72075,0.000322116859
59.0,3.34625,1.721,0.000322116859
59.0,3.346125,1.721125,0.000322116859
59.0,3.346,1.721125,0.000322116859
59.0,3.346375,1.721375,0.000322116859
59.0,3.34625,1.721375,0.000322116859
59.0,3.34575,1.72125,0.000322116859
59.0,3.346125,1.721625,0.000322116859
59.0,3.346375,1.72175,0.000322116859
59.0,3.34625,1.72125,0.000322116859
59.0,3.3465,1.720875,0.000322116859
59.0,3.346625,1.7205,0.000322116859
59.0,3.346625,1.720625,0.000322116859
59.0,3.347375,1.72075,0.000322116859
59.0,3.347375,1.72075,0.000322116859
59.0,3.348125,1.72075,0.000322116859
59.0,3.3475,1.7205,0.000322116859
59.0,3.34675,1.7205,0.000322116859
59.0,3.346125,1.720875,0.000322116859
59.0,3.34575,1.72075,0.000322116859
59.0,3.34625,1.721,0.000322116859
59.0,3.3465,1.721,0.000322116859
59.0,3.346,1.721,0.000322116859
59.0,3.346125,1.72125,0.000322116859
59.0,3.346625,1.72175,0.000322116859
59.0,3.34675,1.721625,0.000322116859
59.0,3.346375,1.721125,0.000322116859
59.0,3.34675,1.72075,0.000322116859
59.0,3.34675,1.72075,0.000322116859
59.0,3.347125,1.72075,0.000322116859
59.0,3.347625,1.72075,0.000322116859
59.0,3.347625,1.72075,0.000322116859
59.0,3.347875,1.720625,0.000322116859
59.0,3.3475,1.720375,0.000322116859
59.0,3.34675,1.72075,0.000322116859
59.0,3.346,1.721125,0.000322116859
59.0,3.346125,1.72075,0.000322116859
59.0,3.34625,1.721,0.000322116859
59.0,3.34625,1.72125,0.000322116859
59.0,3.346,1.72125,0.000322116859
59.0,3.345875,1.7215,0.000322116859
59.0,3.346375,1.721875,0.000322116859
59.0,3.346375,1.721625,0.000322116859
59.0,3.346625,1.721,0.000322116859
59.0,3.34675,1.720625,0.000322116859
59.0,3.346875,1.720625,0.000322116859
60.0,3.338625,1.772125,0.000322101929
60.0,3.338625,1.7715,0.000322101929
60.0,3.338375,1.7715,0.000322101929
60.0,3.338375,1.771625,0.000322101929
60.0,3.33925,1.7715,0.000322101929
60.0,3.339875,1.771375,0.000322101929
60.0,3.33925,1.77125,0.000322101929
60.0,3.338375,1.771625,0.000322101929
60.0,3.338375,1.771625,0.000322101929
60.0,3.337625,1.771625,0.000322101929
60.0,3.337875,1.771625,0.000322101929
60.0,3.33825,1.771875,0.000322101929
60.0,3.338625,1.772,0.000322101929
60.0,3.338,1.771875,0.000322101929
60.0,3.337625,1.772125,0.000322101929
60.0,3.338125,1.7725,0.000322101929
60.0,3.338625,1.772375,0.000322101929
60.0,3.339125,1.77175,0.000322101929
60.0,3.339125,1.77125,0.000322101929
60.0,3.339125,1.771375,0.000322101929
60.0,3.339,1.7715,0.000322101929
60.0,3.339125,1.7715,0.000322101929
60.0,3.339375,1.77125,0.000322101929
60.0,3.33875,1.77125,0.000322101929
60.0,3.33875,1.77125,0.000322101929
60.0,3.338125,1.7715,0.000322101929
60.0,3.33775,1.7715,0.000322101929
60.0,3.338,1.771625,0.000322101929
60.0,3.337875,1.771625,0.000322101929
60.0,3.33775,1.771875,0.000322101929
60.0,3.33725,1.772125,0.000322101929
60.0,3.33775,1.772375,0.000322101929
60.0,3.3385,1.7725,0.000322101929
60.0,3.3385,1.772125,0.000322101929
60.0,3.3385,1.771625,0.000322101929
60.0,3.339,1.771375,0.000322101929
60.0,3.338625,1.771625,0.000322101929
60.0,3.339,1.77175,0.000322101929
60.0,3.339375,1.7715,0.000322101929
60.0,3.339125,1.771125,0.000322101929
60.0,3.338625,1.771125,0.000322101929
60.0,3.338625,1.771375,0.000322101929
60.0,3.338125,1.771875,0.000322101929
60.0,3.338,1.771875,0.000322101929
60.0,3.338,1.771875,0.000322101929
60.0,3.337875,1.772,0.000322101929
60.0,3.3375,1.771875,0.000322101929
60.0,3.3375,1.772,0.000322101929
60.0,3.33825,1.772625,0.000322101929
60.0,3.3385,1.772375,0.000322101929
60.0,3.33825,1.77175,0.000322101929
60.0,3.33875,1.771625,0.000322101929
60.0,3.338875,1.771375,0.000322101929
60.0,3.3385,1.7715,0.000322101929
60.0,3.339125,1.771625,0.000322101929
60.0,3.34,1.771375,0.000322101929
60.0,3.339375,1.771125,0.000322101929
60.0,3.339375,1.771125,0.000322101929
60.0,3.338625,1.77125,0.000322101929
60.0,3.33775,1.7715,0.000322101929
60.0,3.337875,1.771375,0.000322101929
60.0,3.33825,1.771625,0.000322101929
60.0,3.338125,1.772,0.000322101929
60.0,3.33775,1.77175,0.000322101929
60.0,3.337375,1.772,0.000322101929
60.0,3.338,1.77225,0.000322101929
60.0,3.3385,1.7725,0.000322101929
60.0,3.338875,1.772125,0.000322101929
60.0,3.338875,1.7715,0.000322101929
60.0,3.338625,1.771375,0.000322101929
60.0,3.3385,1.7715,0.000322101929
60.0,3.339125,1.7715,0.000322101929
60.0,3.33925,1.771125,0.000322101929
60.0,3.33925,1.771125,0.000322101929
60.0,3.33875,1.77125,0.000322101929
60.0,3.338,1.771375,0.000322101929
60.0,3.338,1.77175,0.000322101929
60.0,3.33825,1.77175,0.000322101929
60.0,3.33825,1.77175,0.000322101929
60.0,3.337875,1.771875,0.000322101929
60.0,3.337125,1.771875,0.000322101929
60.0,3.337125,1.77225,0.000322101929
60.0,3.338,1.77225,0.000322101929
60.0,3.338,1.772125,0.000322101929
60.0,3.33825,1.77175,0.000322101929
60.0,3.339,1.7715,0.000322101929
60.0,3.338875,1.771375,0.000322101929
60.0,3.339125,1.771375,0.000322101929
60.0,3.339375,1.771625,0.000322101929
60.0,3.339375,1.771625,0.000322101929
60.0,3.339375,1.77125,0.000322101929
60.0,3.33875,1.7715,0.000322101929
60.0,3.338125,1.77175,0.000322101929
60.0,3.338,1.77175,0.000322101929
60.0,3.338375,1.771875,0.000322101929
60.0,3.338,1.772,0.000322101929
60.0,3.337625,1.772125,0.000322101929
60.0,3.337,1.772125,0.000322101929
60.0,3.337625,1.7725,0.000322101929
60.0,3.33825,1.7725,0.000322101929
60.0,3.33825,1.772125,0.000322101929
60.0,3.33825,1.7715,0.000322101929
60.0,3.3385,1.771375,0.000322101929
60.0,3.3385,1.77125,0.000322101929
60.0,3.339,1.7715,0.000322101929
60.0,3.339,1.7715,0.000322101929
60.0,3.339625,1.77125,0.000322101929
60.0,3.3395,1.771125,0.000322101929
60.0,3.338625,1.7715,0.000322101929
60.0,3.33775,1.771625,0.000322101929
60.0,3.337625,1.771625,0.000322101929
60.0,3.338,1.771875,0.000322101929
60.0,3.33825,1.771875,0.000322101929
60.0,3.338,1.772,0.000322101929
60.0,3.337375,1.77225,0.000322101929
60.0,3.3375,1.772375,0.000322101929
60.0,3.337875,1.772375,0.000322101929
60.0,3.338125,1.771875,0.000322101929
60.0,3.338625,1.771375,0.000322101929
60.0,3.338375,1.7715,0.000322101929
60.0,3.338,1.7715,0.000322101929
60.0,3.338,1.7715,0.000322101929
60.0,3.339,1.7715,0.000322101929
60.0,3.339375,1.77125,0.000322101929
60.0,3.339,1.771,0.000322101929
60.0,3.338,1.771375,0.000322101929
60.0,3.337375,1.7715,0.000322101929
60.0,3.33825,1.771375,0.000322101929
60.0,3.338625,1.771625,0.000322101929
60.0,3.338375,1.772,0.000322101929
60.0,3.337625,1.772,0.000322101929
60.0,3.337375,1.772375,0.000322101929
60.0,3.338125,1.772625,0.000322101929
60.0,3.33825,1.772375,0.000322101929
60.0,3.338125,1.771625,0.000322101929
60.0,3.338625,1.771375,0.000322101929
60.0,3.338625,1.7715,0.000322101929
60.0,3.338875,1.7715,0.000322101929
60.0,3.338875,1.7715,0.000322101929
60.0,3.3395,1.7715,0.000322101929
60.0,3.339125,1.771375,0.000322101929
60.0,3.33875,1.77125,0.000322101929
60.0,3.338,1.771625,0.000322101929
60.0,3.33775,1.7715,0.000322101929
60.0,3.337625,1.7715,0.000322101929
60.0,3.337625,1.772,0.000322101929
60.0,3.337875,1.772,0.000322101929
60.0,3.337625,1.772125,0.000322101929
60.0,3.338,1.772375,0.000322101929
60.0,3.338375,1.772375,0.000322101929
60.0,3.338,1.772125,0.000322101929
60.0,3.3385,1.771625,0.000322101929
60.0,3.3385,1.7715,0.000322101929
60.0,3.338375,1.771625,0.000322101929
60.0,3.338375,1.771625,0.000322101929
60.0,3.339,1.771375,0.000322101929
60.0,3.33925,1.77125,0.000322101929
60.0,3.3395,1.771,0.000322101929
60.0,3.338875,1.771375,0.000322101929
60.0,3.33775,1.7715,0.000322101929
60.0,3.338125,1.771625,0.000322101929
60.0,3.3385,1.771625,0.000322101929
60.0,3.338625,1.771875,0.000322101929
60.0,3.33775,1.771875,0.000322101929
60.0,3.337375,1.772,0.000322101929
60.0,3.3385,1.772375,0.000322101929
60.0,3.33875,1.77225,0.000322101929
60.0,3.33825,1.77175,0.000322101929
60.0,3.33875,1.771375,0.000322101929
61.0,3.3275,1.82175,0.000322250824
61.0,3.32725,1.821625,0.000322250824
61.0,3.32675,1.82175,0.000322250824
61.0,3.3275,1.822125,0.000322250824
61.0,3.328,1.82225,0.000322250824
61.0,3.327375,1.821875,0.000322250824
61.0,3.32725,1.821375,0.000322250824
61.0,3.3275,1.821125,0.000322250824
61.0,3.3275,1.821125,0.000322250824
61.0,3.3275,1.821125,0.000322250824
61.0,3.328125,1.82125,0.000322250824
61.0,3.328875,1.821375,0.000322250824
61.0,3.32875,1.820875,0.000322250824
61.0,3.32775,1.820875,0.000322250824
61.0,3.327,1.8215,0.000322250824
61.0,3.327,1.8215,0.000322250824
61.0,3.32725,1.821625,0.000322250824
61.0,3.327125,1.82175,0.000322250824
61.0,3.32675,1.821625,0.000322250824
61.0,3.326375,1.82175,0.000322250824
61.0,3.326875,1.82225,0.000322250824
61.0,3.32725,1.822375,0.000322250824
61.0,3.327,1.82175,0.000322250824
61.0,3.32725,1.821125,0.000322250824
61.0,3.32725,1.821125,0.000322250824
61.0,3.327625,1.821,0.000322250824
61.0,3.327875,1.82125,0.000322250824
61.0,3.32825,1.82125,0.000322250824
61.0,3.32875,1.821,0.000322250824
61.0,3.328375,1.82075,0.000322250824
61.0,3.327375,1.821,0.000322250824
61.0,3.3265,1.821125,0.000322250824
61.0,3.32675,1.82125,0.000322250824
61.0,3.326625,1.8215,0.000322250824
61.0,3.326875,1.821875,0.000322250824
61.0,3.32675,1.821875,0.000322250824
61.0,3.326625,1.821875,0.000322250824
61.0,3.326875,1.82225,0.000322250824
61.0,3.3275,1.82225,0.000322250824
61.0,3.327625,1.821625,0.000322250824
61.0,3.327625,1.821125,0.000322250824
61.0,3.327625,1.821125,0.000322250824
61.0,3.328125,1.82125,0.000322250824
61.0,3.328125,1.821375,0.000322250824
61.0,3.32825,1.8215,0.000322250824
61.0,3.328625,1.821125,0.000322250824
61.0,3.327875,1.821,0.000322250824
61.0,3.327,1.82125,0.000322250824
61.0,3.3265,1.8215,0.000322250824
61.0,3.326875,1.82175,0.000322250824
61.0,3.327125,1.821875,0.000322250824
61.0,3.326875,1.82175,0.000322250824
61.0,3.3265,1.82175,0.000322250824
61.0,3.326875,1.822125,0.000322250824
61.0,3.327625,1.822375,0.000322250824
61.0,3.327375,1.821875,0.000322250824
61.0,3.327375,1.821375,0.000322250824
61.0,3.3275,1.821375,0.000322250824
61.0,3.32775,1.821125,0.000322250824
61.0,3.327875,1.821375,0.000322250824
61.0,3.328125,1.8215,0.000322250824
61.0,3.328625,1.821375,0.000322250824
61.0,3.3285,1.821,0.000322250824
61.0,3.328,1.821,0.000322250824
61.0,3.327125,1.82125,0.000322250824
61.0,3.326875,1.8215,0.000322250824
61.0,3.32725,1.821625,0.000322250824
61.0,3.326875,1.82175,0.000322250824
61.0,3.326875,1.821875,0.000322250824
61.0,3.326625,1.821875,0.000322250824
61.0,3.326875,1.82225,0.000322250824
61.0,3.327375,1.82225,0.000322250824
61.0,3.327125,1.82175,0.000322250824
61.0,3.327125,1.82175,0.000322250824
61.0,3.327,1.82125,0.000322250824
61.0,3.327625,1.821125,0.000322250824
61.0,3.32775,1.821375,0.000322250824
61.0,3.328,1.8215,0.000322250824
61.0,3.328375,1.82125,0.000322250824
61.0,3.32825,1.82125,0.000322250824
61.0,3.3275,1.82125,0.000322250824
61.0,3.32675,1.8215,0.000322250824
61.0,3.32675,1.821375,0.000322250824
61.0,3.32725,1.8215,0.000322250824
61.0,3.327125,1.822,0.000322250824
61.0,3.326875,1.822,0.000322250824
61.0,3.326625,1.822125,0.000322250824
61.0,3.327,1.82225,0.000322250824
61.0,3.327375,1.82225,0.000322250824
61.0,3.327375,1.82225,0.000322250824
61.0,3.326875,1.82175,0.000322250824
61.0,3.32725,1.821375,0.000322250824
61.0,3.32775,1.82125,0.000322250824
61.0,3.327625,1.8215,0.000322250824
61.0,3.328625,1.8215,0.000322250824
61.0,3.32875,1.82125,0.000322250824
61.0,3.328125,1.820875,0.000322250824
61.0,3.327125,1.821125,0.000322250824
61.0,3.326625,1.821625,0.000322250824
61.0,3.327,1.821625,0.000322250824
61.0,3.327125,1.821875,0.000322250824
61.0,3.32725,1.822,0.000322250824
61.0,3.326875,1.821875,0.000322250824
61.0,3.3265,1.822125,0.000322250824
61.0,3.32675,1.82225,0.000322250824
61.0,3.32675,1.82225,0.000322250824
61.0,3.32675,1.822,0.000322250824
61.0,3.32675,1.8215,0.000322250824
61.0,3.3275,1.82125,0.000322250824
61.0,3.3275,1.82125,0.000322250824
61.0,3.327375,1.82125,0.000322250824
61.0,3.328375,1.821375,0.000322250824
61.0,3.3285,1.820875,0.000322250824
61.0,3.328125,1.821,0.000322250824
61.0,3.32675,1.82125,0.000322250824
61.0,3.32675,1.821375,0.000322250824
61.0,3.326875,1.82125,0.000322250824
61.0,3.326875,1.821625,0.000322250824
61.0,3.3265,1.82175,0.000322250824
61.0,3.326125,1.822,0.000322250824
61.0,3.3265,1.8225,0.000322250824
61.0,3.3265,1.8225,0.000322250824
61.0,3.326875,1.822625,0.000322250824
61.0,3.3265,1.822,0.000322250824
61.0,3.32675,1.821375,0.000322250824
61.0,3.3275,1.82125,0.000322250824
61.0,3.3275,1.8215,0.000322250824
61.0,3.327875,1.821625,0.000322250824
61.0,3.327875,1.82125,0.000322250824
61.0,3.328125,1.820875,0.000322250824
61.0,3.327625,1.82125,0.000322250824
61.0,3.3265,1.821625,0.000322250824
61.0,3.3265,1.821375,0.000322250824
61.0,3.327,1.821625,0.000322250824
61.0,3.326875,1.821875,0.000322250824
61.0,3.3265,1.822,0.000322250824
61.0,3.3265,1.82225,0.000322250824
61.0,3.3265,1.82225,0.000322250824
61.0,3.327,1.8225,0.000322250824
61.0,3.327,1.822375,0.000322250824
61.0,3.326875,1.821875,0.000322250824
61.0,3.3275,1.82125,0.000322250824
61.0,3.327625,1.821375,0.000322250824
61.0,3.327375,1.821375,0.000322250824
61.0,3.328,1.8215,0.000322250824
61.0,3.3285,1.821125,0.000322250824
61.0,3.3285,1.821125,0.000322250824
61.0,3.327375,1.821375,0.000322250824
61.0,3.326625,1.82175,0.000322250824
61.0,3.32675,1.82175,0.000322250824
61.0,3.327125,1.82175,0.000322250824
61.0,3.327125,1.821875,0.000322250824
61.0,3.3265,1.82175,0.000322250824
61.0,3.3265,1.821875,0.000322250824
61.0,3.3265,1.821875,0.000322250824
61.0,3.327,1.8225,0.000322250824
61.0,3.32725,1.8225,0.000322250824
61.0,3.326875,1.821625,0.000322250824
61.0,3.327375,1.821,0.000322250824
61.0,3.327375,1.821125,0.000322250824
61.0,3.32775,1.8215,0.000322250824
61.0,3.328375,1.821375,0.000322250824
61.0,3.328125,1.821,0.000322250824
61.0,3.3275,1.82125,0.000322250824
61.0,3.327,1.821625,0.000322250824
61.0,3.326625,1.82175,0.000322250824
61.0,3.326875,1.821625,0.000322250824
61.0,3.32725,1.821875,0.000322250824
61.0,3.326875,1.822,0.000322250824
62.0,3.316,1.872,0.000322242355
62.0,3.316125,1.8715,0.000322242355
62.0,3.315375,1.8715,0.000322242355
62.0,3.314375,1.87175,0.000322242355
62.0,3.313875,1.872,0.000322242355
62.0,3.31425,1.871875,0.000322242355
62.0,3.31475,1.87225,0.000322242355
62.0,3.314125,1.872375,0.000322242355
62.0,3.314125,1.872375,0.000322242355
62.0,3.313875,1.87225,0.000322242355
62.0,3.31425,1.872875,0.000322242355
62.0,3.314375,1.872875,0.000322242355
62.0,3.314625,1.872375,0.000322242355
62.0,3.315125,1.871875,0.000322242355
62.0,3.315,1.871625,0.000322242355
62.0,3.314875,1.87175,0.000322242355
62.0,3.31525,1.87175,0.000322242355
62.0,3.31575,1.871625,0.000322242355
62.0,3.31575,1.87125,0.000322242355
62.0,3.315375,1.8715,0.000322242355
62.0,3.3145,1.872125,0.000322242355
62.0,3.31425,1.87225,0.000322242355
62.0,3.314625,1.872,0.000322242355
62.0,3.314875,1.87225,0.000322242355
62.0,3.314125,1.87225,0.000322242355
62.0,3.314125,1.87225,0.000322242355
62.0,3.314,1.872625,0.000322242355
62.0,3.314625,1.872875,0.000322242355
62.0,3.314875,1.87275,0.000322242355
62.0,3.31475,1.872375,0.000322242355
62.0,3.314875,1.871625,0.000322242355
62.0,3.315375,1.8715,0.000322242355
62.0,3.31525,1.87175,0.000322242355
62.0,3.3155,1.871875,0.000322242355
62.0,3.315875,1.871625,0.000322242355
62.0,3.316,1.8715,0.000322242355
62.0,3.315375,1.872,0.000322242355
62.0,3.314125,1.872,0.000322242355
62.0,3.314375,1.871875,0.000322242355
62.0,3.314625,1.872125,0.000322242355
62.0,3.31425,1.87225,0.000322242355
62.0,3.31425,1.87225,0.000322242355
62.0,3.314375,1.87225,0.000322242355
62.0,3.314625,1.872625,0.000322242355
62.0,3.315,1.873,0.000322242355
62.0,3.315125,1.87275,0.000322242355
62.0,3.315,1.872,0.000322242355
62.0,3.3155,1.871625,0.000322242355
62.0,3.31525,1.871625,0.000322242355
62.0,3.315,1.871875,0.000322242355
62.0,3.315875,1.871875,0.000322242355
62.0,3.316375,1.871625,0.000322242355
62.0,3.315625,1.87125,0.000322242355
62.0,3.31475,1.871875,0.000322242355
62.0,3.3145,1.872125,0.000322242355
62.0,3.31475,1.872,0.000322242355
62.0,3.315,1.872375,0.000322242355
62.0,3.315,1.872375,0.000322242355
62.0,3.31425,1.872375,0.000322242355
62.0,3.314,1.872375,0.000322242355
62.0,3.314375,1.872875,0.000322242355
62.0,3.315125,1.873,0.000322242355
62.0,3.315125,1.8725,0.000322242355
62.0,3.315,1.872,0.000322242355
62.0,3.315375,1.871625,0.000322242355
62.0,3.315125,1.871875,0.000322242355
62.0,3.3155,1.872,0.000322242355
62.0,3.31625,1.87175,0.000322242355
62.0,3.316375,1.87125,0.000322242355
62.0,3.315875,1.871625,0.000322242355
62.0,3.315,1.872125,0.000322242355
62.0,3.314625,1.871875,0.000322242355
62.0,3.314875,1.872125,0.000322242355
62.0,3.314875,1.872125,0.000322242355
62.0,3.31475,1.872375,0.000322242355
62.0,3.314375,1.872125,0.000322242355
62.0,3.3145,1.872125,0.000322242355
62.0,3.314875,1.872875,0.000322242355
62.0,3.31525,1.872875,0.000322242355
62.0,3.314875,1.872125,0.000322242355
62.0,3.315625,1.8715,0.000322242355
62.0,3.31575,1.871625,0.000322242355
62.0,3.3155,1.8715,0.000322242355
62.0,3.316375,1.87175,0.000322242355
62.0,3.316625,1.8715,0.000322242355
62.0,3.316375,1.8715,0.000322242355
62.0,3.315,1.87175,0.000322242355
62.0,3.314125,1.872125,0.000322242355
62.0,3.314375,1.87175,0.000322242355
62.0,3.314375,1.87175,0.000322242355
62.0,3.314875,1.872,0.000322242355
62.0,3.31475,1.87225,0.000322242355
62.0,3.314375,1.872125,0.000322242355
62.0,3.3145,1.87225,0.000322242355
62.0,3.315125,1.872625,0.000322242355
62.0,3.3155,1.8725,0.000322242355
62.0,3.315375,1.872125,0.000322242355
62.0,3.315625,1.871625,0.000322242355
62.0,3.315375,1.87175,0.000322242355
62.0,3.315375,1.87175,0.000322242355
62.0,3.316375,1.87175,0.000322242355
62.0,3.31625,1.871625,0.000322242355
62.0,3.3155,1.8715,0.000322242355
62.0,3.3145,1.872,0.000322242355
62.0,3.3145,1.872125,0.000322242355
62.0,3.3145,1.872125,0.000322242355
62.0,3.31475,1.872,0.000322242355
62.0,3.315,1.872125,0.000322242355
62.0,3.314625,1.87225,0.000322242355
62.0,3.314375,1.872375,0.000322242355
62.0,3.31475,1.87275,0.000322242355
62.0,3.3155,1.872875,0.000322242355
62.0,3.316125,1.872375,0.000322242355
62.0,3.316125,1.872125,0.000322242355
62.0,3.316125,1.872,0.000322242355
62.0,3.315625,1.87175,0.000322242355
62.0,3.316125,1.871875,0.000322242355
62.0,3.316625,1.87175,0.000322242355
62.0,3.316375,1.871375,0.000322242355
62.0,3.315625,1.871625,0.000322242355
62.0,3.314875,1.872,0.000322242355
62.0,3.314875,1.872,0.000322242355
62.0,3.31475,1.872,0.000322242355
62.0,3.314875,1.872125,0.000322242355
62.0,3.31525,1.87225,0.000322242355
62.0,3.314875,1.872375,0.000322242355
62.0,3.31475,1.872375,0.000322242355
62.0,3.315375,1.87275,0.000322242355
62.0,3.315875,1.872625,0.000322242355
62.0,3.315625,1.87225,0.000322242355
62.0,3.31575,1.87175,0.000322242355
62.0,3.31575,1.871625,0.000322242355
62.0,3.315875,1.871875,0.000322242355
62.0,3.31675,1.871875,0.000322242355
62.0,3.316875,1.871625,0.000322242355
62.0,3.316625,1.871375,0.000322242355
62.0,3.31575,1.871625,0.000322242355
62.0,3.315125,1.872,0.000322242355
62.0,3.315125,1.872,0.000322242355
62.0,3.315,1.872,0.000322242355
62.0,3.315625,1.872125,0.000322242355
62.0,3.31575,1.872375,0.000322242355
62.0,3.315,1.872375,0.000322242355
62.0,3.31475,1.872625,0.000322242355
62.0,3.315125,1.873,0.000322242355
62.0,3.31575,1.872875,0.000322242355
62.0,3.3155,1.87225,0.000322242355
62.0,3.3155,1.87175,0.000322242355
62.0,3.31575,1.87175,0.000322242355
62.0,3.316,1.87175,0.000322242355
62.0,3.3165,1.871875,0.000322242355
62.0,3.3165,1.871625,0.000322242355
62.0,3.316375,1.8715,0.000322242355
62.0,3.315125,1.872,0.000322242355
62.0,3.315125,1.872,0.000322242355
62.0,3.3145,1.872,0.000322242355
62.0,3.31475,1.871875,0.000322242355
62.0,3.315375,1.87225,0.000322242355
62.0,3.31525,1.872375,0.000322242355
62.0,3.31475,1.8725,0.000322242355
62.0,3.31525,1.872875,0.000322242355
62.0,3.316125,1.873125,0.000322242355
62.0,3.3155,1.8725,0.000322242355
62.0,3.3155,1.871625,0.000322242355
62.0,3.31575,1.871625,0.000322242355
62.0,3.315875,1.871875,0.000322242355
62.0,3.316125,1.871875,0.000322242355
62.0,3.316625,1.871875,0.000322242355
62.0,3.316375,1.8715,0.000322242355
63.0,3.301625,1.922875,0.000322081498
63.0,3.301625,1.92275,0.000322081498
63.0,3.30175,1.922125,0.000322081498
63.0,3.302,1.92175,0.000322081498
63.0,3.301875,1.922,0.000322081498
63.0,3.302375,1.92225,0.000322081498
63.0,3.303125,1.922,0.000322081498
63.0,3.302875,1.921625,0.000322081498
63.0,3.302875,1.921625,0.000322081498
63.0,3.302,1.92175,0.000322081498
63.0,3.301375,1.922,0.000322081498
63.0,3.301375,1.921875,0.000322081498
63.0,3.30125,1.922125,0.000322081498
63.0,3.301125,1.922375,0.000322081498
63.0,3.300875,1.9225,0.000322081498
63.0,3.301,1.92225,0.000322081498
63.0,3.30125,1.922875,0.000322081498
63.0,3.301625,1.923125,0.000322081498
63.0,3.3015,1.9225,0.000322081498
63.0,3.301875,1.92175,0.000322081498
63.0,3.302125,1.921625,0.000322081498
63.0,3.301875,1.921875,0.000322081498
63.0,3.302375,1.922,0.000322081498
63.0,3.302875,1.922,0.000322081498
63.0,3.30275,1.922,0.000322081498
63.0,3.30275,1.92175,0.000322081498
63.0,3.30225,1.92175,0.000322081498
63.0,3.301125,1.922,0.000322081498
63.0,3.301,1.922125,0.000322081498
63.0,3.3015,1.922375,0.000322081498
63.0,3.30125,1.9225,0.000322081498
63.0,3.300875,1.922375,0.000322081498
63.0,3.30075,1.922625,0.000322081498
63.0,3.30125,1.923,0.000322081498
63.0,3.302125,1.92275,0.000322081498
63.0,3.30175,1.92225,0.000322081498
63.0,3.302125,1.92175,0.000322081498
63.0,3.302125,1.92175,0.000322081498
63.0,3.302,1.922,0.000322081498
63.0,3.302625,1.921875,0.000322081498
63.0,3.302875,1.921625,0.000322081498
63.0,3.302875,1.921625,0.000322081498
63.0,3.302375,1.921375,0.000322081498
63.0,3.3015,1.92175,0.000322081498
63.0,3.301,1.922125,0.000322081498
63.0,3.30125,1.92225,0.000322081498
63.0,3.301625,1.92225,0.000322081498
63.0,3.30175,1.922625,0.000322081498
63.0,3.3015,1.9225,0.000322081498
63.0,3.3015,1.922875,0.000322081498
63.0,3.301875,1.923,0.000322081498
63.0,3.301625,1.923,0.000322081498
63.0,3.301375,1.92225,0.000322081498
63.0,3.30175,1.921875,0.000322081498
63.0,3.302,1.921875,0.000322081498
63.0,3.302375,1.922,0.000322081498
63.0,3.302875,1.921875,0.000322081498
63.0,3.302875,1.921875,0.000322081498
63.0,3.302875,1.9215,0.000322081498
63.0,3.302125,1.921625,0.000322081498
63.0,3.3015,1.922125,0.000322081498
63.0,3.301125,1.922125,0.000322081498
63.0,3.301125,1.922,0.000322081498
63.0,3.301125,1.922375,0.000322081498
63.0,3.300875,1.922375,0.000322081498
63.0,3.300625,1.9225,0.000322081498
63.0,3.301125,1.922875,0.000322081498
63.0,3.301875,1.922875,0.000322081498
63.0,3.3015,1.922625,0.000322081498
63.0,3.301625,1.922125,0.000322081498
63.0,3.301875,1.921625,0.000322081498
63.0,3.301625,1.92175,0.000322081498
63.0,3.302375,1.92175,0.000322081498
63.0,3.302375,1.92175,0.000322081498
63.0,3.30275,1.921625,0.000322081498
63.0,3.302625,1.921375,0.000322081498
63.0,3.301625,1.921625,0.000322081498
63.0,3.301,1.922,0.000322081498
63.0,3.301125,1.922,0.000322081498
63.0,3.3015,1.92225,0.000322081498
63.0,3.3015,1.922375,0.000322081498
63.0,3.300875,1.92225,0.000322081498
63.0,3.300875,1.922625,0.000322081498
63.0,3.301625,1.923,0.000322081498
63.0,3.30175,1.922625,0.000322081498
63.0,3.301625,1.922125,0.000322081498
63.0,3.30175,1.921625,0.000322081498
63.0,3.302125,1.92175,0.000322081498
63.0,3.302,1.922125,0.000322081498
63.0,3.302,1.922125,0.000322081498
63.0,3.3025,1.922,0.000322081498
63.0,3.30275,1.921875,0.000322081498
63.0,3.302625,1.92175,0.000322081498
63.0,3.301625,1.922,0.000322081498
63.0,3.300875,1.922125,0.000322081498
63.0,3.30125,1.922375,0.000322081498
63.0,3.3015,1.922625,0.000322081498
63.0,3.30125,1.9225,0.000322081498
63.0,3.300625,1.9225,0.000322081498
63.0,3.30075,1.923,0.000322081498
63.0,3.30125,1.923125,0.000322081498
63.0,3.3015,1.922625,0.000322081498
63.0,3.3015,1.922,0.000322081498
63.0,3.302125,1.921875,0.000322081498
63.0,3.302125,1.922,0.000322081498
63.0,3.302125,1.922,0.000322081498
63.0,3.302125,1.922,0.000322081498
63.0,3.302875,1.922,0.000322081498
63.0,3.30275,1.9215,0.000322081498
63.0,3.302375,1.921625,0.000322081498
63.0,3.301375,1.922,0.000322081498
63.0,3.300875,1.922125,0.000322081498
63.0,3.3015,1.922125,0.000322081498
63.0,3.301375,1.9225,0.000322081498
63.0,3.3005,1.922375,0.000322081498
63.0,3.300375,1.922375,0.000322081498
63.0,3.301125,1.92275,0.000322081498
63.0,3.301875,1.92275,0.000322081498
63.0,3.302,1.922375,0.000322081498
63.0,3.301875,1.921875,0.000322081498
63.0,3.302125,1.921625,0.000322081498
63.0,3.302125,1.921625,0.000322081498
63.0,3.302,1.92175,0.000322081498
63.0,3.30225,1.921625,0.000322081498
63.0,3.302875,1.92175,0.000322081498
63.0,3.302875,1.92125,0.000322081498
63.0,3.302,1.921375,0.000322081498
63.0,3.301,1.921875,0.000322081498
63.0,3.301,1.921875,0.000322081498
63.0,3.301625,1.922,0.000322081498
63.0,3.302,1.92225,0.000322081498
63.0,3.301375,1.92225,0.000322081498
63.0,3.30075,1.922375,0.000322081498
63.0,3.301625,1.922625,0.000322081498
63.0,3.30225,1.922625,0.000322081498
63.0,3.30175,1.922375,0.000322081498
63.0,3.301875,1.921875,0.000322081498
63.0,3.30225,1.92175,0.000322081498
63.0,3.30225,1.92175,0.000322081498
63.0,3.302,1.921875,0.000322081498
63.0,3.302375,1.921875,0.000322081498
63.0,3.30275,1.92175,0.000322081498
63.0,3.302625,1.921625,0.000322081498
63.0,3.302,1.921875,0.000322081498
63.0,3.301375,1.922,0.000322081498
63.0,3.3015,1.922,0.000322081498
63.0,3.30175,1.922125,0.000322081498
63.0,3.30175,1.922375,0.000322081498
63.0,3.301125,1.92225,0.000322081498
63.0,3.301125,1.92275,0.000322081498
63.0,3.301375,1.923,0.000322081498
63.0,3.301375,1.92275,0.000322081498
63.0,3.30125,1.922375,0.000322081498
63.0,3.301625,1.92175,0.000322081498
63.0,3.301625,1.92175,0.000322081498
63.0,3.301875,1.921875,0.000322081498
63.0,3.301875,1.922125,0.000322081498
63.0,3.302875,1.921875,0.000322081498
63.0,3.30325,1.9215,0.000322081498
63.0,3.302625,1.9215,0.000322081498
63.0,3.301375,1.922,0.000322081498
63.0,3.30075,1.92225,0.000322081498
63.0,3.301125,1.922,0.000322081498
63.0,3.301375,1.92225,0.000322081498
63.0,3.301375,1.922375,0.000322081498
63.0,3.300875,1.9225,0.000322081498
63.0,3.300875,1.92275,0.000322081498
63.0,3.3015,1.92275,0.000322081498
63.0,3.30175,1.922375,0.000322081498
64.0,3.285,1.9715,0.000322198932
64.0,3.285125,1.9715,0.000322198932
64.0,3.2855,1.971375,0.000322198932
64.0,3.28575,1.971125,0.000322198932
64.0,3.285125,1.97125,0.000322198932
64.0,3.284375,1.97175,0.000322198932
64.0,3.284375,1.971875,0.000322198932
64.0,3.284375,1.97175,0.000322198932
64.0,3.284375,1.97175,0.000322198932
64.0,3.284875,1.972,0.000322198932
64.0,3.284625,1.97175,0.000322198932
64.0,3.283875,1.972,0.000322198932
64.0,3.284375,1.972375,0.000322198932
64.0,3.284875,1.97225,0.000322198932
64.0,3.28475,1.971875,0.000322198932
64.0,3.285125,1.971375,0.000322198932
64.0,3.285375,1.971375,0.000322198932
64.0,3.285375,1.9715,0.000322198932
64.0,3.286125,1.9715,0.000322198932
64.0,3.28625,1.971375,0.000322198932
64.0,3.28575,1.971125,0.000322198932
64.0,3.28525,1.971375,0.000322198932
64.0,3.28425,1.97175,0.000322198932
64.0,3.284125,1.9715,0.000322198932
64.0,3.284125,1.9715,0.000322198932
64.0,3.2845,1.971875,0.000322198932
64.0,3.284625,1.972,0.000322198932
64.0,3.283875,1.971875,0.000322198932
64.0,3.283875,1.97225,0.000322198932
64.0,3.284625,1.9725,0.000322198932
64.0,3.285,1.97225,0.000322198932
64.0,3.28475,1.97175,0.000322198932
64.0,3.285,1.971375,0.000322198932
64.0,3.284875,1.9715,0.000322198932
64.0,3.284875,1.9715,0.000322198932
64.0,3.28575,1.9715,0.000322198932
64.0,3.286125,1.97125,0.000322198932
64.0,3.2855,1.971125,0.000322198932
64.0,3.284625,1.971625,0.000322198932
64.0,3.28425,1.972,0.000322198932
64.0,3.2845,1.97175,0.000322198932
64.0,3.2845,1.97175,0.000322198932
64.0,3.28475,1.971875,0.000322198932
64.0,3.284875,1.972125,0.000322198932
64.0,3.283875,1.972125,0.000322198932
64.0,3.28375,1.9725,0.000322198932
64.0,3.284625,1.97275,0.000322198932
64.0,3.285,1.972375,0.000322198932
64.0,3.285125,1.971875,0.000322198932
64.0,3.285125,1.9715,0.000322198932
64.0,3.28525,1.971375,0.000322198932
64.0,3.2855,1.971625,0.000322198932
64.0,3.286,1.971625,0.000322198932
64.0,3.285875,1.971375,0.000322198932
64.0,3.2855,1.9715,0.000322198932
64.0,3.284875,1.97175,0.000322198932
64.0,3.2845,1.97175,0.000322198932
64.0,3.2845,1.97175,0.000322198932
64.0,3.2845,1.971625,0.000322198932
64.0,3.28475,1.971875,0.000322198932
64.0,3.284625,1.97175,0.000322198932
64.0,3.284125,1.972,0.000322198932
64.0,3.284875,1.97225,0.000322198932
64.0,3.285375,1.972375,0.000322198932
64.0,3.285,1.972125,0.000322198932
64.0,3.285125,1.9715,0.000322198932
64.0,3.285375,1.97125,0.000322198932
64.0,3.285375,1.97125,0.000322198932
64.0,3.286,1.9715,0.000322198932
64.0,3.286625,1.971375,0.000322198932
64.0,3.286,1.971,0.000322198932
64.0,3.285375,1.971,0.000322198932
64.0,3.284625,1.971375,0.000322198932
64.0,3.284625,1.971375,0.000322198932
64.0,3.28475,1.971625,0.000322198932
64.0,3.284625,1.971625,0.000322198932
64.0,3.2845,1.972,0.000322198932
64.0,3.284125,1.972,0.000322198932
64.0,3.284375,1.972375,0.000322198932
64.0,3.28475,1.972625,0.000322198932
64.0,3.284875,1.9725,0.000322198932
64.0,3.284875,1.971875,0.000322198932
64.0,3.28525,1.97125,0.000322198932
64.0,3.28525,1.9715,0.000322198932
64.0,3.285125,1.971625,0.000322198932
64.0,3.286375,1.971625,0.000322198932
64.0,3.286625,1.971375,0.000322198932
64.0,3.286375,1.97125,0.000322198932
64.0,3.28525,1.971625,0.000322198932
64.0,3.28525,1.971625,0.000322198932
64.0,3.2845,1.971625,0.000322198932
64.0,3.285,1.971625,0.000322198932
64.0,3.285125,1.972,0.000322198932
64.0,3.28475,1.972125,0.000322198932
64.0,3.283875,1.972125,0.000322198932
64.0,3.284125,1.972375,0.000322198932
64.0,3.2845,1.972625,0.000322198932
64.0,3.284625,1.97225,0.000322198932
64.0,3.284375,1.971625,0.000322198932
64.0,3.285125,1.971125,0.000322198932
64.0,3.285125,1.971375,0.000322198932
64.0,3.28525,1.9715,0.000322198932
64.0,3.286125,1.9715,0.000322198932
64.0,3.286375,1.971125,0.000322198932
64.0,3.285625,1.971125,0.000322198932
64.0,3.285625,1.971125,0.000322198932
64.0,3.2845,1.971625,0.000322198932
64.0,3.28425,1.971625,0.000322198932
64.0,3.2845,1.97175,0.000322198932
64.0,3.284625,1.972,0.000322198932
64.0,3.28425,1.97175,0.000322198932
64.0,3.284,1.971875,0.000322198932
64.0,3.284625,1.972375,0.000322198932
64.0,3.2855,1.972375,0.000322198932
64.0,3.285,1.972125,0.000322198932
64.0,3.28475,1.971625,0.000322198932
64.0,3.284875,1.971125,0.000322198932
64.0,3.285125,1.971375,0.000322198932
64.0,3.2855,1.9715,0.000322198932
64.0,3.28625,1.971125,0.000322198932
64.0,3.286,1.971,0.000322198932
64.0,3.286,1.971,0.000322198932
64.0,3.285375,1.971125,0.000322198932
64.0,3.284125,1.971625,0.000322198932
64.0,3.28425,1.971625,0.000322198932
64.0,3.285,1.971625,0.000322198932
64.0,3.285,1.971875,0.000322198932
64.0,3.284375,1.97175,0.000322198932
64.0,3.284125,1.972125,0.000322198932
64.0,3.28475,1.97275,0.000322198932
64.0,3.284625,1.9725,0.000322198932
64.0,3.284625,1.972,0.000322198932
64.0,3.285125,1.97125,0.000322198932
64.0,3.285125,1.97125,0.000322198932
64.0,3.28525,1.971375,0.000322198932
64.0,3.286,1.971625,0.000322198932
64.0,3.286375,1.971375,0.000322198932
64.0,3.285875,1.97125,0.000322198932
64.0,3.285875,1.97125,0.000322198932
64.0,3.2845,1.9715,0.000322198932
64.0,3.28425,1.971875,0.000322198932
64.0,3.28425,1.97175,0.000322198932
64.0,3.284625,1.972125,0.000322198932
64.0,3.284625,1.972125,0.000322198932
64.0,3.284,1.972125,0.000322198932
64.0,3.284125,1.9725,0.000322198932
64.0,3.285,1.972875,0.000322198932
64.0,3.28525,1.972375,0.000322198932
64.0,3.28525,1.971875,0.000322198932
64.0,3.285375,1.971375,0.000322198932
64.0,3.28525,1.9715,0.000322198932
64.0,3.28525,1.971625,0.000322198932
64.0,3.285875,1.97175,0.000322198932
64.0,3.286,1.971375,0.000322198932
64.0,3.286,1.971375,0.000322198932
64.0,3.2855,1.97125,0.000322198932
64.0,3.284875,1.971625,0.000322198932
64.0,3.284625,1.97175,0.000322198932
64.0,3.28475,1.971625,0.000322198932
64.0,3.2845,1.971875,0.000322198932
64.0,3.2845,1.972,0.000322198932
64.0,3.284625,1.972125,0.000322198932
64.0,3.28475,1.972375,0.000322198932
64.0,3.285125,1.9725,0.000322198932
64.0,3.285,1.972,0.000322198932
64.0,3.284875,1.971375,0.000322198932
64.0,3.285375,1.971125,0.000322198932
64.0,3.28525,1.9715,0.000322198932
64.0,3.285625,1.971625,0.000322198932
65.0,3.265875,2.019625,0.000322321663
65.0,3.26575,2.0195,0.000322321663
65.0,3.265875,2.0195,0.000322321663
65.0,3.26575,2.019875,0.000322321663
65.0,3.26525,2.019875,0.000322321663
65.0,3.265375,2.02025,0.000322321663
65.0,3.266,2.0205,0.000322321663
65.0,3.266375,2.020375,0.000322321663
65.0,3.266375,2.020375,0.000322321663
65.0,3.266125,2.019875,0.000322321663
65.0,3.2665,2.01925,0.000322321663
65.0,3.26625,2.019375,0.000322321663
65.0,3.26625,2.019375,0.000322321663
65.0,3.266875,2.0195,0.000322321663
65.0,3.267125,2.019125,0.000322321663
65.0,3.26675,2.019125,0.000322321663
65.0,3.266,2.019375,0.000322321663
65.0,3.26575,2.019875,0.000322321663
65.0,3.266,2.01975,0.000322321663
65.0,3.265875,2.019875,0.000322321663
65.0,3.26575,2.02,0.000322321663
65.0,3.265375,2.02,0.000322321663
65.0,3.265625,2.020375,0.000322321663
65.0,3.266,2.02025,0.000322321663
65.0,3.265625,2.02025,0.000322321663
65.0,3.265625,2.020375,0.000322321663
65.0,3.2655,2.019625,0.000322321663
65.0,3.26575,2.01925,0.000322321663
65.0,3.266,2.01925,0.000322321663
65.0,3.26625,2.019375,0.000322321663
65.0,3.26675,2.01925,0.000322321663
65.0,3.26675,2.019,0.000322321663
65.0,3.26675,2.019125,0.000322321663
65.0,3.26575,2.01925,0.000322321663
65.0,3.266,2.01925,0.000322321663
65.0,3.265875,2.0195,0.000322321663
65.0,3.266,2.01975,0.000322321663
65.0,3.265375,2.01975,0.000322321663
65.0,3.2645,2.01975,0.000322321663
65.0,3.2655,2.020125,0.000322321663
65.0,3.266125,2.020125,0.000322321663
65.0,3.266125,2.020375,0.000322321663
65.0,3.265875,2.02,0.000322321663
65.0,3.266,2.019125,0.000322321663
65.0,3.26625,2.019,0.000322321663
65.0,3.26625,2.01925,0.000322321663
65.0,3.2665,2.019125,0.000322321663
65.0,3.267375,2.019125,0.000322321663
65.0,3.26775,2.01875,0.000322321663
65.0,3.26675,2.019,0.000322321663
65.0,3.265375,2.019375,0.000322321663
65.0,3.2655,2.019375,0.000322321663
65.0,3.26625,2.0195,0.000322321663
65.0,3.26625,2.019625,0.000322321663
65.0,3.2655,2.01975,0.000322321663
65.0,3.2655,2.019875,0.000322321663
65.0,3.26625,2.020375,0.000322321663
65.0,3.26625,2.020375,0.000322321663
65.0,3.26625,2.020125,0.000322321663
65.0,3.266625,2.019625,0.000322321663
65.0,3.26675,2.019125,0.000322321663
65.0,3.26675,2.019125,0.000322321663
65.0,3.266875,2.0195,0.000322321663
65.0,3.26725,2.019375,0.000322321663
65.0,3.267375,2.018875,0.000322321663
65.0,3.266875,2.01875,0.000322321663
65.0,3.2665,2.019375,0.000322321663
65.0,3.265875,2.019625,0.000322321663
65.0,3.265875,2.019375,0.000322321663
65.0,3.265625,2.01975,0.000322321663
65.0,3.26575,2.019875,0.000322321663
65.0,3.265625,2.019625,0.000322321663
65.0,3.26575,2.02,0.000322321663
65.0,3.26575,2.02,0.000322321663
65.0,3.2665,2.020375,0.000322321663
65.0,3.266375,2.02,0.000322321663
65.0,3.26625,2.0195,0.000322321663
65.0,3.2665,2.018875,0.000322321663
65.0,3.26675,2.019,0.000322321663
65.0,3.266625,2.019125,0.000322321663
65.0,3.266875,2.019125,0.000322321663
65.0,3.267125,2.018625,0.000322321663
65.0,3.26675,2.019,0.000322321663
65.0,3.265875,2.019375,0.000322321663
65.0,3.2655,2.019375,0.000322321663
65.0,3.26575,2.0195,0.000322321663
65.0,3.265875,2.0195,0.000322321663
65.0,3.265125,2.019375,0.000322321663
65.0,3.26475,2.019625,0.000322321663
65.0,3.26475,2.019625,0.000322321663
65.0,3.26525,2.02,0.000322321663
65.0,3.266375,2.020125,0.000322321663
65.0,3.266125,2.019625,0.000322321663
65.0,3.266375,2.019,0.000322321663
65.0,3.266875,2.018875,0.000322321663
65.0,3.2665,2.019125,0.000322321663
65.0,3.266625,2.019125,0.000322321663
65.0,3.26725,2.019,0.000322321663
65.0,3.26725,2.018625,0.000322321663
65.0,3.266375,2.019,0.000322321663
65.0,3.2655,2.01925,0.000322321663
65.0,3.2655,2.019375,0.000322321663
65.0,3.265625,2.0195,0.000322321663
65.0,3.265875,2.01975,0.000322321663
65.0,3.265875,2.019625,0.000322321663
65.0,3.265875,2.019625,0.000322321663
65.0,3.26575,2.019875,0.000322321663
65.0,3.26625,2.02,0.000322321663
65.0,3.2665,2.019875,0.000322321663
65.0,3.266125,2.019625,0.000322321663
65.0,3.26625,2.019375,0.000322321663
65.0,3.266375,2.019125,0.000322321663
65.0,3.2665,2.019125,0.000322321663
65.0,3.267375,2.019125,0.000322321663
65.0,3.26775,2.018875,0.000322321663
65.0,3.266875,2.018625,0.000322321663
65.0,3.26575,2.018875,0.000322321663
65.0,3.265625,2.01925,0.000322321663
65.0,3.266125,2.01925,0.000322321663
65.0,3.266125,2.0195,0.000322321663
65.0,3.265875,2.019625,0.000322321663
65.0,3.265875,2.019625,0.000322321663
65.0,3.2655,2.019625,0.000322321663
65.0,3.265375,2.02,0.000322321663
65.0,3.266125,2.02025,0.000322321663
65.0,3.266375,2.02,0.000322321663
65.0,3.266125,2.019625,0.000322321663
65.0,3.266375,2.01925,0.000322321663
65.0,3.26625,2.019,0.000322321663
65.0,3.266625,2.01925,0.000322321663
65.0,3.2675,2.019,0.000322321663
65.0,3.267375,2.018875,0.000322321663
65.0,3.267125,2.01875,0.000322321663
65.0,3.266125,2.019,0.000322321663
65.0,3.265875,2.018875,0.000322321663
65.0,3.265875,2.019125,0.000322321663
65.0,3.266125,2.0195,0.000322321663
65.0,3.266125,2.0195,0.000322321663
65.0,3.266125,2.019375,0.000322321663
65.0,3.265875,2.0195,0.000322321663
65.0,3.266125,2.020125,0.000322321663
65.0,3.267,2.02025,0.000322321663
65.0,3.26625,2.019875,0.000322321663
65.0,3.266375,2.01925,0.000322321663
65.0,3.266375,2.019,0.000322321663
65.0,3.2665,2.019125,0.000322321663
65.0,3.267,2.019125,0.000322321663
65.0,3.267625,2.019,0.000322321663
65.0,3.267125,2.018875,0.000322321663
65.0,3.266125,2.018875,0.000322321663
65.0,3.26525,2.019375,0.000322321663
65.0,3.265,2.0195,0.000322321663
65.0,3.26575,2.019375,0.000322321663
65.0,3.266,2.019625,0.000322321663
65.0,3.266,2.019625,0.000322321663
65.0,3.26575,2.01975,0.000322321663
65.0,3.265125,2.019875,0.000322321663
65.0,3.265625,2.020375,0.000322321663
65.0,3.26575,2.02025,0.000322321663
65.0,3.265625,2.019625,0.000322321663
65.0,3.266375,2.018875,0.000322321663
65.0,3.266625,2.018875,0.000322321663
65.0,3.266375,2.01925,0.000322321663
65.0,3.26675,2.01925,0.000322321663
65.0,3.267375,2.019,0.000322321663
65.0,3.26725,2.018875,0.000322321663
65.0,3.2665,2.019125,0.000322321663
65.0,3.266,2.019375,0.000322321663
65.0,3.266,2.01925,0.000322321663
66.0,3.2445,2.06775,0.000322316744
66.0,3.244875,2.067375,0.000322316744
66.0,3.24525,2.0675,0.000322316744
66.0,3.24525,2.06775,0.000322316744
66.0,3.244875,2.067875,0.000322316744
66.0,3.2445,2.068,0.000322316744
66.0,3.244875,2.06825,0.000322316744
66.0,3.245,2.068,0.000322316744
66.0,3.245,2.068,0.000322316744
66.0,3.244625,2.067625,0.000322316744
66.0,3.245375,2.067125,0.000322316744
66.0,3.2455,2.06725,0.000322316744
66.0,3.245625,2.0675,0.000322316744
66.0,3.24625,2.067375,0.000322316744
66.0,3.246375,2.067,0.000322316744
66.0,3.245625,2.067125,0.000322316744
66.0,3.244625,2.0675,0.000322316744
66.0,3.244375,2.0675,0.000322316744
66.0,3.2445,2.06725,0.000322316744
66.0,3.24475,2.067875,0.000322316744
66.0,3.24475,2.068,0.000322316744
66.0,3.244375,2.068,0.000322316744
66.0,3.244875,2.0685,0.000322316744
66.0,3.24525,2.068375,0.000322316744
66.0,3.24525,2.067875,0.000322316744
66.0,3.245,2.067875,0.000322316744
66.0,3.245125,2.0675,0.000322316744
66.0,3.245375,2.06725,0.000322316744
66.0,3.245375,2.0675,0.000322316744
66.0,3.24575,2.0675,0.000322316744
66.0,3.24625,2.067375,0.000322316744
66.0,3.24625,2.067,0.000322316744
66.0,3.245875,2.067125,0.000322316744
66.0,3.244625,2.067625,0.000322316744
66.0,3.244625,2.067625,0.000322316744
66.0,3.24525,2.06775,0.000322316744
66.0,3.245375,2.068,0.000322316744
66.0,3.245,2.067875,0.000322316744
66.0,3.24475,2.068125,0.000322316744
66.0,3.245375,2.068375,0.000322316744
66.0,3.245375,2.068375,0.000322316744
66.0,3.246,2.068375,0.000322316744
66.0,3.24575,2.067875,0.000322316744
66.0,3.246,2.067375,0.000322316744
66.0,3.246375,2.067125,0.000322316744
66.0,3.24625,2.06725,0.000322316744
66.0,3.246625,2.067375,0.000322316744
66.0,3.246625,2.067,0.000322316744
66.0,3.246,2.06675,0.000322316744
66.0,3.245625,2.067,0.000322316744
66.0,3.24525,2.0675,0.000322316744
66.0,3.245,2.0675,0.000322316744
66.0,3.24525,2.067625,0.000322316744
66.0,3.2455,2.068,0.000322316744
66.0,3.244875,2.067875,0.000322316744
66.0,3.244875,2.068,0.000322316744
66.0,3.2455,2.068375,0.000322316744
66.0,3.2455,2.068375,0.000322316744
66.0,3.2455,2.068125,0.000322316744
66.0,3.24525,2.067625,0.000322316744
66.0,3.245625,2.067125,0.000322316744
66.0,3.245375,2.067,0.000322316744
66.0,3.245375,2.067375,0.000322316744
66.0,3.246125,2.067375,0.000322316744
66.0,3.246625,2.067,0.000322316744
66.0,3.24625,2.06675,0.000322316744
66.0,3.245125,2.06725,0.000322316744
66.0,3.2445,2.067375,0.000322316744
66.0,3.245125,2.067375,0.000322316744
66.0,3.2455,2.06775,0.000322316744
66.0,3.245375,2.067875,0.000322316744
66.0,3.2445,2.067875,0.000322316744
66.0,3.2445,2.068375,0.000322316744
66.0,3.2445,2.068375,0.000322316744
66.0,3.245375,2.068375,0.000322316744
66.0,3.245125,2.068,0.000322316744
66.0,3.24525,2.0675,0.000322316744
66.0,3.245875,2.067125,0.000322316744
66.0,3.245875,2.06725,0.000322316744
66.0,3.245875,2.0675,0.000322316744
66.0,3.24675,2.06725,0.000322316744
66.0,3.24675,2.067,0.000322316744
66.0,3.245875,2.067125,0.000322316744
66.0,3.245375,2.067625,0.000322316744
66.0,3.244875,2.067625,0.000322316744
66.0,3.244875,2.0675,0.000322316744
66.0,3.245,2.067625,0.000322316744
66.0,3.24475,2.067625,0.000322316744
66.0,3.2445,2.067875,0.000322316744
66.0,3.2445,2.067875,0.000322316744
66.0,3.245375,2.068375,0.000322316744
66.0,3.245875,2.06825,0.000322316744
66.0,3.24575,2.068,0.000322316744
66.0,3.245625,2.067375,0.000322316744
66.0,3.245875,2.067,0.000322316744
66.0,3.24575,2.06725,0.000322316744
66.0,3.245875,2.0675,0.000322316744
66.0,3.24675,2.067125,0.000322316744
66.0,3.246625,2.067125,0.000322316744
66.0,3.245375,2.067125,0.000322316744
66.0,3.24475,2.067375,0.000322316744
66.0,3.245375,2.0675,0.000322316744
66.0,3.245375,2.06775,0.000322316744
66.0,3.244875,2.067875,0.000322316744
66.0,3.244125,2.067875,0.000322316744
66.0,3.244125,2.067875,0.000322316744
66.0,3.244375,2.068125,0.000322316744
66.0,3.245375,2.0685,0.000322316744
66.0,3.2455,2.068375,0.000322316744
66.0,3.2455,2.06775,0.000322316744
66.0,3.24575,2.06725,0.000322316744
66.0,3.245875,2.067375,0.000322316744
66.0,3.24575,2.0675,0.000322316744
66.0,3.246375,2.067375,0.000322316744
66.0,3.246375,2.067,0.000322316744
66.0,3.245875,2.067,0.000322316744
66.0,3.24525,2.0675,0.000322316744
66.0,3.244875,2.067625,0.000322316744
66.0,3.244875,2.067375,0.000322316744
66.0,3.24525,2.06775,0.000322316744
66.0,3.245125,2.067875,0.000322316744
66.0,3.245125,2.068,0.000322316744
66.0,3.244625,2.068,0.000322316744
66.0,3.24475,2.068125,0.000322316744
66.0,3.245375,2.068375,0.000322316744
66.0,3.24525,2.068,0.000322316744
66.0,3.245375,2.067375,0.000322316744
66.0,3.2455,2.067125,0.000322316744
66.0,3.245125,2.067375,0.000322316744
66.0,3.245375,2.0675,0.000322316744
66.0,3.246,2.067375,0.000322316744
66.0,3.246,2.067125,0.000322316744
66.0,3.2455,2.067,0.000322316744
66.0,3.245,2.0675,0.000322316744
66.0,3.244625,2.067625,0.000322316744
66.0,3.245,2.0675,0.000322316744
66.0,3.245375,2.06775,0.000322316744
66.0,3.245375,2.067875,0.000322316744
66.0,3.245,2.067875,0.000322316744
66.0,3.244875,2.068,0.000322316744
66.0,3.24475,2.0685,0.000322316744
66.0,3.245125,2.068375,0.000322316744
66.0,3.24525,2.068,0.000322316744
66.0,3.24575,2.06725,0.000322316744
66.0,3.245875,2.067,0.000322316744
66.0,3.246125,2.06725,0.000322316744
66.0,3.2465,2.067375,0.000322316744
66.0,3.246875,2.06725,0.000322316744
66.0,3.246375,2.066875,0.000322316744
66.0,3.245875,2.067125,0.000322316744
66.0,3.24475,2.067375,0.000322316744
66.0,3.245125,2.06725,0.000322316744
66.0,3.245625,2.0675,0.000322316744
66.0,3.2455,2.067875,0.000322316744
66.0,3.2455,2.067875,0.000322316744
66.0,3.244875,2.067625,0.000322316744
66.0,3.2445,2.067875,0.000322316744
66.0,3.24525,2.068125,0.000322316744
66.0,3.245625,2.068125,0.000322316744
66.0,3.2455,2.0675,0.000322316744
66.0,3.2455,2.067,0.000322316744
66.0,3.245375,2.067125,0.000322316744
66.0,3.24575,2.067125,0.000322316744
66.0,3.24675,2.067375,0.000322316744
66.0,3.2465,2.067125,0.000322316744
66.0,3.245875,2.067,0.000322316744
66.0,3.2455,2.067125,0.000322316744
66.0,3.244875,2.067375,0.000322316744
66.0,3.24475,2.067375,0.000322316744
67.0,3.223,2.114875,0.000322210457
67.0,3.222375,2.114875,0.000322210457
67.0,3.22275,2.1155,0.000322210457
67.0,3.2235,2.1155,0.000322210457
67.0,3.223625,2.115,0.000322210457
67.0,3.2235,2.114375,0.000322210457
67.0,3.223625,2.11425,0.000322210457
67.0,3.2235,2.114375,0.000322210457
67.0,3.2235,2.1145,0.000322210457
67.0,3.223875,2.1145,0.000322210457
67.0,3.224125,2.11425,0.000322210457
67.0,3.224125,2.114,0.000322210457
67.0,3.2235,2.1145,0.000322210457
67.0,3.222375,2.11475,0.000322210457
67.0,3.222875,2.114625,0.000322210457
67.0,3.223375,2.114625,0.000322210457
67.0,3.223375,2.115125,0.000322210457
67.0,3.223125,2.115,0.000322210457
67.0,3.22275,2.11525,0.000322210457
67.0,3.223,2.115625,0.000322210457
67.0,3.22325,2.115625,0.000322210457
67.0,3.22325,2.115125,0.000322210457
67.0,3.223625,2.114625,0.000322210457
67.0,3.223625,2.114375,0.000322210457
67.0,3.223625,2.11475,0.000322210457
67.0,3.22325,2.11475,0.000322210457
67.0,3.223625,2.1145,0.000322210457
67.0,3.2245,2.114125,0.000322210457
67.0,3.22425,2.114,0.000322210457
67.0,3.223125,2.1145,0.000322210457
67.0,3.222375,2.114875,0.000322210457
67.0,3.222625,2.114625,0.000322210457
67.0,3.222875,2.114625,0.000322210457
67.0,3.223,2.114875,0.000322210457
67.0,3.222,2.114875,0.000322210457
67.0,3.222625,2.11525,0.000322210457
67.0,3.2235,2.115625,0.000322210457
67.0,3.223375,2.11525,0.000322210457
67.0,3.2235,2.1145,0.000322210457
67.0,3.22375,2.114,0.000322210457
67.0,3.223625,2.114125,0.000322210457
67.0,3.223625,2.114125,0.000322210457
67.0,3.22375,2.114625,0.000322210457
67.0,3.2245,2.1145,0.000322210457
67.0,3.2245,2.114,0.000322210457
67.0,3.223875,2.114,0.000322210457
67.0,3.223,2.114625,0.000322210457
67.0,3.2225,2.114875,0.000322210457
67.0,3.223,2.11475,0.000322210457
67.0,3.223,2.114875,0.000322210457
67.0,3.222625,2.115,0.000322210457
67.0,3.222375,2.115,0.000322210457
67.0,3.222875,2.115375,0.000322210457
67.0,3.223625,2.115375,0.000322210457
67.0,3.223625,2.11525,0.000322210457
67.0,3.2235,2.114625,0.000322210457
67.0,3.22325,2.11425,0.000322210457
67.0,3.22325,2.11425,0.000322210457
67.0,3.223375,2.114625,0.000322210457
67.0,3.22375,2.11475,0.000322210457
67.0,3.224125,2.1145,0.000322210457
67.0,3.2245,2.11425,0.000322210457
67.0,3.223625,2.114375,0.000322210457
67.0,3.223,2.114625,0.000322210457
67.0,3.22275,2.114625,0.000322210457
67.0,3.223,2.114625,0.000322210457
67.0,3.223375,2.114875,0.000322210457
67.0,3.222625,2.114875,0.000322210457
67.0,3.22225,2.115125,0.000322210457
67.0,3.222875,2.115625,0.000322210457
67.0,3.22325,2.1155,0.000322210457
67.0,3.22325,2.114875,0.000322210457
67.0,3.22375,2.114125,0.000322210457
67.0,3.22375,2.114125,0.000322210457
67.0,3.223875,2.11425,0.000322210457
67.0,3.22375,2.114375,0.000322210457
67.0,3.22425,2.114375,0.000322210457
67.0,3.22425,2.11425,0.000322210457
67.0,3.224,2.114125,0.000322210457
67.0,3.22325,2.114375,0.000322210457
67.0,3.22275,2.114875,0.000322210457
67.0,3.22325,2.114375,0.000322210457
67.0,3.2235,2.114875,0.000322210457
67.0,3.223625,2.115125,0.000322210457
67.0,3.223,2.115,0.000322210457
67.0,3.22275,2.11525,0.000322210457
67.0,3.223,2.11575,0.000322210457
67.0,3.223875,2.115375,0.000322210457
67.0,3.223625,2.114875,0.000322210457
67.0,3.223625,2.114875,0.000322210457
67.0,3.22375,2.1145,0.000322210457
67.0,3.223625,2.114625,0.000322210457
67.0,3.223875,2.1145,0.000322210457
67.0,3.224625,2.114625,0.000322210457
67.0,3.22475,2.11425,0.000322210457
67.0,3.224,2.114125,0.000322210457
67.0,3.223,2.114625,0.000322210457
67.0,3.222375,2.11475,0.000322210457
67.0,3.22275,2.114625,0.000322210457
67.0,3.223375,2.114875,0.000322210457
67.0,3.223,2.115,0.000322210457
67.0,3.2225,2.115,0.000322210457
67.0,3.2225,2.115625,0.000322210457
67.0,3.22325,2.115625,0.000322210457
67.0,3.223125,2.115125,0.000322210457
67.0,3.223125,2.11475,0.000322210457
67.0,3.223375,2.11475,0.000322210457
67.0,3.223375,2.114375,0.000322210457
67.0,3.22325,2.1145,0.000322210457
67.0,3.223625,2.1145,0.000322210457
67.0,3.22375,2.114375,0.000322210457
67.0,3.22375,2.114,0.000322210457
67.0,3.223125,2.114125,0.000322210457
67.0,3.22275,2.1145,0.000322210457
67.0,3.222875,2.1145,0.000322210457
67.0,3.22325,2.1145,0.000322210457
67.0,3.22325,2.114875,0.000322210457
67.0,3.22275,2.115,0.000322210457
67.0,3.222375,2.115125,0.000322210457
67.0,3.223,2.115625,0.000322210457
67.0,3.2235,2.1155,0.000322210457
67.0,3.2235,2.114875,0.000322210457
67.0,3.223375,2.114875,0.000322210457
67.0,3.223125,2.11425,0.000322210457
67.0,3.223375,2.114375,0.000322210457
67.0,3.223625,2.114625,0.000322210457
67.0,3.223875,2.1145,0.000322210457
67.0,3.22425,2.114125,0.000322210457
67.0,3.224125,2.114125,0.000322210457
67.0,3.22325,2.114375,0.000322210457
67.0,3.222625,2.115,0.000322210457
67.0,3.223,2.11475,0.000322210457
67.0,3.223375,2.114875,0.000322210457
67.0,3.223125,2.115125,0.000322210457
67.0,3.22275,2.11525,0.000322210457
67.0,3.222625,2.1155,0.000322210457
67.0,3.222875,2.11575,0.000322210457
67.0,3.223,2.115625,0.000322210457
67.0,3.223,2.115625,0.000322210457
67.0,3.222625,2.115,0.000322210457
67.0,3.223,2.114375,0.000322210457
67.0,3.223,2.114375,0.000322210457
67.0,3.223375,2.11475,0.000322210457
67.0,3.224,2.114625,0.000322210457
67.0,3.224375,2.114375,0.000322210457
67.0,3.223875,2.114,0.000322210457
67.0,3.2225,2.114375,0.000322210457
67.0,3.2225,2.114625,0.000322210457
67.0,3.222625,2.1145,0.000322210457
67.0,3.223125,2.114875,0.000322210457
67.0,3.22275,2.115,0.000322210457
67.0,3.222375,2.115125,0.000322210457
67.0,3.22275,2.1155,0.000322210457
67.0,3.223375,2.115625,0.000322210457
67.0,3.223375,2.115625,0.000322210457
67.0,3.223625,2.115,0.000322210457
67.0,3.22325,2.114625,0.000322210457
67.0,3.22325,2.114375,0.000322210457
67.0,3.223375,2.1145,0.000322210457
67.0,3.22375,2.114625,0.000322210457
67.0,3.2245,2.1145,0.000322210457
67.0,3.22425,2.11425,0.000322210457
67.0,3.223625,2.11425,0.000322210457
67.0,3.2225,2.114625,0.000322210457
67.0,3.222125,2.114875,0.000322210457
67.0,3.22275,2.114875,0.000322210457
67.0,3.223375,2.11475,0.000322210457
67.0,3.223,2.114875,0.000322210457
67.0,3.222125,2.115125,0.000322210457
68.0,3.19875,2.162125,0.000322106032
68.0,3.199,2.162375,0.000322106032
68.0,3.199125,2.16175,0.000322106032
68.0,3.199625,2.160875,0.000322106032
68.0,3.199875,2.16075,0.000322106032
68.0,3.19975,2.16125,0.000322106032
68.0,3.20025,2.16125,0.000322106032
68.0,3.200875,2.161,0.000322106032
68.0,3.200875,2.161,0.000322106032
68.0,3.2005,2.160625,0.000322106032
68.0,3.1995,2.160875,0.000322106032
68.0,3.19875,2.161125,0.000322106032
68.0,3.198625,2.161375,0.000322106032
68.0,3.19875,2.1615,0.000322106032
68.0,3.19875,2.161625,0.000322106032
68.0,3.198625,2.161375,0.000322106032
68.0,3.19875,2.161875,0.000322106032
68.0,3.19925,2.16225,0.000322106032
68.0,3.19925,2.162,0.000322106032
68.0,3.199125,2.1615,0.000322106032
68.0,3.1995,2.161,0.000322106032
68.0,3.2,2.161125,0.000322106032
68.0,3.200125,2.161125,0.000322106032
68.0,3.2005,2.161125,0.000322106032
68.0,3.2005,2.16075,0.000322106032
68.0,3.2005,2.16075,0.000322106032
68.0,3.19975,2.1605,0.000322106032
68.0,3.198625,2.161125,0.000322106032
68.0,3.198375,2.1615,0.000322106032
68.0,3.198625,2.161375,0.000322106032
68.0,3.19925,2.1615,0.000322106032
68.0,3.199125,2.16175,0.000322106032
68.0,3.1985,2.161625,0.000322106032
68.0,3.198875,2.162,0.000322106032
68.0,3.199625,2.162125,0.000322106032
68.0,3.1995,2.161875,0.000322106032
68.0,3.19925,2.161375,0.000322106032
68.0,3.199875,2.161,0.000322106032
68.0,3.1995,2.161125,0.000322106032
68.0,3.199625,2.161125,0.000322106032
68.0,3.20025,2.161125,0.000322106032
68.0,3.20025,2.161125,0.000322106032
68.0,3.200375,2.160625,0.000322106032
68.0,3.199625,2.161,0.000322106032
68.0,3.198875,2.161375,0.000322106032
68.0,3.198625,2.16125,0.000322106032
68.0,3.199,2.161375,0.000322106032
68.0,3.1995,2.161625,0.000322106032
68.0,3.198875,2.161625,0.000322106032
68.0,3.19825,2.16175,0.000322106032
68.0,3.19875,2.162,0.000322106032
68.0,3.1995,2.162125,0.000322106032
68.0,3.199375,2.161625,0.000322106032
68.0,3.199375,2.161125,0.000322106032
68.0,3.199625,2.161125,0.000322106032
68.0,3.199625,2.16125,0.000322106032
68.0,3.2,2.16125,0.000322106032
68.0,3.2,2.16125,0.000322106032
68.0,3.20025,2.161,0.000322106032
68.0,3.2,2.1605,0.000322106032
68.0,3.1995,2.160875,0.000322106032
68.0,3.199,2.161375,0.000322106032
68.0,3.199,2.161375,0.000322106032
68.0,3.199125,2.1615,0.000322106032
68.0,3.19925,2.16175,0.000322106032
68.0,3.19825,2.16175,0.000322106032
68.0,3.198375,2.161875,0.000322106032
68.0,3.199,2.162125,0.000322106032
68.0,3.19925,2.161875,0.000322106032
68.0,3.19925,2.16125,0.000322106032
68.0,3.199375,2.161125,0.000322106032
68.0,3.199125,2.16125,0.000322106032
68.0,3.19925,2.161375,0.000322106032
68.0,3.19925,2.161375,0.000322106032
68.0,3.199875,2.16125,0.000322106032
68.0,3.2,2.160875,0.000322106032
68.0,3.1995,2.16075,0.000322106032
68.0,3.198875,2.1615,0.000322106032
68.0,3.1985,2.1615,0.000322106032
68.0,3.198875,2.161125,0.000322106032
68.0,3.19925,2.161625,0.000322106032
68.0,3.198875,2.161875,0.000322106032
68.0,3.198375,2.161875,0.000322106032
68.0,3.19875,2.16225,0.000322106032
68.0,3.19975,2.162375,0.000322106032
68.0,3.199125,2.162,0.000322106032
68.0,3.198625,2.1615,0.000322106032
68.0,3.19925,2.161125,0.000322106032
68.0,3.199625,2.16125,0.000322106032
68.0,3.199625,2.16125,0.000322106032
68.0,3.199875,2.1615,0.000322106032
68.0,3.199875,2.1615,0.000322106032
68.0,3.19975,2.161125,0.000322106032
68.0,3.199875,2.160875,0.000322106032
68.0,3.19925,2.16125,0.000322106032
68.0,3.199,2.161375,0.000322106032
68.0,3.199,2.161625,0.000322106032
68.0,3.199125,2.16175,0.000322106032
68.0,3.199125,2.161875,0.000322106032
68.0,3.19875,2.161875,0.000322106032
68.0,3.198875,2.16225,0.000322106032
68.0,3.199625,2.162375,0.000322106032
68.0,3.199375,2.161875,0.000322106032
68.0,3.199125,2.16125,0.000322106032
68.0,3.1995,2.161,0.000322106032
68.0,3.1995,2.161,0.000322106032
68.0,3.1995,2.16125,0.000322106032
68.0,3.199875,2.161375,0.000322106032
68.0,3.200375,2.161,0.000322106032
68.0,3.19975,2.16075,0.000322106032
68.0,3.19925,2.16125,0.000322106032
68.0,3.198875,2.161375,0.000322106032
68.0,3.19875,2.16125,0.000322106032
68.0,3.199125,2.1615,0.000322106032
68.0,3.199,2.16175,0.000322106032
68.0,3.198625,2.16175,0.000322106032
68.0,3.198375,2.162125,0.000322106032
68.0,3.198875,2.1625,0.000322106032
68.0,3.19925,2.16225,0.000322106032
68.0,3.199125,2.16175,0.000322106032
68.0,3.199625,2.16125,0.000322106032
68.0,3.199625,2.161375,0.000322106032
68.0,3.1995,2.161375,0.000322106032
68.0,3.199625,2.1615,0.000322106032
68.0,3.200125,2.161375,0.000322106032
68.0,3.2005,2.16125,0.000322106032
68.0,3.199875,2.161,0.000322106032
68.0,3.198875,2.161625,0.000322106032
68.0,3.198375,2.16175,0.000322106032
68.0,3.19875,2.161625,0.000322106032
68.0,3.19875,2.16175,0.000322106032
68.0,3.19875,2.162,0.000322106032
68.0,3.1985,2.161875,0.000322106032
68.0,3.198375,2.162375,0.000322106032
68.0,3.199125,2.1625,0.000322106032
68.0,3.19875,2.1625,0.000322106032
68.0,3.19875,2.161625,0.000322106032
68.0,3.1995,2.161125,0.000322106032
68.0,3.1995,2.161125,0.000322106032
68.0,3.199375,2.16125,0.000322106032
68.0,3.19975,2.161375,0.000322106032
68.0,3.200125,2.1615,0.000322106032
68.0,3.2005,2.161,0.000322106032
68.0,3.199875,2.161125,0.000322106032
68.0,3.199125,2.161625,0.000322106032
68.0,3.198875,2.161625,0.000322106032
68.0,3.19925,2.161625,0.000322106032
68.0,3.19925,2.16175,0.000322106032
68.0,3.198875,2.161875,0.000322106032
68.0,3.198625,2.161875,0.000322106032
68.0,3.19875,2.1625,0.000322106032
68.0,3.199625,2.1625,0.000322106032
68.0,3.199625,2.162,0.000322106032
68.0,3.19925,2.161375,0.000322106032
68.0,3.19925,2.161375,0.000322106032
68.0,3.199375,2.160875,0.000322106032
68.0,3.1995,2.161125,0.000322106032
68.0,3.200125,2.1615,0.000322106032
68.0,3.200625,2.161375,0.000322106032
68.0,3.2005,2.161125,0.000322106032
68.0,3.19975,2.16125,0.000322106032
68.0,3.199125,2.16175,0.000322106032
68.0,3.199125,2.1615,0.000322106032
68.0,3.1995,2.161625,0.000322106032
68.0,3.1995,2.16175,0.000322106032
68.0,3.198625,2.16175,0.000322106032
68.0,3.19825,2.162,0.000322106032
68.0,3.199125,2.1625,0.000322106032
68.0,3.1995,2.162375,0.000322106032
69.0,3.17375,2.208,0.000322230451
69.0,3.173125,2.208125,0.000322230451
69.0,3.172875,2.208375,0.000322230451
69.0,3.1735,2.20875,0.000322230451
69.0,3.173875,2.2085,0.000322230451
69.0,3.173625,2.208,0.000322230451
69.0,3.173875,2.207625,0.000322230451
69.0,3.17425,2.2075,0.000322230451
69.0,3.17425,2.2075,0.000322230451
69.0,3.1745,2.207625,0.000322230451
69.0,3.174875,2.207375,0.000322230451
69.0,3.175,2.207125,0.000322230451
69.0,3.1745,2.207,0.000322230451
69.0,3.17325,2.207375,0.000322230451
69.0,3.172875,2.2075,0.000322230451
69.0,3.173125,2.207625,0.000322230451
69.0,3.173375,2.207875,0.000322230451
69.0,3.1735,2.208,0.000322230451
69.0,3.172875,2.208125,0.000322230451
69.0,3.172875,2.208625,0.000322230451
69.0,3.173625,2.208875,0.000322230451
69.0,3.173875,2.208375,0.000322230451
69.0,3.17425,2.20775,0.000322230451
69.0,3.174375,2.207375,0.000322230451
69.0,3.174375,2.207375,0.000322230451
69.0,3.174375,2.2075,0.000322230451
69.0,3.1745,2.20775,0.000322230451
69.0,3.174875,2.2075,0.000322230451
69.0,3.174875,2.20725,0.000322230451
69.0,3.173875,2.207,0.000322230451
69.0,3.173125,2.207625,0.000322230451
69.0,3.173,2.20775,0.000322230451
69.0,3.173,2.207875,0.000322230451
69.0,3.173375,2.208125,0.000322230451
69.0,3.172875,2.20825,0.000322230451
69.0,3.172625,2.208125,0.000322230451
69.0,3.173125,2.208625,0.000322230451
69.0,3.173625,2.208625,0.000322230451
69.0,3.1735,2.20825,0.000322230451
69.0,3.173625,2.207625,0.000322230451
69.0,3.173625,2.20725,0.000322230451
69.0,3.173875,2.20725,0.000322230451
69.0,3.174,2.207625,0.000322230451
69.0,3.174375,2.2075,0.000322230451
69.0,3.174625,2.20725,0.000322230451
69.0,3.17475,2.207125,0.000322230451
69.0,3.17425,2.207375,0.000322230451
69.0,3.1735,2.207875,0.000322230451
69.0,3.17325,2.2075,0.000322230451
69.0,3.173875,2.207625,0.000322230451
69.0,3.1735,2.207875,0.000322230451
69.0,3.172875,2.208,0.000322230451
69.0,3.17275,2.20825,0.000322230451
69.0,3.17325,2.20875,0.000322230451
69.0,3.17375,2.2085,0.000322230451
69.0,3.173375,2.208,0.000322230451
69.0,3.1735,2.207375,0.000322230451
69.0,3.1735,2.207375,0.000322230451
69.0,3.173625,2.207375,0.000322230451
69.0,3.173625,2.2075,0.000322230451
69.0,3.1745,2.207625,0.000322230451
69.0,3.17475,2.2075,0.000322230451
69.0,3.174375,2.207125,0.000322230451
69.0,3.173375,2.2075,0.000322230451
69.0,3.173125,2.207875,0.000322230451
69.0,3.17325,2.208,0.000322230451
69.0,3.17325,2.208,0.000322230451
69.0,3.172875,2.208,0.000322230451
69.0,3.17275,2.208125,0.000322230451
69.0,3.173,2.208625,0.000322230451
69.0,3.174125,2.20875,0.000322230451
69.0,3.174,2.2085,0.000322230451
69.0,3.173625,2.20775,0.000322230451
69.0,3.173625,2.20775,0.000322230451
69.0,3.174125,2.20725,0.000322230451
69.0,3.17425,2.2075,0.000322230451
69.0,3.17425,2.207625,0.000322230451
69.0,3.174875,2.2075,0.000322230451
69.0,3.174875,2.20725,0.000322230451
69.0,3.174375,2.207125,0.000322230451
69.0,3.173625,2.207625,0.000322230451
69.0,3.17325,2.20775,0.000322230451
69.0,3.173625,2.20775,0.000322230451
69.0,3.1735,2.207875,0.000322230451
69.0,3.17325,2.207875,0.000322230451
69.0,3.17275,2.208,0.000322230451
69.0,3.173125,2.208625,0.000322230451
69.0,3.17375,2.208625,0.000322230451
69.0,3.17325,2.208,0.000322230451
69.0,3.17325,2.208,0.000322230451
69.0,3.1735,2.207375,0.000322230451
69.0,3.174125,2.207125,0.000322230451
69.0,3.174,2.207375,0.000322230451
69.0,3.174625,2.20775,0.000322230451
69.0,3.174875,2.2075,0.000322230451
69.0,3.174625,2.207,0.000322230451
69.0,3.173875,2.20725,0.000322230451
69.0,3.173375,2.207625,0.000322230451
69.0,3.173125,2.207625,0.000322230451
69.0,3.173125,2.207875,0.000322230451
69.0,3.173,2.20825,0.000322230451
69.0,3.172875,2.208125,0.000322230451
69.0,3.1725,2.2085,0.000322230451
69.0,3.1735,2.208625,0.000322230451
69.0,3.174125,2.208625,0.000322230451
69.0,3.174125,2.208625,0.000322230451
69.0,3.173625,2.208,0.000322230451
69.0,3.174125,2.207375,0.000322230451
69.0,3.174125,2.20725,0.000322230451
69.0,3.174125,2.2075,0.000322230451
69.0,3.174375,2.2075,0.000322230451
69.0,3.174875,2.20725,0.000322230451
69.0,3.174625,2.207125,0.000322230451
69.0,3.1735,2.2075,0.000322230451
69.0,3.172875,2.207625,0.000322230451
69.0,3.173375,2.2075,0.000322230451
69.0,3.1735,2.207875,0.000322230451
69.0,3.17325,2.20825,0.000322230451
69.0,3.172875,2.208125,0.000322230451
69.0,3.17325,2.208375,0.000322230451
69.0,3.174,2.208625,0.000322230451
69.0,3.174,2.20825,0.000322230451
69.0,3.174,2.20825,0.000322230451
69.0,3.173625,2.207875,0.000322230451
69.0,3.174125,2.2075,0.000322230451
69.0,3.17375,2.207625,0.000322230451
69.0,3.17375,2.20775,0.000322230451
69.0,3.17475,2.2075,0.000322230451
69.0,3.175,2.207,0.000322230451
69.0,3.17425,2.207125,0.000322230451
69.0,3.172875,2.207625,0.000322230451
69.0,3.1725,2.207625,0.000322230451
69.0,3.17275,2.20775,0.000322230451
69.0,3.1735,2.208,0.000322230451
69.0,3.17325,2.208125,0.000322230451
69.0,3.173,2.208125,0.000322230451
69.0,3.173625,2.208625,0.000322230451
69.0,3.173625,2.20875,0.000322230451
69.0,3.173875,2.20875,0.000322230451
69.0,3.17375,2.20825,0.000322230451
69.0,3.173875,2.207625,0.000322230451
69.0,3.174375,2.207375,0.000322230451
69.0,3.174,2.207375,0.000322230451
69.0,3.1745,2.2075,0.000322230451
69.0,3.175125,2.207125,0.000322230451
69.0,3.1745,2.207,0.000322230451
69.0,3.173625,2.207125,0.000322230451
69.0,3.173125,2.20775,0.000322230451
69.0,3.173,2.207625,0.000322230451
69.0,3.1735,2.20775,0.000322230451
69.0,3.173875,2.208,0.000322230451
69.0,3.17325,2.208,0.000322230451
69.0,3.17275,2.208,0.000322230451
69.0,3.173375,2.2085,0.000322230451
69.0,3.173375,2.2085,0.000322230451
69.0,3.173625,2.208375,0.000322230451
69.0,3.173625,2.208,0.000322230451
69.0,3.174,2.2075,0.000322230451
69.0,3.174125,2.207375,0.000322230451
69.0,3.174,2.2075,0.000322230451
69.0,3.17475,2.2075,0.000322230451
69.0,3.17475,2.207375,0.000322230451
69.0,3.17475,2.20725,0.000322230451
69.0,3.174,2.2075,0.000322230451
69.0,3.1735,2.207875,0.000322230451
69.0,3.173375,2.208,0.000322230451
69.0,3.1735,2.20825,0.000322230451
69.0,3.1735,2.20825,0.000322230451
69.0,3.173125,2.208,0.000322230451
70.0,3.143875,2.252625,0.000322191248
70.0,3.14375,2.253,0.000322191248
70.0,3.144375,2.253375,0.000322191248
70.0,3.1445,2.253125,0.000322191248
70.0,3.144375,2.2525,0.000322191248
70.0,3.144625,2.252,0.000322191248
70.0,3.144625,2.252,0.000322191248
70.0,3.145,2.25225,0.000322191248
70.0,3.145,2.25225,0.000322191248
70.0,3.145375,2.252125,0.000322191248
70.0,3.146,2.25175,0.000322191248
70.0,3.145625,2.251625,0.000322191248
70.0,3.144875,2.252,0.000322191248
70.0,3.1445,2.252375,0.000322191248
70.0,3.144625,2.252125,0.000322191248
70.0,3.14425,2.252375,0.000322191248
70.0,3.144125,2.252625,0.000322191248
70.0,3.143625,2.2525,0.000322191248
70.0,3.143875,2.25275,0.000322191248
70.0,3.144875,2.253,0.000322191248
70.0,3.145,2.253,0.000322191248
70.0,3.144875,2.252375,0.000322191248
70.0,3.14475,2.251875,0.000322191248
70.0,3.144875,2.252125,0.000322191248
70.0,3.145125,2.252125,0.000322191248
70.0,3.145125,2.25225,0.000322191248
70.0,3.145625,2.252,0.000322191248
70.0,3.14575,2.251625,0.000322191248
70.0,3.1455,2.2515,0.000322191248
70.0,3.144625,2.252125,0.000322191248
70.0,3.14425,2.25225,0.000322191248
70.0,3.145,2.252125,0.000322191248
70.0,3.144875,2.2525,0.000322191248
70.0,3.1445,2.2525,0.000322191248
70.0,3.144,2.252625,0.000322191248
70.0,3.144125,2.253125,0.000322191248
70.0,3.144625,2.253125,0.000322191248
70.0,3.144875,2.25275,0.000322191248
70.0,3.144875,2.252,0.000322191248
70.0,3.145,2.251875,0.000322191248
70.0,3.144625,2.251875,0.000322191248
70.0,3.144625,2.252,0.000322191248
70.0,3.145125,2.252125,0.000322191248
70.0,3.146125,2.252,0.000322191248
70.0,3.145875,2.25175,0.000322191248
70.0,3.145125,2.251875,0.000322191248
70.0,3.14425,2.252375,0.000322191248
70.0,3.14425,2.252375,0.000322191248
70.0,3.1445,2.252375,0.000322191248
70.0,3.144625,2.25275,0.000322191248
70.0,3.14375,2.25275,0.000322191248
70.0,3.143875,2.252875,0.000322191248
70.0,3.144375,2.25325,0.000322191248
70.0,3.145125,2.253125,0.000322191248
70.0,3.145,2.2525,0.000322191248
70.0,3.145125,2.252125,0.000322191248
70.0,3.145625,2.252125,0.000322191248
70.0,3.145625,2.252125,0.000322191248
70.0,3.145125,2.252125,0.000322191248
70.0,3.1455,2.252125,0.000322191248
70.0,3.145875,2.251875,0.000322191248
70.0,3.145375,2.25175,0.000322191248
70.0,3.144875,2.252,0.000322191248
70.0,3.14425,2.2525,0.000322191248
70.0,3.144375,2.25225,0.000322191248
70.0,3.14475,2.2525,0.000322191248
70.0,3.14475,2.252625,0.000322191248
70.0,3.14425,2.252375,0.000322191248
70.0,3.14425,2.252875,0.000322191248
70.0,3.144875,2.253125,0.000322191248
70.0,3.145,2.252875,0.000322191248
70.0,3.144875,2.25225,0.000322191248
70.0,3.14525,2.251625,0.000322191248
70.0,3.14525,2.251625,0.000322191248
70.0,3.145125,2.25175,0.000322191248
70.0,3.145,2.252,0.000322191248
70.0,3.14575,2.252,0.000322191248
70.0,3.146,2.251625,0.000322191248
70.0,3.14575,2.2515,0.000322191248
70.0,3.144875,2.252125,0.000322191248
70.0,3.1445,2.252375,0.000322191248
70.0,3.1445,2.2525,0.000322191248
70.0,3.144125,2.2525,0.000322191248
70.0,3.144125,2.252375,0.000322191248
70.0,3.143875,2.252625,0.000322191248
70.0,3.14425,2.253125,0.000322191248
70.0,3.145125,2.25325,0.000322191248
70.0,3.144625,2.252875,0.000322191248
70.0,3.1445,2.252125,0.000322191248
70.0,3.1445,2.252125,0.000322191248
70.0,3.145,2.251875,0.000322191248
70.0,3.145,2.252125,0.000322191248
70.0,3.145375,2.25225,0.000322191248
70.0,3.146375,2.252,0.000322191248
70.0,3.146,2.251625,0.000322191248
70.0,3.145125,2.25175,0.000322191248
70.0,3.144125,2.252125,0.000322191248
70.0,3.1445,2.252,0.000322191248
70.0,3.1445,2.25225,0.000322191248
70.0,3.14425,2.2525,0.000322191248
70.0,3.143875,2.252625,0.000322191248
70.0,3.14375,2.252875,0.000322191248
70.0,3.144625,2.25325,0.000322191248
70.0,3.14475,2.253125,0.000322191248
70.0,3.1445,2.252625,0.000322191248
70.0,3.1445,2.252625,0.000322191248
70.0,3.1445,2.252125,0.000322191248
70.0,3.1445,2.252125,0.000322191248
70.0,3.14475,2.252125,0.000322191248
70.0,3.145375,2.252125,0.000322191248
70.0,3.146,2.251875,0.000322191248
70.0,3.14575,2.251625,0.000322191248
70.0,3.14475,2.251875,0.000322191248
70.0,3.144125,2.252125,0.000322191248
70.0,3.144375,2.252,0.000322191248
70.0,3.144875,2.252375,0.000322191248
70.0,3.14475,2.252625,0.000322191248
70.0,3.144375,2.2525,0.000322191248
70.0,3.14425,2.252875,0.000322191248
70.0,3.145,2.253125,0.000322191248
70.0,3.1455,2.252875,0.000322191248
70.0,3.1455,2.252875,0.000322191248
70.0,3.145125,2.2525,0.000322191248
70.0,3.145,2.252125,0.000322191248
70.0,3.145,2.252125,0.000322191248
70.0,3.14525,2.25225,0.000322191248
70.0,3.145875,2.25225,0.000322191248
70.0,3.146125,2.251875,0.000322191248
70.0,3.145875,2.251625,0.000322191248
70.0,3.145,2.252125,0.000322191248
70.0,3.144875,2.25225,0.000322191248
70.0,3.14475,2.252125,0.000322191248
70.0,3.144875,2.252625,0.000322191248
70.0,3.144625,2.252625,0.000322191248
70.0,3.1445,2.252625,0.000322191248
70.0,3.144625,2.253,0.000322191248
70.0,3.145,2.253375,0.000322191248
70.0,3.144875,2.25275,0.000322191248
70.0,3.144875,2.25275,0.000322191248
70.0,3.14525,2.25225,0.000322191248
70.0,3.1455,2.251875,0.000322191248
70.0,3.145125,2.252,0.000322191248
70.0,3.145125,2.252125,0.000322191248
70.0,3.146,2.252125,0.000322191248
70.0,3.14625,2.25175,0.000322191248
70.0,3.1455,2.25175,0.000322191248
70.0,3.14475,2.252125,0.000322191248
70.0,3.144375,2.252125,0.000322191248
70.0,3.144875,2.25225,0.000322191248
70.0,3.145,2.2525,0.000322191248
70.0,3.1445,2.2525,0.000322191248
70.0,3.144,2.252625,0.000322191248
70.0,3.14425,2.25325,0.000322191248
70.0,3.14475,2.25325,0.000322191248
70.0,3.14475,2.25325,0.000322191248
70.0,3.1445,2.252875,0.000322191248
70.0,3.144375,2.252,0.000322191248
70.0,3.144875,2.25175,0.000322191248
70.0,3.145,2.252,0.000322191248
70.0,3.1455,2.252125,0.000322191248
70.0,3.146125,2.251875,0.000322191248
70.0,3.145625,2.251625,0.000322191248
70.0,3.145125,2.25175,0.000322191248
70.0,3.14425,2.252375,0.000322191248
70.0,3.144125,2.25225,0.000322191248
70.0,3.1445,2.2525,0.000322191248
70.0,3.144875,2.25275,0.000322191248
70.0,3.1445,2.252625,0.000322191248
70.0,3.144,2.252875,0.000322191248
71.0,3.115,2.29625,0.00032214541
71.0,3.1155,2.295875,0.00032214541
71.0,3.1155,2.29625,0.00032214541
71.0,3.1155,2.29625,0.00032214541
71.0,3.116125,2.296125,0.00032214541
71.0,3.115875,2.29575,0.00032214541
71.0,3.11525,2.296125,0.00032214541
71.0,3.1145,2.296625,0.00032214541
71.0,3.1145,2.296625,0.00032214541
71.0,3.1145,2.296375,0.00032214541
71.0,3.114875,2.2965,0.00032214541
71.0,3.115125,2.29675,0.00032214541
71.0,3.1145,2.29675,0.00032214541
71.0,3.1145,2.297125,0.00032214541
71.0,3.11525,2.297375,0.00032214541
71.0,3.115375,2.297125,0.00032214541
71.0,3.115125,2.296625,0.00032214541
71.0,3.11525,2.296125,0.00032214541
71.0,3.115375,2.296125,0.00032214541
71.0,3.11525,2.29625,0.00032214541
71.0,3.115875,2.296125,0.00032214541
71.0,3.116,2.295875,0.00032214541
71.0,3.115625,2.295875,0.00032214541
71.0,3.115,2.29625,0.00032214541
71.0,3.115,2.2965,0.00032214541
71.0,3.1145,2.2965,0.00032214541
71.0,3.114625,2.2965,0.00032214541
71.0,3.115125,2.29675,0.00032214541
71.0,3.11475,2.29675,0.00032214541
71.0,3.11425,2.296625,0.00032214541
71.0,3.114375,2.297125,0.00032214541
71.0,3.115,2.297375,0.00032214541
71.0,3.11525,2.297,0.00032214541
71.0,3.115125,2.296625,0.00032214541
71.0,3.115625,2.29625,0.00032214541
71.0,3.115375,2.29625,0.00032214541
71.0,3.11525,2.29625,0.00032214541
71.0,3.115875,2.296125,0.00032214541
71.0,3.11575,2.295875,0.00032214541
71.0,3.115125,2.295875,0.00032214541
71.0,3.1145,2.29625,0.00032214541
71.0,3.1145,2.29625,0.00032214541
71.0,3.11425,2.296625,0.00032214541
71.0,3.114125,2.296625,0.00032214541
71.0,3.1145,2.296875,0.00032214541
71.0,3.114125,2.296875,0.00032214541
71.0,3.11375,2.297,0.00032214541
71.0,3.1145,2.297375,0.00032214541
71.0,3.115375,2.2975,0.00032214541
71.0,3.114875,2.297,0.00032214541
71.0,3.11475,2.29625,0.00032214541
71.0,3.11525,2.296,0.00032214541
71.0,3.115,2.29625,0.00032214541
71.0,3.1155,2.29625,0.00032214541
71.0,3.11575,2.296,0.00032214541
71.0,3.1155,2.2955,0.00032214541
71.0,3.114875,2.295875,0.00032214541
71.0,3.114875,2.295875,0.00032214541
71.0,3.114,2.296625,0.00032214541
71.0,3.114125,2.29675,0.00032214541
71.0,3.1145,2.296875,0.00032214541
71.0,3.115,2.297,0.00032214541
71.0,3.11425,2.29675,0.00032214541
71.0,3.113875,2.297125,0.00032214541
71.0,3.114875,2.297625,0.00032214541
71.0,3.115375,2.297375,0.00032214541
71.0,3.115125,2.296875,0.00032214541
71.0,3.115125,2.296125,0.00032214541
71.0,3.115375,2.296,0.00032214541
71.0,3.11525,2.296375,0.00032214541
71.0,3.115375,2.296375,0.00032214541
71.0,3.1155,2.296,0.00032214541
71.0,3.115875,2.295875,0.00032214541
71.0,3.115875,2.295875,0.00032214541
71.0,3.115,2.296625,0.00032214541
71.0,3.11425,2.29675,0.00032214541
71.0,3.114375,2.296375,0.00032214541
71.0,3.114875,2.296375,0.00032214541
71.0,3.114875,2.296625,0.00032214541
71.0,3.114125,2.296875,0.00032214541
71.0,3.11425,2.29725,0.00032214541
71.0,3.115125,2.2975,0.00032214541
71.0,3.11525,2.297,0.00032214541
71.0,3.114875,2.2965,0.00032214541
71.0,3.11525,2.296,0.00032214541
71.0,3.1155,2.296125,0.00032214541
71.0,3.115625,2.29625,0.00032214541
71.0,3.116125,2.29625,0.00032214541
71.0,3.115875,2.296,0.00032214541
71.0,3.115875,2.296,0.00032214541
71.0,3.115125,2.296,0.00032214541
71.0,3.114375,2.2965,0.00032214541
71.0,3.11375,2.2965,0.00032214541
71.0,3.114375,2.2965,0.00032214541
71.0,3.114625,2.29675,0.00032214541
71.0,3.1145,2.296875,0.00032214541
71.0,3.1145,2.297,0.00032214541
71.0,3.11475,2.2975,0.00032214541
71.0,3.115375,2.2975,0.00032214541
71.0,3.115375,2.297125,0.00032214541
71.0,3.115375,2.296375,0.00032214541
71.0,3.115125,2.296,0.00032214541
71.0,3.11525,2.29625,0.00032214541
71.0,3.115875,2.296375,0.00032214541
71.0,3.116125,2.296125,0.00032214541
71.0,3.116125,2.29575,0.00032214541
71.0,3.116,2.29575,0.00032214541
71.0,3.115375,2.295875,0.00032214541
71.0,3.114625,2.296375,0.00032214541
71.0,3.114375,2.296375,0.00032214541
71.0,3.115,2.2965,0.00032214541
71.0,3.115,2.296875,0.00032214541
71.0,3.114375,2.296875,0.00032214541
71.0,3.11375,2.297125,0.00032214541
71.0,3.1145,2.297375,0.00032214541
71.0,3.115125,2.297375,0.00032214541
71.0,3.115125,2.296875,0.00032214541
71.0,3.115375,2.296375,0.00032214541
71.0,3.115125,2.296125,0.00032214541
71.0,3.115125,2.29625,0.00032214541
71.0,3.11575,2.296375,0.00032214541
71.0,3.11575,2.296125,0.00032214541
71.0,3.1165,2.296125,0.00032214541
71.0,3.11575,2.29575,0.00032214541
71.0,3.11475,2.296125,0.00032214541
71.0,3.11425,2.296625,0.00032214541
71.0,3.114375,2.296625,0.00032214541
71.0,3.11475,2.29675,0.00032214541
71.0,3.115,2.296625,0.00032214541
71.0,3.11425,2.29675,0.00032214541
71.0,3.1145,2.297125,0.00032214541
71.0,3.115375,2.2975,0.00032214541
71.0,3.11525,2.29725,0.00032214541
71.0,3.115375,2.296625,0.00032214541
71.0,3.115375,2.29625,0.00032214541
71.0,3.115125,2.296375,0.00032214541
71.0,3.115375,2.2965,0.00032214541
71.0,3.116375,2.296375,0.00032214541
71.0,3.116375,2.296375,0.00032214541
71.0,3.11625,2.296,0.00032214541
71.0,3.11575,2.295875,0.00032214541
71.0,3.115125,2.29625,0.00032214541
71.0,3.1145,2.2965,0.00032214541
71.0,3.1145,2.296375,0.00032214541
71.0,3.11475,2.29675,0.00032214541
71.0,3.11475,2.296875,0.00032214541
71.0,3.1145,2.297,0.00032214541
71.0,3.114375,2.297375,0.00032214541
71.0,3.115,2.2975,0.00032214541
71.0,3.115125,2.297375,0.00032214541
71.0,3.11525,2.296625,0.00032214541
71.0,3.115125,2.296,0.00032214541
71.0,3.11475,2.29625,0.00032214541
71.0,3.114875,2.296375,0.00032214541
71.0,3.114875,2.296375,0.00032214541
71.0,3.1155,2.29625,0.00032214541
71.0,3.115625,2.295875,0.00032214541
71.0,3.114875,2.296,0.00032214541
71.0,3.114125,2.296375,0.00032214541
71.0,3.11425,2.296625,0.00032214541
71.0,3.114625,2.29675,0.00032214541
71.0,3.11475,2.296875,0.00032214541
71.0,3.11425,2.296625,0.00032214541
71.0,3.114375,2.296875,0.00032214541
71.0,3.11475,2.297125,0.00032214541
71.0,3.114875,2.297125,0.00032214541
71.0,3.1145,2.296625,0.00032214541
71.0,3.114875,2.296,0.00032214541
71.0,3.115,2.296,0.00032214541
72.0,3.08375,2.34025,0.000322126318
72.0,3.083375,2.3395,0.000322126318
72.0,3.0835,2.339,0.000322126318
72.0,3.083375,2.33925,0.000322126318
72.0,3.083875,2.339375,0.000322126318
72.0,3.084625,2.33925,0.000322126318
72.0,3.0845,2.338875,0.000322126318
72.0,3.083875,2.339,0.000322126318
72.0,3.083875,2.339,0.000322126318
72.0,3.083,2.3395,0.000322126318
72.0,3.082625,2.3395,0.000322126318
72.0,3.083125,2.339625,0.000322126318
72.0,3.0835,2.339875,0.000322126318
72.0,3.082875,2.339625,0.000322126318
72.0,3.08275,2.34,0.000322126318
72.0,3.08325,2.3405,0.000322126318
72.0,3.0835,2.340625,0.000322126318
72.0,3.083375,2.339875,0.000322126318
72.0,3.083875,2.339125,0.000322126318
72.0,3.083875,2.338875,0.000322126318
72.0,3.0835,2.33925,0.000322126318
72.0,3.083875,2.33925,0.000322126318
72.0,3.08425,2.339,0.000322126318
72.0,3.084,2.33875,0.000322126318
72.0,3.084,2.33875,0.000322126318
72.0,3.083125,2.339125,0.000322126318
72.0,3.082625,2.3395,0.000322126318
72.0,3.082625,2.33925,0.000322126318
72.0,3.082875,2.339375,0.000322126318
72.0,3.083,2.33975,0.000322126318
72.0,3.0825,2.339875,0.000322126318
72.0,3.0825,2.340125,0.000322126318
72.0,3.083375,2.34025,0.000322126318
72.0,3.083625,2.34,0.000322126318
72.0,3.083125,2.3395,0.000322126318
72.0,3.08375,2.338875,0.000322126318
72.0,3.084,2.339125,0.000322126318
72.0,3.084125,2.33925,0.000322126318
72.0,3.084375,2.339125,0.000322126318
72.0,3.08425,2.338875,0.000322126318
72.0,3.08425,2.338875,0.000322126318
72.0,3.084125,2.338875,0.000322126318
72.0,3.082875,2.33925,0.000322126318
72.0,3.0825,2.339375,0.000322126318
72.0,3.082625,2.3395,0.000322126318
72.0,3.083,2.339875,0.000322126318
72.0,3.083,2.339875,0.000322126318
72.0,3.082625,2.339875,0.000322126318
72.0,3.082875,2.34025,0.000322126318
72.0,3.083375,2.3405,0.000322126318
72.0,3.083375,2.34025,0.000322126318
72.0,3.08325,2.3395,0.000322126318
72.0,3.0835,2.339,0.000322126318
72.0,3.08375,2.339125,0.000322126318
72.0,3.084125,2.33925,0.000322126318
72.0,3.084375,2.33925,0.000322126318
72.0,3.08425,2.339,0.000322126318
72.0,3.08425,2.339,0.000322126318
72.0,3.083625,2.338875,0.000322126318
72.0,3.082375,2.339375,0.000322126318
72.0,3.082625,2.3395,0.000322126318
72.0,3.083125,2.3395,0.000322126318
72.0,3.082875,2.33975,0.000322126318
72.0,3.08275,2.33975,0.000322126318
72.0,3.082,2.339875,0.000322126318
72.0,3.082625,2.34025,0.000322126318
72.0,3.083625,2.340375,0.000322126318
72.0,3.0835,2.34,0.000322126318
72.0,3.083,2.33925,0.000322126318
72.0,3.08325,2.339125,0.000322126318
72.0,3.08375,2.33925,0.000322126318
72.0,3.083875,2.33925,0.000322126318
72.0,3.084125,2.339125,0.000322126318
72.0,3.084125,2.339125,0.000322126318
72.0,3.084125,2.33875,0.000322126318
72.0,3.08375,2.338875,0.000322126318
72.0,3.082875,2.33925,0.000322126318
72.0,3.08275,2.339125,0.000322126318
72.0,3.082625,2.33925,0.000322126318
72.0,3.082625,2.339625,0.000322126318
72.0,3.082375,2.339625,0.000322126318
72.0,3.082625,2.34,0.000322126318
72.0,3.083125,2.340375,0.000322126318
72.0,3.0835,2.34025,0.000322126318
72.0,3.083625,2.33975,0.000322126318
72.0,3.083875,2.33925,0.000322126318
72.0,3.084125,2.33925,0.000322126318
72.0,3.084125,2.3395,0.000322126318
72.0,3.084375,2.339375,0.000322126318
72.0,3.084375,2.339375,0.000322126318
72.0,3.0845,2.338875,0.000322126318
72.0,3.084375,2.33875,0.000322126318
72.0,3.0835,2.33925,0.000322126318
72.0,3.082625,2.33925,0.000322126318
72.0,3.082625,2.339125,0.000322126318
72.0,3.08325,2.339625,0.000322126318
72.0,3.082875,2.339875,0.000322126318
72.0,3.08275,2.339875,0.000322126318
72.0,3.082625,2.34025,0.000322126318
72.0,3.083625,2.3405,0.000322126318
72.0,3.08375,2.340125,0.000322126318
72.0,3.0835,2.339375,0.000322126318
72.0,3.083875,2.339125,0.000322126318
72.0,3.083625,2.33925,0.000322126318
72.0,3.08375,2.33925,0.000322126318
72.0,3.08375,2.33925,0.000322126318
72.0,3.084125,2.33925,0.000322126318
72.0,3.0845,2.33875,0.000322126318
72.0,3.084125,2.338875,0.000322126318
72.0,3.083125,2.339375,0.000322126318
72.0,3.083125,2.3395,0.000322126318
72.0,3.08325,2.339375,0.000322126318
72.0,3.083375,2.33975,0.000322126318
72.0,3.083,2.33975,0.000322126318
72.0,3.082375,2.339875,0.000322126318
72.0,3.083125,2.340375,0.000322126318
72.0,3.083625,2.340375,0.000322126318
72.0,3.083625,2.33975,0.000322126318
72.0,3.08325,2.339125,0.000322126318
72.0,3.08325,2.339,0.000322126318
72.0,3.083625,2.339125,0.000322126318
72.0,3.083625,2.339125,0.000322126318
72.0,3.084125,2.33925,0.000322126318
72.0,3.08425,2.339,0.000322126318
72.0,3.08375,2.338625,0.000322126318
72.0,3.083375,2.338875,0.000322126318
72.0,3.082625,2.339625,0.000322126318
72.0,3.082875,2.339375,0.000322126318
72.0,3.083375,2.3395,0.000322126318
72.0,3.083375,2.3395,0.000322126318
72.0,3.083,2.339625,0.000322126318
72.0,3.082625,2.340125,0.000322126318
72.0,3.083,2.3405,0.000322126318
72.0,3.083375,2.340375,0.000322126318
72.0,3.083375,2.33975,0.000322126318
72.0,3.08375,2.339,0.000322126318
72.0,3.083625,2.338875,0.000322126318
72.0,3.083625,2.33925,0.000322126318
72.0,3.083875,2.33925,0.000322126318
72.0,3.0845,2.339375,0.000322126318
72.0,3.085,2.339,0.000322126318
72.0,3.0845,2.33875,0.000322126318
72.0,3.083375,2.33925,0.000322126318
72.0,3.083125,2.33975,0.000322126318
72.0,3.08325,2.339625,0.000322126318
72.0,3.083125,2.33975,0.000322126318
72.0,3.08325,2.33975,0.000322126318
72.0,3.0835,2.33975,0.000322126318
72.0,3.08325,2.34025,0.000322126318
72.0,3.0835,2.3405,0.000322126318
72.0,3.083625,2.34025,0.000322126318
72.0,3.08325,2.339625,0.000322126318
72.0,3.0835,2.33875,0.000322126318
72.0,3.08375,2.339125,0.000322126318
72.0,3.08375,2.339125,0.000322126318
72.0,3.084125,2.3395,0.000322126318
72.0,3.084625,2.339375,0.000322126318
72.0,3.08425,2.339,0.000322126318
72.0,3.08375,2.338875,0.000322126318
72.0,3.082875,2.339375,0.000322126318
72.0,3.082625,2.3395,0.000322126318
72.0,3.08325,2.33975,0.000322126318
72.0,3.083375,2.33975,0.000322126318
72.0,3.082875,2.339625,0.000322126318
72.0,3.082375,2.339875,0.000322126318
72.0,3.082875,2.340375,0.000322126318
72.0,3.083375,2.340625,0.000322126318
72.0,3.0835,2.340125,0.000322126318
72.0,3.0835,2.3395,0.000322126318
73.0,3.05075,2.381,0.000322158972
73.0,3.0505,2.381,0.000322158972
73.0,3.050375,2.380875,0.000322158972
73.0,3.051,2.380875,0.000322158972
73.0,3.051375,2.3805,0.000322158972
73.0,3.051,2.380375,0.000322158972
73.0,3.05025,2.381,0.000322158972
73.0,3.05,2.381125,0.000322158972
73.0,3.05,2.381125,0.000322158972
73.0,3.0505,2.38125,0.000322158972
73.0,3.05075,2.3815,0.000322158972
73.0,3.050375,2.38175,0.000322158972
73.0,3.04975,2.38175,0.000322158972
73.0,3.049875,2.382125,0.000322158972
73.0,3.05025,2.38225,0.000322158972
73.0,3.05025,2.38175,0.000322158972
73.0,3.05025,2.381125,0.000322158972
73.0,3.05075,2.381,0.000322158972
73.0,3.051125,2.381125,0.000322158972
73.0,3.051375,2.38125,0.000322158972
73.0,3.051875,2.381,0.000322158972
73.0,3.0515,2.380625,0.000322158972
73.0,3.050875,2.38075,0.000322158972
73.0,3.050125,2.381375,0.000322158972
73.0,3.050125,2.381375,0.000322158972
73.0,3.049875,2.381375,0.000322158972
73.0,3.049875,2.381375,0.000322158972
73.0,3.05,2.3815,0.000322158972
73.0,3.04975,2.381625,0.000322158972
73.0,3.05,2.381875,0.000322158972
73.0,3.050625,2.382125,0.000322158972
73.0,3.05075,2.382125,0.000322158972
73.0,3.051,2.381375,0.000322158972
73.0,3.050875,2.38075,0.000322158972
73.0,3.050875,2.380625,0.000322158972
73.0,3.050625,2.380875,0.000322158972
73.0,3.05075,2.381125,0.000322158972
73.0,3.051375,2.38075,0.000322158972
73.0,3.051,2.380375,0.000322158972
73.0,3.050375,2.38075,0.000322158972
73.0,3.04975,2.381125,0.000322158972
73.0,3.04975,2.381125,0.000322158972
73.0,3.050125,2.381,0.000322158972
73.0,3.050625,2.38125,0.000322158972
73.0,3.050375,2.3815,0.000322158972
73.0,3.050125,2.381375,0.000322158972
73.0,3.050125,2.38175,0.000322158972
73.0,3.050375,2.38225,0.000322158972
73.0,3.05075,2.382125,0.000322158972
73.0,3.051,2.381375,0.000322158972
73.0,3.051375,2.38075,0.000322158972
73.0,3.05125,2.381,0.000322158972
73.0,3.051125,2.381,0.000322158972
73.0,3.051875,2.381,0.000322158972
73.0,3.052125,2.380625,0.000322158972
73.0,3.05125,2.3805,0.000322158972
73.0,3.050375,2.380875,0.000322158972
73.0,3.050375,2.380875,0.000322158972
73.0,3.05025,2.38125,0.000322158972
73.0,3.050375,2.38125,0.000322158972
73.0,3.0505,2.381375,0.000322158972
73.0,3.050125,2.3815,0.000322158972
73.0,3.049875,2.381625,0.000322158972
73.0,3.050125,2.38225,0.000322158972
73.0,3.05075,2.38225,0.000322158972
73.0,3.050875,2.38175,0.000322158972
73.0,3.050875,2.381125,0.000322158972
73.0,3.051125,2.380875,0.000322158972
73.0,3.05075,2.381125,0.000322158972
73.0,3.051125,2.381,0.000322158972
73.0,3.051875,2.380875,0.000322158972
73.0,3.051375,2.3805,0.000322158972
73.0,3.050875,2.3805,0.000322158972
73.0,3.050875,2.3805,0.000322158972
73.0,3.05075,2.381125,0.000322158972
73.0,3.050375,2.381125,0.000322158972
73.0,3.050125,2.381125,0.000322158972
73.0,3.050375,2.381625,0.000322158972
73.0,3.05,2.381625,0.000322158972
73.0,3.049625,2.381875,0.000322158972
73.0,3.05,2.3825,0.000322158972
73.0,3.0505,2.382375,0.000322158972
73.0,3.05,2.381875,0.000322158972
73.0,3.050125,2.38125,0.000322158972
73.0,3.05075,2.381,0.000322158972
73.0,3.050875,2.38125,0.000322158972
73.0,3.051375,2.38125,0.000322158972
73.0,3.051375,2.381,0.000322158972
73.0,3.05125,2.380625,0.000322158972
73.0,3.05125,2.380625,0.000322158972
73.0,3.051,2.381125,0.000322158972
73.0,3.050125,2.381375,0.000322158972
73.0,3.05,2.38125,0.000322158972
73.0,3.05025,2.381625,0.000322158972
73.0,3.050375,2.381875,0.000322158972
73.0,3.050125,2.381625,0.000322158972
73.0,3.049875,2.382,0.000322158972
73.0,3.05075,2.382375,0.000322158972
73.0,3.05125,2.382125,0.000322158972
73.0,3.051,2.381375,0.000322158972
73.0,3.050875,2.380875,0.000322158972
73.0,3.050625,2.38125,0.000322158972
73.0,3.05075,2.381375,0.000322158972
73.0,3.0515,2.381375,0.000322158972
73.0,3.05175,2.380875,0.000322158972
73.0,3.05175,2.380875,0.000322158972
73.0,3.051625,2.380875,0.000322158972
73.0,3.0505,2.381375,0.000322158972
73.0,3.050375,2.381625,0.000322158972
73.0,3.050875,2.381375,0.000322158972
73.0,3.05075,2.3815,0.000322158972
73.0,3.050875,2.381625,0.000322158972
73.0,3.05025,2.381625,0.000322158972
73.0,3.050375,2.382125,0.000322158972
73.0,3.051,2.3825,0.000322158972
73.0,3.051,2.382125,0.000322158972
73.0,3.0505,2.381375,0.000322158972
73.0,3.05075,2.381125,0.000322158972
73.0,3.051,2.381125,0.000322158972
73.0,3.05125,2.381125,0.000322158972
73.0,3.0515,2.381,0.000322158972
73.0,3.0515,2.381,0.000322158972
73.0,3.051625,2.38075,0.000322158972
73.0,3.050875,2.38075,0.000322158972
73.0,3.050125,2.3815,0.000322158972
73.0,3.049875,2.381375,0.000322158972
73.0,3.050375,2.3815,0.000322158972
73.0,3.0505,2.381875,0.000322158972
73.0,3.050125,2.38175,0.000322158972
73.0,3.05,2.38175,0.000322158972
73.0,3.0505,2.3825,0.000322158972
73.0,3.051,2.3825,0.000322158972
73.0,3.05075,2.382125,0.000322158972
73.0,3.05075,2.38125,0.000322158972
73.0,3.051,2.380875,0.000322158972
73.0,3.051,2.38125,0.000322158972
73.0,3.051375,2.381625,0.000322158972
73.0,3.0515,2.381125,0.000322158972
73.0,3.0515,2.381125,0.000322158972
73.0,3.05125,2.381,0.000322158972
73.0,3.05075,2.38125,0.000322158972
73.0,3.05025,2.381625,0.000322158972
73.0,3.050375,2.3815,0.000322158972
73.0,3.0505,2.381625,0.000322158972
73.0,3.05025,2.382,0.000322158972
73.0,3.049625,2.381875,0.000322158972
73.0,3.049625,2.382125,0.000322158972
73.0,3.050375,2.38225,0.000322158972
73.0,3.050625,2.38225,0.000322158972
73.0,3.050375,2.38175,0.000322158972
73.0,3.050875,2.381,0.000322158972
73.0,3.050625,2.381125,0.000322158972
73.0,3.050625,2.3815,0.000322158972
73.0,3.051375,2.3815,0.000322158972
73.0,3.051375,2.3815,0.000322158972
73.0,3.05175,2.380875,0.000322158972
73.0,3.051375,2.38075,0.000322158972
73.0,3.0505,2.38125,0.000322158972
73.0,3.049625,2.381375,0.000322158972
73.0,3.05,2.38125,0.000322158972
73.0,3.0505,2.381625,0.000322158972
73.0,3.050125,2.38175,0.000322158972
73.0,3.049375,2.382,0.000322158972
73.0,3.04925,2.382375,0.000322158972
73.0,3.05,2.3825,0.000322158972
73.0,3.05,2.382125,0.000322158972
73.0,3.0505,2.38125,0.000322158972
73.0,3.051,2.38075,0.000322158972
73.0,3.050625,2.381,0.000322158972
74.0,3.015125,2.422625,0.000322108215
74.0,3.015125,2.42225,0.000322108215
74.0,3.015375,2.421375,0.000322108215
74.0,3.01575,2.42125,0.000322108215
74.0,3.01525,2.42175,0.000322108215
74.0,3.015375,2.421875,0.000322108215
74.0,3.016,2.4215,0.000322108215
74.0,3.016,2.421125,0.000322108215
74.0,3.016,2.421125,0.000322108215
74.0,3.0155,2.4215,0.000322108215
74.0,3.015125,2.422,0.000322108215
74.0,3.015,2.42175,0.000322108215
74.0,3.015,2.42175,0.000322108215
74.0,3.01525,2.422,0.000322108215
74.0,3.014625,2.422375,0.000322108215
74.0,3.014375,2.4225,0.000322108215
74.0,3.015125,2.423,0.000322108215
74.0,3.015625,2.42275,0.000322108215
74.0,3.015125,2.422375,0.000322108215
74.0,3.015375,2.421625,0.000322108215
74.0,3.01575,2.4215,0.000322108215
74.0,3.015375,2.421875,0.000322108215
74.0,3.016125,2.42175,0.000322108215
74.0,3.016375,2.4215,0.000322108215
74.0,3.016375,2.4215,0.000322108215
74.0,3.015875,2.42125,0.000322108215
74.0,3.015375,2.421875,0.000322108215
74.0,3.01475,2.42225,0.000322108215
74.0,3.014875,2.42225,0.000322108215
74.0,3.015,2.422375,0.000322108215
74.0,3.01475,2.422375,0.000322108215
74.0,3.014625,2.4225,0.000322108215
74.0,3.0145,2.42275,0.000322108215
74.0,3.014875,2.423,0.000322108215
74.0,3.01525,2.4225,0.000322108215
74.0,3.015375,2.422,0.000322108215
74.0,3.015625,2.421375,0.000322108215
74.0,3.01525,2.42175,0.000322108215
74.0,3.01525,2.421875,0.000322108215
74.0,3.016,2.421625,0.000322108215
74.0,3.01625,2.42125,0.000322108215
74.0,3.01625,2.42125,0.000322108215
74.0,3.01575,2.42125,0.000322108215
74.0,3.01475,2.421625,0.000322108215
74.0,3.0145,2.422,0.000322108215
74.0,3.014625,2.422,0.000322108215
74.0,3.014625,2.42225,0.000322108215
74.0,3.014875,2.4225,0.000322108215
74.0,3.014625,2.4225,0.000322108215
74.0,3.01475,2.423,0.000322108215
74.0,3.01525,2.423125,0.000322108215
74.0,3.014875,2.42275,0.000322108215
74.0,3.015,2.422,0.000322108215
74.0,3.01525,2.4215,0.000322108215
74.0,3.015125,2.421625,0.000322108215
74.0,3.015625,2.42175,0.000322108215
74.0,3.016375,2.4215,0.000322108215
74.0,3.016375,2.4215,0.000322108215
74.0,3.016375,2.421125,0.000322108215
74.0,3.0155,2.421375,0.000322108215
74.0,3.0145,2.422125,0.000322108215
74.0,3.01475,2.421625,0.000322108215
74.0,3.01475,2.42175,0.000322108215
74.0,3.015125,2.422,0.000322108215
74.0,3.014625,2.422125,0.000322108215
74.0,3.014375,2.4225,0.000322108215
74.0,3.015125,2.42275,0.000322108215
74.0,3.0155,2.422625,0.000322108215
74.0,3.015625,2.42225,0.000322108215
74.0,3.015625,2.42175,0.000322108215
74.0,3.0155,2.421625,0.000322108215
74.0,3.015375,2.421875,0.000322108215
74.0,3.016125,2.42175,0.000322108215
74.0,3.016125,2.42175,0.000322108215
74.0,3.0165,2.421375,0.000322108215
74.0,3.016,2.42125,0.000322108215
74.0,3.014875,2.42175,0.000322108215
74.0,3.014125,2.422,0.000322108215
74.0,3.0145,2.42175,0.000322108215
74.0,3.015125,2.422,0.000322108215
74.0,3.015,2.42225,0.000322108215
74.0,3.014375,2.422375,0.000322108215
74.0,3.0145,2.42275,0.000322108215
74.0,3.01525,2.423,0.000322108215
74.0,3.015375,2.422625,0.000322108215
74.0,3.015375,2.421875,0.000322108215
74.0,3.0155,2.421375,0.000322108215
74.0,3.015375,2.42125,0.000322108215
74.0,3.0155,2.42175,0.000322108215
74.0,3.0155,2.42175,0.000322108215
74.0,3.01625,2.42175,0.000322108215
74.0,3.0165,2.421375,0.000322108215
74.0,3.016125,2.42125,0.000322108215
74.0,3.015125,2.421875,0.000322108215
74.0,3.0145,2.422125,0.000322108215
74.0,3.01475,2.422125,0.000322108215
74.0,3.015,2.422625,0.000322108215
74.0,3.015,2.4225,0.000322108215
74.0,3.01475,2.422375,0.000322108215
74.0,3.014625,2.422875,0.000322108215
74.0,3.015,2.423125,0.000322108215
74.0,3.014875,2.42275,0.000322108215
74.0,3.014875,2.422,0.000322108215
74.0,3.015375,2.421625,0.000322108215
74.0,3.015375,2.421875,0.000322108215
74.0,3.015375,2.421875,0.000322108215
74.0,3.015625,2.422,0.000322108215
74.0,3.0165,2.421875,0.000322108215
74.0,3.016375,2.421375,0.000322108215
74.0,3.01575,2.4215,0.000322108215
74.0,3.01475,2.422,0.000322108215
74.0,3.014875,2.422,0.000322108215
74.0,3.014875,2.422125,0.000322108215
74.0,3.014875,2.422375,0.000322108215
74.0,3.01425,2.422,0.000322108215
74.0,3.01425,2.422375,0.000322108215
74.0,3.01475,2.42275,0.000322108215
74.0,3.015125,2.42275,0.000322108215
74.0,3.015,2.422375,0.000322108215
74.0,3.015375,2.42175,0.000322108215
74.0,3.01525,2.42125,0.000322108215
74.0,3.01525,2.42125,0.000322108215
74.0,3.01525,2.421375,0.000322108215
74.0,3.015875,2.4215,0.000322108215
74.0,3.016375,2.421375,0.000322108215
74.0,3.01625,2.42125,0.000322108215
74.0,3.014875,2.421625,0.000322108215
74.0,3.014125,2.421875,0.000322108215
74.0,3.014625,2.42175,0.000322108215
74.0,3.015125,2.422,0.000322108215
74.0,3.015125,2.422375,0.000322108215
74.0,3.01475,2.422375,0.000322108215
74.0,3.0145,2.422625,0.000322108215
74.0,3.01525,2.423,0.000322108215
74.0,3.01575,2.422875,0.000322108215
74.0,3.015625,2.422125,0.000322108215
74.0,3.015875,2.421375,0.000322108215
74.0,3.01575,2.421625,0.000322108215
74.0,3.01575,2.421625,0.000322108215
74.0,3.01575,2.421875,0.000322108215
74.0,3.01625,2.421875,0.000322108215
74.0,3.0165,2.4215,0.000322108215
74.0,3.016125,2.421375,0.000322108215
74.0,3.0155,2.421875,0.000322108215
74.0,3.014875,2.422125,0.000322108215
74.0,3.015125,2.421875,0.000322108215
74.0,3.015375,2.422125,0.000322108215
74.0,3.014875,2.42225,0.000322108215
74.0,3.014,2.422375,0.000322108215
74.0,3.014625,2.42275,0.000322108215
74.0,3.015125,2.423,0.000322108215
74.0,3.015375,2.42275,0.000322108215
74.0,3.0155,2.42175,0.000322108215
74.0,3.01575,2.421375,0.000322108215
74.0,3.01575,2.421375,0.000322108215
74.0,3.01575,2.42175,0.000322108215
74.0,3.015625,2.421875,0.000322108215
74.0,3.0165,2.421875,0.000322108215
74.0,3.016625,2.42125,0.000322108215
74.0,3.016,2.421375,0.000322108215
74.0,3.015125,2.42175,0.000322108215
74.0,3.014625,2.421625,0.000322108215
74.0,3.014625,2.42175,0.000322108215
74.0,3.01525,2.42225,0.000322108215
74.0,3.015,2.422375,0.000322108215
74.0,3.0145,2.4225,0.000322108215
74.0,3.015,2.422625,0.000322108215
74.0,3.01525,2.422625,0.000322108215
74.0,3.015375,2.422125,0.000322108215
75.0,2.978875,2.4595,0.000322370819
75.0,2.978125,2.459875,0.000322370819
75.0,2.977375,2.46025,0.000322370819
75.0,2.9775,2.460125,0.000322370819
75.0,2.97775,2.46025,0.000322370819
75.0,2.977625,2.460625,0.000322370819
75.0,2.977375,2.460625,0.000322370819
75.0,2.9775,2.461125,0.000322370819
75.0,2.9775,2.461125,0.000322370819
75.0,2.97775,2.461375,0.000322370819
75.0,2.97775,2.461125,0.000322370819
75.0,2.977875,2.460375,0.000322370819
75.0,2.978,2.459875,0.000322370819
75.0,2.978125,2.46,0.000322370819
75.0,2.978375,2.4605,0.000322370819
75.0,2.97875,2.460375,0.000322370819
75.0,2.97875,2.459875,0.000322370819
75.0,2.978125,2.4595,0.000322370819
75.0,2.9775,2.460125,0.000322370819
75.0,2.977125,2.460375,0.000322370819
75.0,2.977375,2.460375,0.000322370819
75.0,2.978,2.46075,0.000322370819
75.0,2.977625,2.46075,0.000322370819
75.0,2.977125,2.46075,0.000322370819
75.0,2.977125,2.461125,0.000322370819
75.0,2.9775,2.461125,0.000322370819
75.0,2.978125,2.461375,0.000322370819
75.0,2.978,2.460875,0.000322370819
75.0,2.977625,2.460125,0.000322370819
75.0,2.977875,2.45975,0.000322370819
75.0,2.97825,2.460125,0.000322370819
75.0,2.978375,2.46025,0.000322370819
75.0,2.978875,2.46,0.000322370819
75.0,2.978625,2.45975,0.000322370819
75.0,2.978,2.46,0.000322370819
75.0,2.97775,2.46025,0.000322370819
75.0,2.9775,2.460125,0.000322370819
75.0,2.9775,2.460375,0.000322370819
75.0,2.977625,2.46075,0.000322370819
75.0,2.977125,2.460875,0.000322370819
75.0,2.977125,2.460875,0.000322370819
75.0,2.97675,2.460875,0.000322370819
75.0,2.977375,2.461625,0.000322370819
75.0,2.978,2.461375,0.000322370819
75.0,2.97775,2.461125,0.000322370819
75.0,2.978,2.4605,0.000322370819
75.0,2.9785,2.46025,0.000322370819
75.0,2.978375,2.4605,0.000322370819
75.0,2.9785,2.4605,0.000322370819
75.0,2.978625,2.46025,0.000322370819
75.0,2.9785,2.46,0.000322370819
75.0,2.978125,2.460375,0.000322370819
75.0,2.97775,2.46075,0.000322370819
75.0,2.978,2.460375,0.000322370819
75.0,2.978125,2.46075,0.000322370819
75.0,2.977875,2.461,0.000322370819
75.0,2.977375,2.460875,0.000322370819
75.0,2.977375,2.460875,0.000322370819
75.0,2.977625,2.461125,0.000322370819
75.0,2.97825,2.461625,0.000322370819
75.0,2.97875,2.461375,0.000322370819
75.0,2.97825,2.46075,0.000322370819
75.0,2.97825,2.46,0.000322370819
75.0,2.97825,2.460125,0.000322370819
75.0,2.9785,2.46025,0.000322370819
75.0,2.979,2.460375,0.000322370819
75.0,2.979,2.46,0.000322370819
75.0,2.97875,2.45975,0.000322370819
75.0,2.977875,2.460125,0.000322370819
75.0,2.97725,2.4605,0.000322370819
75.0,2.977375,2.460375,0.000322370819
75.0,2.977875,2.460625,0.000322370819
75.0,2.97775,2.460625,0.000322370819
75.0,2.97775,2.460625,0.000322370819
75.0,2.977375,2.46075,0.000322370819
75.0,2.97725,2.46125,0.000322370819
75.0,2.977875,2.461375,0.000322370819
75.0,2.978,2.461125,0.000322370819
75.0,2.978,2.46025,0.000322370819
75.0,2.97775,2.45975,0.000322370819
75.0,2.977625,2.460125,0.000322370819
75.0,2.97775,2.46025,0.000322370819
75.0,2.97825,2.46,0.000322370819
75.0,2.978375,2.459625,0.000322370819
75.0,2.977875,2.45975,0.000322370819
75.0,2.97725,2.460375,0.000322370819
75.0,2.977375,2.4605,0.000322370819
75.0,2.977875,2.4605,0.000322370819
75.0,2.97775,2.46075,0.000322370819
75.0,2.97775,2.46075,0.000322370819
75.0,2.97725,2.46075,0.000322370819
75.0,2.976875,2.461,0.000322370819
75.0,2.977625,2.4615,0.000322370819
75.0,2.978,2.46175,0.000322370819
75.0,2.97775,2.461,0.000322370819
75.0,2.978125,2.460375,0.000322370819
75.0,2.97825,2.46025,0.000322370819
75.0,2.97825,2.460375,0.000322370819
75.0,2.9785,2.460375,0.000322370819
75.0,2.97875,2.46025,0.000322370819
75.0,2.9785,2.460125,0.000322370819
75.0,2.97825,2.460375,0.000322370819
75.0,2.977625,2.4605,0.000322370819
75.0,2.9775,2.4605,0.000322370819
75.0,2.97775,2.46075,0.000322370819
75.0,2.97775,2.46075,0.000322370819
75.0,2.977875,2.461,0.000322370819
75.0,2.977625,2.461125,0.000322370819
75.0,2.977125,2.461375,0.000322370819
75.0,2.977875,2.46175,0.000322370819
75.0,2.978,2.4615,0.000322370819
75.0,2.977625,2.460875,0.000322370819
75.0,2.978125,2.46025,0.000322370819
75.0,2.9785,2.46025,0.000322370819
75.0,2.978375,2.460375,0.000322370819
75.0,2.9785,2.4605,0.000322370819
75.0,2.978875,2.46,0.000322370819
75.0,2.978625,2.46,0.000322370819
75.0,2.97775,2.4605,0.000322370819
75.0,2.977,2.460375,0.000322370819
75.0,2.977125,2.46025,0.000322370819
75.0,2.977125,2.46075,0.000322370819
75.0,2.977625,2.46075,0.000322370819
75.0,2.9775,2.461,0.000322370819
75.0,2.97725,2.460875,0.000322370819
75.0,2.97775,2.461375,0.000322370819
75.0,2.978,2.4615,0.000322370819
75.0,2.977875,2.461125,0.000322370819
75.0,2.977875,2.46025,0.000322370819
75.0,2.97775,2.459875,0.000322370819
75.0,2.97775,2.460125,0.000322370819
75.0,2.978375,2.46025,0.000322370819
75.0,2.97925,2.46,0.000322370819
75.0,2.979,2.45975,0.000322370819
75.0,2.9785,2.459875,0.000322370819
75.0,2.977875,2.460375,0.000322370819
75.0,2.97725,2.4605,0.000322370819
75.0,2.977875,2.460375,0.000322370819
75.0,2.977875,2.460375,0.000322370819
75.0,2.977875,2.46075,0.000322370819
75.0,2.97725,2.46075,0.000322370819
75.0,2.976875,2.461,0.000322370819
75.0,2.977625,2.4615,0.000322370819
75.0,2.978125,2.461375,0.000322370819
75.0,2.97825,2.461125,0.000322370819
75.0,2.97825,2.46025,0.000322370819
75.0,2.978125,2.46,0.000322370819
75.0,2.978,2.46025,0.000322370819
75.0,2.978125,2.4605,0.000322370819
75.0,2.978875,2.46025,0.000322370819
75.0,2.979125,2.46,0.000322370819
75.0,2.97825,2.46025,0.000322370819
75.0,2.977125,2.46075,0.000322370819
75.0,2.97675,2.460625,0.000322370819
75.0,2.97675,2.460625,0.000322370819
75.0,2.9775,2.46075,0.000322370819
75.0,2.9775,2.461125,0.000322370819
75.0,2.977125,2.461,0.000322370819
75.0,2.976875,2.461375,0.000322370819
75.0,2.977625,2.46175,0.000322370819
75.0,2.977625,2.461375,0.000322370819
75.0,2.97775,2.46075,0.000322370819
75.0,2.97825,2.46,0.000322370819
75.0,2.97825,2.460125,0.000322370819
75.0,2.978125,2.460625,0.000322370819
75.0,2.9785,2.460625,0.000322370819
75.0,2.979125,2.46025,0.000322370819
75.0,2.978625,2.46,0.000322370819
75.0,2.977875,2.4605,0.000322370819
76.0,2.940375,2.501375,0.000322264066
76.0,2.94075,2.501625,0.000322264066
76.0,2.940375,2.501625,0.000322264066
76.0,2.939875,2.501875,0.000322264066
76.0,2.940375,2.502375,0.000322264066
76.0,2.941,2.502375,0.000322264066
76.0,2.940875,2.501875,0.000322264066
76.0,2.941125,2.50125,0.000322264066
76.0,2.941125,2.50125,0.000322264066
76.0,2.940875,2.501,0.000322264066
76.0,2.94075,2.50125,0.000322264066
76.0,2.941125,2.50125,0.000322264066
76.0,2.9415,2.501,0.000322264066
76.0,2.94175,2.50075,0.000322264066
76.0,2.94125,2.50125,0.000322264066
76.0,2.94075,2.5015,0.000322264066
76.0,2.9405,2.50125,0.000322264066
76.0,2.94025,2.5015,0.000322264066
76.0,2.940125,2.501875,0.000322264066
76.0,2.94,2.50175,0.000322264066
76.0,2.939875,2.502125,0.000322264066
76.0,2.941,2.5025,0.000322264066
76.0,2.941375,2.502375,0.000322264066
76.0,2.941,2.501875,0.000322264066
76.0,2.941,2.501875,0.000322264066
76.0,2.941,2.50125,0.000322264066
76.0,2.94125,2.50125,0.000322264066
76.0,2.9415,2.501375,0.000322264066
76.0,2.941875,2.50125,0.000322264066
76.0,2.941875,2.500875,0.000322264066
76.0,2.9415,2.500875,0.000322264066
76.0,2.941,2.50125,0.000322264066
76.0,2.940375,2.5015,0.000322264066
76.0,2.94075,2.50175,0.000322264066
76.0,2.940875,2.501875,0.000322264066
76.0,2.94025,2.501875,0.000322264066
76.0,2.939625,2.50175,0.000322264066
76.0,2.94,2.502375,0.000322264066
76.0,2.941125,2.502625,0.000322264066
76.0,2.941,2.502125,0.000322264066
76.0,2.940875,2.5015,0.000322264066
76.0,2.940875,2.5015,0.000322264066
76.0,2.941375,2.501375,0.000322264066
76.0,2.941375,2.50125,0.000322264066
76.0,2.94125,2.501375,0.000322264066
76.0,2.9415,2.50125,0.000322264066
76.0,2.941625,2.500625,0.000322264066
76.0,2.941125,2.50075,0.000322264066
76.0,2.9405,2.501125,0.000322264066
76.0,2.9405,2.501625,0.000322264066
76.0,2.94075,2.50175,0.000322264066
76.0,2.94075,2.50175,0.000322264066
76.0,2.94,2.501875,0.000322264066
76.0,2.9395,2.502,0.000322264066
76.0,2.940125,2.5025,0.000322264066
76.0,2.941125,2.502375,0.000322264066
76.0,2.940875,2.50175,0.000322264066
76.0,2.940875,2.50175,0.000322264066
76.0,2.94125,2.501125,0.000322264066
76.0,2.9415,2.501125,0.000322264066
76.0,2.941,2.50125,0.000322264066
76.0,2.94125,2.50125,0.000322264066
76.0,2.942,2.501,0.000322264066
76.0,2.941875,2.500625,0.000322264066
76.0,2.94125,2.501125,0.000322264066
76.0,2.940875,2.501625,0.000322264066
76.0,2.940625,2.501375,0.000322264066
76.0,2.940625,2.501375,0.000322264066
76.0,2.940375,2.501625,0.000322264066
76.0,2.939875,2.501625,0.000322264066
76.0,2.94025,2.502,0.000322264066
76.0,2.941125,2.502375,0.000322264066
76.0,2.941,2.50225,0.000322264066
76.0,2.941,2.50225,0.000322264066
76.0,2.940875,2.501625,0.000322264066
76.0,2.941125,2.501,0.000322264066
76.0,2.941125,2.500875,0.000322264066
76.0,2.941125,2.501125,0.000322264066
76.0,2.94175,2.501,0.000322264066
76.0,2.942,2.500625,0.000322264066
76.0,2.9415,2.500625,0.000322264066
76.0,2.940375,2.501,0.000322264066
76.0,2.940375,2.50125,0.000322264066
76.0,2.9405,2.501125,0.000322264066
76.0,2.941,2.501375,0.000322264066
76.0,2.94125,2.501625,0.000322264066
76.0,2.9405,2.50175,0.000322264066
76.0,2.940625,2.50225,0.000322264066
76.0,2.941375,2.5025,0.000322264066
76.0,2.941375,2.5025,0.000322264066
76.0,2.94125,2.50225,0.000322264066
76.0,2.941375,2.501125,0.000322264066
76.0,2.941375,2.500875,0.000322264066
76.0,2.941375,2.501125,0.000322264066
76.0,2.94125,2.50125,0.000322264066
76.0,2.94175,2.501,0.000322264066
76.0,2.941875,2.500625,0.000322264066
76.0,2.941375,2.50075,0.000322264066
76.0,2.940875,2.50125,0.000322264066
76.0,2.9405,2.50125,0.000322264066
76.0,2.94075,2.50125,0.000322264066
76.0,2.940875,2.501625,0.000322264066
76.0,2.9405,2.501625,0.000322264066
76.0,2.94,2.501875,0.000322264066
76.0,2.940875,2.502375,0.000322264066
76.0,2.940875,2.502375,0.000322264066
76.0,2.941375,2.502375,0.000322264066
76.0,2.941125,2.501625,0.000322264066
76.0,2.94125,2.500875,0.000322264066
76.0,2.94175,2.50075,0.000322264066
76.0,2.941625,2.501,0.000322264066
76.0,2.941875,2.501,0.000322264066
76.0,2.94225,2.50075,0.000322264066
76.0,2.942125,2.500375,0.000322264066
76.0,2.9415,2.500625,0.000322264066
76.0,2.94075,2.501125,0.000322264066
76.0,2.940625,2.501,0.000322264066
76.0,2.94125,2.501375,0.000322264066
76.0,2.941625,2.50175,0.000322264066
76.0,2.94075,2.50175,0.000322264066
76.0,2.9405,2.501875,0.000322264066
76.0,2.9405,2.50225,0.000322264066
76.0,2.94125,2.50225,0.000322264066
76.0,2.94175,2.502,0.000322264066
76.0,2.9415,2.501375,0.000322264066
76.0,2.9415,2.500625,0.000322264066
76.0,2.9415,2.500875,0.000322264066
76.0,2.941625,2.501,0.000322264066
76.0,2.9425,2.501125,0.000322264066
76.0,2.94275,2.500625,0.000322264066
76.0,2.942,2.500375,0.000322264066
76.0,2.94125,2.500875,0.000322264066
76.0,2.941,2.501,0.000322264066
76.0,2.940875,2.501125,0.000322264066
76.0,2.941625,2.501375,0.000322264066
76.0,2.941375,2.5015,0.000322264066
76.0,2.940375,2.501625,0.000322264066
76.0,2.94075,2.502,0.000322264066
76.0,2.94075,2.502,0.000322264066
76.0,2.9415,2.50225,0.000322264066
76.0,2.94125,2.502125,0.000322264066
76.0,2.941,2.501375,0.000322264066
76.0,2.941375,2.500875,0.000322264066
76.0,2.94175,2.50075,0.000322264066
76.0,2.941625,2.501,0.000322264066
76.0,2.9425,2.500875,0.000322264066
76.0,2.94275,2.5005,0.000322264066
76.0,2.94225,2.50025,0.000322264066
76.0,2.9415,2.500875,0.000322264066
76.0,2.9415,2.501,0.000322264066
76.0,2.9415,2.501,0.000322264066
76.0,2.9415,2.501375,0.000322264066
76.0,2.941125,2.501375,0.000322264066
76.0,2.9405,2.501625,0.000322264066
76.0,2.9405,2.501625,0.000322264066
76.0,2.94075,2.502,0.000322264066
76.0,2.9415,2.502,0.000322264066
76.0,2.94125,2.501625,0.000322264066
76.0,2.941375,2.500875,0.000322264066
76.0,2.9415,2.500625,0.000322264066
76.0,2.9415,2.500875,0.000322264066
76.0,2.94175,2.501,0.000322264066
76.0,2.9425,2.500625,0.000322264066
76.0,2.9425,2.500375,0.000322264066
76.0,2.94175,2.500625,0.000322264066
76.0,2.941,2.501125,0.000322264066
76.0,2.940625,2.501,0.000322264066
76.0,2.941,2.501125,0.000322264066
76.0,2.941125,2.5015,0.000322264066
77.0,2.90175,2.53875,0.00032220321
77.0,2.902,2.538875,0.00032220321
77.0,2.90275,2.53875,0.00032220321
77.0,2.902625,2.53825,0.00032220321
77.0,2.9015,2.53825,0.00032220321
77.0,2.901125,2.539,0.00032220321
77.0,2.901375,2.539,0.00032220321
77.0,2.901625,2.539125,0.00032220321
77.0,2.901625,2.539125,0.00032220321
77.0,2.9015,2.53925,0.00032220321
77.0,2.90125,2.53925,0.00032220321
77.0,2.90125,2.539375,0.00032220321
77.0,2.90175,2.54,0.00032220321
77.0,2.90225,2.53975,0.00032220321
77.0,2.90225,2.539125,0.00032220321
77.0,2.902125,2.538375,0.00032220321
77.0,2.901875,2.5385,0.00032220321
77.0,2.902,2.538875,0.00032220321
77.0,2.90275,2.53875,0.00032220321
77.0,2.903,2.5385,0.00032220321
77.0,2.90275,2.538125,0.00032220321
77.0,2.902,2.538625,0.00032220321
77.0,2.901625,2.53875,0.00032220321
77.0,2.90175,2.538875,0.00032220321
77.0,2.90175,2.538875,0.00032220321
77.0,2.9015,2.539,0.00032220321
77.0,2.9015,2.539375,0.00032220321
77.0,2.90125,2.539375,0.00032220321
77.0,2.901375,2.53975,0.00032220321
77.0,2.90175,2.540125,0.00032220321
77.0,2.902,2.53975,0.00032220321
77.0,2.902125,2.539125,0.00032220321
77.0,2.902125,2.53875,0.00032220321
77.0,2.902375,2.53875,0.00032220321
77.0,2.902375,2.539,0.00032220321
77.0,2.902625,2.538875,0.00032220321
77.0,2.90275,2.538375,0.00032220321
77.0,2.90225,2.5385,0.00032220321
77.0,2.901875,2.538875,0.00032220321
77.0,2.901625,2.539125,0.00032220321
77.0,2.90175,2.539125,0.00032220321
77.0,2.90175,2.539125,0.00032220321
77.0,2.901625,2.53925,0.00032220321
77.0,2.901375,2.53925,0.00032220321
77.0,2.901125,2.5395,0.00032220321
77.0,2.901,2.53975,0.00032220321
77.0,2.902,2.54,0.00032220321
77.0,2.90175,2.539625,0.00032220321
77.0,2.901875,2.539,0.00032220321
77.0,2.9025,2.5385,0.00032220321
77.0,2.9025,2.53875,0.00032220321
77.0,2.90275,2.53875,0.00032220321
77.0,2.903,2.538625,0.00032220321
77.0,2.903125,2.538125,0.00032220321
77.0,2.9025,2.53825,0.00032220321
77.0,2.901875,2.538875,0.00032220321
77.0,2.901875,2.53875,0.00032220321
77.0,2.901875,2.53875,0.00032220321
77.0,2.90175,2.538875,0.00032220321
77.0,2.90175,2.539125,0.00032220321
77.0,2.9015,2.53925,0.00032220321
77.0,2.901,2.539625,0.00032220321
77.0,2.901625,2.54,0.00032220321
77.0,2.902375,2.539875,0.00032220321
77.0,2.902,2.539125,0.00032220321
77.0,2.90225,2.5385,0.00032220321
77.0,2.902375,2.538375,0.00032220321
77.0,2.9025,2.53875,0.00032220321
77.0,2.903125,2.53875,0.00032220321
77.0,2.903375,2.5385,0.00032220321
77.0,2.903,2.538125,0.00032220321
77.0,2.9025,2.538625,0.00032220321
77.0,2.902125,2.539,0.00032220321
77.0,2.902125,2.539,0.00032220321
77.0,2.902125,2.53875,0.00032220321
77.0,2.902125,2.538875,0.00032220321
77.0,2.902125,2.539,0.00032220321
77.0,2.901625,2.539125,0.00032220321
77.0,2.901625,2.5395,0.00032220321
77.0,2.902625,2.53975,0.00032220321
77.0,2.902375,2.539625,0.00032220321
77.0,2.902,2.539,0.00032220321
77.0,2.9025,2.5385,0.00032220321
77.0,2.902625,2.538625,0.00032220321
77.0,2.902375,2.53875,0.00032220321
77.0,2.9025,2.538625,0.00032220321
77.0,2.90275,2.538125,0.00032220321
77.0,2.902375,2.53825,0.00032220321
77.0,2.90175,2.538625,0.00032220321
77.0,2.90175,2.538625,0.00032220321
77.0,2.90125,2.53875,0.00032220321
77.0,2.901625,2.538625,0.00032220321
77.0,2.901875,2.539,0.00032220321
77.0,2.901375,2.53925,0.00032220321
77.0,2.901,2.539375,0.00032220321
77.0,2.901125,2.53975,0.00032220321
77.0,2.901875,2.54,0.00032220321
77.0,2.902,2.5395,0.00032220321
77.0,2.902125,2.53875,0.00032220321
77.0,2.902,2.538375,0.00032220321
77.0,2.90175,2.5385,0.00032220321
77.0,2.902,2.538875,0.00032220321
77.0,2.903125,2.53875,0.00032220321
77.0,2.903625,2.53825,0.00032220321
77.0,2.902875,2.5385,0.00032220321
77.0,2.902875,2.5385,0.00032220321
77.0,2.901875,2.539125,0.00032220321
77.0,2.9015,2.538875,0.00032220321
77.0,2.901875,2.538875,0.00032220321
77.0,2.902375,2.53925,0.00032220321
77.0,2.901875,2.53925,0.00032220321
77.0,2.901625,2.5395,0.00032220321
77.0,2.902,2.54025,0.00032220321
77.0,2.902125,2.54,0.00032220321
77.0,2.902125,2.53925,0.00032220321
77.0,2.90225,2.5385,0.00032220321
77.0,2.9025,2.53875,0.00032220321
77.0,2.9025,2.538625,0.00032220321
77.0,2.903,2.538875,0.00032220321
77.0,2.903375,2.538375,0.00032220321
77.0,2.903125,2.538,0.00032220321
77.0,2.903125,2.538,0.00032220321
77.0,2.90225,2.538625,0.00032220321
77.0,2.901625,2.539,0.00032220321
77.0,2.90175,2.539,0.00032220321
77.0,2.90175,2.539,0.00032220321
77.0,2.90175,2.53925,0.00032220321
77.0,2.901375,2.539125,0.00032220321
77.0,2.901375,2.53925,0.00032220321
77.0,2.902,2.539625,0.00032220321
77.0,2.902,2.5395,0.00032220321
77.0,2.9025,2.53875,0.00032220321
77.0,2.9025,2.538,0.00032220321
77.0,2.90275,2.53825,0.00032220321
77.0,2.902375,2.5385,0.00032220321
77.0,2.902625,2.5385,0.00032220321
77.0,2.903,2.538125,0.00032220321
77.0,2.902875,2.538125,0.00032220321
77.0,2.902875,2.538125,0.00032220321
77.0,2.902125,2.538625,0.00032220321
77.0,2.901625,2.538875,0.00032220321
77.0,2.9015,2.538625,0.00032220321
77.0,2.9015,2.539,0.00032220321
77.0,2.90125,2.53925,0.00032220321
77.0,2.901375,2.53925,0.00032220321
77.0,2.90125,2.539875,0.00032220321
77.0,2.901625,2.54,0.00032220321
77.0,2.902,2.5395,0.00032220321
77.0,2.902125,2.538875,0.00032220321
77.0,2.90225,2.538625,0.00032220321
77.0,2.902,2.53875,0.00032220321
77.0,2.902625,2.538875,0.00032220321
77.0,2.903375,2.53875,0.00032220321
77.0,2.903375,2.538375,0.00032220321
77.0,2.903375,2.538375,0.00032220321
77.0,2.903,2.538375,0.00032220321
77.0,2.901875,2.53875,0.00032220321
77.0,2.90175,2.53875,0.00032220321
77.0,2.902,2.539,0.00032220321
77.0,2.90175,2.53925,0.00032220321
77.0,2.90125,2.53925,0.00032220321
77.0,2.9015,2.5395,0.00032220321
77.0,2.902125,2.54,0.00032220321
77.0,2.90275,2.53975,0.00032220321
77.0,2.902625,2.539125,0.00032220321
77.0,2.902625,2.538625,0.00032220321
77.0,2.902875,2.53825,0.00032220321
77.0,2.9025,2.538625,0.00032220321
77.0,2.902625,2.53875,0.00032220321
78.0,2.861,2.57575,0.000322114822
78.0,2.86125,2.575625,0.000322114822
78.0,2.861,2.57475,0.000322114822
78.0,2.861125,2.574125,0.000322114822
78.0,2.86125,2.57425,0.000322114822
78.0,2.861375,2.5745,0.000322114822
78.0,2.861875,2.574375,0.000322114822
78.0,2.86175,2.573875,0.000322114822
78.0,2.86175,2.573875,0.000322114822
78.0,2.86175,2.573875,0.000322114822
78.0,2.86075,2.5745,0.000322114822
78.0,2.860625,2.574625,0.000322114822
78.0,2.861,2.5745,0.000322114822
78.0,2.861125,2.574875,0.000322114822
78.0,2.860875,2.575125,0.000322114822
78.0,2.86075,2.575125,0.000322114822
78.0,2.861,2.5755,0.000322114822
78.0,2.86125,2.5755,0.000322114822
78.0,2.86125,2.574875,0.000322114822
78.0,2.861625,2.57425,0.000322114822
78.0,2.86175,2.574,0.000322114822
78.0,2.861875,2.57425,0.000322114822
78.0,2.86175,2.574375,0.000322114822
78.0,2.862,2.574125,0.000322114822
78.0,2.862,2.574125,0.000322114822
78.0,2.862125,2.5735,0.000322114822
78.0,2.8615,2.573875,0.000322114822
78.0,2.860875,2.5745,0.000322114822
78.0,2.861125,2.574375,0.000322114822
78.0,2.86175,2.5745,0.000322114822
78.0,2.8615,2.574625,0.000322114822
78.0,2.861125,2.57475,0.000322114822
78.0,2.861,2.575,0.000322114822
78.0,2.861375,2.575625,0.000322114822
78.0,2.86125,2.575625,0.000322114822
78.0,2.861125,2.574875,0.000322114822
78.0,2.861625,2.574,0.000322114822
78.0,2.861875,2.573875,0.000322114822
78.0,2.861625,2.574125,0.000322114822
78.0,2.862,2.57425,0.000322114822
78.0,2.8625,2.573875,0.000322114822
78.0,2.8625,2.573875,0.000322114822
78.0,2.861875,2.57375,0.000322114822
78.0,2.86125,2.574,0.000322114822
78.0,2.860625,2.574375,0.000322114822
78.0,2.860875,2.57425,0.000322114822
78.0,2.861625,2.574625,0.000322114822
78.0,2.8615,2.57475,0.000322114822
78.0,2.861,2.57475,0.000322114822
78.0,2.86125,2.57525,0.000322114822
78.0,2.861625,2.575625,0.000322114822
78.0,2.8615,2.57525,0.000322114822
78.0,2.86125,2.574625,0.000322114822
78.0,2.86125,2.574125,0.000322114822
78.0,2.861375,2.574125,0.000322114822
78.0,2.861625,2.574375,0.000322114822
78.0,2.862125,2.574375,0.000322114822
78.0,2.862125,2.574375,0.000322114822
78.0,2.862375,2.573875,0.000322114822
78.0,2.86175,2.57375,0.000322114822
78.0,2.860875,2.5745,0.000322114822
78.0,2.8605,2.5745,0.000322114822
78.0,2.861125,2.5745,0.000322114822
78.0,2.861125,2.57475,0.000322114822
78.0,2.861125,2.57475,0.000322114822
78.0,2.860625,2.575125,0.000322114822
78.0,2.860875,2.5755,0.000322114822
78.0,2.861375,2.5755,0.000322114822
78.0,2.861375,2.57525,0.000322114822
78.0,2.861375,2.5745,0.000322114822
78.0,2.861875,2.574125,0.000322114822
78.0,2.862125,2.57425,0.000322114822
78.0,2.86225,2.57425,0.000322114822
78.0,2.86225,2.57425,0.000322114822
78.0,2.8625,2.574125,0.000322114822
78.0,2.8625,2.573625,0.000322114822
78.0,2.862125,2.573875,0.000322114822
78.0,2.86125,2.574375,0.000322114822
78.0,2.861,2.57425,0.000322114822
78.0,2.860875,2.574375,0.000322114822
78.0,2.861375,2.574625,0.000322114822
78.0,2.861125,2.57475,0.000322114822
78.0,2.860625,2.575125,0.000322114822
78.0,2.861125,2.575375,0.000322114822
78.0,2.86175,2.575375,0.000322114822
78.0,2.861375,2.575,0.000322114822
78.0,2.8615,2.574125,0.000322114822
78.0,2.861625,2.574125,0.000322114822
78.0,2.8615,2.574375,0.000322114822
78.0,2.8615,2.574375,0.000322114822
78.0,2.86225,2.574375,0.000322114822
78.0,2.862625,2.574,0.000322114822
78.0,2.86225,2.57375,0.000322114822
78.0,2.861125,2.574125,0.000322114822
78.0,2.860375,2.574375,0.000322114822
78.0,2.861,2.57425,0.000322114822
78.0,2.861125,2.57475,0.000322114822
78.0,2.86125,2.574875,0.000322114822
78.0,2.860625,2.574875,0.000322114822
78.0,2.8605,2.575375,0.000322114822
78.0,2.861125,2.57575,0.000322114822
78.0,2.861375,2.5755,0.000322114822
78.0,2.861125,2.574875,0.000322114822
78.0,2.861375,2.57425,0.000322114822
78.0,2.861375,2.5745,0.000322114822
78.0,2.861375,2.5745,0.000322114822
78.0,2.861375,2.5745,0.000322114822
78.0,2.861875,2.5745,0.000322114822
78.0,2.86225,2.574,0.000322114822
78.0,2.861625,2.574,0.000322114822
78.0,2.86075,2.574375,0.000322114822
78.0,2.86025,2.574625,0.000322114822
78.0,2.86075,2.574625,0.000322114822
78.0,2.860625,2.575125,0.000322114822
78.0,2.860875,2.575125,0.000322114822
78.0,2.861,2.575,0.000322114822
78.0,2.86125,2.57575,0.000322114822
78.0,2.86125,2.575625,0.000322114822
78.0,2.861,2.575125,0.000322114822
78.0,2.8615,2.574375,0.000322114822
78.0,2.862,2.574,0.000322114822
78.0,2.862,2.574,0.000322114822
78.0,2.861875,2.57425,0.000322114822
78.0,2.862,2.574375,0.000322114822
78.0,2.862375,2.574125,0.000322114822
78.0,2.8625,2.573875,0.000322114822
78.0,2.862125,2.573875,0.000322114822
78.0,2.8615,2.574375,0.000322114822
78.0,2.86125,2.57425,0.000322114822
78.0,2.86175,2.5745,0.000322114822
78.0,2.861375,2.57475,0.000322114822
78.0,2.861125,2.57475,0.000322114822
78.0,2.860875,2.574875,0.000322114822
78.0,2.861375,2.575375,0.000322114822
78.0,2.861625,2.57525,0.000322114822
78.0,2.86175,2.574625,0.000322114822
78.0,2.86225,2.573875,0.000322114822
78.0,2.86225,2.573875,0.000322114822
78.0,2.862125,2.573875,0.000322114822
78.0,2.86225,2.574125,0.000322114822
78.0,2.8625,2.5745,0.000322114822
78.0,2.86275,2.574125,0.000322114822
78.0,2.86225,2.57375,0.000322114822
78.0,2.861375,2.574,0.000322114822
78.0,2.860875,2.574625,0.000322114822
78.0,2.86125,2.574625,0.000322114822
78.0,2.861625,2.574625,0.000322114822
78.0,2.86125,2.574875,0.000322114822
78.0,2.860375,2.57475,0.000322114822
78.0,2.86075,2.575125,0.000322114822
78.0,2.86125,2.575625,0.000322114822
78.0,2.861625,2.5755,0.000322114822
78.0,2.861625,2.57475,0.000322114822
78.0,2.861875,2.574125,0.000322114822
78.0,2.861875,2.574125,0.000322114822
78.0,2.862,2.574375,0.000322114822
78.0,2.861875,2.5745,0.000322114822
78.0,2.862625,2.574375,0.000322114822
78.0,2.862875,2.574,0.000322114822
78.0,2.862,2.574,0.000322114822
78.0,2.861125,2.5745,0.000322114822
78.0,2.860375,2.57475,0.000322114822
78.0,2.861,2.57475,0.000322114822
78.0,2.861125,2.575,0.000322114822
78.0,2.861125,2.575,0.000322114822
78.0,2.86075,2.575125,0.000322114822
78.0,2.860875,2.575625,0.000322114822
78.0,2.86175,2.575875,0.000322114822
78.0,2.8615,2.5755,0.000322114822
79.0,2.8195,2.609375,0.000322196895
79.0,2.819875,2.609375,0.000322196895
79.0,2.820375,2.609125,0.000322196895
79.0,2.82,2.60875,0.000322196895
79.0,2.819375,2.609125,0.000322196895
79.0,2.81875,2.6095,0.000322196895
79.0,2.8185,2.6095,0.000322196895
79.0,2.819125,2.609625,0.000322196895
79.0,2.819125,2.609625,0.000322196895
79.0,2.819,2.60975,0.000322196895
79.0,2.8185,2.60975,0.000322196895
79.0,2.8185,2.610125,0.000322196895
79.0,2.818875,2.610625,0.000322196895
79.0,2.819125,2.6105,0.000322196895
79.0,2.818625,2.610125,0.000322196895
79.0,2.81875,2.609125,0.000322196895
79.0,2.81925,2.608875,0.000322196895
79.0,2.81925,2.609375,0.000322196895
79.0,2.81975,2.609375,0.000322196895
79.0,2.820125,2.608875,0.000322196895
79.0,2.820125,2.60875,0.000322196895
79.0,2.819125,2.60925,0.000322196895
79.0,2.81875,2.609625,0.000322196895
79.0,2.818875,2.6095,0.000322196895
79.0,2.818875,2.6095,0.000322196895
79.0,2.81875,2.609625,0.000322196895
79.0,2.818875,2.60975,0.000322196895
79.0,2.818625,2.609875,0.000322196895
79.0,2.818375,2.610125,0.000322196895
79.0,2.818875,2.610625,0.000322196895
79.0,2.81925,2.610625,0.000322196895
79.0,2.819,2.60975,0.000322196895
79.0,2.81925,2.609,0.000322196895
79.0,2.819375,2.609125,0.000322196895
79.0,2.81975,2.60925,0.000322196895
79.0,2.82,2.609375,0.000322196895
79.0,2.819875,2.609,0.000322196895
79.0,2.819375,2.608875,0.000322196895
79.0,2.819125,2.6095,0.000322196895
79.0,2.818625,2.609625,0.000322196895
79.0,2.818625,2.609375,0.000322196895
79.0,2.8185,2.609375,0.000322196895
79.0,2.81875,2.60975,0.000322196895
79.0,2.818875,2.609875,0.000322196895
79.0,2.818625,2.61,0.000322196895
79.0,2.818625,2.6105,0.000322196895
79.0,2.81925,2.610875,0.000322196895
79.0,2.81925,2.610375,0.000322196895
79.0,2.819375,2.609375,0.000322196895
79.0,2.819625,2.608875,0.000322196895
79.0,2.81975,2.609125,0.000322196895
79.0,2.8195,2.6095,0.000322196895
79.0,2.820375,2.609,0.000322196895
79.0,2.82025,2.608625,0.000322196895
79.0,2.819875,2.608875,0.000322196895
79.0,2.81875,2.6095,0.000322196895
79.0,2.81875,2.609625,0.000322196895
79.0,2.81875,2.609625,0.000322196895
79.0,2.818875,2.609625,0.000322196895
79.0,2.81925,2.609875,0.000322196895
79.0,2.819,2.60975,0.000322196895
79.0,2.818625,2.609875,0.000322196895
79.0,2.819,2.610375,0.000322196895
79.0,2.81925,2.6105,0.000322196895
79.0,2.819125,2.609625,0.000322196895
79.0,2.819375,2.609125,0.000322196895
79.0,2.819625,2.608875,0.000322196895
79.0,2.8195,2.609125,0.000322196895
79.0,2.82,2.609125,0.000322196895
79.0,2.8205,2.608875,0.000322196895
79.0,2.8205,2.6085,0.000322196895
79.0,2.819875,2.608875,0.000322196895
79.0,2.819375,2.609125,0.000322196895
79.0,2.819375,2.609125,0.000322196895
79.0,2.8195,2.609125,0.000322196895
79.0,2.819625,2.60925,0.000322196895
79.0,2.81975,2.6095,0.000322196895
79.0,2.81925,2.6095,0.000322196895
79.0,2.819125,2.609875,0.000322196895
79.0,2.819375,2.61025,0.000322196895
79.0,2.8195,2.61,0.000322196895
79.0,2.819625,2.6095,0.000322196895
79.0,2.82,2.60875,0.000322196895
79.0,2.81975,2.609,0.000322196895
79.0,2.8195,2.609125,0.000322196895
79.0,2.82025,2.609125,0.000322196895
79.0,2.821,2.60875,0.000322196895
79.0,2.82025,2.608375,0.000322196895
79.0,2.819375,2.608875,0.000322196895
79.0,2.819375,2.608875,0.000322196895
79.0,2.819,2.609375,0.000322196895
79.0,2.819,2.609375,0.000322196895
79.0,2.81925,2.60975,0.000322196895
79.0,2.819125,2.60975,0.000322196895
79.0,2.8185,2.609875,0.000322196895
79.0,2.818125,2.610375,0.000322196895
79.0,2.81875,2.610375,0.000322196895
79.0,2.819,2.60975,0.000322196895
79.0,2.819375,2.60925,0.000322196895
79.0,2.819625,2.608625,0.000322196895
79.0,2.8195,2.609,0.000322196895
79.0,2.819875,2.60925,0.000322196895
79.0,2.82025,2.608875,0.000322196895
79.0,2.820125,2.6085,0.000322196895
79.0,2.820125,2.6085,0.000322196895
79.0,2.820125,2.6085,0.000322196895
79.0,2.8195,2.60925,0.000322196895
79.0,2.819,2.609375,0.000322196895
79.0,2.819125,2.609375,0.000322196895
79.0,2.819375,2.60975,0.000322196895
79.0,2.818875,2.609625,0.000322196895
79.0,2.818625,2.609875,0.000322196895
79.0,2.8195,2.610375,0.000322196895
79.0,2.819875,2.610625,0.000322196895
79.0,2.8195,2.610125,0.000322196895
79.0,2.8195,2.609125,0.000322196895
79.0,2.820125,2.60875,0.000322196895
79.0,2.819625,2.609125,0.000322196895
79.0,2.81975,2.60925,0.000322196895
79.0,2.8205,2.609,0.000322196895
79.0,2.8205,2.6085,0.000322196895
79.0,2.8205,2.608875,0.000322196895
79.0,2.819875,2.608875,0.000322196895
79.0,2.819125,2.60925,0.000322196895
79.0,2.819125,2.609125,0.000322196895
79.0,2.819375,2.609375,0.000322196895
79.0,2.819625,2.6095,0.000322196895
79.0,2.818875,2.609625,0.000322196895
79.0,2.818875,2.609875,0.000322196895
79.0,2.8195,2.61025,0.000322196895
79.0,2.8195,2.610125,0.000322196895
79.0,2.81925,2.60975,0.000322196895
79.0,2.819625,2.608875,0.000322196895
79.0,2.81975,2.60875,0.000322196895
79.0,2.81975,2.609125,0.000322196895
79.0,2.82025,2.609125,0.000322196895
79.0,2.8205,2.608875,0.000322196895
79.0,2.8205,2.608625,0.000322196895
79.0,2.820125,2.608625,0.000322196895
79.0,2.8195,2.60925,0.000322196895
79.0,2.81875,2.609375,0.000322196895
79.0,2.818625,2.60925,0.000322196895
79.0,2.819125,2.6095,0.000322196895
79.0,2.818875,2.60975,0.000322196895
79.0,2.81825,2.60975,0.000322196895
79.0,2.818625,2.61,0.000322196895
79.0,2.819625,2.61025,0.000322196895
79.0,2.819375,2.61,0.000322196895
79.0,2.819375,2.609375,0.000322196895
79.0,2.81975,2.608625,0.000322196895
79.0,2.81975,2.60875,0.000322196895
79.0,2.819625,2.609,0.000322196895
79.0,2.82,2.609,0.000322196895
79.0,2.820375,2.608625,0.000322196895
79.0,2.820375,2.608625,0.000322196895
79.0,2.820125,2.608625,0.000322196895
79.0,2.819375,2.609125,0.000322196895
79.0,2.818875,2.60925,0.000322196895
79.0,2.81925,2.60925,0.000322196895
79.0,2.819375,2.609625,0.000322196895
79.0,2.819125,2.609625,0.000322196895
79.0,2.8185,2.609875,0.000322196895
79.0,2.81925,2.6105,0.000322196895
79.0,2.81975,2.610375,0.000322196895
79.0,2.819875,2.609875,0.000322196895
79.0,2.820125,2.60925,0.000322196895
79.0,2.820375,2.60875,0.000322196895
79.0,2.820375,2.609125,0.000322196895
79.0,2.82,2.609375,0.000322196895
80.0,2.775125,2.6425,0.000322362757
80.0,2.77525,2.642625,0.000322362757
80.0,2.775125,2.642875,0.000322362757
80.0,2.775125,2.642875,0.000322362757
80.0,2.774875,2.64325,0.000322362757
80.0,2.7755,2.64375,0.000322362757
80.0,2.775625,2.64375,0.000322362757
80.0,2.775375,2.643125,0.000322362757
80.0,2.775375,2.643125,0.000322362757
80.0,2.7755,2.642375,0.000322362757
80.0,2.77575,2.642125,0.000322362757
80.0,2.775625,2.642375,0.000322362757
80.0,2.776,2.6425,0.000322362757
80.0,2.77675,2.642375,0.000322362757
80.0,2.776625,2.641875,0.000322362757
80.0,2.776125,2.642125,0.000322362757
80.0,2.775,2.64275,0.000322362757
80.0,2.77525,2.642625,0.000322362757
80.0,2.776,2.643,0.000322362757
80.0,2.775875,2.643,0.000322362757
80.0,2.775375,2.643,0.000322362757
80.0,2.774875,2.643375,0.000322362757
80.0,2.775125,2.64375,0.000322362757
80.0,2.77575,2.643625,0.000322362757
80.0,2.77575,2.643625,0.000322362757
80.0,2.77575,2.643125,0.000322362757
80.0,2.77575,2.642375,0.000322362757
80.0,2.776,2.642125,0.000322362757
80.0,2.776,2.6425,0.000322362757
80.0,2.7765,2.6425,0.000322362757
80.0,2.777,2.642125,0.000322362757
80.0,2.776875,2.64175,0.000322362757
80.0,2.775625,2.64225,0.000322362757
80.0,2.774875,2.6425,0.000322362757
80.0,2.775375,2.64225,0.000322362757
80.0,2.77575,2.642625,0.000322362757
80.0,2.775625,2.643,0.000322362757
80.0,2.775125,2.643125,0.000322362757
80.0,2.77525,2.643375,0.000322362757
80.0,2.775875,2.64375,0.000322362757
80.0,2.776125,2.64375,0.000322362757
80.0,2.776125,2.643375,0.000322362757
80.0,2.775875,2.642375,0.000322362757
80.0,2.776125,2.641875,0.000322362757
80.0,2.776,2.642125,0.000322362757
80.0,2.775875,2.642375,0.000322362757
80.0,2.776625,2.64225,0.000322362757
80.0,2.776625,2.641875,0.000322362757
80.0,2.77575,2.642,0.000322362757
80.0,2.775125,2.642375,0.000322362757
80.0,2.774625,2.64225,0.000322362757
80.0,2.775125,2.64275,0.000322362757
80.0,2.7755,2.643125,0.000322362757
80.0,2.775125,2.64325,0.000322362757
80.0,2.77525,2.64325,0.000322362757
80.0,2.7755,2.643875,0.000322362757
80.0,2.77575,2.643875,0.000322362757
80.0,2.77575,2.643875,0.000322362757
80.0,2.7755,2.6435,0.000322362757
80.0,2.7755,2.64275,0.000322362757
80.0,2.775875,2.642375,0.000322362757
80.0,2.775375,2.64275,0.000322362757
80.0,2.775625,2.64275,0.000322362757
80.0,2.7765,2.6425,0.000322362757
80.0,2.776625,2.642125,0.000322362757
80.0,2.776,2.642375,0.000322362757
80.0,2.775125,2.643,0.000322362757
80.0,2.774875,2.642875,0.000322362757
80.0,2.775,2.643,0.000322362757
80.0,2.775,2.643375,0.000322362757
80.0,2.77475,2.64325,0.000322362757
80.0,2.77475,2.643375,0.000322362757
80.0,2.775375,2.643875,0.000322362757
80.0,2.775375,2.643875,0.000322362757
80.0,2.775625,2.64375,0.000322362757
80.0,2.77525,2.643125,0.000322362757
80.0,2.77575,2.642375,0.000322362757
80.0,2.776375,2.642375,0.000322362757
80.0,2.776125,2.642625,0.000322362757
80.0,2.776625,2.642625,0.000322362757
80.0,2.77675,2.642125,0.000322362757
80.0,2.77625,2.64175,0.000322362757
80.0,2.7755,2.642125,0.000322362757
80.0,2.77475,2.642375,0.000322362757
80.0,2.774875,2.6425,0.000322362757
80.0,2.775375,2.642875,0.000322362757
80.0,2.775625,2.643125,0.000322362757
80.0,2.775375,2.64325,0.000322362757
80.0,2.77525,2.643625,0.000322362757
80.0,2.77525,2.643625,0.000322362757
80.0,2.7755,2.644,0.000322362757
80.0,2.775875,2.6435,0.000322362757
80.0,2.775875,2.64275,0.000322362757
80.0,2.776,2.64225,0.000322362757
80.0,2.775875,2.642375,0.000322362757
80.0,2.775625,2.642625,0.000322362757
80.0,2.7765,2.642625,0.000322362757
80.0,2.777125,2.642125,0.000322362757
80.0,2.7765,2.642,0.000322362757
80.0,2.775625,2.642625,0.000322362757
80.0,2.775125,2.642875,0.000322362757
80.0,2.775125,2.6425,0.000322362757
80.0,2.775,2.643,0.000322362757
80.0,2.775,2.643125,0.000322362757
80.0,2.774625,2.64325,0.000322362757
80.0,2.774625,2.64325,0.000322362757
80.0,2.775125,2.643625,0.000322362757
80.0,2.776,2.643875,0.000322362757
80.0,2.77575,2.6435,0.000322362757
80.0,2.77575,2.6425,0.000322362757
80.0,2.775875,2.642125,0.000322362757
80.0,2.77575,2.64225,0.000322362757
80.0,2.776125,2.6425,0.000322362757
80.0,2.77675,2.642625,0.000322362757
80.0,2.776625,2.642125,0.000322362757
80.0,2.775875,2.642125,0.000322362757
80.0,2.775125,2.64275,0.000322362757
80.0,2.775,2.642875,0.000322362757
80.0,2.77525,2.642875,0.000322362757
80.0,2.775375,2.643,0.000322362757
80.0,2.775125,2.643,0.000322362757
80.0,2.775125,2.643,0.000322362757
80.0,2.774625,2.643375,0.000322362757
80.0,2.775125,2.643875,0.000322362757
80.0,2.775625,2.643625,0.000322362757
80.0,2.775875,2.643125,0.000322362757
80.0,2.776,2.642375,0.000322362757
80.0,2.775875,2.642375,0.000322362757
80.0,2.7755,2.642625,0.000322362757
80.0,2.776375,2.6425,0.000322362757
80.0,2.77675,2.64225,0.000322362757
80.0,2.77625,2.641875,0.000322362757
80.0,2.776,2.642375,0.000322362757
80.0,2.77525,2.642875,0.000322362757
80.0,2.77475,2.642625,0.000322362757
80.0,2.77525,2.64275,0.000322362757
80.0,2.775375,2.642875,0.000322362757
80.0,2.77475,2.642875,0.000322362757
80.0,2.77475,2.643,0.000322362757
80.0,2.77475,2.6435,0.000322362757
80.0,2.77525,2.64375,0.000322362757
80.0,2.77575,2.643375,0.000322362757
80.0,2.775375,2.642875,0.000322362757
80.0,2.775875,2.64225,0.000322362757
80.0,2.776,2.642375,0.000322362757
80.0,2.776125,2.642625,0.000322362757
80.0,2.776875,2.642625,0.000322362757
80.0,2.77675,2.641875,0.000322362757
80.0,2.77625,2.641875,0.000322362757
80.0,2.77525,2.642625,0.000322362757
80.0,2.774625,2.642875,0.000322362757
80.0,2.775375,2.6425,0.000322362757
80.0,2.77575,2.642875,0.000322362757
80.0,2.77525,2.642875,0.000322362757
80.0,2.77525,2.64275,0.000322362757
80.0,2.77475,2.643125,0.000322362757
80.0,2.77525,2.643625,0.000322362757
80.0,2.77575,2.643875,0.000322362757
80.0,2.775375,2.643625,0.000322362757
80.0,2.775,2.642625,0.000322362757
80.0,2.7755,2.642375,0.000322362757
80.0,2.775375,2.642625,0.000322362757
80.0,2.776,2.6425,0.000322362757
80.0,2.776625,2.642375,0.000322362757
80.0,2.77625,2.641875,0.000322362757
80.0,2.776,2.642125,0.000322362757
80.0,2.775,2.642875,0.000322362757
80.0,2.774625,2.642875,0.000322362757
80.0,2.775,2.64275,0.000322362757
81.0,2.731375,2.6735,0.000322354637
81.0,2.730625,2.67375,0.000322354637
81.0,2.729625,2.674,0.000322354637
81.0,2.729875,2.674125,0.000322354637
81.0,2.73025,2.674375,0.000322354637
81.0,2.730375,2.6745,0.000322354637
81.0,2.72975,2.6745,0.000322354637
81.0,2.729375,2.674875,0.000322354637
81.0,2.729375,2.674875,0.000322354637
81.0,2.730125,2.67525,0.000322354637
81.0,2.7305,2.67525,0.000322354637
81.0,2.7305,2.674625,0.000322354637
81.0,2.730375,2.674125,0.000322354637
81.0,2.730625,2.67375,0.000322354637
81.0,2.73075,2.673875,0.000322354637
81.0,2.73125,2.674,0.000322354637
81.0,2.731625,2.67375,0.000322354637
81.0,2.731,2.6735,0.000322354637
81.0,2.730375,2.67375,0.000322354637
81.0,2.7295,2.674125,0.000322354637
81.0,2.72975,2.674125,0.000322354637
81.0,2.730125,2.67425,0.000322354637
81.0,2.730125,2.6745,0.000322354637
81.0,2.72975,2.674375,0.000322354637
81.0,2.72975,2.67475,0.000322354637
81.0,2.729625,2.67475,0.000322354637
81.0,2.730625,2.675,0.000322354637
81.0,2.730625,2.67475,0.000322354637
81.0,2.730375,2.674375,0.000322354637
81.0,2.730625,2.673875,0.000322354637
81.0,2.730875,2.67375,0.000322354637
81.0,2.73125,2.673875,0.000322354637
81.0,2.731375,2.673625,0.000322354637
81.0,2.731625,2.673375,0.000322354637
81.0,2.731375,2.673375,0.000322354637
81.0,2.730625,2.674125,0.000322354637
81.0,2.730375,2.674125,0.000322354637
81.0,2.7305,2.674,0.000322354637
81.0,2.730375,2.67425,0.000322354637
81.0,2.73,2.674375,0.000322354637
81.0,2.73,2.674625,0.000322354637
81.0,2.729875,2.674625,0.000322354637
81.0,2.730375,2.675125,0.000322354637
81.0,2.73075,2.675125,0.000322354637
81.0,2.73075,2.674625,0.000322354637
81.0,2.730625,2.673875,0.000322354637
81.0,2.730875,2.673625,0.000322354637
81.0,2.730875,2.674,0.000322354637
81.0,2.731125,2.674125,0.000322354637
81.0,2.731625,2.674,0.000322354637
81.0,2.7315,2.673375,0.000322354637
81.0,2.731,2.673625,0.000322354637
81.0,2.73025,2.674125,0.000322354637
81.0,2.730375,2.674,0.000322354637
81.0,2.730375,2.674125,0.000322354637
81.0,2.7305,2.674375,0.000322354637
81.0,2.73025,2.6745,0.000322354637
81.0,2.73025,2.6745,0.000322354637
81.0,2.729875,2.67475,0.000322354637
81.0,2.730375,2.6755,0.000322354637
81.0,2.73075,2.675375,0.000322354637
81.0,2.730625,2.67475,0.000322354637
81.0,2.730875,2.674,0.000322354637
81.0,2.731,2.673875,0.000322354637
81.0,2.730875,2.674125,0.000322354637
81.0,2.7315,2.674125,0.000322354637
81.0,2.73175,2.674,0.000322354637
81.0,2.731625,2.673375,0.000322354637
81.0,2.730625,2.67375,0.000322354637
81.0,2.730125,2.67425,0.000322354637
81.0,2.73025,2.67425,0.000322354637
81.0,2.7305,2.67425,0.000322354637
81.0,2.730375,2.6745,0.000322354637
81.0,2.730375,2.6745,0.000322354637
81.0,2.730125,2.6745,0.000322354637
81.0,2.73,2.675,0.000322354637
81.0,2.730125,2.6755,0.000322354637
81.0,2.73025,2.675125,0.000322354637
81.0,2.73025,2.674375,0.000322354637
81.0,2.73075,2.6735,0.000322354637
81.0,2.73075,2.673625,0.000322354637
81.0,2.730875,2.673875,0.000322354637
81.0,2.731375,2.674,0.000322354637
81.0,2.73175,2.673625,0.000322354637
81.0,2.73125,2.6735,0.000322354637
81.0,2.73025,2.674,0.000322354637
81.0,2.729625,2.67425,0.000322354637
81.0,2.730125,2.674,0.000322354637
81.0,2.730375,2.6745,0.000322354637
81.0,2.730375,2.6745,0.000322354637
81.0,2.730125,2.674625,0.000322354637
81.0,2.73,2.67475,0.000322354637
81.0,2.73025,2.67525,0.000322354637
81.0,2.7305,2.67525,0.000322354637
81.0,2.730625,2.674625,0.000322354637
81.0,2.730625,2.674,0.000322354637
81.0,2.730875,2.673625,0.000322354637
81.0,2.730875,2.673875,0.000322354637
81.0,2.73125,2.674125,0.000322354637
81.0,2.731375,2.674,0.000322354637
81.0,2.731,2.673375,0.000322354637
81.0,2.730375,2.6735,0.000322354637
81.0,2.729875,2.674125,0.000322354637
81.0,2.73,2.67425,0.000322354637
81.0,2.729875,2.67425,0.000322354637
81.0,2.729875,2.67425,0.000322354637
81.0,2.73,2.674625,0.000322354637
81.0,2.729875,2.67475,0.000322354637
81.0,2.729625,2.674875,0.000322354637
81.0,2.73,2.675375,0.000322354637
81.0,2.7305,2.675125,0.000322354637
81.0,2.730125,2.674625,0.000322354637
81.0,2.730625,2.674,0.000322354637
81.0,2.730875,2.67375,0.000322354637
81.0,2.7305,2.673875,0.000322354637
81.0,2.730625,2.674125,0.000322354637
81.0,2.731375,2.67375,0.000322354637
81.0,2.731375,2.673375,0.000322354637
81.0,2.730625,2.67375,0.000322354637
81.0,2.729875,2.67425,0.000322354637
81.0,2.729875,2.674,0.000322354637
81.0,2.729875,2.67425,0.000322354637
81.0,2.73025,2.67425,0.000322354637
81.0,2.730375,2.6745,0.000322354637
81.0,2.73,2.674625,0.000322354637
81.0,2.72975,2.675,0.000322354637
81.0,2.730625,2.675375,0.000322354637
81.0,2.73075,2.675,0.000322354637
81.0,2.73025,2.67425,0.000322354637
81.0,2.7305,2.6735,0.000322354637
81.0,2.731,2.673625,0.000322354637
81.0,2.730875,2.673875,0.000322354637
81.0,2.731375,2.673875,0.000322354637
81.0,2.73175,2.673625,0.000322354637
81.0,2.731375,2.673375,0.000322354637
81.0,2.73075,2.674,0.000322354637
81.0,2.73,2.67425,0.000322354637
81.0,2.73,2.67425,0.000322354637
81.0,2.730125,2.67425,0.000322354637
81.0,2.730125,2.674375,0.000322354637
81.0,2.730125,2.674375,0.000322354637
81.0,2.729875,2.6745,0.000322354637
81.0,2.729875,2.675,0.000322354637
81.0,2.7305,2.675,0.000322354637
81.0,2.7305,2.6745,0.000322354637
81.0,2.7305,2.674125,0.000322354637
81.0,2.730625,2.6735,0.000322354637
81.0,2.73075,2.673875,0.000322354637
81.0,2.731,2.674,0.000322354637
81.0,2.73125,2.673875,0.000322354637
81.0,2.73175,2.673375,0.000322354637
81.0,2.731,2.6735,0.000322354637
81.0,2.72975,2.674125,0.000322354637
81.0,2.729875,2.67425,0.000322354637
81.0,2.729875,2.67425,0.000322354637
81.0,2.73025,2.674125,0.000322354637
81.0,2.73025,2.674625,0.000322354637
81.0,2.73,2.674625,0.000322354637
81.0,2.729375,2.674625,0.000322354637
81.0,2.72975,2.67525,0.000322354637
81.0,2.73,2.67525,0.000322354637
81.0,2.73,2.67475,0.000322354637
81.0,2.730375,2.673875,0.000322354637
81.0,2.7305,2.67375,0.000322354637
81.0,2.730625,2.673875,0.000322354637
81.0,2.731,2.674,0.000322354637
81.0,2.7315,2.67375,0.000322354637
81.0,2.7315,2.6735,0.000322354637
81.0,2.730875,2.67375,0.000322354637
82.0,2.684,2.70375,0.00032232533
82.0,2.684125,2.704,0.00032232533
82.0,2.683875,2.704125,0.00032232533
82.0,2.683625,2.704125,0.00032232533
82.0,2.684,2.704625,0.00032232533
82.0,2.68425,2.70475,0.00032232533
82.0,2.68425,2.704375,0.00032232533
82.0,2.68425,2.703875,0.00032232533
82.0,2.68425,2.703875,0.00032232533
82.0,2.68425,2.7035,0.00032232533
82.0,2.68425,2.703625,0.00032232533
82.0,2.685,2.70375,0.00032232533
82.0,2.685375,2.7035,0.00032232533
82.0,2.685375,2.703,0.00032232533
82.0,2.685,2.70325,0.00032232533
82.0,2.68425,2.703875,0.00032232533
82.0,2.684,2.704,0.00032232533
82.0,2.684125,2.703875,0.00032232533
82.0,2.684375,2.704125,0.00032232533
82.0,2.684,2.704125,0.00032232533
82.0,2.683375,2.704375,0.00032232533
82.0,2.684,2.704875,0.00032232533
82.0,2.684375,2.704875,0.00032232533
82.0,2.684375,2.7045,0.00032232533
82.0,2.68475,2.7045,0.00032232533
82.0,2.68475,2.70375,0.00032232533
82.0,2.684875,2.703375,0.00032232533
82.0,2.684875,2.70375,0.00032232533
82.0,2.685375,2.703875,0.00032232533
82.0,2.6855,2.703625,0.00032232533
82.0,2.685375,2.70325,0.00032232533
82.0,2.68475,2.703625,0.00032232533
82.0,2.683875,2.703875,0.00032232533
82.0,2.683875,2.70375,0.00032232533
82.0,2.68425,2.704,0.00032232533
82.0,2.6845,2.70425,0.00032232533
82.0,2.684125,2.70425,0.00032232533
82.0,2.683875,2.70475,0.00032232533
82.0,2.6845,2.705,0.00032232533
82.0,2.68475,2.704875,0.00032232533
82.0,2.684375,2.70425,0.00032232533
82.0,2.684375,2.70425,0.00032232533
82.0,2.684875,2.703375,0.00032232533
82.0,2.685,2.703375,0.00032232533
82.0,2.68475,2.703625,0.00032232533
82.0,2.68525,2.70375,0.00032232533
82.0,2.685375,2.70325,0.00032232533
82.0,2.684875,2.703125,0.00032232533
82.0,2.684375,2.703375,0.00032232533
82.0,2.684375,2.704,0.00032232533
82.0,2.68425,2.70375,0.00032232533
82.0,2.684375,2.704125,0.00032232533
82.0,2.684625,2.70425,0.00032232533
82.0,2.684,2.70425,0.00032232533
82.0,2.684125,2.7045,0.00032232533
82.0,2.684375,2.704875,0.00032232533
82.0,2.684375,2.704875,0.00032232533
82.0,2.684375,2.704875,0.00032232533
82.0,2.6845,2.703875,0.00032232533
82.0,2.6845,2.703375,0.00032232533
82.0,2.684625,2.703625,0.00032232533
82.0,2.684875,2.70375,0.00032232533
82.0,2.6855,2.70375,0.00032232533
82.0,2.6855,2.70325,0.00032232533
82.0,2.685,2.703,0.00032232533
82.0,2.684125,2.7035,0.00032232533
82.0,2.683625,2.703875,0.00032232533
82.0,2.684125,2.704,0.00032232533
82.0,2.684125,2.70425,0.00032232533
82.0,2.683875,2.704375,0.00032232533
82.0,2.683375,2.7045,0.00032232533
82.0,2.683875,2.704875,0.00032232533
82.0,2.68475,2.705,0.00032232533
82.0,2.68475,2.705,0.00032232533
82.0,2.684875,2.70425,0.00032232533
82.0,2.684875,2.70375,0.00032232533
82.0,2.684875,2.703375,0.00032232533
82.0,2.684625,2.7035,0.00032232533
82.0,2.68525,2.703625,0.00032232533
82.0,2.68575,2.703375,0.00032232533
82.0,2.685875,2.703125,0.00032232533
82.0,2.685375,2.703375,0.00032232533
82.0,2.684125,2.703875,0.00032232533
82.0,2.68375,2.703625,0.00032232533
82.0,2.684375,2.703625,0.00032232533
82.0,2.684375,2.704125,0.00032232533
82.0,2.684,2.704125,0.00032232533
82.0,2.683875,2.7045,0.00032232533
82.0,2.684125,2.705,0.00032232533
82.0,2.684125,2.705,0.00032232533
82.0,2.684625,2.704875,0.00032232533
82.0,2.6845,2.704125,0.00032232533
82.0,2.684625,2.703375,0.00032232533
82.0,2.68475,2.703375,0.00032232533
82.0,2.684875,2.703625,0.00032232533
82.0,2.685375,2.70375,0.00032232533
82.0,2.685375,2.703375,0.00032232533
82.0,2.684625,2.703125,0.00032232533
82.0,2.68425,2.7035,0.00032232533
82.0,2.68375,2.703875,0.00032232533
82.0,2.683875,2.70375,0.00032232533
82.0,2.684125,2.704125,0.00032232533
82.0,2.68425,2.704125,0.00032232533
82.0,2.684125,2.70425,0.00032232533
82.0,2.684125,2.704625,0.00032232533
82.0,2.684125,2.704625,0.00032232533
82.0,2.684875,2.705125,0.00032232533
82.0,2.684875,2.70475,0.00032232533
82.0,2.68475,2.704,0.00032232533
82.0,2.684875,2.703375,0.00032232533
82.0,2.6845,2.703375,0.00032232533
82.0,2.684625,2.703625,0.00032232533
82.0,2.685375,2.703625,0.00032232533
82.0,2.685625,2.703375,0.00032232533
82.0,2.68525,2.703125,0.00032232533
82.0,2.683875,2.703625,0.00032232533
82.0,2.683875,2.70375,0.00032232533
82.0,2.684,2.70375,0.00032232533
82.0,2.684125,2.704,0.00032232533
82.0,2.684125,2.704,0.00032232533
82.0,2.68375,2.70425,0.00032232533
82.0,2.68375,2.70425,0.00032232533
82.0,2.684,2.704875,0.00032232533
82.0,2.684375,2.705125,0.00032232533
82.0,2.684125,2.7045,0.00032232533
82.0,2.68425,2.7035,0.00032232533
82.0,2.68475,2.70325,0.00032232533
82.0,2.68475,2.7035,0.00032232533
82.0,2.685,2.703875,0.00032232533
82.0,2.685625,2.703625,0.00032232533
82.0,2.685125,2.70325,0.00032232533
82.0,2.68475,2.703375,0.00032232533
82.0,2.684,2.704,0.00032232533
82.0,2.68425,2.704,0.00032232533
82.0,2.684375,2.704,0.00032232533
82.0,2.684375,2.70425,0.00032232533
82.0,2.683875,2.704375,0.00032232533
82.0,2.683875,2.7045,0.00032232533
82.0,2.68375,2.7045,0.00032232533
82.0,2.683875,2.70475,0.00032232533
82.0,2.68425,2.70475,0.00032232533
82.0,2.68425,2.704375,0.00032232533
82.0,2.684625,2.703625,0.00032232533
82.0,2.684625,2.7035,0.00032232533
82.0,2.6845,2.70375,0.00032232533
82.0,2.684875,2.70375,0.00032232533
82.0,2.685375,2.70325,0.00032232533
82.0,2.684875,2.703,0.00032232533
82.0,2.684375,2.70375,0.00032232533
82.0,2.683875,2.70425,0.00032232533
82.0,2.684,2.704125,0.00032232533
82.0,2.683875,2.704125,0.00032232533
82.0,2.684,2.70425,0.00032232533
82.0,2.6835,2.70425,0.00032232533
82.0,2.6835,2.70425,0.00032232533
82.0,2.68325,2.7045,0.00032232533
82.0,2.684375,2.705,0.00032232533
82.0,2.684375,2.70475,0.00032232533
82.0,2.6845,2.704,0.00032232533
82.0,2.685,2.70325,0.00032232533
82.0,2.68475,2.7035,0.00032232533
82.0,2.685,2.70375,0.00032232533
82.0,2.685375,2.703625,0.00032232533
82.0,2.685625,2.703375,0.00032232533
82.0,2.68525,2.70325,0.00032232533
82.0,2.684875,2.703625,0.00032232533
82.0,2.68425,2.70375,0.00032232533
82.0,2.68425,2.7035,0.00032232533
82.0,2.684375,2.704125,0.00032232533
83.0,2.638125,2.732875,0.000322299835
83.0,2.637875,2.732875,0.000322299835
83.0,2.6375,2.732875,0.000322299835
83.0,2.63775,2.7335,0.000322299835
83.0,2.638,2.733625,0.000322299835
83.0,2.638,2.73325,0.000322299835
83.0,2.638,2.732625,0.000322299835
83.0,2.6385,2.732125,0.000322299835
83.0,2.6385,2.732125,0.000322299835
83.0,2.638875,2.732125,0.000322299835
83.0,2.63875,2.732375,0.000322299835
83.0,2.639125,2.732375,0.000322299835
83.0,2.639,2.731875,0.000322299835
83.0,2.638625,2.731875,0.000322299835
83.0,2.638125,2.732625,0.000322299835
83.0,2.637875,2.732625,0.000322299835
83.0,2.63775,2.732625,0.000322299835
83.0,2.6375,2.733,0.000322299835
83.0,2.63725,2.732875,0.000322299835
83.0,2.637375,2.733125,0.000322299835
83.0,2.637625,2.733625,0.000322299835
83.0,2.638,2.733625,0.000322299835
83.0,2.6375,2.73325,0.000322299835
83.0,2.637875,2.732375,0.000322299835
83.0,2.637875,2.732125,0.000322299835
83.0,2.63825,2.732125,0.000322299835
83.0,2.6385,2.732375,0.000322299835
83.0,2.63875,2.732625,0.000322299835
83.0,2.639,2.732375,0.000322299835
83.0,2.638875,2.731875,0.000322299835
83.0,2.638125,2.732,0.000322299835
83.0,2.637375,2.732625,0.000322299835
83.0,2.637375,2.7325,0.000322299835
83.0,2.638,2.732625,0.000322299835
83.0,2.63825,2.733,0.000322299835
83.0,2.637875,2.732875,0.000322299835
83.0,2.637625,2.733375,0.000322299835
83.0,2.638125,2.733625,0.000322299835
83.0,2.63825,2.7335,0.000322299835
83.0,2.638375,2.733125,0.000322299835
83.0,2.638625,2.732375,0.000322299835
83.0,2.638625,2.732375,0.000322299835
83.0,2.6385,2.7325,0.000322299835
83.0,2.638625,2.732625,0.000322299835
83.0,2.638875,2.732625,0.000322299835
83.0,2.639,2.73225,0.000322299835
83.0,2.63875,2.731875,0.000322299835
83.0,2.637875,2.73225,0.000322299835
83.0,2.637375,2.73275,0.000322299835
83.0,2.637625,2.73275,0.000322299835
83.0,2.637875,2.733,0.000322299835
83.0,2.637875,2.733,0.000322299835
83.0,2.63725,2.733125,0.000322299835
83.0,2.638125,2.733625,0.000322299835
83.0,2.638625,2.733875,0.000322299835
83.0,2.6385,2.733625,0.000322299835
83.0,2.638125,2.732875,0.000322299835
83.0,2.638125,2.732875,0.000322299835
83.0,2.638375,2.7325,0.000322299835
83.0,2.638625,2.7325,0.000322299835
83.0,2.638375,2.73275,0.000322299835
83.0,2.638625,2.732375,0.000322299835
83.0,2.639125,2.732,0.000322299835
83.0,2.639,2.731875,0.000322299835
83.0,2.638,2.732375,0.000322299835
83.0,2.637625,2.732625,0.000322299835
83.0,2.638,2.7325,0.000322299835
83.0,2.638,2.732875,0.000322299835
83.0,2.637375,2.733125,0.000322299835
83.0,2.637,2.732875,0.000322299835
83.0,2.6375,2.7335,0.000322299835
83.0,2.638,2.733875,0.000322299835
83.0,2.637875,2.7335,0.000322299835
83.0,2.637875,2.7335,0.000322299835
83.0,2.638,2.7325,0.000322299835
83.0,2.638375,2.73225,0.000322299835
83.0,2.63825,2.7325,0.000322299835
83.0,2.6385,2.732625,0.000322299835
83.0,2.638375,2.7325,0.000322299835
83.0,2.638625,2.732,0.000322299835
83.0,2.638,2.73225,0.000322299835
83.0,2.63725,2.732625,0.000322299835
83.0,2.637625,2.732375,0.000322299835
83.0,2.637875,2.7325,0.000322299835
83.0,2.63825,2.733125,0.000322299835
83.0,2.637875,2.733125,0.000322299835
83.0,2.6375,2.733375,0.000322299835
83.0,2.637625,2.734,0.000322299835
83.0,2.63775,2.733875,0.000322299835
83.0,2.63775,2.733875,0.000322299835
83.0,2.638,2.73325,0.000322299835
83.0,2.638125,2.7325,0.000322299835
83.0,2.638125,2.732125,0.000322299835
83.0,2.638375,2.732625,0.000322299835
83.0,2.638375,2.73275,0.000322299835
83.0,2.639125,2.732375,0.000322299835
83.0,2.63925,2.732,0.000322299835
83.0,2.638125,2.732375,0.000322299835
83.0,2.637625,2.732875,0.000322299835
83.0,2.63775,2.73275,0.000322299835
83.0,2.637875,2.733125,0.000322299835
83.0,2.637875,2.73325,0.000322299835
83.0,2.637125,2.733375,0.000322299835
83.0,2.6375,2.73375,0.000322299835
83.0,2.637875,2.734125,0.000322299835
83.0,2.637875,2.734125,0.000322299835
83.0,2.638,2.73375,0.000322299835
83.0,2.63775,2.733125,0.000322299835
83.0,2.63825,2.73225,0.000322299835
83.0,2.638375,2.732125,0.000322299835
83.0,2.6385,2.73275,0.000322299835
83.0,2.63925,2.732625,0.000322299835
83.0,2.639375,2.73225,0.000322299835
83.0,2.63875,2.732,0.000322299835
83.0,2.638,2.73275,0.000322299835
83.0,2.63775,2.73275,0.000322299835
83.0,2.638,2.732625,0.000322299835
83.0,2.63775,2.733125,0.000322299835
83.0,2.6375,2.73325,0.000322299835
83.0,2.637625,2.733375,0.000322299835
83.0,2.638125,2.73375,0.000322299835
83.0,2.638125,2.733875,0.000322299835
83.0,2.638,2.733875,0.000322299835
83.0,2.638125,2.733375,0.000322299835
83.0,2.638125,2.73275,0.000322299835
83.0,2.638125,2.73225,0.000322299835
83.0,2.638375,2.7325,0.000322299835
83.0,2.638375,2.73275,0.000322299835
83.0,2.638875,2.7325,0.000322299835
83.0,2.6385,2.732125,0.000322299835
83.0,2.63825,2.732,0.000322299835
83.0,2.637375,2.7325,0.000322299835
83.0,2.6375,2.73275,0.000322299835
83.0,2.6375,2.732625,0.000322299835
83.0,2.637875,2.733125,0.000322299835
83.0,2.6375,2.733,0.000322299835
83.0,2.6375,2.733375,0.000322299835
83.0,2.637875,2.734,0.000322299835
83.0,2.637875,2.734,0.000322299835
83.0,2.6385,2.733875,0.000322299835
83.0,2.638375,2.73325,0.000322299835
83.0,2.63825,2.7325,0.000322299835
83.0,2.63825,2.73225,0.000322299835
83.0,2.638375,2.7325,0.000322299835
83.0,2.63875,2.732625,0.000322299835
83.0,2.639,2.732375,0.000322299835
83.0,2.638875,2.732,0.000322299835
83.0,2.638125,2.732375,0.000322299835
83.0,2.637625,2.732875,0.000322299835
83.0,2.6375,2.73275,0.000322299835
83.0,2.637875,2.732875,0.000322299835
83.0,2.6375,2.73325,0.000322299835
83.0,2.637375,2.73325,0.000322299835
83.0,2.6375,2.733625,0.000322299835
83.0,2.6375,2.733625,0.000322299835
83.0,2.638125,2.733875,0.000322299835
83.0,2.63825,2.7335,0.000322299835
83.0,2.638,2.733,0.000322299835
83.0,2.638375,2.732375,0.000322299835
83.0,2.638125,2.732625,0.000322299835
83.0,2.63825,2.73275,0.000322299835
83.0,2.638625,2.73275,0.000322299835
83.0,2.639125,2.73225,0.000322299835
83.0,2.639,2.731875,0.000322299835
83.0,2.638125,2.732625,0.000322299835
83.0,2.63775,2.732875,0.000322299835
83.0,2.638,2.73275,0.000322299835
83.0,2.638125,2.732875,0.000322299835
83.0,2.63775,2.733,0.000322299835
84.0,2.590125,2.76125,0.000322163076
84.0,2.590625,2.76125,0.000322163076
84.0,2.590125,2.76075,0.000322163076
84.0,2.590125,2.76025,0.000322163076
84.0,2.590375,2.759875,0.000322163076
84.0,2.59,2.759875,0.000322163076
84.0,2.590375,2.76,0.000322163076
84.0,2.591125,2.75975,0.000322163076
84.0,2.591125,2.75975,0.000322163076
84.0,2.591125,2.75925,0.000322163076
84.0,2.590625,2.7595,0.000322163076
84.0,2.589625,2.760375,0.000322163076
84.0,2.5895,2.76025,0.000322163076
84.0,2.59,2.760375,0.000322163076
84.0,2.59,2.76075,0.000322163076
84.0,2.589625,2.760625,0.000322163076
84.0,2.58925,2.761,0.000322163076
84.0,2.589625,2.761375,0.000322163076
84.0,2.589875,2.761375,0.000322163076
84.0,2.590125,2.76075,0.000322163076
84.0,2.590375,2.759875,0.000322163076
84.0,2.5905,2.75975,0.000322163076
84.0,2.5905,2.76,0.000322163076
84.0,2.590625,2.760125,0.000322163076
84.0,2.590625,2.760125,0.000322163076
84.0,2.59075,2.759875,0.000322163076
84.0,2.590625,2.7595,0.000322163076
84.0,2.590125,2.75975,0.000322163076
84.0,2.589875,2.76025,0.000322163076
84.0,2.59,2.76025,0.000322163076
84.0,2.590125,2.760375,0.000322163076
84.0,2.59,2.7605,0.000322163076
84.0,2.589875,2.7605,0.000322163076
84.0,2.58975,2.761,0.000322163076
84.0,2.590125,2.7615,0.000322163076
84.0,2.590125,2.761375,0.000322163076
84.0,2.589875,2.7605,0.000322163076
84.0,2.5905,2.75975,0.000322163076
84.0,2.590375,2.76,0.000322163076
84.0,2.59025,2.76025,0.000322163076
84.0,2.590625,2.76025,0.000322163076
84.0,2.590625,2.76025,0.000322163076
84.0,2.59125,2.75975,0.000322163076
84.0,2.590625,2.75975,0.000322163076
84.0,2.590125,2.760375,0.000322163076
84.0,2.59025,2.760375,0.000322163076
84.0,2.590375,2.760125,0.000322163076
84.0,2.590625,2.7605,0.000322163076
84.0,2.5905,2.76075,0.000322163076
84.0,2.59,2.760875,0.000322163076
84.0,2.589875,2.76125,0.000322163076
84.0,2.59,2.761125,0.000322163076
84.0,2.589875,2.761125,0.000322163076
84.0,2.590375,2.76025,0.000322163076
84.0,2.5905,2.75975,0.000322163076
84.0,2.590375,2.759875,0.000322163076
84.0,2.5905,2.760125,0.000322163076
84.0,2.5905,2.760125,0.000322163076
84.0,2.591125,2.760125,0.000322163076
84.0,2.5915,2.759625,0.000322163076
84.0,2.590875,2.75975,0.000322163076
84.0,2.590125,2.76025,0.000322163076
84.0,2.590125,2.760375,0.000322163076
84.0,2.590125,2.760375,0.000322163076
84.0,2.590125,2.760625,0.000322163076
84.0,2.58975,2.76075,0.000322163076
84.0,2.589375,2.760875,0.000322163076
84.0,2.590125,2.76125,0.000322163076
84.0,2.5905,2.76125,0.000322163076
84.0,2.5905,2.760625,0.000322163076
84.0,2.590375,2.760125,0.000322163076
84.0,2.590875,2.75975,0.000322163076
84.0,2.590875,2.76,0.000322163076
84.0,2.590875,2.76,0.000322163076
84.0,2.591,2.760125,0.000322163076
84.0,2.59125,2.75975,0.000322163076
84.0,2.591,2.75925,0.000322163076
84.0,2.59025,2.759625,0.000322163076
84.0,2.58975,2.76025,0.000322163076
84.0,2.59,2.760125,0.000322163076
84.0,2.589875,2.760375,0.000322163076
84.0,2.59,2.7605,0.000322163076
84.0,2.589875,2.760625,0.000322163076
84.0,2.59,2.760875,0.000322163076
84.0,2.59075,2.761375,0.000322163076
84.0,2.590625,2.761,0.000322163076
84.0,2.590375,2.760375,0.000322163076
84.0,2.590375,2.75975,0.000322163076
84.0,2.5905,2.75975,0.000322163076
84.0,2.5905,2.75975,0.000322163076
84.0,2.590625,2.760125,0.000322163076
84.0,2.590875,2.760125,0.000322163076
84.0,2.591125,2.759625,0.000322163076
84.0,2.59075,2.75925,0.000322163076
84.0,2.590125,2.759875,0.000322163076
84.0,2.59,2.76025,0.000322163076
84.0,2.589875,2.76025,0.000322163076
84.0,2.59,2.760625,0.000322163076
84.0,2.589625,2.76075,0.000322163076
84.0,2.5895,2.76075,0.000322163076
84.0,2.589375,2.76125,0.000322163076
84.0,2.590625,2.761375,0.000322163076
84.0,2.591,2.761,0.000322163076
84.0,2.590375,2.760125,0.000322163076
84.0,2.590125,2.759625,0.000322163076
84.0,2.590125,2.759625,0.000322163076
84.0,2.590125,2.76,0.000322163076
84.0,2.59025,2.760125,0.000322163076
84.0,2.590875,2.76,0.000322163076
84.0,2.590875,2.759625,0.000322163076
84.0,2.590375,2.75975,0.000322163076
84.0,2.590125,2.76025,0.000322163076
84.0,2.58975,2.760375,0.000322163076
84.0,2.590125,2.760375,0.000322163076
84.0,2.590125,2.76075,0.000322163076
84.0,2.59,2.76075,0.000322163076
84.0,2.590125,2.760875,0.000322163076
84.0,2.59025,2.7615,0.000322163076
84.0,2.59075,2.761625,0.000322163076
84.0,2.5905,2.761,0.000322163076
84.0,2.59075,2.760125,0.000322163076
84.0,2.59075,2.760125,0.000322163076
84.0,2.59075,2.75975,0.000322163076
84.0,2.59075,2.76,0.000322163076
84.0,2.590875,2.760125,0.000322163076
84.0,2.591,2.759875,0.000322163076
84.0,2.59075,2.7595,0.000322163076
84.0,2.5905,2.759875,0.000322163076
84.0,2.589875,2.7605,0.000322163076
84.0,2.59,2.760375,0.000322163076
84.0,2.59025,2.7605,0.000322163076
84.0,2.590125,2.760625,0.000322163076
84.0,2.58975,2.760625,0.000322163076
84.0,2.589625,2.761,0.000322163076
84.0,2.590375,2.761375,0.000322163076
84.0,2.5905,2.76125,0.000322163076
84.0,2.59025,2.7605,0.000322163076
84.0,2.59025,2.759875,0.000322163076
84.0,2.59025,2.759875,0.000322163076
84.0,2.590125,2.75975,0.000322163076
84.0,2.59025,2.76,0.000322163076
84.0,2.59075,2.76,0.000322163076
84.0,2.591,2.75975,0.000322163076
84.0,2.591125,2.759625,0.000322163076
84.0,2.5905,2.760375,0.000322163076
84.0,2.589875,2.760625,0.000322163076
84.0,2.590125,2.760125,0.000322163076
84.0,2.59025,2.7605,0.000322163076
84.0,2.59025,2.760875,0.000322163076
84.0,2.589625,2.760875,0.000322163076
84.0,2.589625,2.761125,0.000322163076
84.0,2.59025,2.761375,0.000322163076
84.0,2.59025,2.761,0.000322163076
84.0,2.590125,2.76025,0.000322163076
84.0,2.590125,2.76025,0.000322163076
84.0,2.590375,2.75975,0.000322163076
84.0,2.590375,2.759875,0.000322163076
84.0,2.59075,2.760125,0.000322163076
84.0,2.59125,2.76,0.000322163076
84.0,2.591125,2.759625,0.000322163076
84.0,2.590625,2.7595,0.000322163076
84.0,2.58975,2.760125,0.000322163076
84.0,2.5895,2.760625,0.000322163076
84.0,2.58975,2.760375,0.000322163076
84.0,2.590125,2.76075,0.000322163076
84.0,2.589875,2.760625,0.000322163076
84.0,2.58975,2.760875,0.000322163076
84.0,2.590125,2.761375,0.000322163076
84.0,2.5905,2.761375,0.000322163076
85.0,2.5405,2.78625,0.000322405162
85.0,2.54025,2.78625,0.000322405162
85.0,2.540875,2.7865,0.000322405162
85.0,2.540875,2.78675,0.000322405162
85.0,2.540375,2.78675,0.000322405162
85.0,2.5405,2.78675,0.000322405162
85.0,2.541,2.78725,0.000322405162
85.0,2.54125,2.787375,0.000322405162
85.0,2.54125,2.787375,0.000322405162
85.0,2.541375,2.78675,0.000322405162
85.0,2.5415,2.78625,0.000322405162
85.0,2.5415,2.786125,0.000322405162
85.0,2.5415,2.786125,0.000322405162
85.0,2.541875,2.786375,0.000322405162
85.0,2.542,2.786,0.000322405162
85.0,2.541875,2.7855,0.000322405162
85.0,2.541375,2.786,0.000322405162
85.0,2.5405,2.7865,0.000322405162
85.0,2.540875,2.78625,0.000322405162
85.0,2.54125,2.78625,0.000322405162
85.0,2.54125,2.786625,0.000322405162
85.0,2.540625,2.786625,0.000322405162
85.0,2.540375,2.787,0.000322405162
85.0,2.54075,2.787375,0.000322405162
85.0,2.54075,2.787375,0.000322405162
85.0,2.541375,2.78725,0.000322405162
85.0,2.541,2.78675,0.000322405162
85.0,2.540875,2.786,0.000322405162
85.0,2.541625,2.785875,0.000322405162
85.0,2.541625,2.786,0.000322405162
85.0,2.541625,2.786125,0.000322405162
85.0,2.542125,2.785875,0.000322405162
85.0,2.54175,2.7855,0.000322405162
85.0,2.541125,2.785875,0.000322405162
85.0,2.540625,2.7865,0.000322405162
85.0,2.5405,2.7865,0.000322405162
85.0,2.54075,2.786875,0.000322405162
85.0,2.54025,2.78675,0.000322405162
85.0,2.54,2.78675,0.000322405162
85.0,2.540125,2.78725,0.000322405162
85.0,2.540125,2.7875,0.000322405162
85.0,2.540375,2.7875,0.000322405162
85.0,2.540875,2.787125,0.000322405162
85.0,2.541,2.786375,0.000322405162
85.0,2.541125,2.785875,0.000322405162
85.0,2.54125,2.786125,0.000322405162
85.0,2.54125,2.78625,0.000322405162
85.0,2.542,2.78625,0.000322405162
85.0,2.542,2.78575,0.000322405162
85.0,2.541375,2.78575,0.000322405162
85.0,2.54025,2.786375,0.000322405162
85.0,2.540125,2.78625,0.000322405162
85.0,2.540375,2.786375,0.000322405162
85.0,2.540875,2.78675,0.000322405162
85.0,2.541,2.78675,0.000322405162
85.0,2.5405,2.78675,0.000322405162
85.0,2.54075,2.78725,0.000322405162
85.0,2.54075,2.78725,0.000322405162
85.0,2.541125,2.78725,0.000322405162
85.0,2.54075,2.78675,0.000322405162
85.0,2.541,2.786125,0.000322405162
85.0,2.541625,2.78575,0.000322405162
85.0,2.5415,2.786,0.000322405162
85.0,2.5415,2.786125,0.000322405162
85.0,2.542125,2.786125,0.000322405162
85.0,2.54225,2.785375,0.000322405162
85.0,2.542,2.785375,0.000322405162
85.0,2.540625,2.786125,0.000322405162
85.0,2.540375,2.786,0.000322405162
85.0,2.540875,2.786,0.000322405162
85.0,2.541125,2.786625,0.000322405162
85.0,2.540625,2.786625,0.000322405162
85.0,2.540375,2.78675,0.000322405162
85.0,2.540375,2.78675,0.000322405162
85.0,2.54075,2.787375,0.000322405162
85.0,2.541,2.7875,0.000322405162
85.0,2.54075,2.786875,0.000322405162
85.0,2.5415,2.786125,0.000322405162
85.0,2.5415,2.785875,0.000322405162
85.0,2.5415,2.786,0.000322405162
85.0,2.541875,2.786125,0.000322405162
85.0,2.542,2.78575,0.000322405162
85.0,2.5415,2.78575,0.000322405162
85.0,2.541125,2.786125,0.000322405162
85.0,2.540625,2.786375,0.000322405162
85.0,2.54075,2.78625,0.000322405162
85.0,2.541,2.7865,0.000322405162
85.0,2.540875,2.786875,0.000322405162
85.0,2.540875,2.786875,0.000322405162
85.0,2.540875,2.786875,0.000322405162
85.0,2.540875,2.787125,0.000322405162
85.0,2.540875,2.7875,0.000322405162
85.0,2.540875,2.787375,0.000322405162
85.0,2.540875,2.7865,0.000322405162
85.0,2.541,2.786,0.000322405162
85.0,2.54125,2.786,0.000322405162
85.0,2.540875,2.78625,0.000322405162
85.0,2.54175,2.786125,0.000322405162
85.0,2.542,2.785625,0.000322405162
85.0,2.5415,2.7855,0.000322405162
85.0,2.541125,2.786,0.000322405162
85.0,2.540875,2.786125,0.000322405162
85.0,2.54075,2.786,0.000322405162
85.0,2.541125,2.786625,0.000322405162
85.0,2.541125,2.78675,0.000322405162
85.0,2.541125,2.78675,0.000322405162
85.0,2.540625,2.78675,0.000322405162
85.0,2.540375,2.78725,0.000322405162
85.0,2.541,2.7875,0.000322405162
85.0,2.541125,2.78725,0.000322405162
85.0,2.541375,2.78625,0.000322405162
85.0,2.541625,2.78575,0.000322405162
85.0,2.5415,2.786,0.000322405162
85.0,2.542,2.786125,0.000322405162
85.0,2.542375,2.786,0.000322405162
85.0,2.542,2.785625,0.000322405162
85.0,2.541375,2.785625,0.000322405162
85.0,2.5405,2.78625,0.000322405162
85.0,2.54075,2.786125,0.000322405162
85.0,2.540875,2.786125,0.000322405162
85.0,2.540875,2.78675,0.000322405162
85.0,2.540875,2.78675,0.000322405162
85.0,2.540625,2.78675,0.000322405162
85.0,2.540125,2.787,0.000322405162
85.0,2.541,2.787375,0.000322405162
85.0,2.5415,2.787125,0.000322405162
85.0,2.541125,2.78675,0.000322405162
85.0,2.54125,2.786,0.000322405162
85.0,2.541375,2.78575,0.000322405162
85.0,2.54125,2.786,0.000322405162
85.0,2.54175,2.78625,0.000322405162
85.0,2.5415,2.785625,0.000322405162
85.0,2.541875,2.785375,0.000322405162
85.0,2.541375,2.785875,0.000322405162
85.0,2.5405,2.78625,0.000322405162
85.0,2.5405,2.786125,0.000322405162
85.0,2.540625,2.786375,0.000322405162
85.0,2.540625,2.786625,0.000322405162
85.0,2.540625,2.786625,0.000322405162
85.0,2.540125,2.786625,0.000322405162
85.0,2.54,2.786875,0.000322405162
85.0,2.540375,2.7875,0.000322405162
85.0,2.540875,2.78725,0.000322405162
85.0,2.540625,2.786625,0.000322405162
85.0,2.541125,2.786125,0.000322405162
85.0,2.541625,2.786,0.000322405162
85.0,2.541125,2.786125,0.000322405162
85.0,2.5415,2.78625,0.000322405162
85.0,2.541875,2.78575,0.000322405162
85.0,2.541375,2.78575,0.000322405162
85.0,2.54075,2.786125,0.000322405162
85.0,2.5405,2.78625,0.000322405162
85.0,2.54075,2.78625,0.000322405162
85.0,2.54075,2.78675,0.000322405162
85.0,2.54075,2.78675,0.000322405162
85.0,2.540625,2.78675,0.000322405162
85.0,2.5405,2.78675,0.000322405162
85.0,2.5405,2.787375,0.000322405162
85.0,2.54075,2.7875,0.000322405162
85.0,2.541,2.787125,0.000322405162
85.0,2.541125,2.7865,0.000322405162
85.0,2.5415,2.786,0.000322405162
85.0,2.541,2.786125,0.000322405162
85.0,2.541125,2.78625,0.000322405162
85.0,2.542125,2.786125,0.000322405162
85.0,2.542125,2.785625,0.000322405162
85.0,2.541375,2.785625,0.000322405162
85.0,2.54075,2.78625,0.000322405162
85.0,2.5405,2.78625,0.000322405162
86.0,2.491125,2.81025,0.000322365464
86.0,2.491,2.809875,0.000322365464
86.0,2.49,2.810625,0.000322365464
86.0,2.4895,2.81075,0.000322365464
86.0,2.489875,2.8105,0.000322365464
86.0,2.49025,2.811,0.000322365464
86.0,2.489875,2.811125,0.000322365464
86.0,2.489125,2.811125,0.000322365464
86.0,2.489125,2.811125,0.000322365464
86.0,2.489375,2.81175,0.000322365464
86.0,2.490375,2.812,0.000322365464
86.0,2.49,2.811875,0.000322365464
86.0,2.49025,2.811125,0.000322365464
86.0,2.490875,2.810625,0.000322365464
86.0,2.490625,2.81075,0.000322365464
86.0,2.4905,2.810875,0.000322365464
86.0,2.491125,2.810625,0.000322365464
86.0,2.491125,2.810125,0.000322365464
86.0,2.491,2.810125,0.000322365464
86.0,2.49025,2.81075,0.000322365464
86.0,2.48975,2.810875,0.000322365464
86.0,2.489875,2.810875,0.000322365464
86.0,2.490125,2.81125,0.000322365464
86.0,2.49,2.81125,0.000322365464
86.0,2.489625,2.811375,0.000322365464
86.0,2.489625,2.811375,0.000322365464
86.0,2.489875,2.811875,0.000322365464
86.0,2.4905,2.812125,0.000322365464
86.0,2.4905,2.81175,0.000322365464
86.0,2.490625,2.81075,0.000322365464
86.0,2.490625,2.81025,0.000322365464
86.0,2.490625,2.810625,0.000322365464
86.0,2.490875,2.810625,0.000322365464
86.0,2.491125,2.810375,0.000322365464
86.0,2.490875,2.81,0.000322365464
86.0,2.49025,2.81025,0.000322365464
86.0,2.48975,2.81075,0.000322365464
86.0,2.489875,2.810625,0.000322365464
86.0,2.489875,2.811,0.000322365464
86.0,2.489875,2.811375,0.000322365464
86.0,2.489875,2.81125,0.000322365464
86.0,2.489875,2.81125,0.000322365464
86.0,2.49,2.811375,0.000322365464
86.0,2.4905,2.81175,0.000322365464
86.0,2.490375,2.81175,0.000322365464
86.0,2.49025,2.811125,0.000322365464
86.0,2.490375,2.8105,0.000322365464
86.0,2.4905,2.8105,0.000322365464
86.0,2.490375,2.81075,0.000322365464
86.0,2.49075,2.81075,0.000322365464
86.0,2.491625,2.81025,0.000322365464
86.0,2.491125,2.80975,0.000322365464
86.0,2.490375,2.810375,0.000322365464
86.0,2.489375,2.81075,0.000322365464
86.0,2.4895,2.810625,0.000322365464
86.0,2.489875,2.811125,0.000322365464
86.0,2.48975,2.81125,0.000322365464
86.0,2.48975,2.81125,0.000322365464
86.0,2.489375,2.811125,0.000322365464
86.0,2.489375,2.81175,0.000322365464
86.0,2.4905,2.81225,0.000322365464
86.0,2.4905,2.81175,0.000322365464
86.0,2.490125,2.810875,0.000322365464
86.0,2.490375,2.81025,0.000322365464
86.0,2.4905,2.8105,0.000322365464
86.0,2.490125,2.810625,0.000322365464
86.0,2.490625,2.810625,0.000322365464
86.0,2.49125,2.810125,0.000322365464
86.0,2.49075,2.81,0.000322365464
86.0,2.49025,2.8105,0.000322365464
86.0,2.489875,2.810625,0.000322365464
86.0,2.490125,2.810625,0.000322365464
86.0,2.4905,2.811125,0.000322365464
86.0,2.4905,2.811125,0.000322365464
86.0,2.490125,2.81125,0.000322365464
86.0,2.48925,2.8115,0.000322365464
86.0,2.48975,2.811875,0.000322365464
86.0,2.49,2.811875,0.000322365464
86.0,2.490125,2.81125,0.000322365464
86.0,2.4905,2.81075,0.000322365464
86.0,2.49075,2.810375,0.000322365464
86.0,2.4905,2.810625,0.000322365464
86.0,2.490625,2.81075,0.000322365464
86.0,2.491375,2.810625,0.000322365464
86.0,2.491375,2.81025,0.000322365464
86.0,2.490625,2.81025,0.000322365464
86.0,2.489625,2.810875,0.000322365464
86.0,2.489875,2.81075,0.000322365464
86.0,2.490125,2.81075,0.000322365464
86.0,2.490125,2.81075,0.000322365464
86.0,2.49025,2.811125,0.000322365464
86.0,2.489625,2.811125,0.000322365464
86.0,2.4895,2.811375,0.000322365464
86.0,2.49,2.812,0.000322365464
86.0,2.4905,2.81175,0.000322365464
86.0,2.4905,2.81125,0.000322365464
86.0,2.49075,2.8105,0.000322365464
86.0,2.490875,2.81025,0.000322365464
86.0,2.491,2.810625,0.000322365464
86.0,2.491,2.81075,0.000322365464
86.0,2.491125,2.810125,0.000322365464
86.0,2.491125,2.809875,0.000322365464
86.0,2.49075,2.81025,0.000322365464
86.0,2.489875,2.810625,0.000322365464
86.0,2.489625,2.81075,0.000322365464
86.0,2.489625,2.81075,0.000322365464
86.0,2.49,2.811,0.000322365464
86.0,2.490125,2.811125,0.000322365464
86.0,2.48975,2.811125,0.000322365464
86.0,2.489875,2.811375,0.000322365464
86.0,2.490375,2.81175,0.000322365464
86.0,2.49025,2.811375,0.000322365464
86.0,2.49,2.811125,0.000322365464
86.0,2.4905,2.8105,0.000322365464
86.0,2.490625,2.810625,0.000322365464
86.0,2.4905,2.81075,0.000322365464
86.0,2.491125,2.8105,0.000322365464
86.0,2.49125,2.81025,0.000322365464
86.0,2.49075,2.81,0.000322365464
86.0,2.490125,2.810625,0.000322365464
86.0,2.489375,2.810875,0.000322365464
86.0,2.489625,2.810875,0.000322365464
86.0,2.489625,2.81075,0.000322365464
86.0,2.489875,2.81125,0.000322365464
86.0,2.48975,2.81125,0.000322365464
86.0,2.489875,2.81125,0.000322365464
86.0,2.49025,2.81175,0.000322365464
86.0,2.4905,2.812,0.000322365464
86.0,2.4905,2.81125,0.000322365464
86.0,2.4905,2.810625,0.000322365464
86.0,2.490875,2.81025,0.000322365464
86.0,2.4905,2.8105,0.000322365464
86.0,2.49075,2.81075,0.000322365464
86.0,2.491125,2.8105,0.000322365464
86.0,2.491,2.81025,0.000322365464
86.0,2.490625,2.81025,0.000322365464
86.0,2.49,2.8105,0.000322365464
86.0,2.49025,2.81075,0.000322365464
86.0,2.49025,2.81075,0.000322365464
86.0,2.490375,2.81075,0.000322365464
86.0,2.49025,2.811,0.000322365464
86.0,2.490125,2.810875,0.000322365464
86.0,2.4895,2.811375,0.000322365464
86.0,2.49,2.811875,0.000322365464
86.0,2.490125,2.81175,0.000322365464
86.0,2.49,2.811125,0.000322365464
86.0,2.4905,2.810125,0.000322365464
86.0,2.490875,2.81025,0.000322365464
86.0,2.4905,2.81075,0.000322365464
86.0,2.4905,2.810875,0.000322365464
86.0,2.491125,2.8105,0.000322365464
86.0,2.491,2.81,0.000322365464
86.0,2.49,2.81025,0.000322365464
86.0,2.489625,2.810875,0.000322365464
86.0,2.489625,2.810875,0.000322365464
86.0,2.48975,2.810875,0.000322365464
86.0,2.49025,2.811,0.000322365464
86.0,2.49025,2.811,0.000322365464
86.0,2.49,2.811125,0.000322365464
86.0,2.489875,2.811625,0.000322365464
86.0,2.4905,2.812,0.000322365464
86.0,2.490375,2.81175,0.000322365464
86.0,2.49,2.810875,0.000322365464
86.0,2.49025,2.8105,0.000322365464
86.0,2.490625,2.81025,0.000322365464
86.0,2.49025,2.810625,0.000322365464
86.0,2.49125,2.810625,0.000322365464
86.0,2.491375,2.810375,0.000322365464
86.0,2.491,2.810125,0.000322365464
87.0,2.438625,2.8335,0.000322253007
87.0,2.43825,2.8335,0.000322253007
87.0,2.43825,2.833875,0.000322253007
87.0,2.43875,2.83425,0.000322253007
87.0,2.438875,2.834,0.000322253007
87.0,2.438875,2.83325,0.000322253007
87.0,2.439125,2.832625,0.000322253007
87.0,2.439,2.83275,0.000322253007
87.0,2.439,2.83275,0.000322253007
87.0,2.439375,2.833125,0.000322253007
87.0,2.43975,2.833,0.000322253007
87.0,2.43975,2.832625,0.000322253007
87.0,2.439375,2.832625,0.000322253007
87.0,2.438875,2.833375,0.000322253007
87.0,2.43825,2.8335,0.000322253007
87.0,2.43875,2.83325,0.000322253007
87.0,2.43875,2.8335,0.000322253007
87.0,2.4385,2.8335,0.000322253007
87.0,2.438375,2.833625,0.000322253007
87.0,2.438625,2.83425,0.000322253007
87.0,2.439,2.834375,0.000322253007
87.0,2.439,2.833875,0.000322253007
87.0,2.439125,2.832875,0.000322253007
87.0,2.4395,2.8325,0.000322253007
87.0,2.4395,2.832875,0.000322253007
87.0,2.43925,2.832875,0.000322253007
87.0,2.4395,2.833,0.000322253007
87.0,2.44,2.83275,0.000322253007
87.0,2.43975,2.832375,0.000322253007
87.0,2.43925,2.832625,0.000322253007
87.0,2.438875,2.832875,0.000322253007
87.0,2.43875,2.832875,0.000322253007
87.0,2.438875,2.83325,0.000322253007
87.0,2.439125,2.8335,0.000322253007
87.0,2.43875,2.8335,0.000322253007
87.0,2.438125,2.83375,0.000322253007
87.0,2.438625,2.83425,0.000322253007
87.0,2.439125,2.834,0.000322253007
87.0,2.438875,2.8335,0.000322253007
87.0,2.438875,2.83275,0.000322253007
87.0,2.438875,2.832625,0.000322253007
87.0,2.439125,2.832625,0.000322253007
87.0,2.43925,2.832875,0.000322253007
87.0,2.43975,2.833,0.000322253007
87.0,2.44025,2.83275,0.000322253007
87.0,2.44,2.8325,0.000322253007
87.0,2.4395,2.832625,0.000322253007
87.0,2.439,2.833,0.000322253007
87.0,2.439125,2.833125,0.000322253007
87.0,2.439375,2.83325,0.000322253007
87.0,2.43925,2.83325,0.000322253007
87.0,2.439,2.8335,0.000322253007
87.0,2.438875,2.833875,0.000322253007
87.0,2.439625,2.83425,0.000322253007
87.0,2.439125,2.834,0.000322253007
87.0,2.438875,2.8335,0.000322253007
87.0,2.43925,2.832875,0.000322253007
87.0,2.43925,2.832875,0.000322253007
87.0,2.43925,2.832875,0.000322253007
87.0,2.43925,2.833125,0.000322253007
87.0,2.43975,2.832875,0.000322253007
87.0,2.440125,2.8325,0.000322253007
87.0,2.44,2.83225,0.000322253007
87.0,2.439625,2.833,0.000322253007
87.0,2.439,2.83325,0.000322253007
87.0,2.438875,2.83325,0.000322253007
87.0,2.438875,2.8335,0.000322253007
87.0,2.43875,2.8335,0.000322253007
87.0,2.438375,2.833625,0.000322253007
87.0,2.43825,2.83425,0.000322253007
87.0,2.438625,2.83425,0.000322253007
87.0,2.439,2.83375,0.000322253007
87.0,2.43925,2.833125,0.000322253007
87.0,2.43925,2.833125,0.000322253007
87.0,2.43975,2.832875,0.000322253007
87.0,2.4395,2.832875,0.000322253007
87.0,2.4395,2.832875,0.000322253007
87.0,2.440125,2.832625,0.000322253007
87.0,2.440125,2.832375,0.000322253007
87.0,2.43975,2.832375,0.000322253007
87.0,2.4385,2.832875,0.000322253007
87.0,2.438125,2.833125,0.000322253007
87.0,2.438625,2.833,0.000322253007
87.0,2.439,2.833375,0.000322253007
87.0,2.438625,2.833375,0.000322253007
87.0,2.438375,2.8335,0.000322253007
87.0,2.439,2.834,0.000322253007
87.0,2.43975,2.834,0.000322253007
87.0,2.439375,2.833375,0.000322253007
87.0,2.439375,2.833375,0.000322253007
87.0,2.439625,2.8325,0.000322253007
87.0,2.4395,2.8325,0.000322253007
87.0,2.439375,2.832875,0.000322253007
87.0,2.439625,2.833,0.000322253007
87.0,2.43975,2.832625,0.000322253007
87.0,2.4395,2.83225,0.000322253007
87.0,2.439125,2.832625,0.000322253007
87.0,2.438875,2.832875,0.000322253007
87.0,2.438875,2.832875,0.000322253007
87.0,2.438875,2.83325,0.000322253007
87.0,2.43875,2.833375,0.000322253007
87.0,2.438375,2.833375,0.000322253007
87.0,2.43825,2.83375,0.000322253007
87.0,2.438875,2.834125,0.000322253007
87.0,2.43925,2.83375,0.000322253007
87.0,2.43925,2.83375,0.000322253007
87.0,2.439375,2.83325,0.000322253007
87.0,2.4395,2.8325,0.000322253007
87.0,2.439125,2.83275,0.000322253007
87.0,2.439125,2.833,0.000322253007
87.0,2.43975,2.833,0.000322253007
87.0,2.439875,2.83275,0.000322253007
87.0,2.43975,2.8325,0.000322253007
87.0,2.439,2.832875,0.000322253007
87.0,2.438375,2.83325,0.000322253007
87.0,2.438375,2.833125,0.000322253007
87.0,2.43875,2.833375,0.000322253007
87.0,2.4385,2.833625,0.000322253007
87.0,2.438125,2.833625,0.000322253007
87.0,2.43825,2.834,0.000322253007
87.0,2.438625,2.834125,0.000322253007
87.0,2.438625,2.833875,0.000322253007
87.0,2.438875,2.833875,0.000322253007
87.0,2.438875,2.833125,0.000322253007
87.0,2.439125,2.832625,0.000322253007
87.0,2.439,2.832875,0.000322253007
87.0,2.439375,2.832875,0.000322253007
87.0,2.43975,2.83275,0.000322253007
87.0,2.43975,2.83225,0.000322253007
87.0,2.4395,2.832375,0.000322253007
87.0,2.438875,2.83325,0.000322253007
87.0,2.438375,2.833125,0.000322253007
87.0,2.439,2.833,0.000322253007
87.0,2.43925,2.833125,0.000322253007
87.0,2.4385,2.83325,0.000322253007
87.0,2.43825,2.833625,0.000322253007
87.0,2.43875,2.834,0.000322253007
87.0,2.43875,2.83425,0.000322253007
87.0,2.439125,2.83425,0.000322253007
87.0,2.439,2.83375,0.000322253007
87.0,2.438875,2.833,0.000322253007
87.0,2.439125,2.8325,0.000322253007
87.0,2.438875,2.83275,0.000322253007
87.0,2.43925,2.83275,0.000322253007
87.0,2.439625,2.83275,0.000322253007
87.0,2.43975,2.83225,0.000322253007
87.0,2.439125,2.8325,0.000322253007
87.0,2.43875,2.832875,0.000322253007
87.0,2.43875,2.832875,0.000322253007
87.0,2.438625,2.833125,0.000322253007
87.0,2.438625,2.8335,0.000322253007
87.0,2.438125,2.833375,0.000322253007
87.0,2.4385,2.8335,0.000322253007
87.0,2.439125,2.834,0.000322253007
87.0,2.439125,2.834,0.000322253007
87.0,2.439375,2.834,0.000322253007
87.0,2.438875,2.83325,0.000322253007
87.0,2.43925,2.8325,0.000322253007
87.0,2.43975,2.8325,0.000322253007
87.0,2.43925,2.83275,0.000322253007
87.0,2.439625,2.832875,0.000322253007
87.0,2.43975,2.832375,0.000322253007
87.0,2.439625,2.832125,0.000322253007
87.0,2.439,2.832875,0.000322253007
87.0,2.438625,2.833125,0.000322253007
87.0,2.438375,2.832875,0.000322253007
87.0,2.438875,2.833125,0.000322253007
87.0,2.439,2.8335,0.000322253007
87.0,2.438625,2.8335,0.000322253007
88.0,2.38725,2.85375,0.000322286069
88.0,2.386875,2.85375,0.000322286069
88.0,2.386375,2.854,0.000322286069
88.0,2.3865,2.8545,0.000322286069
88.0,2.387125,2.854375,0.000322286069
88.0,2.38675,2.853875,0.000322286069
88.0,2.38725,2.853125,0.000322286069
88.0,2.387625,2.852875,0.000322286069
88.0,2.387625,2.852875,0.000322286069
88.0,2.387625,2.85325,0.000322286069
88.0,2.38775,2.85325,0.000322286069
88.0,2.388,2.853,0.000322286069
88.0,2.38775,2.852625,0.000322286069
88.0,2.387125,2.853,0.000322286069
88.0,2.38675,2.853625,0.000322286069
88.0,2.386875,2.8535,0.000322286069
88.0,2.386625,2.853625,0.000322286069
88.0,2.386875,2.853625,0.000322286069
88.0,2.3865,2.8535,0.000322286069
88.0,2.386625,2.854125,0.000322286069
88.0,2.387375,2.8545,0.000322286069
88.0,2.3875,2.854375,0.000322286069
88.0,2.387375,2.85375,0.000322286069
88.0,2.3875,2.853,0.000322286069
88.0,2.387625,2.853,0.000322286069
88.0,2.387625,2.853,0.000322286069
88.0,2.38775,2.85325,0.000322286069
88.0,2.388625,2.85325,0.000322286069
88.0,2.3885,2.852625,0.000322286069
88.0,2.388125,2.8525,0.000322286069
88.0,2.387375,2.853,0.000322286069
88.0,2.38725,2.853375,0.000322286069
88.0,2.387375,2.85325,0.000322286069
88.0,2.3875,2.85375,0.000322286069
88.0,2.386875,2.85375,0.000322286069
88.0,2.3865,2.85375,0.000322286069
88.0,2.38675,2.85425,0.000322286069
88.0,2.387125,2.8545,0.000322286069
88.0,2.3875,2.854,0.000322286069
88.0,2.38775,2.853,0.000322286069
88.0,2.387875,2.85275,0.000322286069
88.0,2.387875,2.85275,0.000322286069
88.0,2.388,2.853125,0.000322286069
88.0,2.388125,2.85325,0.000322286069
88.0,2.38825,2.853125,0.000322286069
88.0,2.388375,2.852625,0.000322286069
88.0,2.388125,2.852625,0.000322286069
88.0,2.3875,2.8535,0.000322286069
88.0,2.387125,2.8535,0.000322286069
88.0,2.38725,2.853375,0.000322286069
88.0,2.38725,2.853875,0.000322286069
88.0,2.387,2.853875,0.000322286069
88.0,2.386625,2.854125,0.000322286069
88.0,2.38675,2.8545,0.000322286069
88.0,2.387375,2.8545,0.000322286069
88.0,2.38725,2.853875,0.000322286069
88.0,2.3875,2.853125,0.000322286069
88.0,2.3875,2.853125,0.000322286069
88.0,2.38775,2.852625,0.000322286069
88.0,2.387625,2.853125,0.000322286069
88.0,2.388125,2.853375,0.000322286069
88.0,2.388625,2.853,0.000322286069
88.0,2.388125,2.8525,0.000322286069
88.0,2.387625,2.853,0.000322286069
88.0,2.387,2.853625,0.000322286069
88.0,2.386625,2.853375,0.000322286069
88.0,2.387,2.853625,0.000322286069
88.0,2.38725,2.854,0.000322286069
88.0,2.387125,2.853625,0.000322286069
88.0,2.387125,2.854125,0.000322286069
88.0,2.38725,2.854625,0.000322286069
88.0,2.3875,2.854375,0.000322286069
88.0,2.38725,2.853875,0.000322286069
88.0,2.38725,2.853875,0.000322286069
88.0,2.387625,2.852875,0.000322286069
88.0,2.387875,2.852875,0.000322286069
88.0,2.387875,2.85325,0.000322286069
88.0,2.38825,2.85325,0.000322286069
88.0,2.388625,2.852875,0.000322286069
88.0,2.388,2.852625,0.000322286069
88.0,2.387375,2.853,0.000322286069
88.0,2.387,2.853125,0.000322286069
88.0,2.387375,2.853125,0.000322286069
88.0,2.3875,2.853625,0.000322286069
88.0,2.387625,2.85375,0.000322286069
88.0,2.387125,2.854,0.000322286069
88.0,2.387375,2.8545,0.000322286069
88.0,2.387875,2.854625,0.000322286069
88.0,2.387875,2.853875,0.000322286069
88.0,2.387875,2.853875,0.000322286069
88.0,2.387875,2.853125,0.000322286069
88.0,2.387875,2.852875,0.000322286069
88.0,2.38775,2.853125,0.000322286069
88.0,2.388,2.853,0.000322286069
88.0,2.38825,2.852875,0.000322286069
88.0,2.388375,2.8525,0.000322286069
88.0,2.387875,2.852625,0.000322286069
88.0,2.38725,2.85325,0.000322286069
88.0,2.387125,2.853375,0.000322286069
88.0,2.387375,2.853375,0.000322286069
88.0,2.387875,2.853625,0.000322286069
88.0,2.38725,2.85375,0.000322286069
88.0,2.3865,2.854,0.000322286069
88.0,2.387,2.8545,0.000322286069
88.0,2.3875,2.854375,0.000322286069
88.0,2.3875,2.854375,0.000322286069
88.0,2.387625,2.853875,0.000322286069
88.0,2.387375,2.853125,0.000322286069
88.0,2.38725,2.852625,0.000322286069
88.0,2.387625,2.853,0.000322286069
88.0,2.3885,2.85325,0.000322286069
88.0,2.388625,2.852875,0.000322286069
88.0,2.388375,2.852375,0.000322286069
88.0,2.387625,2.85275,0.000322286069
88.0,2.387125,2.853375,0.000322286069
88.0,2.387125,2.85325,0.000322286069
88.0,2.387,2.8535,0.000322286069
88.0,2.387375,2.85375,0.000322286069
88.0,2.38675,2.85375,0.000322286069
88.0,2.3865,2.854,0.000322286069
88.0,2.387125,2.854375,0.000322286069
88.0,2.387625,2.854375,0.000322286069
88.0,2.387625,2.854375,0.000322286069
88.0,2.387375,2.8535,0.000322286069
88.0,2.387375,2.852875,0.000322286069
88.0,2.38775,2.852875,0.000322286069
88.0,2.387875,2.85325,0.000322286069
88.0,2.38825,2.853125,0.000322286069
88.0,2.388375,2.85275,0.000322286069
88.0,2.38825,2.8525,0.000322286069
88.0,2.38775,2.85325,0.000322286069
88.0,2.387,2.8535,0.000322286069
88.0,2.386625,2.853,0.000322286069
88.0,2.387,2.85325,0.000322286069
88.0,2.387125,2.85375,0.000322286069
88.0,2.386625,2.853875,0.000322286069
88.0,2.38675,2.85425,0.000322286069
88.0,2.387375,2.8545,0.000322286069
88.0,2.387375,2.8545,0.000322286069
88.0,2.387375,2.85425,0.000322286069
88.0,2.387375,2.8535,0.000322286069
88.0,2.387625,2.852625,0.000322286069
88.0,2.387125,2.853,0.000322286069
88.0,2.387125,2.85325,0.000322286069
88.0,2.3875,2.853,0.000322286069
88.0,2.387875,2.852625,0.000322286069
88.0,2.38775,2.85275,0.000322286069
88.0,2.387,2.853375,0.000322286069
88.0,2.386875,2.8535,0.000322286069
88.0,2.387125,2.853375,0.000322286069
88.0,2.387625,2.85375,0.000322286069
88.0,2.387375,2.853875,0.000322286069
88.0,2.387,2.854,0.000322286069
88.0,2.387375,2.854375,0.000322286069
88.0,2.387375,2.854375,0.000322286069
88.0,2.387625,2.854375,0.000322286069
88.0,2.3875,2.85375,0.000322286069
88.0,2.387875,2.85325,0.000322286069
88.0,2.387625,2.85275,0.000322286069
88.0,2.3875,2.852875,0.000322286069
88.0,2.387625,2.85325,0.000322286069
88.0,2.3885,2.852875,0.000322286069
88.0,2.3885,2.8525,0.000322286069
88.0,2.387875,2.853,0.000322286069
88.0,2.38725,2.8535,0.000322286069
88.0,2.386875,2.853125,0.000322286069
88.0,2.387,2.853375,0.000322286069
88.0,2.387375,2.853625,0.000322286069
88.0,2.387125,2.853625,0.000322286069
89.0,2.334875,2.872875,0.000322173495
89.0,2.334875,2.872125,0.000322173495
89.0,2.3355,2.87175,0.000322173495
89.0,2.3355,2.87225,0.000322173495
89.0,2.3355,2.87225,0.000322173495
89.0,2.33575,2.871875,0.000322173495
89.0,2.3355,2.871375,0.000322173495
89.0,2.335,2.871875,0.000322173495
89.0,2.335,2.871875,0.000322173495
89.0,2.33475,2.872375,0.000322173495
89.0,2.334625,2.872125,0.000322173495
89.0,2.33475,2.872375,0.000322173495
89.0,2.33475,2.872625,0.000322173495
89.0,2.334625,2.87275,0.000322173495
89.0,2.334375,2.872875,0.000322173495
89.0,2.334625,2.8735,0.000322173495
89.0,2.33475,2.8735,0.000322173495
89.0,2.334625,2.87275,0.000322173495
89.0,2.335,2.872,0.000322173495
89.0,2.335125,2.872,0.000322173495
89.0,2.335125,2.87225,0.000322173495
89.0,2.335625,2.8725,0.000322173495
89.0,2.335875,2.872,0.000322173495
89.0,2.335125,2.871625,0.000322173495
89.0,2.334625,2.871625,0.000322173495
89.0,2.334625,2.87225,0.000322173495
89.0,2.334375,2.87275,0.000322173495
89.0,2.334625,2.872375,0.000322173495
89.0,2.334625,2.8725,0.000322173495
89.0,2.334375,2.872625,0.000322173495
89.0,2.334375,2.87275,0.000322173495
89.0,2.3345,2.87325,0.000322173495
89.0,2.334875,2.8735,0.000322173495
89.0,2.335,2.87325,0.000322173495
89.0,2.334625,2.8725,0.000322173495
89.0,2.335125,2.87225,0.000322173495
89.0,2.334875,2.87225,0.000322173495
89.0,2.335125,2.87225,0.000322173495
89.0,2.33575,2.87225,0.000322173495
89.0,2.3355,2.87175,0.000322173495
89.0,2.335125,2.871375,0.000322173495
89.0,2.335125,2.871375,0.000322173495
89.0,2.334375,2.872,0.000322173495
89.0,2.334375,2.8725,0.000322173495
89.0,2.334875,2.872375,0.000322173495
89.0,2.33475,2.872625,0.000322173495
89.0,2.334375,2.87275,0.000322173495
89.0,2.334125,2.872875,0.000322173495
89.0,2.334375,2.8735,0.000322173495
89.0,2.335375,2.8735,0.000322173495
89.0,2.33525,2.873,0.000322173495
89.0,2.334625,2.87225,0.000322173495
89.0,2.335125,2.87175,0.000322173495
89.0,2.335125,2.872125,0.000322173495
89.0,2.335375,2.872125,0.000322173495
89.0,2.335875,2.87225,0.000322173495
89.0,2.335875,2.871875,0.000322173495
89.0,2.335875,2.871875,0.000322173495
89.0,2.33475,2.871875,0.000322173495
89.0,2.334125,2.872375,0.000322173495
89.0,2.334375,2.87225,0.000322173495
89.0,2.3345,2.872375,0.000322173495
89.0,2.334375,2.87275,0.000322173495
89.0,2.334125,2.87275,0.000322173495
89.0,2.334375,2.873,0.000322173495
89.0,2.334875,2.873375,0.000322173495
89.0,2.335,2.8735,0.000322173495
89.0,2.335,2.87275,0.000322173495
89.0,2.33475,2.872,0.000322173495
89.0,2.335125,2.872,0.000322173495
89.0,2.335125,2.87225,0.000322173495
89.0,2.335625,2.872375,0.000322173495
89.0,2.33575,2.872,0.000322173495
89.0,2.33575,2.872,0.000322173495
89.0,2.335,2.87175,0.000322173495
89.0,2.33475,2.87225,0.000322173495
89.0,2.334375,2.872625,0.000322173495
89.0,2.33475,2.8725,0.000322173495
89.0,2.33475,2.87275,0.000322173495
89.0,2.334875,2.873,0.000322173495
89.0,2.334125,2.873,0.000322173495
89.0,2.334125,2.87325,0.000322173495
89.0,2.334375,2.873375,0.000322173495
89.0,2.334625,2.87325,0.000322173495
89.0,2.3345,2.8725,0.000322173495
89.0,2.335,2.872,0.000322173495
89.0,2.334875,2.872,0.000322173495
89.0,2.335,2.872375,0.000322173495
89.0,2.335625,2.87225,0.000322173495
89.0,2.335625,2.87225,0.000322173495
89.0,2.3355,2.872,0.000322173495
89.0,2.335375,2.871875,0.000322173495
89.0,2.334875,2.872375,0.000322173495
89.0,2.334625,2.872625,0.000322173495
89.0,2.334625,2.872375,0.000322173495
89.0,2.334875,2.87275,0.000322173495
89.0,2.334625,2.872875,0.000322173495
89.0,2.334375,2.873,0.000322173495
89.0,2.334625,2.873375,0.000322173495
89.0,2.33525,2.8735,0.000322173495
89.0,2.334875,2.87325,0.000322173495
89.0,2.335,2.872375,0.000322173495
89.0,2.335,2.87175,0.000322173495
89.0,2.335125,2.87175,0.000322173495
89.0,2.33525,2.872125,0.000322173495
89.0,2.33525,2.872125,0.000322173495
89.0,2.33575,2.87225,0.000322173495
89.0,2.336125,2.8715,0.000322173495
89.0,2.335625,2.871625,0.000322173495
89.0,2.33425,2.87225,0.000322173495
89.0,2.334125,2.8725,0.000322173495
89.0,2.334625,2.8725,0.000322173495
89.0,2.334625,2.872625,0.000322173495
89.0,2.334625,2.87275,0.000322173495
89.0,2.334625,2.873,0.000322173495
89.0,2.334875,2.873375,0.000322173495
89.0,2.335125,2.873375,0.000322173495
89.0,2.335,2.87275,0.000322173495
89.0,2.334875,2.872,0.000322173495
89.0,2.335125,2.87175,0.000322173495
89.0,2.334625,2.872125,0.000322173495
89.0,2.334875,2.872125,0.000322173495
89.0,2.334875,2.872375,0.000322173495
89.0,2.335625,2.872125,0.000322173495
89.0,2.335375,2.871625,0.000322173495
89.0,2.335,2.871875,0.000322173495
89.0,2.33425,2.87225,0.000322173495
89.0,2.334125,2.872375,0.000322173495
89.0,2.3345,2.872625,0.000322173495
89.0,2.3345,2.87275,0.000322173495
89.0,2.334375,2.87275,0.000322173495
89.0,2.3345,2.873125,0.000322173495
89.0,2.33475,2.8735,0.000322173495
89.0,2.335125,2.87325,0.000322173495
89.0,2.335,2.872625,0.000322173495
89.0,2.334875,2.872,0.000322173495
89.0,2.334625,2.871875,0.000322173495
89.0,2.334875,2.87225,0.000322173495
89.0,2.334875,2.87225,0.000322173495
89.0,2.33525,2.87225,0.000322173495
89.0,2.336,2.87175,0.000322173495
89.0,2.3355,2.871375,0.000322173495
89.0,2.33475,2.872,0.000322173495
89.0,2.334375,2.8725,0.000322173495
89.0,2.334375,2.872375,0.000322173495
89.0,2.334625,2.872625,0.000322173495
89.0,2.3345,2.87275,0.000322173495
89.0,2.333875,2.872625,0.000322173495
89.0,2.334,2.87325,0.000322173495
89.0,2.334875,2.8735,0.000322173495
89.0,2.334875,2.872875,0.000322173495
89.0,2.334875,2.87225,0.000322173495
89.0,2.335,2.87175,0.000322173495
89.0,2.33475,2.871875,0.000322173495
89.0,2.33475,2.871875,0.000322173495
89.0,2.334875,2.872,0.000322173495
89.0,2.33575,2.872,0.000322173495
89.0,2.335875,2.871625,0.000322173495
89.0,2.335125,2.87175,0.000322173495
89.0,2.33425,2.87225,0.000322173495
89.0,2.334625,2.87225,0.000322173495
89.0,2.33475,2.87225,0.000322173495
89.0,2.334875,2.87275,0.000322173495
89.0,2.334625,2.8725,0.000322173495
89.0,2.334375,2.87275,0.000322173495
89.0,2.334875,2.873625,0.000322173495
89.0,2.33525,2.873375,0.000322173495
89.0,2.33475,2.872625,0.000322173495
89.0,2.334625,2.872,0.000322173495
90.0,2.28175,2.88975,0.000322282402
90.0,2.282125,2.88975,0.000322282402
90.0,2.282375,2.8895,0.000322282402
90.0,2.2825,2.888875,0.000322282402
90.0,2.281625,2.8895,0.000322282402
90.0,2.280875,2.89025,0.000322282402
90.0,2.281,2.89,0.000322282402
90.0,2.281375,2.890125,0.000322282402
90.0,2.281375,2.890125,0.000322282402
90.0,2.28125,2.89025,0.000322282402
90.0,2.28125,2.89025,0.000322282402
90.0,2.281375,2.890625,0.000322282402
90.0,2.281875,2.891125,0.000322282402
90.0,2.28175,2.89075,0.000322282402
90.0,2.281875,2.89,0.000322282402
90.0,2.282125,2.889375,0.000322282402
90.0,2.2815,2.889625,0.000322282402
90.0,2.281375,2.89,0.000322282402
90.0,2.282125,2.889875,0.000322282402
90.0,2.28225,2.88925,0.000322282402
90.0,2.28225,2.88925,0.000322282402
90.0,2.28175,2.889875,0.000322282402
90.0,2.28125,2.889875,0.000322282402
90.0,2.28125,2.889875,0.000322282402
90.0,2.2815,2.889875,0.000322282402
90.0,2.2815,2.89025,0.000322282402
90.0,2.2815,2.890375,0.000322282402
90.0,2.281,2.890375,0.000322282402
90.0,2.28125,2.89075,0.000322282402
90.0,2.281875,2.891,0.000322282402
90.0,2.281375,2.890625,0.000322282402
90.0,2.2815,2.889875,0.000322282402
90.0,2.281875,2.889625,0.000322282402
90.0,2.28175,2.88975,0.000322282402
90.0,2.281875,2.89,0.000322282402
90.0,2.28175,2.889875,0.000322282402
90.0,2.282125,2.88925,0.000322282402
90.0,2.281625,2.889625,0.000322282402
90.0,2.280625,2.890125,0.000322282402
90.0,2.281,2.889875,0.000322282402
90.0,2.28125,2.890125,0.000322282402
90.0,2.28125,2.890125,0.000322282402
90.0,2.2815,2.89025,0.000322282402
90.0,2.281125,2.89025,0.000322282402
90.0,2.280875,2.89075,0.000322282402
90.0,2.2815,2.8915,0.000322282402
90.0,2.281625,2.8915,0.000322282402
90.0,2.281625,2.890875,0.000322282402
90.0,2.281875,2.889875,0.000322282402
90.0,2.282,2.8895,0.000322282402
90.0,2.2815,2.89,0.000322282402
90.0,2.28175,2.890125,0.000322282402
90.0,2.28225,2.889625,0.000322282402
90.0,2.282125,2.889375,0.000322282402
90.0,2.281625,2.88975,0.000322282402
90.0,2.28125,2.89025,0.000322282402
90.0,2.2815,2.890125,0.000322282402
90.0,2.2815,2.890125,0.000322282402
90.0,2.2815,2.890375,0.000322282402
90.0,2.281,2.8905,0.000322282402
90.0,2.280875,2.890375,0.000322282402
90.0,2.28125,2.890875,0.000322282402
90.0,2.281875,2.89125,0.000322282402
90.0,2.282125,2.890875,0.000322282402
90.0,2.281875,2.890375,0.000322282402
90.0,2.281875,2.8895,0.000322282402
90.0,2.281875,2.88975,0.000322282402
90.0,2.281625,2.890125,0.000322282402
90.0,2.282,2.889875,0.000322282402
90.0,2.281875,2.889375,0.000322282402
90.0,2.281875,2.88925,0.000322282402
90.0,2.281125,2.88975,0.000322282402
90.0,2.280625,2.89,0.000322282402
90.0,2.280625,2.89,0.000322282402
90.0,2.280875,2.889875,0.000322282402
90.0,2.28125,2.890375,0.000322282402
90.0,2.281375,2.8905,0.000322282402
90.0,2.280875,2.890625,0.000322282402
90.0,2.28125,2.891125,0.000322282402
90.0,2.28175,2.891125,0.000322282402
90.0,2.281625,2.890625,0.000322282402
90.0,2.28175,2.89,0.000322282402
90.0,2.282,2.8895,0.000322282402
90.0,2.282,2.889875,0.000322282402
90.0,2.28175,2.890125,0.000322282402
90.0,2.28225,2.89,0.000322282402
90.0,2.28225,2.8895,0.000322282402
90.0,2.282125,2.88975,0.000322282402
90.0,2.28125,2.89025,0.000322282402
90.0,2.28125,2.89025,0.000322282402
90.0,2.281375,2.89025,0.000322282402
90.0,2.28125,2.890375,0.000322282402
90.0,2.281375,2.8905,0.000322282402
90.0,2.28125,2.890625,0.000322282402
90.0,2.281125,2.89075,0.000322282402
90.0,2.2815,2.891125,0.000322282402
90.0,2.281625,2.891125,0.000322282402
90.0,2.2815,2.8905,0.000322282402
90.0,2.2815,2.89,0.000322282402
90.0,2.281875,2.88975,0.000322282402
90.0,2.28175,2.889875,0.000322282402
90.0,2.281625,2.890125,0.000322282402
90.0,2.282125,2.88975,0.000322282402
90.0,2.28225,2.88925,0.000322282402
90.0,2.282,2.88975,0.000322282402
90.0,2.282,2.88975,0.000322282402
90.0,2.28125,2.890125,0.000322282402
90.0,2.281125,2.889875,0.000322282402
90.0,2.281375,2.89025,0.000322282402
90.0,2.28175,2.8905,0.000322282402
90.0,2.281625,2.8905,0.000322282402
90.0,2.281625,2.89075,0.000322282402
90.0,2.281625,2.891125,0.000322282402
90.0,2.281625,2.891,0.000322282402
90.0,2.281375,2.890375,0.000322282402
90.0,2.282,2.889625,0.000322282402
90.0,2.282,2.88975,0.000322282402
90.0,2.28175,2.889875,0.000322282402
90.0,2.28225,2.889875,0.000322282402
90.0,2.282375,2.889375,0.000322282402
90.0,2.282,2.889125,0.000322282402
90.0,2.282,2.889125,0.000322282402
90.0,2.281625,2.88975,0.000322282402
90.0,2.281375,2.890125,0.000322282402
90.0,2.281125,2.889875,0.000322282402
90.0,2.281125,2.890375,0.000322282402
90.0,2.281,2.890375,0.000322282402
90.0,2.280875,2.8905,0.000322282402
90.0,2.281,2.891125,0.000322282402
90.0,2.281625,2.89125,0.000322282402
90.0,2.28175,2.890875,0.000322282402
90.0,2.28175,2.889875,0.000322282402
90.0,2.282125,2.889625,0.000322282402
90.0,2.281875,2.88975,0.000322282402
90.0,2.281625,2.88975,0.000322282402
90.0,2.282,2.889625,0.000322282402
90.0,2.282,2.889375,0.000322282402
90.0,2.28175,2.889625,0.000322282402
90.0,2.28175,2.889625,0.000322282402
90.0,2.280875,2.890125,0.000322282402
90.0,2.28075,2.89025,0.000322282402
90.0,2.281,2.89,0.000322282402
90.0,2.28125,2.890375,0.000322282402
90.0,2.2815,2.890375,0.000322282402
90.0,2.281375,2.8905,0.000322282402
90.0,2.281,2.891125,0.000322282402
90.0,2.281125,2.891,0.000322282402
90.0,2.28125,2.8905,0.000322282402
90.0,2.281625,2.88975,0.000322282402
90.0,2.281625,2.889375,0.000322282402
90.0,2.281125,2.8895,0.000322282402
90.0,2.282,2.889625,0.000322282402
90.0,2.28225,2.8895,0.000322282402
90.0,2.282125,2.88925,0.000322282402
90.0,2.282125,2.88925,0.000322282402
90.0,2.281375,2.889625,0.000322282402
90.0,2.28075,2.889875,0.000322282402
90.0,2.280875,2.88975,0.000322282402
90.0,2.28125,2.889875,0.000322282402
90.0,2.281625,2.89025,0.000322282402
90.0,2.28125,2.89025,0.000322282402
90.0,2.280875,2.89075,0.000322282402
90.0,2.2815,2.891125,0.000322282402
90.0,2.282,2.891,0.000322282402
90.0,2.281625,2.8905,0.000322282402
90.0,2.28175,2.889625,0.000322282402
90.0,2.281875,2.8895,0.000322282402
90.0,2.28175,2.889875,0.000322282402
90.0,2.2825,2.89,0.000322282402
91.0,2.22775,2.906625,0.000322317093
91.0,2.228125,2.906375,0.000322317093
91.0,2.228125,2.90575,0.000322317093
91.0,2.2275,2.90625,0.000322317093
91.0,2.22675,2.906875,0.000322317093
91.0,2.226625,2.906625,0.000322317093
91.0,2.227,2.906875,0.000322317093
91.0,2.22675,2.907125,0.000322317093
91.0,2.22675,2.907125,0.000322317093
91.0,2.226375,2.907125,0.000322317093
91.0,2.2265,2.907375,0.000322317093
91.0,2.227125,2.908,0.000322317093
91.0,2.22725,2.907875,0.000322317093
91.0,2.227375,2.907,0.000322317093
91.0,2.22775,2.906375,0.000322317093
91.0,2.2275,2.906375,0.000322317093
91.0,2.227625,2.90675,0.000322317093
91.0,2.228375,2.9065,0.000322317093
91.0,2.228625,2.906,0.000322317093
91.0,2.22825,2.906,0.000322317093
91.0,2.227625,2.9065,0.000322317093
91.0,2.227125,2.90675,0.000322317093
91.0,2.22725,2.906625,0.000322317093
91.0,2.22775,2.907125,0.000322317093
91.0,2.227125,2.907125,0.000322317093
91.0,2.227125,2.907125,0.000322317093
91.0,2.22675,2.907375,0.000322317093
91.0,2.226875,2.90775,0.000322317093
91.0,2.22725,2.90775,0.000322317093
91.0,2.227125,2.90725,0.000322317093
91.0,2.227625,2.906625,0.000322317093
91.0,2.227625,2.906125,0.000322317093
91.0,2.227625,2.906375,0.000322317093
91.0,2.228,2.906625,0.000322317093
91.0,2.2285,2.9065,0.000322317093
91.0,2.228125,2.906125,0.000322317093
91.0,2.22775,2.906125,0.000322317093
91.0,2.227625,2.90675,0.000322317093
91.0,2.227125,2.90675,0.000322317093
91.0,2.22725,2.906875,0.000322317093
91.0,2.2275,2.907,0.000322317093
91.0,2.2275,2.907,0.000322317093
91.0,2.227125,2.907,0.000322317093
91.0,2.226875,2.90725,0.000322317093
91.0,2.226875,2.907625,0.000322317093
91.0,2.227125,2.907625,0.000322317093
91.0,2.227375,2.907125,0.000322317093
91.0,2.2275,2.906375,0.000322317093
91.0,2.227625,2.906125,0.000322317093
91.0,2.227625,2.9065,0.000322317093
91.0,2.227875,2.906625,0.000322317093
91.0,2.2285,2.90625,0.000322317093
91.0,2.228125,2.905875,0.000322317093
91.0,2.227375,2.906375,0.000322317093
91.0,2.22675,2.907125,0.000322317093
91.0,2.227125,2.906875,0.000322317093
91.0,2.227125,2.907,0.000322317093
91.0,2.227125,2.907,0.000322317093
91.0,2.227375,2.907375,0.000322317093
91.0,2.227375,2.9075,0.000322317093
91.0,2.227,2.90775,0.000322317093
91.0,2.227625,2.908125,0.000322317093
91.0,2.227625,2.907625,0.000322317093
91.0,2.227125,2.907125,0.000322317093
91.0,2.227375,2.906625,0.000322317093
91.0,2.2275,2.906625,0.000322317093
91.0,2.227625,2.90675,0.000322317093
91.0,2.228,2.90675,0.000322317093
91.0,2.227875,2.906375,0.000322317093
91.0,2.227625,2.906125,0.000322317093
91.0,2.227125,2.906875,0.000322317093
91.0,2.22725,2.907125,0.000322317093
91.0,2.22725,2.906875,0.000322317093
91.0,2.22725,2.906875,0.000322317093
91.0,2.22725,2.907,0.000322317093
91.0,2.22725,2.90725,0.000322317093
91.0,2.22675,2.907375,0.000322317093
91.0,2.227,2.908,0.000322317093
91.0,2.227125,2.908125,0.000322317093
91.0,2.2275,2.9075,0.000322317093
91.0,2.22775,2.906625,0.000322317093
91.0,2.228,2.906375,0.000322317093
91.0,2.228,2.906625,0.000322317093
91.0,2.228,2.906875,0.000322317093
91.0,2.2285,2.906375,0.000322317093
91.0,2.22825,2.906125,0.000322317093
91.0,2.22775,2.90625,0.000322317093
91.0,2.227,2.906875,0.000322317093
91.0,2.227125,2.907,0.000322317093
91.0,2.227125,2.907,0.000322317093
91.0,2.2275,2.906875,0.000322317093
91.0,2.227375,2.907,0.000322317093
91.0,2.227125,2.90725,0.000322317093
91.0,2.226625,2.9075,0.000322317093
91.0,2.227,2.908,0.000322317093
91.0,2.227375,2.908125,0.000322317093
91.0,2.227375,2.907625,0.000322317093
91.0,2.227625,2.906875,0.000322317093
91.0,2.228,2.9065,0.000322317093
91.0,2.22775,2.906625,0.000322317093
91.0,2.22825,2.906875,0.000322317093
91.0,2.22875,2.9065,0.000322317093
91.0,2.228375,2.90625,0.000322317093
91.0,2.227875,2.906375,0.000322317093
91.0,2.227125,2.906875,0.000322317093
91.0,2.227125,2.906875,0.000322317093
91.0,2.2275,2.90675,0.000322317093
91.0,2.22775,2.907,0.000322317093
91.0,2.22775,2.90725,0.000322317093
91.0,2.227125,2.90725,0.000322317093
91.0,2.226875,2.90775,0.000322317093
91.0,2.2275,2.90825,0.000322317093
91.0,2.228,2.907875,0.000322317093
91.0,2.228,2.90725,0.000322317093
91.0,2.227625,2.9065,0.000322317093
91.0,2.227375,2.9065,0.000322317093
91.0,2.227625,2.906875,0.000322317093
91.0,2.228,2.906875,0.000322317093
91.0,2.228125,2.9065,0.000322317093
91.0,2.228125,2.90625,0.000322317093
91.0,2.2275,2.906875,0.000322317093
91.0,2.2275,2.906875,0.000322317093
91.0,2.227,2.907125,0.000322317093
91.0,2.227,2.906875,0.000322317093
91.0,2.227125,2.90725,0.000322317093
91.0,2.227125,2.9075,0.000322317093
91.0,2.22675,2.9075,0.000322317093
91.0,2.226875,2.907875,0.000322317093
91.0,2.227625,2.90825,0.000322317093
91.0,2.22775,2.90775,0.000322317093
91.0,2.227625,2.907125,0.000322317093
91.0,2.228375,2.9065,0.000322317093
91.0,2.227875,2.90675,0.000322317093
91.0,2.227625,2.907,0.000322317093
91.0,2.228125,2.906875,0.000322317093
91.0,2.2285,2.906375,0.000322317093
91.0,2.22775,2.906375,0.000322317093
91.0,2.227375,2.906375,0.000322317093
91.0,2.227375,2.907,0.000322317093
91.0,2.227,2.907125,0.000322317093
91.0,2.227125,2.907125,0.000322317093
91.0,2.2275,2.907375,0.000322317093
91.0,2.227375,2.907375,0.000322317093
91.0,2.227,2.9075,0.000322317093
91.0,2.227375,2.908125,0.000322317093
91.0,2.2275,2.908125,0.000322317093
91.0,2.227125,2.907625,0.000322317093
91.0,2.227375,2.90675,0.000322317093
91.0,2.2275,2.9065,0.000322317093
91.0,2.2275,2.906875,0.000322317093
91.0,2.22775,2.907125,0.000322317093
91.0,2.228125,2.906875,0.000322317093
91.0,2.22825,2.90625,0.000322317093
91.0,2.227625,2.9065,0.000322317093
91.0,2.227625,2.9065,0.000322317093
91.0,2.22725,2.907,0.000322317093
91.0,2.227375,2.906875,0.000322317093
91.0,2.227375,2.90725,0.000322317093
91.0,2.22775,2.9075,0.000322317093
91.0,2.227125,2.907375,0.000322317093
91.0,2.22725,2.907875,0.000322317093
91.0,2.2275,2.90825,0.000322317093
91.0,2.2275,2.907875,0.000322317093
91.0,2.227375,2.907125,0.000322317093
91.0,2.2275,2.9065,0.000322317093
91.0,2.22725,2.9065,0.000322317093
91.0,2.227375,2.906625,0.000322317093
91.0,2.22775,2.90675,0.000322317093
91.0,2.228125,2.9065,0.000322317093
92.0,2.172625,2.921875,0.000322305132
92.0,2.172375,2.922125,0.000322305132
92.0,2.172125,2.92225,0.000322305132
92.0,2.1725,2.923,0.000322305132
92.0,2.173,2.922875,0.000322305132
92.0,2.173,2.922,0.000322305132
92.0,2.17275,2.921375,0.000322305132
92.0,2.172625,2.92125,0.000322305132
92.0,2.172625,2.92125,0.000322305132
92.0,2.17275,2.9215,0.000322305132
92.0,2.173375,2.921625,0.000322305132
92.0,2.173625,2.921375,0.000322305132
92.0,2.1735,2.921125,0.000322305132
92.0,2.173,2.921375,0.000322305132
92.0,2.172125,2.922,0.000322305132
92.0,2.1725,2.921875,0.000322305132
92.0,2.173,2.922,0.000322305132
92.0,2.173,2.922125,0.000322305132
92.0,2.172375,2.922,0.000322305132
92.0,2.172125,2.9225,0.000322305132
92.0,2.1725,2.923,0.000322305132
92.0,2.173125,2.92275,0.000322305132
92.0,2.173,2.922125,0.000322305132
92.0,2.17325,2.92125,0.000322305132
92.0,2.17325,2.92125,0.000322305132
92.0,2.17325,2.921375,0.000322305132
92.0,2.17325,2.921625,0.000322305132
92.0,2.173375,2.92175,0.000322305132
92.0,2.1735,2.92125,0.000322305132
92.0,2.173375,2.920875,0.000322305132
92.0,2.172625,2.921625,0.000322305132
92.0,2.172375,2.921875,0.000322305132
92.0,2.172,2.921625,0.000322305132
92.0,2.172375,2.921875,0.000322305132
92.0,2.172625,2.922125,0.000322305132
92.0,2.172625,2.92225,0.000322305132
92.0,2.17225,2.922625,0.000322305132
92.0,2.1725,2.923,0.000322305132
92.0,2.172625,2.9225,0.000322305132
92.0,2.172625,2.921625,0.000322305132
92.0,2.172625,2.921,0.000322305132
92.0,2.172625,2.921,0.000322305132
92.0,2.172375,2.92125,0.000322305132
92.0,2.17275,2.921625,0.000322305132
92.0,2.17325,2.921375,0.000322305132
92.0,2.17325,2.921,0.000322305132
92.0,2.17325,2.920875,0.000322305132
92.0,2.17275,2.921625,0.000322305132
92.0,2.172625,2.921625,0.000322305132
92.0,2.172875,2.9215,0.000322305132
92.0,2.172875,2.921875,0.000322305132
92.0,2.1725,2.922,0.000322305132
92.0,2.17225,2.92225,0.000322305132
92.0,2.17225,2.92275,0.000322305132
92.0,2.172625,2.922875,0.000322305132
92.0,2.17225,2.92225,0.000322305132
92.0,2.172625,2.921,0.000322305132
92.0,2.172625,2.921,0.000322305132
92.0,2.173125,2.92075,0.000322305132
92.0,2.17275,2.92125,0.000322305132
92.0,2.173,2.9215,0.000322305132
92.0,2.1735,2.921375,0.000322305132
92.0,2.17325,2.920875,0.000322305132
92.0,2.17275,2.921,0.000322305132
92.0,2.172125,2.921625,0.000322305132
92.0,2.172375,2.921375,0.000322305132
92.0,2.17275,2.921625,0.000322305132
92.0,2.172625,2.922125,0.000322305132
92.0,2.1725,2.92225,0.000322305132
92.0,2.172,2.922625,0.000322305132
92.0,2.1725,2.923,0.000322305132
92.0,2.172625,2.922875,0.000322305132
92.0,2.17225,2.922375,0.000322305132
92.0,2.17225,2.922375,0.000322305132
92.0,2.172625,2.921375,0.000322305132
92.0,2.173125,2.921375,0.000322305132
92.0,2.173125,2.9215,0.000322305132
92.0,2.173,2.9215,0.000322305132
92.0,2.173125,2.921125,0.000322305132
92.0,2.1725,2.920875,0.000322305132
92.0,2.17225,2.92125,0.000322305132
92.0,2.172125,2.921625,0.000322305132
92.0,2.17225,2.92125,0.000322305132
92.0,2.172375,2.9215,0.000322305132
92.0,2.17225,2.921875,0.000322305132
92.0,2.17175,2.922,0.000322305132
92.0,2.17175,2.92225,0.000322305132
92.0,2.172625,2.92275,0.000322305132
92.0,2.173,2.922375,0.000322305132
92.0,2.173,2.922375,0.000322305132
92.0,2.172875,2.92175,0.000322305132
92.0,2.173,2.92125,0.000322305132
92.0,2.173125,2.92125,0.000322305132
92.0,2.173125,2.9215,0.000322305132
92.0,2.17325,2.921375,0.000322305132
92.0,2.172875,2.92075,0.000322305132
92.0,2.17275,2.921,0.000322305132
92.0,2.17225,2.9215,0.000322305132
92.0,2.172,2.92175,0.000322305132
92.0,2.172375,2.92175,0.000322305132
92.0,2.172375,2.922,0.000322305132
92.0,2.172375,2.922125,0.000322305132
92.0,2.172,2.922125,0.000322305132
92.0,2.1725,2.922625,0.000322305132
92.0,2.172625,2.92275,0.000322305132
92.0,2.172625,2.92275,0.000322305132
92.0,2.17275,2.92225,0.000322305132
92.0,2.17275,2.921375,0.000322305132
92.0,2.172875,2.921125,0.000322305132
92.0,2.172625,2.921125,0.000322305132
92.0,2.173,2.921375,0.000322305132
92.0,2.17325,2.921125,0.000322305132
92.0,2.173125,2.92075,0.000322305132
92.0,2.172875,2.921,0.000322305132
92.0,2.172125,2.922,0.000322305132
92.0,2.17225,2.921625,0.000322305132
92.0,2.17225,2.921875,0.000322305132
92.0,2.172375,2.922125,0.000322305132
92.0,2.172125,2.922125,0.000322305132
92.0,2.172,2.92225,0.000322305132
92.0,2.172625,2.922875,0.000322305132
92.0,2.173,2.922875,0.000322305132
92.0,2.173,2.922625,0.000322305132
92.0,2.172875,2.922,0.000322305132
92.0,2.172875,2.92125,0.000322305132
92.0,2.172625,2.9215,0.000322305132
92.0,2.1725,2.921625,0.000322305132
92.0,2.172875,2.9215,0.000322305132
92.0,2.17325,2.92125,0.000322305132
92.0,2.17325,2.921,0.000322305132
92.0,2.173,2.9215,0.000322305132
92.0,2.172125,2.92175,0.000322305132
92.0,2.172125,2.921625,0.000322305132
92.0,2.1725,2.922125,0.000322305132
92.0,2.17275,2.922125,0.000322305132
92.0,2.172375,2.922,0.000322305132
92.0,2.172375,2.9225,0.000322305132
92.0,2.17275,2.922875,0.000322305132
92.0,2.17275,2.922875,0.000322305132
92.0,2.173125,2.9225,0.000322305132
92.0,2.173125,2.921875,0.000322305132
92.0,2.17325,2.921125,0.000322305132
92.0,2.173,2.921375,0.000322305132
92.0,2.172875,2.92175,0.000322305132
92.0,2.173125,2.921625,0.000322305132
92.0,2.173375,2.921,0.000322305132
92.0,2.17325,2.920875,0.000322305132
92.0,2.172875,2.9215,0.000322305132
92.0,2.172625,2.9215,0.000322305132
92.0,2.17275,2.9215,0.000322305132
92.0,2.17275,2.921875,0.000322305132
92.0,2.1725,2.922,0.000322305132
92.0,2.172375,2.922125,0.000322305132
92.0,2.172625,2.922625,0.000322305132
92.0,2.172625,2.922625,0.000322305132
92.0,2.172625,2.92275,0.000322305132
92.0,2.172625,2.9225,0.000322305132
92.0,2.173,2.921375,0.000322305132
92.0,2.173125,2.921,0.000322305132
92.0,2.172875,2.92125,0.000322305132
92.0,2.1735,2.9215,0.000322305132
92.0,2.1735,2.92125,0.000322305132
92.0,2.173375,2.92075,0.000322305132
92.0,2.1725,2.92125,0.000322305132
92.0,2.17225,2.921875,0.000322305132
92.0,2.1725,2.9215,0.000322305132
92.0,2.1725,2.921625,0.000322305132
92.0,2.17225,2.922,0.000322305132
92.0,2.171875,2.922125,0.000322305132
93.0,2.117875,2.933875,0.000322188367
93.0,2.118,2.933,0.000322188367
93.0,2.118,2.933125,0.000322188367
93.0,2.118,2.933375,0.000322188367
93.0,2.1185,2.9335,0.000322188367
93.0,2.11875,2.933,0.000322188367
93.0,2.11825,2.93275,0.000322188367
93.0,2.118125,2.933125,0.000322188367
93.0,2.118125,2.933125,0.000322188367
93.0,2.11775,2.9335,0.000322188367
93.0,2.117625,2.933375,0.000322188367
93.0,2.117875,2.933625,0.000322188367
93.0,2.117625,2.934,0.000322188367
93.0,2.117125,2.934125,0.000322188367
93.0,2.117125,2.934375,0.000322188367
93.0,2.1175,2.9345,0.000322188367
93.0,2.117875,2.934125,0.000322188367
93.0,2.1175,2.933375,0.000322188367
93.0,2.11825,2.93275,0.000322188367
93.0,2.11825,2.933125,0.000322188367
93.0,2.11825,2.933375,0.000322188367
93.0,2.11825,2.93325,0.000322188367
93.0,2.118125,2.932625,0.000322188367
93.0,2.118,2.932625,0.000322188367
93.0,2.11775,2.932625,0.000322188367
93.0,2.11775,2.933375,0.000322188367
93.0,2.117875,2.933375,0.000322188367
93.0,2.11775,2.93325,0.000322188367
93.0,2.11775,2.933625,0.000322188367
93.0,2.117875,2.93375,0.000322188367
93.0,2.117375,2.933875,0.000322188367
93.0,2.117625,2.9345,0.000322188367
93.0,2.118,2.934625,0.000322188367
93.0,2.118375,2.934125,0.000322188367
93.0,2.118125,2.933125,0.000322188367
93.0,2.117875,2.932875,0.000322188367
93.0,2.117625,2.933125,0.000322188367
93.0,2.118,2.933375,0.000322188367
93.0,2.118375,2.933125,0.000322188367
93.0,2.118625,2.932625,0.000322188367
93.0,2.11825,2.932625,0.000322188367
93.0,2.11825,2.932875,0.000322188367
93.0,2.11775,2.9335,0.000322188367
93.0,2.11775,2.933375,0.000322188367
93.0,2.117875,2.93375,0.000322188367
93.0,2.1175,2.933875,0.000322188367
93.0,2.1175,2.93375,0.000322188367
93.0,2.117375,2.934,0.000322188367
93.0,2.117875,2.934625,0.000322188367
93.0,2.118125,2.9345,0.000322188367
93.0,2.11825,2.9335,0.000322188367
93.0,2.118375,2.932875,0.000322188367
93.0,2.11825,2.932875,0.000322188367
93.0,2.118375,2.93325,0.000322188367
93.0,2.118625,2.93325,0.000322188367
93.0,2.11875,2.932875,0.000322188367
93.0,2.11825,2.932625,0.000322188367
93.0,2.11825,2.932625,0.000322188367
93.0,2.118,2.933,0.000322188367
93.0,2.117375,2.93325,0.000322188367
93.0,2.117125,2.93325,0.000322188367
93.0,2.117125,2.933375,0.000322188367
93.0,2.1175,2.933625,0.000322188367
93.0,2.117,2.933625,0.000322188367
93.0,2.117375,2.93425,0.000322188367
93.0,2.118,2.934625,0.000322188367
93.0,2.118125,2.93425,0.000322188367
93.0,2.117625,2.93375,0.000322188367
93.0,2.117875,2.933,0.000322188367
93.0,2.118125,2.933125,0.000322188367
93.0,2.118125,2.933375,0.000322188367
93.0,2.11875,2.93325,0.000322188367
93.0,2.118875,2.93275,0.000322188367
93.0,2.118875,2.93275,0.000322188367
93.0,2.11825,2.932625,0.000322188367
93.0,2.117625,2.933375,0.000322188367
93.0,2.117375,2.933375,0.000322188367
93.0,2.117375,2.93325,0.000322188367
93.0,2.1175,2.933625,0.000322188367
93.0,2.117375,2.933875,0.000322188367
93.0,2.117125,2.934,0.000322188367
93.0,2.117625,2.93475,0.000322188367
93.0,2.118,2.9345,0.000322188367
93.0,2.118,2.933875,0.000322188367
93.0,2.118,2.933,0.000322188367
93.0,2.118,2.932875,0.000322188367
93.0,2.117875,2.933,0.000322188367
93.0,2.118,2.93325,0.000322188367
93.0,2.118375,2.933,0.000322188367
93.0,2.118375,2.933,0.000322188367
93.0,2.118375,2.9325,0.000322188367
93.0,2.117875,2.93275,0.000322188367
93.0,2.11775,2.93325,0.000322188367
93.0,2.117625,2.933125,0.000322188367
93.0,2.117875,2.93325,0.000322188367
93.0,2.118,2.93375,0.000322188367
93.0,2.1175,2.93375,0.000322188367
93.0,2.1175,2.934,0.000322188367
93.0,2.118,2.934375,0.000322188367
93.0,2.11825,2.934375,0.000322188367
93.0,2.118,2.934,0.000322188367
93.0,2.11825,2.93325,0.000322188367
93.0,2.11825,2.932875,0.000322188367
93.0,2.11825,2.93325,0.000322188367
93.0,2.1185,2.93325,0.000322188367
93.0,2.1185,2.93325,0.000322188367
93.0,2.1185,2.932875,0.000322188367
93.0,2.118125,2.93275,0.000322188367
93.0,2.11775,2.933,0.000322188367
93.0,2.117125,2.933375,0.000322188367
93.0,2.117,2.933125,0.000322188367
93.0,2.11725,2.933375,0.000322188367
93.0,2.117625,2.93375,0.000322188367
93.0,2.117375,2.933875,0.000322188367
93.0,2.11725,2.93425,0.000322188367
93.0,2.118,2.9345,0.000322188367
93.0,2.11825,2.93425,0.000322188367
93.0,2.118,2.9335,0.000322188367
93.0,2.118,2.932875,0.000322188367
93.0,2.11825,2.933,0.000322188367
93.0,2.118375,2.933125,0.000322188367
93.0,2.118375,2.933125,0.000322188367
93.0,2.1185,2.933125,0.000322188367
93.0,2.118875,2.932625,0.000322188367
93.0,2.118375,2.9325,0.000322188367
93.0,2.11775,2.933125,0.000322188367
93.0,2.1175,2.933375,0.000322188367
93.0,2.117625,2.933375,0.000322188367
93.0,2.11775,2.9335,0.000322188367
93.0,2.117625,2.93375,0.000322188367
93.0,2.116875,2.933875,0.000322188367
93.0,2.117375,2.9345,0.000322188367
93.0,2.117875,2.934625,0.000322188367
93.0,2.117875,2.934,0.000322188367
93.0,2.117875,2.93325,0.000322188367
93.0,2.117875,2.932875,0.000322188367
93.0,2.118,2.932875,0.000322188367
93.0,2.11825,2.932875,0.000322188367
93.0,2.11825,2.933375,0.000322188367
93.0,2.119,2.933125,0.000322188367
93.0,2.118875,2.932625,0.000322188367
93.0,2.118125,2.932875,0.000322188367
93.0,2.117875,2.933375,0.000322188367
93.0,2.1175,2.933125,0.000322188367
93.0,2.118,2.93325,0.000322188367
93.0,2.118,2.933625,0.000322188367
93.0,2.1175,2.933625,0.000322188367
93.0,2.117125,2.93375,0.000322188367
93.0,2.117375,2.934375,0.000322188367
93.0,2.11775,2.934625,0.000322188367
93.0,2.11775,2.933875,0.000322188367
93.0,2.11775,2.933,0.000322188367
93.0,2.11825,2.93275,0.000322188367
93.0,2.118375,2.933125,0.000322188367
93.0,2.118375,2.933125,0.000322188367
93.0,2.118375,2.933375,0.000322188367
93.0,2.118625,2.933,0.000322188367
93.0,2.1185,2.932625,0.000322188367
93.0,2.118,2.932875,0.000322188367
93.0,2.1175,2.9335,0.000322188367
93.0,2.117875,2.93325,0.000322188367
93.0,2.118,2.933375,0.000322188367
93.0,2.118,2.93375,0.000322188367
93.0,2.117625,2.933625,0.000322188367
93.0,2.11725,2.934375,0.000322188367
93.0,2.117375,2.93475,0.000322188367
93.0,2.118125,2.9345,0.000322188367
93.0,2.118125,2.9335,0.000322188367
93.0,2.118375,2.93275,0.000322188367
94.0,2.061625,2.9435,0.000322186301
94.0,2.061875,2.943,0.000322186301
94.0,2.061625,2.94325,0.000322186301
94.0,2.06175,2.943625,0.000322186301
94.0,2.062,2.94325,0.000322186301
94.0,2.062,2.942875,0.000322186301
94.0,2.06175,2.94325,0.000322186301
94.0,2.061375,2.94375,0.000322186301
94.0,2.061375,2.94375,0.000322186301
94.0,2.061375,2.9435,0.000322186301
94.0,2.0615,2.943625,0.000322186301
94.0,2.06175,2.943875,0.000322186301
94.0,2.061375,2.944,0.000322186301
94.0,2.061,2.944375,0.000322186301
94.0,2.06125,2.944875,0.000322186301
94.0,2.06175,2.944875,0.000322186301
94.0,2.061375,2.944375,0.000322186301
94.0,2.0615,2.9435,0.000322186301
94.0,2.061875,2.94325,0.000322186301
94.0,2.0615,2.943625,0.000322186301
94.0,2.061625,2.943625,0.000322186301
94.0,2.062125,2.9435,0.000322186301
94.0,2.062125,2.943125,0.000322186301
94.0,2.0615,2.943625,0.000322186301
94.0,2.0615,2.944,0.000322186301
94.0,2.061,2.944,0.000322186301
94.0,2.060875,2.94375,0.000322186301
94.0,2.06125,2.943875,0.000322186301
94.0,2.061125,2.944125,0.000322186301
94.0,2.06075,2.944,0.000322186301
94.0,2.061,2.9445,0.000322186301
94.0,2.061375,2.944875,0.000322186301
94.0,2.0615,2.944625,0.000322186301
94.0,2.061625,2.943875,0.000322186301
94.0,2.062,2.94325,0.000322186301
94.0,2.0615,2.94325,0.000322186301
94.0,2.0615,2.943625,0.000322186301
94.0,2.062125,2.9435,0.000322186301
94.0,2.062625,2.943,0.000322186301
94.0,2.06175,2.943,0.000322186301
94.0,2.060625,2.9435,0.000322186301
94.0,2.060625,2.9435,0.000322186301
94.0,2.060375,2.94375,0.000322186301
94.0,2.061125,2.94375,0.000322186301
94.0,2.0615,2.944125,0.000322186301
94.0,2.06125,2.94425,0.000322186301
94.0,2.061125,2.944375,0.000322186301
94.0,2.061125,2.945,0.000322186301
94.0,2.061375,2.945125,0.000322186301
94.0,2.061625,2.9445,0.000322186301
94.0,2.06175,2.94375,0.000322186301
94.0,2.062125,2.9435,0.000322186301
94.0,2.061875,2.9435,0.000322186301
94.0,2.06175,2.943625,0.000322186301
94.0,2.06225,2.943375,0.000322186301
94.0,2.062125,2.943,0.000322186301
94.0,2.061375,2.943125,0.000322186301
94.0,2.061375,2.943125,0.000322186301
94.0,2.061,2.94375,0.000322186301
94.0,2.061125,2.94375,0.000322186301
94.0,2.06125,2.944,0.000322186301
94.0,2.061,2.944125,0.000322186301
94.0,2.061,2.944125,0.000322186301
94.0,2.060875,2.944375,0.000322186301
94.0,2.061,2.944875,0.000322186301
94.0,2.061625,2.945,0.000322186301
94.0,2.0615,2.9445,0.000322186301
94.0,2.061375,2.943625,0.000322186301
94.0,2.06175,2.943625,0.000322186301
94.0,2.06175,2.94375,0.000322186301
94.0,2.062,2.94375,0.000322186301
94.0,2.062375,2.9435,0.000322186301
94.0,2.062375,2.943125,0.000322186301
94.0,2.062375,2.943125,0.000322186301
94.0,2.06175,2.943375,0.000322186301
94.0,2.06075,2.944,0.000322186301
94.0,2.060875,2.943875,0.000322186301
94.0,2.06125,2.944125,0.000322186301
94.0,2.0615,2.9445,0.000322186301
94.0,2.06125,2.944375,0.000322186301
94.0,2.06125,2.94475,0.000322186301
94.0,2.061375,2.945125,0.000322186301
94.0,2.061625,2.944875,0.000322186301
94.0,2.0615,2.944,0.000322186301
94.0,2.06175,2.94325,0.000322186301
94.0,2.061875,2.9435,0.000322186301
94.0,2.061625,2.94375,0.000322186301
94.0,2.062,2.94375,0.000322186301
94.0,2.062,2.943375,0.000322186301
94.0,2.062,2.943375,0.000322186301
94.0,2.061875,2.943125,0.000322186301
94.0,2.061875,2.943625,0.000322186301
94.0,2.06125,2.944125,0.000322186301
94.0,2.060875,2.943875,0.000322186301
94.0,2.061125,2.944125,0.000322186301
94.0,2.061125,2.944375,0.000322186301
94.0,2.06075,2.944375,0.000322186301
94.0,2.060875,2.945,0.000322186301
94.0,2.061625,2.94525,0.000322186301
94.0,2.0615,2.94475,0.000322186301
94.0,2.0615,2.944,0.000322186301
94.0,2.061625,2.943375,0.000322186301
94.0,2.061875,2.943375,0.000322186301
94.0,2.06175,2.943625,0.000322186301
94.0,2.061625,2.943625,0.000322186301
94.0,2.061625,2.943625,0.000322186301
94.0,2.061625,2.943125,0.000322186301
94.0,2.061375,2.943125,0.000322186301
94.0,2.06075,2.94375,0.000322186301
94.0,2.060875,2.94375,0.000322186301
94.0,2.061125,2.944,0.000322186301
94.0,2.06125,2.9445,0.000322186301
94.0,2.06125,2.944375,0.000322186301
94.0,2.060875,2.944375,0.000322186301
94.0,2.061375,2.945125,0.000322186301
94.0,2.061375,2.94525,0.000322186301
94.0,2.06125,2.944625,0.000322186301
94.0,2.061375,2.94375,0.000322186301
94.0,2.061625,2.943375,0.000322186301
94.0,2.061625,2.943625,0.000322186301
94.0,2.061625,2.943875,0.000322186301
94.0,2.061625,2.9435,0.000322186301
94.0,2.062125,2.9435,0.000322186301
94.0,2.06175,2.943,0.000322186301
94.0,2.0615,2.943375,0.000322186301
94.0,2.0615,2.944125,0.000322186301
94.0,2.061,2.944125,0.000322186301
94.0,2.060875,2.944125,0.000322186301
94.0,2.061,2.9445,0.000322186301
94.0,2.060875,2.944375,0.000322186301
94.0,2.0605,2.944875,0.000322186301
94.0,2.061125,2.94525,0.000322186301
94.0,2.061125,2.944875,0.000322186301
94.0,2.06125,2.94425,0.000322186301
94.0,2.0615,2.943625,0.000322186301
94.0,2.06175,2.943875,0.000322186301
94.0,2.061625,2.944,0.000322186301
94.0,2.062,2.944,0.000322186301
94.0,2.062,2.944,0.000322186301
94.0,2.06175,2.9435,0.000322186301
94.0,2.06175,2.94325,0.000322186301
94.0,2.061625,2.943875,0.000322186301
94.0,2.061125,2.94425,0.000322186301
94.0,2.06125,2.944125,0.000322186301
94.0,2.0615,2.94425,0.000322186301
94.0,2.0615,2.9445,0.000322186301
94.0,2.061,2.944625,0.000322186301
94.0,2.061125,2.945,0.000322186301
94.0,2.06175,2.945125,0.000322186301
94.0,2.061375,2.94475,0.000322186301
94.0,2.061,2.94425,0.000322186301
94.0,2.06125,2.9435,0.000322186301
94.0,2.061625,2.94375,0.000322186301
94.0,2.062,2.944,0.000322186301
94.0,2.062,2.944,0.000322186301
94.0,2.0625,2.943875,0.000322186301
94.0,2.062,2.9435,0.000322186301
94.0,2.06175,2.943375,0.000322186301
94.0,2.06125,2.943875,0.000322186301
94.0,2.061,2.943875,0.000322186301
94.0,2.061375,2.944125,0.000322186301
94.0,2.06125,2.944375,0.000322186301
94.0,2.061125,2.9445,0.000322186301
94.0,2.060625,2.944375,0.000322186301
94.0,2.061,2.944875,0.000322186301
94.0,2.06125,2.945125,0.000322186301
94.0,2.061625,2.944375,0.000322186301
94.0,2.061625,2.943375,0.000322186301
94.0,2.06175,2.943375,0.000322186301
95.0,2.005625,2.953,0.000322231062
95.0,2.00575,2.953375,0.000322231062
95.0,2.006125,2.953375,0.000322231062
95.0,2.0065,2.953125,0.000322231062
95.0,2.0065,2.95275,0.000322231062
95.0,2.00575,2.953,0.000322231062
95.0,2.00475,2.9535,0.000322231062
95.0,2.004875,2.953375,0.000322231062
95.0,2.004875,2.953375,0.000322231062
95.0,2.005125,2.95375,0.000322231062
95.0,2.00525,2.953875,0.000322231062
95.0,2.00525,2.953875,0.000322231062
95.0,2.005125,2.95425,0.000322231062
95.0,2.00575,2.95475,0.000322231062
95.0,2.005875,2.954375,0.000322231062
95.0,2.0055,2.9535,0.000322231062
95.0,2.00525,2.952875,0.000322231062
95.0,2.0055,2.953,0.000322231062
95.0,2.005125,2.9535,0.000322231062
95.0,2.006,2.953375,0.000322231062
95.0,2.0065,2.952875,0.000322231062
95.0,2.006375,2.95275,0.000322231062
95.0,2.005625,2.9535,0.000322231062
95.0,2.00525,2.95375,0.000322231062
95.0,2.00525,2.95375,0.000322231062
95.0,2.00575,2.9535,0.000322231062
95.0,2.00525,2.953625,0.000322231062
95.0,2.004875,2.953875,0.000322231062
95.0,2.004875,2.95375,0.000322231062
95.0,2.005,2.954375,0.000322231062
95.0,2.005125,2.954375,0.000322231062
95.0,2.005375,2.954,0.000322231062
95.0,2.005375,2.953375,0.000322231062
95.0,2.006,2.952875,0.000322231062
95.0,2.005875,2.953125,0.000322231062
95.0,2.005875,2.95325,0.000322231062
95.0,2.00625,2.95325,0.000322231062
95.0,2.006,2.95275,0.000322231062
95.0,2.00575,2.952875,0.000322231062
95.0,2.0055,2.9535,0.000322231062
95.0,2.0055,2.9535,0.000322231062
95.0,2.005375,2.9535,0.000322231062
95.0,2.0055,2.953375,0.000322231062
95.0,2.005875,2.953875,0.000322231062
95.0,2.0055,2.953875,0.000322231062
95.0,2.00525,2.954125,0.000322231062
95.0,2.005625,2.954625,0.000322231062
95.0,2.0055,2.954625,0.000322231062
95.0,2.0055,2.953875,0.000322231062
95.0,2.005375,2.953125,0.000322231062
95.0,2.00575,2.953,0.000322231062
95.0,2.006,2.95325,0.000322231062
95.0,2.00625,2.953375,0.000322231062
95.0,2.0065,2.953,0.000322231062
95.0,2.0065,2.952625,0.000322231062
95.0,2.006,2.953,0.000322231062
95.0,2.005875,2.953375,0.000322231062
95.0,2.005875,2.953375,0.000322231062
95.0,2.00575,2.9535,0.000322231062
95.0,2.006,2.95375,0.000322231062
95.0,2.0055,2.953875,0.000322231062
95.0,2.00525,2.953875,0.000322231062
95.0,2.00525,2.95425,0.000322231062
95.0,2.005625,2.95475,0.000322231062
95.0,2.005625,2.9545,0.000322231062
95.0,2.00525,2.95375,0.000322231062
95.0,2.00575,2.953125,0.000322231062
95.0,2.005875,2.953125,0.000322231062
95.0,2.005625,2.953375,0.000322231062
95.0,2.005875,2.95325,0.000322231062
95.0,2.006,2.953,0.000322231062
95.0,2.006125,2.952625,0.000322231062
95.0,2.00575,2.953125,0.000322231062
95.0,2.00575,2.953125,0.000322231062
95.0,2.0055,2.953625,0.000322231062
95.0,2.005625,2.9535,0.000322231062
95.0,2.0055,2.953875,0.000322231062
95.0,2.0055,2.954,0.000322231062
95.0,2.005125,2.954,0.000322231062
95.0,2.005,2.954375,0.000322231062
95.0,2.005625,2.954625,0.000322231062
95.0,2.00575,2.954375,0.000322231062
95.0,2.00575,2.953625,0.000322231062
95.0,2.00575,2.953,0.000322231062
95.0,2.0055,2.95325,0.000322231062
95.0,2.005625,2.953375,0.000322231062
95.0,2.006,2.9535,0.000322231062
95.0,2.0065,2.953125,0.000322231062
95.0,2.006125,2.953,0.000322231062
95.0,2.006125,2.953,0.000322231062
95.0,2.005625,2.953625,0.000322231062
95.0,2.005125,2.953625,0.000322231062
95.0,2.005125,2.953625,0.000322231062
95.0,2.005125,2.954,0.000322231062
95.0,2.005125,2.954125,0.000322231062
95.0,2.005125,2.95425,0.000322231062
95.0,2.005125,2.95475,0.000322231062
95.0,2.006,2.95475,0.000322231062
95.0,2.005875,2.954125,0.000322231062
95.0,2.005625,2.9535,0.000322231062
95.0,2.00625,2.953125,0.000322231062
95.0,2.006125,2.953375,0.000322231062
95.0,2.005875,2.953375,0.000322231062
95.0,2.006,2.953125,0.000322231062
95.0,2.006,2.952875,0.000322231062
95.0,2.006,2.952875,0.000322231062
95.0,2.005625,2.953125,0.000322231062
95.0,2.005,2.953625,0.000322231062
95.0,2.005,2.95375,0.000322231062
95.0,2.005625,2.953875,0.000322231062
95.0,2.0055,2.954125,0.000322231062
95.0,2.00525,2.954125,0.000322231062
95.0,2.005,2.954375,0.000322231062
95.0,2.0055,2.954875,0.000322231062
95.0,2.00575,2.95475,0.000322231062
95.0,2.0055,2.954,0.000322231062
95.0,2.0055,2.95325,0.000322231062
95.0,2.005375,2.95325,0.000322231062
95.0,2.005625,2.9535,0.000322231062
95.0,2.006125,2.9535,0.000322231062
95.0,2.00625,2.95325,0.000322231062
95.0,2.00625,2.95325,0.000322231062
95.0,2.00625,2.952875,0.000322231062
95.0,2.005625,2.95325,0.000322231062
95.0,2.005375,2.953625,0.000322231062
95.0,2.005375,2.9535,0.000322231062
95.0,2.0055,2.954,0.000322231062
95.0,2.005875,2.954,0.000322231062
95.0,2.00525,2.954125,0.000322231062
95.0,2.005375,2.95475,0.000322231062
95.0,2.005625,2.955,0.000322231062
95.0,2.005375,2.9545,0.000322231062
95.0,2.00575,2.953625,0.000322231062
95.0,2.005875,2.953125,0.000322231062
95.0,2.005625,2.9535,0.000322231062
95.0,2.005875,2.953625,0.000322231062
95.0,2.00625,2.953625,0.000322231062
95.0,2.00625,2.95325,0.000322231062
95.0,2.006,2.95325,0.000322231062
95.0,2.005375,2.953,0.000322231062
95.0,2.005375,2.953625,0.000322231062
95.0,2.00525,2.953875,0.000322231062
95.0,2.0055,2.953875,0.000322231062
95.0,2.0055,2.95425,0.000322231062
95.0,2.005625,2.954375,0.000322231062
95.0,2.005375,2.9545,0.000322231062
95.0,2.0055,2.955,0.000322231062
95.0,2.0055,2.955,0.000322231062
95.0,2.0055,2.954625,0.000322231062
95.0,2.0055,2.95375,0.000322231062
95.0,2.00575,2.953125,0.000322231062
95.0,2.00575,2.953375,0.000322231062
95.0,2.006,2.953625,0.000322231062
95.0,2.006,2.953375,0.000322231062
95.0,2.006375,2.953375,0.000322231062
95.0,2.00625,2.953,0.000322231062
95.0,2.006125,2.95325,0.000322231062
95.0,2.00525,2.95375,0.000322231062
95.0,2.00525,2.95375,0.000322231062
95.0,2.0055,2.953875,0.000322231062
95.0,2.005375,2.954125,0.000322231062
95.0,2.00475,2.954125,0.000322231062
95.0,2.004875,2.954375,0.000322231062
95.0,2.005625,2.954875,0.000322231062
95.0,2.006,2.95475,0.000322231062
95.0,2.005875,2.954,0.000322231062
95.0,2.005625,2.95325,0.000322231062
95.0,2.005875,2.95325,0.000322231062
95.0,2.005875,2.953625,0.000322231062
96.0,1.948875,2.96125,0.000322208332
96.0,1.949,2.961125,0.000322208332
96.0,1.949,2.9615,0.000322208332
96.0,1.949625,2.9615,0.000322208332
96.0,1.949875,2.961,0.000322208332
96.0,1.94975,2.960625,0.000322208332
96.0,1.94925,2.96125,0.000322208332
96.0,1.948375,2.961625,0.000322208332
96.0,1.948375,2.961625,0.000322208332
96.0,1.9485,2.9615,0.000322208332
96.0,1.94875,2.961625,0.000322208332
96.0,1.94875,2.962125,0.000322208332
96.0,1.94825,2.962,0.000322208332
96.0,1.94825,2.9625,0.000322208332
96.0,1.9485,2.962875,0.000322208332
96.0,1.9485,2.962625,0.000322208332
96.0,1.94875,2.961875,0.000322208332
96.0,1.949,2.961125,0.000322208332
96.0,1.94875,2.96125,0.000322208332
96.0,1.94875,2.961625,0.000322208332
96.0,1.949,2.961375,0.000322208332
96.0,1.949625,2.960875,0.000322208332
96.0,1.9495,2.961,0.000322208332
96.0,1.94875,2.9615,0.000322208332
96.0,1.94875,2.9615,0.000322208332
96.0,1.948125,2.961625,0.000322208332
96.0,1.948375,2.96175,0.000322208332
96.0,1.948875,2.96225,0.000322208332
96.0,1.948875,2.96225,0.000322208332
96.0,1.948625,2.962375,0.000322208332
96.0,1.94875,2.962875,0.000322208332
96.0,1.948875,2.962875,0.000322208332
96.0,1.948375,2.96225,0.000322208332
96.0,1.94875,2.9615,0.000322208332
96.0,1.949375,2.96125,0.000322208332
96.0,1.949125,2.961375,0.000322208332
96.0,1.94925,2.9615,0.000322208332
96.0,1.949625,2.961375,0.000322208332
96.0,1.949875,2.96075,0.000322208332
96.0,1.94925,2.961,0.000322208332
96.0,1.948375,2.961625,0.000322208332
96.0,1.948375,2.961625,0.000322208332
96.0,1.9485,2.961625,0.000322208332
96.0,1.94875,2.96175,0.000322208332
96.0,1.948875,2.961875,0.000322208332
96.0,1.948375,2.961875,0.000322208332
96.0,1.948125,2.9625,0.000322208332
96.0,1.9485,2.963125,0.000322208332
96.0,1.949,2.963,0.000322208332
96.0,1.948875,2.962125,0.000322208332
96.0,1.948875,2.96125,0.000322208332
96.0,1.949,2.961125,0.000322208332
96.0,1.949125,2.961375,0.000322208332
96.0,1.9495,2.9615,0.000322208332
96.0,1.9495,2.96125,0.000322208332
96.0,1.949125,2.960875,0.000322208332
96.0,1.948375,2.96125,0.000322208332
96.0,1.948375,2.96125,0.000322208332
96.0,1.9485,2.96175,0.000322208332
96.0,1.948625,2.961625,0.000322208332
96.0,1.948625,2.96175,0.000322208332
96.0,1.94875,2.962125,0.000322208332
96.0,1.94825,2.962125,0.000322208332
96.0,1.948,2.9625,0.000322208332
96.0,1.94875,2.963,0.000322208332
96.0,1.949125,2.962625,0.000322208332
96.0,1.949,2.961875,0.000322208332
96.0,1.949125,2.961375,0.000322208332
96.0,1.948875,2.961375,0.000322208332
96.0,1.948875,2.9615,0.000322208332
96.0,1.949,2.9615,0.000322208332
96.0,1.94975,2.961125,0.000322208332
96.0,1.9495,2.960875,0.000322208332
96.0,1.9495,2.960875,0.000322208332
96.0,1.948875,2.9615,0.000322208332
96.0,1.948375,2.961625,0.000322208332
96.0,1.94825,2.96175,0.000322208332
96.0,1.948625,2.962,0.000322208332
96.0,1.9485,2.962,0.000322208332
96.0,1.9485,2.962125,0.000322208332
96.0,1.948625,2.96275,0.000322208332
96.0,1.949125,2.963,0.000322208332
96.0,1.94925,2.9625,0.000322208332
96.0,1.948875,2.96175,0.000322208332
96.0,1.949125,2.9615,0.000322208332
96.0,1.948875,2.9615,0.000322208332
96.0,1.949,2.961625,0.000322208332
96.0,1.949625,2.9615,0.000322208332
96.0,1.949625,2.96075,0.000322208332
96.0,1.949625,2.96075,0.000322208332
96.0,1.949125,2.961,0.000322208332
96.0,1.94825,2.9615,0.000322208332
96.0,1.948125,2.9615,0.000322208332
96.0,1.9485,2.96175,0.000322208332
96.0,1.948875,2.962125,0.000322208332
96.0,1.948375,2.962,0.000322208332
96.0,1.947875,2.96225,0.000322208332
96.0,1.948375,2.96275,0.000322208332
96.0,1.948875,2.962625,0.000322208332
96.0,1.948875,2.962,0.000322208332
96.0,1.949375,2.961,0.000322208332
96.0,1.949125,2.961,0.000322208332
96.0,1.949,2.961625,0.000322208332
96.0,1.949125,2.961625,0.000322208332
96.0,1.949625,2.961125,0.000322208332
96.0,1.949625,2.961125,0.000322208332
96.0,1.949625,2.960875,0.000322208332
96.0,1.94875,2.96125,0.000322208332
96.0,1.9485,2.961875,0.000322208332
96.0,1.948375,2.961625,0.000322208332
96.0,1.9485,2.961875,0.000322208332
96.0,1.948625,2.96225,0.000322208332
96.0,1.9485,2.962125,0.000322208332
96.0,1.94825,2.96225,0.000322208332
96.0,1.948625,2.96275,0.000322208332
96.0,1.949125,2.9625,0.000322208332
96.0,1.94925,2.96175,0.000322208332
96.0,1.949375,2.961125,0.000322208332
96.0,1.94925,2.961125,0.000322208332
96.0,1.949,2.961625,0.000322208332
96.0,1.949,2.961625,0.000322208332
96.0,1.949,2.961625,0.000322208332
96.0,1.949375,2.961,0.000322208332
96.0,1.94975,2.961,0.000322208332
96.0,1.949125,2.96175,0.000322208332
96.0,1.94825,2.96175,0.000322208332
96.0,1.948375,2.96175,0.000322208332
96.0,1.948375,2.962,0.000322208332
96.0,1.94825,2.962125,0.000322208332
96.0,1.948125,2.9625,0.000322208332
96.0,1.948125,2.962625,0.000322208332
96.0,1.949,2.962875,0.000322208332
96.0,1.949,2.962375,0.000322208332
96.0,1.948875,2.961625,0.000322208332
96.0,1.948625,2.961375,0.000322208332
96.0,1.948875,2.96125,0.000322208332
96.0,1.949,2.96175,0.000322208332
96.0,1.949375,2.961625,0.000322208332
96.0,1.949375,2.961625,0.000322208332
96.0,1.9495,2.961,0.000322208332
96.0,1.949,2.961375,0.000322208332
96.0,1.94875,2.961875,0.000322208332
96.0,1.948375,2.961625,0.000322208332
96.0,1.94875,2.9615,0.000322208332
96.0,1.949,2.962,0.000322208332
96.0,1.948625,2.962125,0.000322208332
96.0,1.9485,2.962375,0.000322208332
96.0,1.94875,2.962875,0.000322208332
96.0,1.949125,2.96275,0.000322208332
96.0,1.949,2.962125,0.000322208332
96.0,1.94875,2.961375,0.000322208332
96.0,1.9485,2.96125,0.000322208332
96.0,1.948875,2.96175,0.000322208332
96.0,1.949125,2.961875,0.000322208332
96.0,1.949125,2.961875,0.000322208332
96.0,1.949375,2.9615,0.000322208332
96.0,1.949125,2.961125,0.000322208332
96.0,1.949,2.9615,0.000322208332
96.0,1.948375,2.962,0.000322208332
96.0,1.948375,2.96175,0.000322208332
96.0,1.9485,2.962,0.000322208332
96.0,1.948625,2.962375,0.000322208332
96.0,1.948625,2.962375,0.000322208332
96.0,1.948625,2.96275,0.000322208332
96.0,1.94875,2.963125,0.000322208332
96.0,1.948875,2.96275,0.000322208332
96.0,1.94875,2.961875,0.000322208332
96.0,1.949125,2.96125,0.000322208332
96.0,1.949125,2.961375,0.000322208332
97.0,1.892875,2.966625,0.000322352338
97.0,1.89275,2.96625,0.000322352338
97.0,1.89275,2.966625,0.000322352338
97.0,1.892125,2.96725,0.000322352338
97.0,1.891875,2.967125,0.000322352338
97.0,1.892125,2.967125,0.000322352338
97.0,1.892,2.9675,0.000322352338
97.0,1.891625,2.9675,0.000322352338
97.0,1.891625,2.9675,0.000322352338
97.0,1.891625,2.967875,0.000322352338
97.0,1.89175,2.968375,0.000322352338
97.0,1.891875,2.96825,0.000322352338
97.0,1.892,2.9675,0.000322352338
97.0,1.89225,2.96675,0.000322352338
97.0,1.89225,2.96675,0.000322352338
97.0,1.892,2.967125,0.000322352338
97.0,1.892625,2.967125,0.000322352338
97.0,1.892875,2.966625,0.000322352338
97.0,1.8925,2.966375,0.000322352338
97.0,1.891625,2.967125,0.000322352338
97.0,1.891875,2.9675,0.000322352338
97.0,1.892,2.96725,0.000322352338
97.0,1.89175,2.967625,0.000322352338
97.0,1.891625,2.967875,0.000322352338
97.0,1.8915,2.967875,0.000322352338
97.0,1.8915,2.967875,0.000322352338
97.0,1.892125,2.968375,0.000322352338
97.0,1.892375,2.968625,0.000322352338
97.0,1.892375,2.968375,0.000322352338
97.0,1.892125,2.967625,0.000322352338
97.0,1.892375,2.967,0.000322352338
97.0,1.892125,2.967,0.000322352338
97.0,1.89225,2.96725,0.000322352338
97.0,1.893,2.967375,0.000322352338
97.0,1.892875,2.96675,0.000322352338
97.0,1.892125,2.966625,0.000322352338
97.0,1.891875,2.96725,0.000322352338
97.0,1.89175,2.9675,0.000322352338
97.0,1.892,2.9675,0.000322352338
97.0,1.891875,2.96775,0.000322352338
97.0,1.8915,2.96775,0.000322352338
97.0,1.8915,2.96775,0.000322352338
97.0,1.891375,2.968,0.000322352338
97.0,1.891625,2.9685,0.000322352338
97.0,1.89225,2.9685,0.000322352338
97.0,1.892375,2.968,0.000322352338
97.0,1.8925,2.967125,0.000322352338
97.0,1.89275,2.96675,0.000322352338
97.0,1.89275,2.967125,0.000322352338
97.0,1.892625,2.96725,0.000322352338
97.0,1.892625,2.967125,0.000322352338
97.0,1.892375,2.9665,0.000322352338
97.0,1.8925,2.966625,0.000322352338
97.0,1.891875,2.96725,0.000322352338
97.0,1.891625,2.96725,0.000322352338
97.0,1.89175,2.96725,0.000322352338
97.0,1.892375,2.96775,0.000322352338
97.0,1.892375,2.96775,0.000322352338
97.0,1.892125,2.96775,0.000322352338
97.0,1.891625,2.968,0.000322352338
97.0,1.891625,2.968625,0.000322352338
97.0,1.892,2.96825,0.000322352338
97.0,1.892,2.967625,0.000322352338
97.0,1.892125,2.967,0.000322352338
97.0,1.892,2.96675,0.000322352338
97.0,1.892125,2.967125,0.000322352338
97.0,1.8925,2.967125,0.000322352338
97.0,1.892625,2.96675,0.000322352338
97.0,1.89275,2.9665,0.000322352338
97.0,1.8925,2.966875,0.000322352338
97.0,1.891875,2.96725,0.000322352338
97.0,1.892,2.967125,0.000322352338
97.0,1.891875,2.9675,0.000322352338
97.0,1.891875,2.9675,0.000322352338
97.0,1.891625,2.96775,0.000322352338
97.0,1.891625,2.967875,0.000322352338
97.0,1.89175,2.968375,0.000322352338
97.0,1.89225,2.96875,0.000322352338
97.0,1.892125,2.968375,0.000322352338
97.0,1.89175,2.967625,0.000322352338
97.0,1.89225,2.967125,0.000322352338
97.0,1.892375,2.967125,0.000322352338
97.0,1.892375,2.96725,0.000322352338
97.0,1.89275,2.967,0.000322352338
97.0,1.892875,2.966625,0.000322352338
97.0,1.892375,2.966625,0.000322352338
97.0,1.892,2.967125,0.000322352338
97.0,1.89175,2.96725,0.000322352338
97.0,1.891875,2.96725,0.000322352338
97.0,1.891875,2.96725,0.000322352338
97.0,1.89175,2.96775,0.000322352338
97.0,1.89175,2.96775,0.000322352338
97.0,1.891625,2.967875,0.000322352338
97.0,1.891625,2.968375,0.000322352338
97.0,1.89175,2.9685,0.000322352338
97.0,1.89225,2.967875,0.000322352338
97.0,1.89225,2.967,0.000322352338
97.0,1.892625,2.966625,0.000322352338
97.0,1.892625,2.967125,0.000322352338
97.0,1.8925,2.96725,0.000322352338
97.0,1.892875,2.966875,0.000322352338
97.0,1.893,2.9665,0.000322352338
97.0,1.892625,2.966625,0.000322352338
97.0,1.892,2.96725,0.000322352338
97.0,1.892125,2.96725,0.000322352338
97.0,1.892125,2.96725,0.000322352338
97.0,1.892375,2.967375,0.000322352338
97.0,1.892375,2.967625,0.000322352338
97.0,1.89225,2.967625,0.000322352338
97.0,1.892,2.968,0.000322352338
97.0,1.892375,2.9685,0.000322352338
97.0,1.892625,2.968375,0.000322352338
97.0,1.8925,2.967625,0.000322352338
97.0,1.8925,2.967,0.000322352338
97.0,1.892625,2.96675,0.000322352338
97.0,1.892375,2.967,0.000322352338
97.0,1.892875,2.967,0.000322352338
97.0,1.893375,2.96675,0.000322352338
97.0,1.893,2.966375,0.000322352338
97.0,1.892375,2.96675,0.000322352338
97.0,1.892,2.967125,0.000322352338
97.0,1.892125,2.967125,0.000322352338
97.0,1.892125,2.967,0.000322352338
97.0,1.891875,2.9675,0.000322352338
97.0,1.892,2.967625,0.000322352338
97.0,1.891625,2.967625,0.000322352338
97.0,1.891375,2.968125,0.000322352338
97.0,1.89175,2.9685,0.000322352338
97.0,1.892125,2.96825,0.000322352338
97.0,1.892,2.967375,0.000322352338
97.0,1.892,2.966625,0.000322352338
97.0,1.892,2.96675,0.000322352338
97.0,1.89225,2.966875,0.000322352338
97.0,1.892625,2.966875,0.000322352338
97.0,1.893125,2.966625,0.000322352338
97.0,1.89275,2.966375,0.000322352338
97.0,1.89225,2.967,0.000322352338
97.0,1.892,2.967,0.000322352338
97.0,1.892,2.967125,0.000322352338
97.0,1.892,2.967,0.000322352338
97.0,1.89225,2.9675,0.000322352338
97.0,1.892,2.967625,0.000322352338
97.0,1.89175,2.96775,0.000322352338
97.0,1.891625,2.96825,0.000322352338
97.0,1.892125,2.968625,0.000322352338
97.0,1.892625,2.968125,0.000322352338
97.0,1.89225,2.967125,0.000322352338
97.0,1.892375,2.967,0.000322352338
97.0,1.892375,2.967125,0.000322352338
97.0,1.89225,2.967375,0.000322352338
97.0,1.8925,2.967125,0.000322352338
97.0,1.8925,2.966625,0.000322352338
97.0,1.89225,2.966625,0.000322352338
97.0,1.891875,2.966625,0.000322352338
97.0,1.891875,2.967375,0.000322352338
97.0,1.892,2.96725,0.000322352338
97.0,1.892,2.9675,0.000322352338
97.0,1.89225,2.96775,0.000322352338
97.0,1.89175,2.96775,0.000322352338
97.0,1.89175,2.968,0.000322352338
97.0,1.892,2.9685,0.000322352338
97.0,1.892375,2.9685,0.000322352338
97.0,1.892625,2.967625,0.000322352338
97.0,1.8925,2.967,0.000322352338
97.0,1.892375,2.966875,0.000322352338
97.0,1.892,2.96725,0.000322352338
97.0,1.89225,2.967375,0.000322352338
97.0,1.892375,2.967,0.000322352338
97.0,1.892375,2.966375,0.000322352338
98.0,1.835625,2.970625,0.000322271168
98.0,1.836,2.970625,0.000322271168
98.0,1.836125,2.97025,0.000322271168
98.0,1.83575,2.969875,0.000322271168
98.0,1.83525,2.970375,0.000322271168
98.0,1.835,2.971,0.000322271168
98.0,1.83475,2.971,0.000322271168
98.0,1.834875,2.971,0.000322271168
98.0,1.834875,2.971,0.000322271168
98.0,1.835375,2.971,0.000322271168
98.0,1.835375,2.970875,0.000322271168
98.0,1.835,2.971375,0.000322271168
98.0,1.835,2.972,0.000322271168
98.0,1.835625,2.971625,0.000322271168
98.0,1.83575,2.971,0.000322271168
98.0,1.835625,2.970125,0.000322271168
98.0,1.835875,2.970375,0.000322271168
98.0,1.836,2.97075,0.000322271168
98.0,1.835875,2.97075,0.000322271168
98.0,1.836,2.970375,0.000322271168
98.0,1.835875,2.970125,0.000322271168
98.0,1.8355,2.970875,0.000322271168
98.0,1.835125,2.971125,0.000322271168
98.0,1.83525,2.970875,0.000322271168
98.0,1.83525,2.970875,0.000322271168
98.0,1.835625,2.97125,0.000322271168
98.0,1.8355,2.971375,0.000322271168
98.0,1.834875,2.971375,0.000322271168
98.0,1.835,2.972,0.000322271168
98.0,1.8355,2.97225,0.000322271168
98.0,1.83525,2.97175,0.000322271168
98.0,1.835625,2.97075,0.000322271168
98.0,1.83575,2.970375,0.000322271168
98.0,1.835625,2.970625,0.000322271168
98.0,1.835625,2.97075,0.000322271168
98.0,1.836,2.97025,0.000322271168
98.0,1.836,2.969875,0.000322271168
98.0,1.83575,2.97,0.000322271168
98.0,1.83525,2.97075,0.000322271168
98.0,1.835,2.970625,0.000322271168
98.0,1.83525,2.970625,0.000322271168
98.0,1.83525,2.9705,0.000322271168
98.0,1.835375,2.970875,0.000322271168
98.0,1.835375,2.97125,0.000322271168
98.0,1.835375,2.971375,0.000322271168
98.0,1.83575,2.97175,0.000322271168
98.0,1.836125,2.971875,0.000322271168
98.0,1.835875,2.971375,0.000322271168
98.0,1.835625,2.9705,0.000322271168
98.0,1.835875,2.970375,0.000322271168
98.0,1.8355,2.970625,0.000322271168
98.0,1.835625,2.970625,0.000322271168
98.0,1.836,2.97025,0.000322271168
98.0,1.836125,2.969875,0.000322271168
98.0,1.836,2.97025,0.000322271168
98.0,1.8355,2.9705,0.000322271168
98.0,1.83575,2.970625,0.000322271168
98.0,1.83575,2.970625,0.000322271168
98.0,1.835875,2.97075,0.000322271168
98.0,1.835875,2.97125,0.000322271168
98.0,1.835125,2.971375,0.000322271168
98.0,1.835125,2.97175,0.000322271168
98.0,1.835625,2.972,0.000322271168
98.0,1.836,2.971625,0.000322271168
98.0,1.836,2.971,0.000322271168
98.0,1.836125,2.9705,0.000322271168
98.0,1.836125,2.970375,0.000322271168
98.0,1.836375,2.970625,0.000322271168
98.0,1.836375,2.970625,0.000322271168
98.0,1.83625,2.970125,0.000322271168
98.0,1.83625,2.97,0.000322271168
98.0,1.83575,2.970375,0.000322271168
98.0,1.8355,2.970625,0.000322271168
98.0,1.8355,2.970625,0.000322271168
98.0,1.83525,2.970625,0.000322271168
98.0,1.835125,2.971,0.000322271168
98.0,1.8355,2.97125,0.000322271168
98.0,1.83525,2.971375,0.000322271168
98.0,1.8355,2.97175,0.000322271168
98.0,1.836,2.972,0.000322271168
98.0,1.835875,2.971625,0.000322271168
98.0,1.835875,2.971,0.000322271168
98.0,1.836,2.97025,0.000322271168
98.0,1.836,2.9705,0.000322271168
98.0,1.836,2.9705,0.000322271168
98.0,1.836375,2.970375,0.000322271168
98.0,1.8365,2.969875,0.000322271168
98.0,1.836,2.97,0.000322271168
98.0,1.83575,2.9705,0.000322271168
98.0,1.83575,2.9705,0.000322271168
98.0,1.8355,2.970375,0.000322271168
98.0,1.83525,2.9705,0.000322271168
98.0,1.835375,2.971,0.000322271168
98.0,1.835375,2.970875,0.000322271168
98.0,1.835375,2.971125,0.000322271168
98.0,1.83575,2.97175,0.000322271168
98.0,1.835625,2.97175,0.000322271168
98.0,1.83575,2.97125,0.000322271168
98.0,1.8355,2.970375,0.000322271168
98.0,1.836,2.97025,0.000322271168
98.0,1.83625,2.9705,0.000322271168
98.0,1.836,2.970625,0.000322271168
98.0,1.836,2.970125,0.000322271168
98.0,1.83625,2.96975,0.000322271168
98.0,1.835875,2.970375,0.000322271168
98.0,1.835875,2.970375,0.000322271168
98.0,1.835625,2.971,0.000322271168
98.0,1.83525,2.971,0.000322271168
98.0,1.8355,2.971125,0.000322271168
98.0,1.83525,2.97125,0.000322271168
98.0,1.83525,2.97125,0.000322271168
98.0,1.835375,2.9715,0.000322271168
98.0,1.835375,2.972125,0.000322271168
98.0,1.835375,2.971875,0.000322271168
98.0,1.835625,2.970875,0.000322271168
98.0,1.835625,2.9705,0.000322271168
98.0,1.835625,2.9705,0.000322271168
98.0,1.835875,2.97075,0.000322271168
98.0,1.836375,2.97075,0.000322271168
98.0,1.836375,2.97025,0.000322271168
98.0,1.83625,2.969875,0.000322271168
98.0,1.83625,2.969875,0.000322271168
98.0,1.83575,2.9705,0.000322271168
98.0,1.835125,2.970875,0.000322271168
98.0,1.835625,2.970875,0.000322271168
98.0,1.836,2.971,0.000322271168
98.0,1.83575,2.971125,0.000322271168
98.0,1.8355,2.971375,0.000322271168
98.0,1.835375,2.971875,0.000322271168
98.0,1.835625,2.97225,0.000322271168
98.0,1.83575,2.971875,0.000322271168
98.0,1.836,2.971,0.000322271168
98.0,1.836,2.970375,0.000322271168
98.0,1.83575,2.970625,0.000322271168
98.0,1.83575,2.970875,0.000322271168
98.0,1.83625,2.970625,0.000322271168
98.0,1.836375,2.97025,0.000322271168
98.0,1.836375,2.97025,0.000322271168
98.0,1.836125,2.970125,0.000322271168
98.0,1.83575,2.970625,0.000322271168
98.0,1.83525,2.97075,0.000322271168
98.0,1.835,2.970625,0.000322271168
98.0,1.83525,2.971,0.000322271168
98.0,1.835375,2.971,0.000322271168
98.0,1.835,2.971375,0.000322271168
98.0,1.835125,2.972,0.000322271168
98.0,1.835375,2.971875,0.000322271168
98.0,1.835625,2.971125,0.000322271168
98.0,1.835625,2.970375,0.000322271168
98.0,1.836,2.97025,0.000322271168
98.0,1.83575,2.970625,0.000322271168
98.0,1.835625,2.970625,0.000322271168
98.0,1.836125,2.9705,0.000322271168
98.0,1.836,2.9705,0.000322271168
98.0,1.836,2.969875,0.000322271168
98.0,1.835875,2.97025,0.000322271168
98.0,1.83525,2.97075,0.000322271168
98.0,1.835125,2.970875,0.000322271168
98.0,1.835625,2.971,0.000322271168
98.0,1.83575,2.97125,0.000322271168
98.0,1.8355,2.97125,0.000322271168
98.0,1.83525,2.9715,0.000322271168
98.0,1.835875,2.971875,0.000322271168
98.0,1.835875,2.97175,0.000322271168
98.0,1.835875,2.971,0.000322271168
98.0,1.836125,2.970125,0.000322271168
98.0,1.836,2.97025,0.000322271168
98.0,1.835875,2.970625,0.000322271168
98.0,1.836,2.9705,0.000322271168
99.0,1.77875,2.971625,0.000322248379
99.0,1.7785,2.971875,0.000322248379
99.0,1.778375,2.972,0.000322248379
99.0,1.77875,2.97175,0.000322248379
99.0,1.778875,2.971375,0.000322248379
99.0,1.7785,2.971875,0.000322248379
99.0,1.77825,2.972125,0.000322248379
99.0,1.77825,2.971875,0.000322248379
99.0,1.77825,2.971875,0.000322248379
99.0,1.778375,2.97225,0.000322248379
99.0,1.778125,2.9725,0.000322248379
99.0,1.777875,2.9725,0.000322248379
99.0,1.778125,2.973125,0.000322248379
99.0,1.77875,2.973375,0.000322248379
99.0,1.778625,2.973125,0.000322248379
99.0,1.77825,2.97225,0.000322248379
99.0,1.778625,2.971625,0.000322248379
99.0,1.7785,2.971625,0.000322248379
99.0,1.7785,2.97175,0.000322248379
99.0,1.778375,2.971625,0.000322248379
99.0,1.77875,2.971125,0.000322248379
99.0,1.779,2.971125,0.000322248379
99.0,1.7785,2.971625,0.000322248379
99.0,1.778,2.972,0.000322248379
99.0,1.778,2.972,0.000322248379
99.0,1.778,2.97175,0.000322248379
99.0,1.77825,2.972125,0.000322248379
99.0,1.778625,2.97225,0.000322248379
99.0,1.778,2.972375,0.000322248379
99.0,1.778125,2.972875,0.000322248379
99.0,1.778375,2.973,0.000322248379
99.0,1.778625,2.9725,0.000322248379
99.0,1.778625,2.971625,0.000322248379
99.0,1.778625,2.971125,0.000322248379
99.0,1.778625,2.9715,0.000322248379
99.0,1.778375,2.971625,0.000322248379
99.0,1.778875,2.971375,0.000322248379
99.0,1.779125,2.970875,0.000322248379
99.0,1.778625,2.97125,0.000322248379
99.0,1.778375,2.971875,0.000322248379
99.0,1.778375,2.971875,0.000322248379
99.0,1.778375,2.971875,0.000322248379
99.0,1.778375,2.972,0.000322248379
99.0,1.77875,2.97225,0.000322248379
99.0,1.7785,2.97225,0.000322248379
99.0,1.778625,2.9725,0.000322248379
99.0,1.7785,2.973125,0.000322248379
99.0,1.778375,2.973125,0.000322248379
99.0,1.77825,2.9725,0.000322248379
99.0,1.778375,2.97175,0.000322248379
99.0,1.77825,2.971625,0.000322248379
99.0,1.77825,2.972,0.000322248379
99.0,1.779125,2.972,0.000322248379
99.0,1.779375,2.97175,0.000322248379
99.0,1.779,2.971375,0.000322248379
99.0,1.77825,2.971875,0.000322248379
99.0,1.77775,2.97225,0.000322248379
99.0,1.77775,2.97225,0.000322248379
99.0,1.778125,2.972125,0.000322248379
99.0,1.778375,2.9725,0.000322248379
99.0,1.778375,2.972625,0.000322248379
99.0,1.777625,2.972625,0.000322248379
99.0,1.778,2.972875,0.000322248379
99.0,1.7785,2.973375,0.000322248379
99.0,1.77875,2.973,0.000322248379
99.0,1.77875,2.97225,0.000322248379
99.0,1.779,2.971625,0.000322248379
99.0,1.7795,2.9715,0.000322248379
99.0,1.779125,2.97175,0.000322248379
99.0,1.779375,2.97175,0.000322248379
99.0,1.779625,2.971375,0.000322248379
99.0,1.779,2.971,0.000322248379
99.0,1.778125,2.971375,0.000322248379
99.0,1.778125,2.971375,0.000322248379
99.0,1.77825,2.97175,0.000322248379
99.0,1.77875,2.97175,0.000322248379
99.0,1.778375,2.972125,0.000322248379
99.0,1.778,2.972125,0.000322248379
99.0,1.777875,2.972375,0.000322248379
99.0,1.778125,2.972875,0.000322248379
99.0,1.778375,2.973125,0.000322248379
99.0,1.77875,2.972875,0.000322248379
99.0,1.77875,2.972,0.000322248379
99.0,1.77875,2.971375,0.000322248379
99.0,1.778375,2.971625,0.000322248379
99.0,1.77875,2.971625,0.000322248379
99.0,1.779125,2.9715,0.000322248379
99.0,1.77925,2.971375,0.000322248379
99.0,1.778625,2.97125,0.000322248379
99.0,1.778625,2.97125,0.000322248379
99.0,1.778375,2.971875,0.000322248379
99.0,1.77825,2.97175,0.000322248379
99.0,1.778625,2.972,0.000322248379
99.0,1.77825,2.972375,0.000322248379
99.0,1.777875,2.972375,0.000322248379
99.0,1.778125,2.97275,0.000322248379
99.0,1.77875,2.973125,0.000322248379
99.0,1.778625,2.97325,0.000322248379
99.0,1.7785,2.97275,0.000322248379
99.0,1.7785,2.971875,0.000322248379
99.0,1.778625,2.971625,0.000322248379
99.0,1.77875,2.972,0.000322248379
99.0,1.77875,2.972,0.000322248379
99.0,1.779,2.971625,0.000322248379
99.0,1.778875,2.971375,0.000322248379
99.0,1.778875,2.971375,0.000322248379
99.0,1.778375,2.97175,0.000322248379
99.0,1.778125,2.972,0.000322248379
99.0,1.778,2.972125,0.000322248379
99.0,1.778625,2.9725,0.000322248379
99.0,1.77875,2.972625,0.000322248379
99.0,1.7785,2.9725,0.000322248379
99.0,1.77825,2.972875,0.000322248379
99.0,1.77875,2.973125,0.000322248379
99.0,1.7785,2.973125,0.000322248379
99.0,1.77825,2.9725,0.000322248379
99.0,1.77875,2.971625,0.000322248379
99.0,1.778875,2.97175,0.000322248379
99.0,1.778875,2.97175,0.000322248379
99.0,1.779125,2.971875,0.000322248379
99.0,1.77925,2.97125,0.000322248379
99.0,1.77925,2.97125,0.000322248379
99.0,1.779125,2.971,0.000322248379
99.0,1.778875,2.9715,0.000322248379
99.0,1.77825,2.971875,0.000322248379
99.0,1.7785,2.97175,0.000322248379
99.0,1.778625,2.971875,0.000322248379
99.0,1.7785,2.972125,0.000322248379
99.0,1.778,2.972125,0.000322248379
99.0,1.777625,2.97275,0.000322248379
99.0,1.7785,2.972875,0.000322248379
99.0,1.77875,2.972375,0.000322248379
99.0,1.7785,2.972,0.000322248379
99.0,1.778625,2.971375,0.000322248379
99.0,1.7785,2.9715,0.000322248379
99.0,1.77875,2.97175,0.000322248379
99.0,1.779375,2.9715,0.000322248379
99.0,1.779375,2.971,0.000322248379
99.0,1.77925,2.971,0.000322248379
99.0,1.779,2.971125,0.000322248379
99.0,1.778625,2.97175,0.000322248379
99.0,1.7785,2.97175,0.000322248379
99.0,1.778625,2.971875,0.000322248379
99.0,1.778375,2.972375,0.000322248379
99.0,1.778125,2.972375,0.000322248379
99.0,1.777875,2.9725,0.000322248379
99.0,1.7785,2.973125,0.000322248379
99.0,1.77875,2.973125,0.000322248379
99.0,1.77875,2.97225,0.000322248379
99.0,1.77875,2.9715,0.000322248379
99.0,1.77875,2.9715,0.000322248379
99.0,1.778375,2.97175,0.000322248379
99.0,1.778375,2.971875,0.000322248379
99.0,1.77875,2.971625,0.000322248379
99.0,1.77875,2.971625,0.000322248379
99.0,1.778875,2.971125,0.000322248379
99.0,1.77825,2.9715,0.000322248379
99.0,1.778125,2.972,0.000322248379
99.0,1.77825,2.97175,0.000322248379
99.0,1.77825,2.971875,0.000322248379
99.0,1.77825,2.97225,0.000322248379
99.0,1.777875,2.97225,0.000322248379
99.0,1.777875,2.97275,0.000322248379
99.0,1.77825,2.973125,0.000322248379
99.0,1.7785,2.97275,0.000322248379
99.0,1.778625,2.972125,0.000322248379
99.0,1.778625,2.971375,0.000322248379
99.0,1.778875,2.971375,0.000322248379
99.0,1.7785,2.97175,0.000322248379
100.0,1.721375,2.970125,0.000322432024
100.0,1.720875,2.9705,0.000322432024
100.0,1.72075,2.971,0.000322432024
100.0,1.72075,2.97075,0.000322432024
100.0,1.7205,2.971,0.000322432024
100.0,1.7205,2.971375,0.000322432024
100.0,1.720625,2.971375,0.000322432024
100.0,1.72075,2.97175,0.000322432024
100.0,1.72075,2.97175,0.000322432024
100.0,1.721125,2.972375,0.000322432024
100.0,1.720875,2.972125,0.000322432024
100.0,1.721125,2.97125,0.000322432024
100.0,1.72125,2.970625,0.000322432024
100.0,1.721625,2.97075,0.000322432024
100.0,1.721375,2.970875,0.000322432024
100.0,1.72175,2.970875,0.000322432024
100.0,1.7215,2.9705,0.000322432024
100.0,1.72125,2.97025,0.000322432024
100.0,1.721125,2.970875,0.000322432024
100.0,1.720375,2.97125,0.000322432024
100.0,1.720625,2.971,0.000322432024
100.0,1.72075,2.971375,0.000322432024
100.0,1.720625,2.971375,0.000322432024
100.0,1.720125,2.9715,0.000322432024
100.0,1.720125,2.9715,0.000322432024
100.0,1.72025,2.972,0.000322432024
100.0,1.721,2.972375,0.000322432024
100.0,1.720875,2.971875,0.000322432024
100.0,1.72125,2.971125,0.000322432024
100.0,1.721375,2.970625,0.000322432024
100.0,1.721,2.970625,0.000322432024
100.0,1.721375,2.970875,0.000322432024
100.0,1.721625,2.97075,0.000322432024
100.0,1.721375,2.970375,0.000322432024
100.0,1.7215,2.970375,0.000322432024
100.0,1.720875,2.971125,0.000322432024
100.0,1.72025,2.971125,0.000322432024
100.0,1.720875,2.97125,0.000322432024
100.0,1.721,2.971625,0.000322432024
100.0,1.720625,2.971625,0.000322432024
100.0,1.720125,2.971625,0.000322432024
100.0,1.720125,2.97175,0.000322432024
100.0,1.720875,2.97225,0.000322432024
100.0,1.721125,2.972125,0.000322432024
100.0,1.720875,2.9715,0.000322432024
100.0,1.721375,2.970625,0.000322432024
100.0,1.72125,2.970375,0.000322432024
100.0,1.721125,2.970875,0.000322432024
100.0,1.72125,2.971,0.000322432024
100.0,1.721875,2.97075,0.000322432024
100.0,1.721875,2.970375,0.000322432024
100.0,1.7215,2.970625,0.000322432024
100.0,1.721,2.971,0.000322432024
100.0,1.720875,2.971,0.000322432024
100.0,1.721,2.97125,0.000322432024
100.0,1.720875,2.971375,0.000322432024
100.0,1.720625,2.971375,0.000322432024
100.0,1.720625,2.971375,0.000322432024
100.0,1.72025,2.971875,0.000322432024
100.0,1.720875,2.972375,0.000322432024
100.0,1.721,2.972,0.000322432024
100.0,1.721,2.97125,0.000322432024
100.0,1.721,2.970625,0.000322432024
100.0,1.721375,2.9705,0.000322432024
100.0,1.721375,2.970875,0.000322432024
100.0,1.721625,2.970875,0.000322432024
100.0,1.7215,2.9705,0.000322432024
100.0,1.721625,2.97025,0.000322432024
100.0,1.721625,2.970875,0.000322432024
100.0,1.720875,2.97125,0.000322432024
100.0,1.72075,2.970875,0.000322432024
100.0,1.720875,2.97125,0.000322432024
100.0,1.720875,2.9715,0.000322432024
100.0,1.720875,2.9715,0.000322432024
100.0,1.720375,2.971625,0.000322432024
100.0,1.720375,2.972,0.000322432024
100.0,1.72075,2.97225,0.000322432024
100.0,1.721375,2.971875,0.000322432024
100.0,1.721125,2.971125,0.000322432024
100.0,1.72125,2.970625,0.000322432024
100.0,1.721125,2.97075,0.000322432024
100.0,1.72125,2.970875,0.000322432024
100.0,1.72175,2.970875,0.000322432024
100.0,1.72175,2.970625,0.000322432024
100.0,1.721625,2.9705,0.000322432024
100.0,1.72125,2.971125,0.000322432024
100.0,1.7205,2.97125,0.000322432024
100.0,1.72075,2.971,0.000322432024
100.0,1.7205,2.971375,0.000322432024
100.0,1.7205,2.971375,0.000322432024
100.0,1.72025,2.9715,0.000322432024
100.0,1.72025,2.971625,0.000322432024
100.0,1.720375,2.97225,0.000322432024
100.0,1.720625,2.972375,0.000322432024
100.0,1.72075,2.97175,0.000322432024
100.0,1.720875,2.971,0.000322432024
100.0,1.721,2.97075,0.000322432024
100.0,1.72075,2.971,0.000322432024
100.0,1.721,2.971,0.000322432024
100.0,1.7215,2.97075,0.000322432024
100.0,1.721375,2.970125,0.000322432024
100.0,1.721125,2.97025,0.000322432024
100.0,1.720875,2.970875,0.000322432024
100.0,1.72075,2.970875,0.000322432024
100.0,1.72075,2.97125,0.000322432024
100.0,1.72075,2.97125,0.000322432024
100.0,1.72075,2.971625,0.000322432024
100.0,1.720625,2.971625,0.000322432024
100.0,1.720875,2.972,0.000322432024
100.0,1.72125,2.972125,0.000322432024
100.0,1.721375,2.971875,0.000322432024
100.0,1.721125,2.971125,0.000322432024
100.0,1.721125,2.970375,0.000322432024
100.0,1.72125,2.970375,0.000322432024
100.0,1.721,2.970875,0.000322432024
100.0,1.721625,2.970875,0.000322432024
100.0,1.721625,2.9705,0.000322432024
100.0,1.7215,2.970125,0.000322432024
100.0,1.720875,2.970625,0.000322432024
100.0,1.7205,2.971,0.000322432024
100.0,1.720625,2.971125,0.000322432024
100.0,1.720625,2.971125,0.000322432024
100.0,1.72075,2.9715,0.000322432024
100.0,1.72025,2.971625,0.000322432024
100.0,1.72025,2.971625,0.000322432024
100.0,1.72025,2.972,0.000322432024
100.0,1.72075,2.97225,0.000322432024
100.0,1.721,2.971875,0.000322432024
100.0,1.721,2.971,0.000322432024
100.0,1.721,2.970375,0.000322432024
100.0,1.72075,2.970625,0.000322432024
100.0,1.72075,2.971,0.000322432024
100.0,1.720875,2.970875,0.000322432024
100.0,1.721375,2.970375,0.000322432024
100.0,1.720875,2.970375,0.000322432024
100.0,1.721,2.970875,0.000322432024
100.0,1.720875,2.970875,0.000322432024
100.0,1.720875,2.970875,0.000322432024
100.0,1.72075,2.971,0.000322432024
100.0,1.72075,2.9715,0.000322432024
100.0,1.720875,2.9715,0.000322432024
100.0,1.72075,2.971625,0.000322432024
100.0,1.721125,2.97225,0.000322432024
100.0,1.7215,2.97225,0.000322432024
100.0,1.721375,2.971875,0.000322432024
100.0,1.721125,2.970875,0.000322432024
100.0,1.72125,2.970625,0.000322432024
100.0,1.72075,2.971,0.000322432024
100.0,1.721,2.970875,0.000322432024
100.0,1.7215,2.970625,0.000322432024
100.0,1.72125,2.970125,0.000322432024
100.0,1.721125,2.970625,0.000322432024
100.0,1.720625,2.97125,0.000322432024
100.0,1.720375,2.97125,0.000322432024
100.0,1.720375,2.970875,0.000322432024
100.0,1.72025,2.971,0.000322432024
100.0,1.72075,2.9715,0.000322432024
100.0,1.72075,2.9715,0.000322432024
100.0,1.720625,2.97175,0.000322432024
100.0,1.72125,2.972375,0.000322432024
100.0,1.721375,2.97225,0.000322432024
100.0,1.721125,2.9715,0.000322432024
100.0,1.721375,2.97075,0.000322432024
100.0,1.72125,2.97075,0.000322432024
100.0,1.720875,2.970875,0.000322432024
100.0,1.72125,2.971,0.000322432024
100.0,1.7215,2.970625,0.000322432024
100.0,1.721375,2.970375,0.000322432024
100.0,1.72075,2.971,0.000322432024
101.0,1.662875,2.970125,0.000322203152
101.0,1.663125,2.9705,0.000322203152
101.0,1.663625,2.97025,0.000322203152
101.0,1.66325,2.969625,0.000322203152
101.0,1.66375,2.96875,0.000322203152
101.0,1.6635,2.968875,0.000322203152
101.0,1.6635,2.969125,0.000322203152
101.0,1.663875,2.96925,0.000322203152
101.0,1.663875,2.96925,0.000322203152
101.0,1.664,2.968875,0.000322203152
101.0,1.66425,2.9685,0.000322203152
101.0,1.663875,2.969125,0.000322203152
101.0,1.663625,2.96925,0.000322203152
101.0,1.6635,2.969125,0.000322203152
101.0,1.663375,2.9695,0.000322203152
101.0,1.66325,2.969625,0.000322203152
101.0,1.663125,2.969625,0.000322203152
101.0,1.66325,2.97025,0.000322203152
101.0,1.66325,2.9705,0.000322203152
101.0,1.663625,2.97,0.000322203152
101.0,1.663625,2.969375,0.000322203152
101.0,1.66375,2.968875,0.000322203152
101.0,1.663875,2.969,0.000322203152
101.0,1.663875,2.96925,0.000322203152
101.0,1.66425,2.96925,0.000322203152
101.0,1.66425,2.969,0.000322203152
101.0,1.66425,2.968625,0.000322203152
101.0,1.663875,2.968625,0.000322203152
101.0,1.663375,2.96925,0.000322203152
101.0,1.663125,2.969375,0.000322203152
101.0,1.6635,2.96925,0.000322203152
101.0,1.664,2.96975,0.000322203152
101.0,1.6635,2.969625,0.000322203152
101.0,1.66275,2.969875,0.000322203152
101.0,1.6635,2.970375,0.000322203152
101.0,1.664,2.9705,0.000322203152
101.0,1.663875,2.96975,0.000322203152
101.0,1.66375,2.969125,0.000322203152
101.0,1.66375,2.968875,0.000322203152
101.0,1.663375,2.968875,0.000322203152
101.0,1.663375,2.96925,0.000322203152
101.0,1.663375,2.96925,0.000322203152
101.0,1.664125,2.968875,0.000322203152
101.0,1.664,2.968375,0.000322203152
101.0,1.664125,2.96875,0.000322203152
101.0,1.66375,2.96925,0.000322203152
101.0,1.663625,2.969,0.000322203152
101.0,1.66375,2.96925,0.000322203152
101.0,1.6635,2.969625,0.000322203152
101.0,1.663125,2.969625,0.000322203152
101.0,1.663125,2.969875,0.000322203152
101.0,1.663625,2.9705,0.000322203152
101.0,1.664,2.97025,0.000322203152
101.0,1.664,2.969375,0.000322203152
101.0,1.664125,2.96875,0.000322203152
101.0,1.664125,2.96875,0.000322203152
101.0,1.663875,2.969125,0.000322203152
101.0,1.663875,2.969125,0.000322203152
101.0,1.663875,2.969125,0.000322203152
101.0,1.664375,2.968625,0.000322203152
101.0,1.66425,2.96825,0.000322203152
101.0,1.6635,2.968875,0.000322203152
101.0,1.663375,2.969125,0.000322203152
101.0,1.6635,2.969,0.000322203152
101.0,1.6635,2.9695,0.000322203152
101.0,1.663625,2.969625,0.000322203152
101.0,1.663375,2.96975,0.000322203152
101.0,1.663,2.970375,0.000322203152
101.0,1.66325,2.9705,0.000322203152
101.0,1.6635,2.969875,0.000322203152
101.0,1.663625,2.96925,0.000322203152
101.0,1.664,2.96875,0.000322203152
101.0,1.664,2.969,0.000322203152
101.0,1.664,2.969,0.000322203152
101.0,1.664125,2.96925,0.000322203152
101.0,1.664375,2.969,0.000322203152
101.0,1.664375,2.96825,0.000322203152
101.0,1.66425,2.968375,0.000322203152
101.0,1.66375,2.969,0.000322203152
101.0,1.663625,2.969,0.000322203152
101.0,1.663375,2.968875,0.000322203152
101.0,1.66375,2.969375,0.000322203152
101.0,1.663625,2.969375,0.000322203152
101.0,1.663375,2.969625,0.000322203152
101.0,1.663625,2.970125,0.000322203152
101.0,1.664,2.97025,0.000322203152
101.0,1.66375,2.969625,0.000322203152
101.0,1.66375,2.968875,0.000322203152
101.0,1.664125,2.96875,0.000322203152
101.0,1.664125,2.96875,0.000322203152
101.0,1.663875,2.969,0.000322203152
101.0,1.66425,2.968875,0.000322203152
101.0,1.6645,2.968625,0.000322203152
101.0,1.664625,2.9685,0.000322203152
101.0,1.664,2.9685,0.000322203152
101.0,1.663375,2.969,0.000322203152
101.0,1.663,2.968875,0.000322203152
101.0,1.663625,2.969125,0.000322203152
101.0,1.663625,2.96975,0.000322203152
101.0,1.66325,2.969625,0.000322203152
101.0,1.663,2.97,0.000322203152
101.0,1.6635,2.970625,0.000322203152
101.0,1.664125,2.970375,0.000322203152
101.0,1.663625,2.96975,0.000322203152
101.0,1.6635,2.969,0.000322203152
101.0,1.6635,2.969,0.000322203152
101.0,1.663625,2.969125,0.000322203152
101.0,1.663625,2.969375,0.000322203152
101.0,1.663625,2.969125,0.000322203152
101.0,1.664,2.96875,0.000322203152
101.0,1.663875,2.968625,0.000322203152
101.0,1.663625,2.969,0.000322203152
101.0,1.663125,2.969625,0.000322203152
101.0,1.663125,2.9695,0.000322203152
101.0,1.6635,2.9695,0.000322203152
101.0,1.6635,2.969875,0.000322203152
101.0,1.66325,2.969875,0.000322203152
101.0,1.663,2.97025,0.000322203152
101.0,1.663375,2.9705,0.000322203152
101.0,1.66375,2.970125,0.000322203152
101.0,1.66375,2.96925,0.000322203152
101.0,1.664,2.96925,0.000322203152
101.0,1.664,2.9685,0.000322203152
101.0,1.664,2.968875,0.000322203152
101.0,1.66375,2.96925,0.000322203152
101.0,1.664,2.96925,0.000322203152
101.0,1.664125,2.968625,0.000322203152
101.0,1.663375,2.968375,0.000322203152
101.0,1.66325,2.969125,0.000322203152
101.0,1.663,2.96925,0.000322203152
101.0,1.663625,2.969375,0.000322203152
101.0,1.663625,2.96975,0.000322203152
101.0,1.66325,2.969625,0.000322203152
101.0,1.66325,2.96975,0.000322203152
101.0,1.6635,2.970375,0.000322203152
101.0,1.663875,2.9705,0.000322203152
101.0,1.66375,2.969875,0.000322203152
101.0,1.664,2.969125,0.000322203152
101.0,1.664,2.969125,0.000322203152
101.0,1.664,2.96875,0.000322203152
101.0,1.6635,2.96925,0.000322203152
101.0,1.6635,2.969375,0.000322203152
101.0,1.664125,2.969,0.000322203152
101.0,1.664,2.968625,0.000322203152
101.0,1.66375,2.96875,0.000322203152
101.0,1.663375,2.9695,0.000322203152
101.0,1.66325,2.96925,0.000322203152
101.0,1.663375,2.9695,0.000322203152
101.0,1.66325,2.97,0.000322203152
101.0,1.6635,2.970125,0.000322203152
101.0,1.663375,2.97025,0.000322203152
101.0,1.663625,2.970625,0.000322203152
101.0,1.66375,2.970375,0.000322203152
101.0,1.6635,2.969875,0.000322203152
101.0,1.6635,2.969875,0.000322203152
101.0,1.66375,2.969125,0.000322203152
101.0,1.664125,2.968875,0.000322203152
101.0,1.664,2.969125,0.000322203152
101.0,1.664125,2.9695,0.000322203152
101.0,1.664625,2.969,0.000322203152
101.0,1.664375,2.968375,0.000322203152
101.0,1.664,2.968875,0.000322203152
101.0,1.663375,2.969375,0.000322203152
101.0,1.6635,2.96925,0.000322203152
101.0,1.663625,2.969625,0.000322203152
101.0,1.66375,2.969625,0.000322203152
101.0,1.6635,2.969625,0.000322203152
101.0,1.663125,2.97025,0.000322203152
101.0,1.663375,2.97075,0.000322203152
102.0,1.60625,2.965375,0.000322262524
102.0,1.60625,2.9655,0.000322262524
102.0,1.606875,2.965375,0.000322262524
102.0,1.606875,2.964625,0.000322262524
102.0,1.606375,2.964875,0.000322262524
102.0,1.606,2.965625,0.000322262524
102.0,1.606,2.965625,0.000322262524
102.0,1.606125,2.965625,0.000322262524
102.0,1.606125,2.965625,0.000322262524
102.0,1.605875,2.965625,0.000322262524
102.0,1.60575,2.9655,0.000322262524
102.0,1.60575,2.966125,0.000322262524
102.0,1.606,2.96675,0.000322262524
102.0,1.606375,2.9665,0.000322262524
102.0,1.60625,2.965875,0.000322262524
102.0,1.606375,2.96525,0.000322262524
102.0,1.6065,2.965125,0.000322262524
102.0,1.606375,2.9655,0.000322262524
102.0,1.606625,2.9655,0.000322262524
102.0,1.606875,2.965,0.000322262524
102.0,1.606875,2.964625,0.000322262524
102.0,1.6065,2.965125,0.000322262524
102.0,1.606375,2.965625,0.000322262524
102.0,1.606,2.965625,0.000322262524
102.0,1.606,2.96575,0.000322262524
102.0,1.606375,2.96575,0.000322262524
102.0,1.60625,2.966,0.000322262524
102.0,1.606,2.966,0.000322262524
102.0,1.606,2.96625,0.000322262524
102.0,1.60625,2.96675,0.000322262524
102.0,1.606375,2.96625,0.000322262524
102.0,1.606375,2.965375,0.000322262524
102.0,1.606375,2.964875,0.000322262524
102.0,1.60625,2.964875,0.000322262524
102.0,1.6065,2.96525,0.000322262524
102.0,1.606875,2.965125,0.000322262524
102.0,1.606875,2.964875,0.000322262524
102.0,1.6065,2.964625,0.000322262524
102.0,1.605875,2.96525,0.000322262524
102.0,1.605625,2.9655,0.000322262524
102.0,1.60575,2.9655,0.000322262524
102.0,1.60575,2.9655,0.000322262524
102.0,1.605875,2.966,0.000322262524
102.0,1.60575,2.966,0.000322262524
102.0,1.605625,2.966,0.000322262524
102.0,1.60575,2.966625,0.000322262524
102.0,1.606125,2.96675,0.000322262524
102.0,1.606125,2.96625,0.000322262524
102.0,1.60625,2.965375,0.000322262524
102.0,1.6065,2.965,0.000322262524
102.0,1.60625,2.965125,0.000322262524
102.0,1.6065,2.965125,0.000322262524
102.0,1.607,2.96525,0.000322262524
102.0,1.607125,2.964875,0.000322262524
102.0,1.606625,2.965125,0.000322262524
102.0,1.60625,2.96575,0.000322262524
102.0,1.60575,2.965625,0.000322262524
102.0,1.60575,2.965625,0.000322262524
102.0,1.60575,2.9655,0.000322262524
102.0,1.605875,2.965875,0.000322262524
102.0,1.605625,2.966,0.000322262524
102.0,1.60575,2.96625,0.000322262524
102.0,1.60625,2.96675,0.000322262524
102.0,1.606625,2.966625,0.000322262524
102.0,1.6065,2.96625,0.000322262524
102.0,1.60675,2.965375,0.000322262524
102.0,1.6065,2.965,0.000322262524
102.0,1.605875,2.96525,0.000322262524
102.0,1.60625,2.965375,0.000322262524
102.0,1.606875,2.965125,0.000322262524
102.0,1.606875,2.964625,0.000322262524
102.0,1.606125,2.965,0.000322262524
102.0,1.60575,2.965375,0.000322262524
102.0,1.60575,2.965375,0.000322262524
102.0,1.606125,2.96525,0.000322262524
102.0,1.6065,2.9655,0.000322262524
102.0,1.606,2.96575,0.000322262524
102.0,1.605625,2.966,0.000322262524
102.0,1.605625,2.96625,0.000322262524
102.0,1.6065,2.9665,0.000322262524
102.0,1.6065,2.96625,0.000322262524
102.0,1.60625,2.965625,0.000322262524
102.0,1.6065,2.965125,0.000322262524
102.0,1.606,2.965,0.000322262524
102.0,1.605875,2.9655,0.000322262524
102.0,1.6065,2.965375,0.000322262524
102.0,1.60675,2.964875,0.000322262524
102.0,1.60625,2.96475,0.000322262524
102.0,1.60625,2.9655,0.000322262524
102.0,1.60625,2.9655,0.000322262524
102.0,1.60575,2.96575,0.000322262524
102.0,1.606125,2.9655,0.000322262524
102.0,1.606125,2.965875,0.000322262524
102.0,1.606375,2.965875,0.000322262524
102.0,1.606,2.965875,0.000322262524
102.0,1.605875,2.966375,0.000322262524
102.0,1.606,2.966625,0.000322262524
102.0,1.60625,2.96625,0.000322262524
102.0,1.6065,2.965375,0.000322262524
102.0,1.6065,2.964875,0.000322262524
102.0,1.606125,2.965,0.000322262524
102.0,1.6065,2.965375,0.000322262524
102.0,1.60675,2.965125,0.000322262524
102.0,1.606625,2.96475,0.000322262524
102.0,1.6065,2.96475,0.000322262524
102.0,1.6065,2.96475,0.000322262524
102.0,1.60575,2.965125,0.000322262524
102.0,1.60575,2.965375,0.000322262524
102.0,1.605875,2.965375,0.000322262524
102.0,1.6055,2.965625,0.000322262524
102.0,1.605375,2.965375,0.000322262524
102.0,1.605375,2.96575,0.000322262524
102.0,1.60575,2.9665,0.000322262524
102.0,1.605875,2.9665,0.000322262524
102.0,1.606,2.966,0.000322262524
102.0,1.605875,2.96525,0.000322262524
102.0,1.60575,2.965125,0.000322262524
102.0,1.605875,2.96525,0.000322262524
102.0,1.606125,2.9655,0.000322262524
102.0,1.606875,2.965125,0.000322262524
102.0,1.60675,2.96475,0.000322262524
102.0,1.60675,2.96475,0.000322262524
102.0,1.60625,2.965,0.000322262524
102.0,1.605625,2.965625,0.000322262524
102.0,1.606,2.9655,0.000322262524
102.0,1.606625,2.9655,0.000322262524
102.0,1.60625,2.965625,0.000322262524
102.0,1.606125,2.965625,0.000322262524
102.0,1.605875,2.966125,0.000322262524
102.0,1.606,2.96675,0.000322262524
102.0,1.605875,2.966375,0.000322262524
102.0,1.606,2.9655,0.000322262524
102.0,1.606125,2.964875,0.000322262524
102.0,1.606375,2.964875,0.000322262524
102.0,1.605875,2.96525,0.000322262524
102.0,1.606375,2.965125,0.000322262524
102.0,1.60675,2.964625,0.000322262524
102.0,1.606375,2.964625,0.000322262524
102.0,1.606375,2.964625,0.000322262524
102.0,1.606125,2.965125,0.000322262524
102.0,1.605625,2.9655,0.000322262524
102.0,1.606,2.965125,0.000322262524
102.0,1.60625,2.965625,0.000322262524
102.0,1.605875,2.965625,0.000322262524
102.0,1.6055,2.965875,0.000322262524
102.0,1.6055,2.966375,0.000322262524
102.0,1.60575,2.966625,0.000322262524
102.0,1.606125,2.966125,0.000322262524
102.0,1.60625,2.9655,0.000322262524
102.0,1.606625,2.964875,0.000322262524
102.0,1.60625,2.964875,0.000322262524
102.0,1.606,2.965125,0.000322262524
102.0,1.6065,2.965125,0.000322262524
102.0,1.6065,2.964625,0.000322262524
102.0,1.6065,2.964625,0.000322262524
102.0,1.6065,2.96475,0.000322262524
102.0,1.606,2.9655,0.000322262524
102.0,1.6055,2.9655,0.000322262524
102.0,1.6055,2.96525,0.000322262524
102.0,1.605875,2.965625,0.000322262524
102.0,1.606,2.965625,0.000322262524
102.0,1.606,2.966,0.000322262524
102.0,1.606125,2.966375,0.000322262524
102.0,1.60625,2.9665,0.000322262524
102.0,1.606375,2.966125,0.000322262524
102.0,1.6065,2.965375,0.000322262524
102.0,1.606375,2.965,0.000322262524
102.0,1.605875,2.96525,0.000322262524
102.0,1.606375,2.965375,0.000322262524
103.0,1.549,2.9595,0.000322352862
103.0,1.549125,2.959875,0.000322352862
103.0,1.549125,2.960125,0.000322352862
103.0,1.548875,2.96025,0.000322352862
103.0,1.548625,2.96075,0.000322352862
103.0,1.549,2.960875,0.000322352862
103.0,1.5495,2.960625,0.000322352862
103.0,1.5495,2.959875,0.000322352862
103.0,1.5495,2.959875,0.000322352862
103.0,1.5495,2.95925,0.000322352862
103.0,1.549125,2.9595,0.000322352862
103.0,1.54975,2.95975,0.000322352862
103.0,1.550125,2.9595,0.000322352862
103.0,1.549875,2.958875,0.000322352862
103.0,1.549625,2.958875,0.000322352862
103.0,1.549125,2.959625,0.000322352862
103.0,1.54925,2.95975,0.000322352862
103.0,1.54925,2.959875,0.000322352862
103.0,1.549,2.960375,0.000322352862
103.0,1.548875,2.960125,0.000322352862
103.0,1.54875,2.960375,0.000322352862
103.0,1.549125,2.961,0.000322352862
103.0,1.5495,2.961125,0.000322352862
103.0,1.54925,2.960375,0.000322352862
103.0,1.54925,2.9595,0.000322352862
103.0,1.549375,2.9595,0.000322352862
103.0,1.54975,2.959125,0.000322352862
103.0,1.549625,2.9595,0.000322352862
103.0,1.54975,2.95975,0.000322352862
103.0,1.550125,2.95925,0.000322352862
103.0,1.55,2.959,0.000322352862
103.0,1.549625,2.959,0.000322352862
103.0,1.549375,2.95975,0.000322352862
103.0,1.54925,2.95975,0.000322352862
103.0,1.549375,2.95975,0.000322352862
103.0,1.549375,2.96025,0.000322352862
103.0,1.549375,2.960125,0.000322352862
103.0,1.549125,2.96075,0.000322352862
103.0,1.5495,2.961125,0.000322352862
103.0,1.55,2.960875,0.000322352862
103.0,1.55,2.960125,0.000322352862
103.0,1.55,2.960125,0.000322352862
103.0,1.54975,2.9595,0.000322352862
103.0,1.549375,2.959375,0.000322352862
103.0,1.5495,2.959625,0.000322352862
103.0,1.549875,2.9595,0.000322352862
103.0,1.54975,2.959125,0.000322352862
103.0,1.549125,2.958625,0.000322352862
103.0,1.548875,2.9595,0.000322352862
103.0,1.54875,2.959875,0.000322352862
103.0,1.549,2.959625,0.000322352862
103.0,1.549375,2.960125,0.000322352862
103.0,1.5495,2.96025,0.000322352862
103.0,1.549,2.96,0.000322352862
103.0,1.548875,2.9605,0.000322352862
103.0,1.549625,2.961,0.000322352862
103.0,1.549625,2.96075,0.000322352862
103.0,1.549625,2.96075,0.000322352862
103.0,1.549625,2.95975,0.000322352862
103.0,1.54975,2.95925,0.000322352862
103.0,1.5495,2.9595,0.000322352862
103.0,1.549375,2.959625,0.000322352862
103.0,1.549625,2.9595,0.000322352862
103.0,1.549625,2.959125,0.000322352862
103.0,1.549625,2.959125,0.000322352862
103.0,1.549375,2.959875,0.000322352862
103.0,1.54925,2.959875,0.000322352862
103.0,1.549125,2.959875,0.000322352862
103.0,1.549375,2.96,0.000322352862
103.0,1.54925,2.960125,0.000322352862
103.0,1.548875,2.960125,0.000322352862
103.0,1.548875,2.9605,0.000322352862
103.0,1.54925,2.96075,0.000322352862
103.0,1.54925,2.96075,0.000322352862
103.0,1.549125,2.960375,0.000322352862
103.0,1.5495,2.959625,0.000322352862
103.0,1.549625,2.95925,0.000322352862
103.0,1.549625,2.9595,0.000322352862
103.0,1.549875,2.959875,0.000322352862
103.0,1.55,2.9595,0.000322352862
103.0,1.550375,2.959,0.000322352862
103.0,1.54975,2.95925,0.000322352862
103.0,1.5495,2.95975,0.000322352862
103.0,1.54925,2.959625,0.000322352862
103.0,1.54925,2.959875,0.000322352862
103.0,1.549125,2.960375,0.000322352862
103.0,1.54925,2.96025,0.000322352862
103.0,1.548875,2.96025,0.000322352862
103.0,1.549375,2.961,0.000322352862
103.0,1.549375,2.961,0.000322352862
103.0,1.54975,2.960875,0.000322352862
103.0,1.549375,2.960125,0.000322352862
103.0,1.549,2.9595,0.000322352862
103.0,1.54925,2.959375,0.000322352862
103.0,1.5495,2.959625,0.000322352862
103.0,1.54975,2.959625,0.000322352862
103.0,1.549625,2.95925,0.000322352862
103.0,1.549375,2.959,0.000322352862
103.0,1.54925,2.9595,0.000322352862
103.0,1.548875,2.96,0.000322352862
103.0,1.549,2.96,0.000322352862
103.0,1.54925,2.960125,0.000322352862
103.0,1.54925,2.960125,0.000322352862
103.0,1.54875,2.960125,0.000322352862
103.0,1.548875,2.96075,0.000322352862
103.0,1.548875,2.96075,0.000322352862
103.0,1.54925,2.961125,0.000322352862
103.0,1.549375,2.96075,0.000322352862
103.0,1.5495,2.959875,0.000322352862
103.0,1.5495,2.95925,0.000322352862
103.0,1.54975,2.959375,0.000322352862
103.0,1.54925,2.959625,0.000322352862
103.0,1.549875,2.959625,0.000322352862
103.0,1.55025,2.95925,0.000322352862
103.0,1.550125,2.959125,0.000322352862
103.0,1.549875,2.95975,0.000322352862
103.0,1.549375,2.959875,0.000322352862
103.0,1.549,2.959875,0.000322352862
103.0,1.549,2.960125,0.000322352862
103.0,1.549125,2.96,0.000322352862
103.0,1.548625,2.96025,0.000322352862
103.0,1.548625,2.96025,0.000322352862
103.0,1.548875,2.960875,0.000322352862
103.0,1.549125,2.960875,0.000322352862
103.0,1.54925,2.960375,0.000322352862
103.0,1.54925,2.959625,0.000322352862
103.0,1.549375,2.959375,0.000322352862
103.0,1.549625,2.9595,0.000322352862
103.0,1.5495,2.959875,0.000322352862
103.0,1.550125,2.9595,0.000322352862
103.0,1.550125,2.959,0.000322352862
103.0,1.549875,2.959125,0.000322352862
103.0,1.5495,2.95975,0.000322352862
103.0,1.5495,2.95975,0.000322352862
103.0,1.549125,2.959875,0.000322352862
103.0,1.54925,2.960125,0.000322352862
103.0,1.548875,2.96025,0.000322352862
103.0,1.548375,2.96075,0.000322352862
103.0,1.548375,2.96075,0.000322352862
103.0,1.549,2.961125,0.000322352862
103.0,1.5495,2.961,0.000322352862
103.0,1.549125,2.96025,0.000322352862
103.0,1.548875,2.959375,0.000322352862
103.0,1.5495,2.95925,0.000322352862
103.0,1.549375,2.959625,0.000322352862
103.0,1.54925,2.959625,0.000322352862
103.0,1.54975,2.95925,0.000322352862
103.0,1.54975,2.959,0.000322352862
103.0,1.5495,2.959375,0.000322352862
103.0,1.54925,2.959875,0.000322352862
103.0,1.54925,2.959625,0.000322352862
103.0,1.549125,2.959875,0.000322352862
103.0,1.549,2.960125,0.000322352862
103.0,1.54875,2.960125,0.000322352862
103.0,1.54875,2.960125,0.000322352862
103.0,1.54875,2.96075,0.000322352862
103.0,1.549375,2.960875,0.000322352862
103.0,1.5495,2.96075,0.000322352862
103.0,1.54925,2.95975,0.000322352862
103.0,1.549375,2.959375,0.000322352862
103.0,1.5495,2.959375,0.000322352862
103.0,1.5495,2.9595,0.000322352862
103.0,1.549875,2.9595,0.000322352862
103.0,1.550125,2.95925,0.000322352862
103.0,1.549625,2.959,0.000322352862
103.0,1.549625,2.95975,0.000322352862
103.0,1.54925,2.96,0.000322352862
103.0,1.549,2.959875,0.000322352862
103.0,1.548875,2.959875,0.000322352862
104.0,1.493125,2.951625,0.000322415581
104.0,1.493125,2.95225,0.000322415581
104.0,1.492625,2.9525,0.000322415581
104.0,1.492375,2.952375,0.000322415581
104.0,1.492625,2.952625,0.000322415581
104.0,1.492625,2.95275,0.000322415581
104.0,1.492625,2.952875,0.000322415581
104.0,1.493,2.95325,0.000322415581
104.0,1.493,2.95325,0.000322415581
104.0,1.493375,2.95325,0.000322415581
104.0,1.492875,2.95275,0.000322415581
104.0,1.493,2.95225,0.000322415581
104.0,1.49325,2.95175,0.000322415581
104.0,1.493,2.952125,0.000322415581
104.0,1.493375,2.95225,0.000322415581
104.0,1.493875,2.952125,0.000322415581
104.0,1.493875,2.95175,0.000322415581
104.0,1.49325,2.952,0.000322415581
104.0,1.492625,2.952375,0.000322415581
104.0,1.492875,2.95225,0.000322415581
104.0,1.493,2.952375,0.000322415581
104.0,1.492625,2.952625,0.000322415581
104.0,1.492375,2.95275,0.000322415581
104.0,1.492625,2.953,0.000322415581
104.0,1.492625,2.953625,0.000322415581
104.0,1.492875,2.953625,0.000322415581
104.0,1.49275,2.9535,0.000322415581
104.0,1.493,2.952875,0.000322415581
104.0,1.493375,2.952,0.000322415581
104.0,1.4935,2.952,0.000322415581
104.0,1.493125,2.952375,0.000322415581
104.0,1.493,2.9525,0.000322415581
104.0,1.493,2.952,0.000322415581
104.0,1.493375,2.9515,0.000322415581
104.0,1.493,2.951875,0.000322415581
104.0,1.492375,2.952375,0.000322415581
104.0,1.49275,2.9525,0.000322415581
104.0,1.49275,2.952625,0.000322415581
104.0,1.492625,2.952875,0.000322415581
104.0,1.492375,2.953,0.000322415581
104.0,1.492375,2.9535,0.000322415581
104.0,1.4925,2.9535,0.000322415581
104.0,1.492875,2.95375,0.000322415581
104.0,1.492875,2.95325,0.000322415581
104.0,1.493125,2.952375,0.000322415581
104.0,1.4935,2.952,0.000322415581
104.0,1.49375,2.952125,0.000322415581
104.0,1.493375,2.952375,0.000322415581
104.0,1.4935,2.95225,0.000322415581
104.0,1.493625,2.9515,0.000322415581
104.0,1.493625,2.951625,0.000322415581
104.0,1.493,2.9525,0.000322415581
104.0,1.492625,2.9525,0.000322415581
104.0,1.492875,2.952375,0.000322415581
104.0,1.493,2.952875,0.000322415581
104.0,1.493125,2.952875,0.000322415581
104.0,1.492625,2.95275,0.000322415581
104.0,1.492625,2.95275,0.000322415581
104.0,1.493,2.953375,0.000322415581
104.0,1.493375,2.953625,0.000322415581
104.0,1.4935,2.953125,0.000322415581
104.0,1.49325,2.95225,0.000322415581
104.0,1.493125,2.951875,0.000322415581
104.0,1.493,2.952375,0.000322415581
104.0,1.493375,2.952625,0.000322415581
104.0,1.4935,2.952375,0.000322415581
104.0,1.4935,2.95175,0.000322415581
104.0,1.49325,2.952,0.000322415581
104.0,1.492875,2.952625,0.000322415581
104.0,1.492375,2.952625,0.000322415581
104.0,1.492875,2.9525,0.000322415581
104.0,1.49325,2.953,0.000322415581
104.0,1.492625,2.953,0.000322415581
104.0,1.492625,2.953,0.000322415581
104.0,1.492375,2.953,0.000322415581
104.0,1.49325,2.953375,0.000322415581
104.0,1.493375,2.953375,0.000322415581
104.0,1.493125,2.953,0.000322415581
104.0,1.493,2.95225,0.000322415581
104.0,1.493,2.952375,0.000322415581
104.0,1.49275,2.9525,0.000322415581
104.0,1.49275,2.9525,0.000322415581
104.0,1.4935,2.95225,0.000322415581
104.0,1.49325,2.951875,0.000322415581
104.0,1.493125,2.95225,0.000322415581
104.0,1.492625,2.952875,0.000322415581
104.0,1.492875,2.952625,0.000322415581
104.0,1.493,2.952625,0.000322415581
104.0,1.492875,2.953,0.000322415581
104.0,1.492875,2.953,0.000322415581
104.0,1.4925,2.953,0.000322415581
104.0,1.492625,2.953625,0.000322415581
104.0,1.492875,2.954,0.000322415581
104.0,1.493,2.95375,0.000322415581
104.0,1.493,2.952875,0.000322415581
104.0,1.493125,2.95225,0.000322415581
104.0,1.493,2.952375,0.000322415581
104.0,1.493125,2.9525,0.000322415581
104.0,1.493875,2.952375,0.000322415581
104.0,1.49375,2.951875,0.000322415581
104.0,1.493625,2.95175,0.000322415581
104.0,1.493,2.952125,0.000322415581
104.0,1.4925,2.952625,0.000322415581
104.0,1.492375,2.95275,0.000322415581
104.0,1.49275,2.952875,0.000322415581
104.0,1.49275,2.952875,0.000322415581
104.0,1.492375,2.952875,0.000322415581
104.0,1.492125,2.953,0.000322415581
104.0,1.49225,2.95375,0.000322415581
104.0,1.492625,2.954,0.000322415581
104.0,1.492625,2.953375,0.000322415581
104.0,1.492625,2.952625,0.000322415581
104.0,1.493125,2.95225,0.000322415581
104.0,1.493,2.952625,0.000322415581
104.0,1.49325,2.952625,0.000322415581
104.0,1.493125,2.952375,0.000322415581
104.0,1.493375,2.952,0.000322415581
104.0,1.49325,2.951875,0.000322415581
104.0,1.492875,2.9525,0.000322415581
104.0,1.492625,2.952625,0.000322415581
104.0,1.4925,2.952625,0.000322415581
104.0,1.4925,2.953125,0.000322415581
104.0,1.492375,2.953125,0.000322415581
104.0,1.492625,2.953125,0.000322415581
104.0,1.492875,2.95325,0.000322415581
104.0,1.493,2.95375,0.000322415581
104.0,1.493,2.9535,0.000322415581
104.0,1.492875,2.953,0.000322415581
104.0,1.49275,2.952125,0.000322415581
104.0,1.493,2.951875,0.000322415581
104.0,1.492875,2.95225,0.000322415581
104.0,1.493,2.952375,0.000322415581
104.0,1.49325,2.95225,0.000322415581
104.0,1.492875,2.95175,0.000322415581
104.0,1.49275,2.952125,0.000322415581
104.0,1.4925,2.952625,0.000322415581
104.0,1.49275,2.952375,0.000322415581
104.0,1.49275,2.95275,0.000322415581
104.0,1.492875,2.95275,0.000322415581
104.0,1.49275,2.953125,0.000322415581
104.0,1.492625,2.953,0.000322415581
104.0,1.4925,2.9535,0.000322415581
104.0,1.492625,2.953875,0.000322415581
104.0,1.492875,2.953625,0.000322415581
104.0,1.493125,2.952875,0.000322415581
104.0,1.493125,2.95225,0.000322415581
104.0,1.493,2.952375,0.000322415581
104.0,1.493,2.9525,0.000322415581
104.0,1.493375,2.9525,0.000322415581
104.0,1.4935,2.952,0.000322415581
104.0,1.493625,2.951875,0.000322415581
104.0,1.4935,2.952625,0.000322415581
104.0,1.4925,2.95275,0.000322415581
104.0,1.49275,2.952625,0.000322415581
104.0,1.49275,2.952625,0.000322415581
104.0,1.49275,2.953,0.000322415581
104.0,1.492625,2.953125,0.000322415581
104.0,1.4925,2.953125,0.000322415581
104.0,1.492625,2.9535,0.000322415581
104.0,1.492875,2.953875,0.000322415581
104.0,1.49275,2.95325,0.000322415581
104.0,1.492625,2.9525,0.000322415581
104.0,1.493,2.952125,0.000322415581
104.0,1.49275,2.952625,0.000322415581
104.0,1.493125,2.95275,0.000322415581
104.0,1.4935,2.9525,0.000322415581
104.0,1.49325,2.952125,0.000322415581
104.0,1.493375,2.95225,0.000322415581
104.0,1.492625,2.95275,0.000322415581
105.0,1.436375,2.943375,0.000322264037
105.0,1.4365,2.9435,0.000322264037
105.0,1.437,2.943125,0.000322264037
105.0,1.437125,2.94275,0.000322264037
105.0,1.43675,2.943125,0.000322264037
105.0,1.436125,2.943625,0.000322264037
105.0,1.436,2.9435,0.000322264037
105.0,1.43625,2.94375,0.000322264037
105.0,1.43625,2.94375,0.000322264037
105.0,1.4365,2.943875,0.000322264037
105.0,1.43625,2.943875,0.000322264037
105.0,1.436125,2.944375,0.000322264037
105.0,1.436375,2.944875,0.000322264037
105.0,1.436625,2.9445,0.000322264037
105.0,1.43675,2.943875,0.000322264037
105.0,1.436625,2.943125,0.000322264037
105.0,1.43675,2.94325,0.000322264037
105.0,1.436375,2.9435,0.000322264037
105.0,1.4365,2.943625,0.000322264037
105.0,1.43675,2.94325,0.000322264037
105.0,1.43725,2.942875,0.000322264037
105.0,1.436875,2.94325,0.000322264037
105.0,1.436375,2.94375,0.000322264037
105.0,1.436375,2.9435,0.000322264037
105.0,1.436375,2.9435,0.000322264037
105.0,1.4365,2.944,0.000322264037
105.0,1.436625,2.944,0.000322264037
105.0,1.436375,2.944125,0.000322264037
105.0,1.4365,2.94475,0.000322264037
105.0,1.4365,2.945125,0.000322264037
105.0,1.435875,2.944625,0.000322264037
105.0,1.43625,2.94375,0.000322264037
105.0,1.43675,2.943125,0.000322264037
105.0,1.4365,2.943625,0.000322264037
105.0,1.436625,2.943875,0.000322264037
105.0,1.437125,2.9435,0.000322264037
105.0,1.437125,2.943,0.000322264037
105.0,1.43675,2.942875,0.000322264037
105.0,1.43675,2.9435,0.000322264037
105.0,1.4365,2.9435,0.000322264037
105.0,1.4365,2.943625,0.000322264037
105.0,1.436125,2.943625,0.000322264037
105.0,1.435875,2.944,0.000322264037
105.0,1.435875,2.944125,0.000322264037
105.0,1.435625,2.94425,0.000322264037
105.0,1.436125,2.94475,0.000322264037
105.0,1.43675,2.9445,0.000322264037
105.0,1.436625,2.94375,0.000322264037
105.0,1.436625,2.94325,0.000322264037
105.0,1.4365,2.943125,0.000322264037
105.0,1.436125,2.9435,0.000322264037
105.0,1.43625,2.9435,0.000322264037
105.0,1.437,2.94325,0.000322264037
105.0,1.436875,2.942875,0.000322264037
105.0,1.436625,2.943125,0.000322264037
105.0,1.436125,2.94375,0.000322264037
105.0,1.436,2.9435,0.000322264037
105.0,1.436,2.9435,0.000322264037
105.0,1.43625,2.943625,0.000322264037
105.0,1.43625,2.943875,0.000322264037
105.0,1.436125,2.944,0.000322264037
105.0,1.436,2.94425,0.000322264037
105.0,1.436125,2.944625,0.000322264037
105.0,1.4365,2.944625,0.000322264037
105.0,1.43625,2.944,0.000322264037
105.0,1.436625,2.94325,0.000322264037
105.0,1.43625,2.94325,0.000322264037
105.0,1.436125,2.9435,0.000322264037
105.0,1.436375,2.94375,0.000322264037
105.0,1.43675,2.943625,0.000322264037
105.0,1.4365,2.943125,0.000322264037
105.0,1.43625,2.943625,0.000322264037
105.0,1.436,2.943625,0.000322264037
105.0,1.436,2.943625,0.000322264037
105.0,1.43625,2.943875,0.000322264037
105.0,1.436,2.94425,0.000322264037
105.0,1.436125,2.944375,0.000322264037
105.0,1.436125,2.94425,0.000322264037
105.0,1.436125,2.94475,0.000322264037
105.0,1.43625,2.945,0.000322264037
105.0,1.43625,2.94475,0.000322264037
105.0,1.4365,2.943625,0.000322264037
105.0,1.43625,2.943125,0.000322264037
105.0,1.436625,2.943375,0.000322264037
105.0,1.436875,2.9435,0.000322264037
105.0,1.437125,2.9435,0.000322264037
105.0,1.436875,2.943,0.000322264037
105.0,1.436625,2.942875,0.000322264037
105.0,1.436,2.943375,0.000322264037
105.0,1.436,2.943375,0.000322264037
105.0,1.435625,2.943625,0.000322264037
105.0,1.435875,2.943625,0.000322264037
105.0,1.436,2.944125,0.000322264037
105.0,1.435875,2.944,0.000322264037
105.0,1.435375,2.944375,0.000322264037
105.0,1.43575,2.94475,0.000322264037
105.0,1.436375,2.94475,0.000322264037
105.0,1.43625,2.944125,0.000322264037
105.0,1.43675,2.943375,0.000322264037
105.0,1.43675,2.943125,0.000322264037
105.0,1.4365,2.943375,0.000322264037
105.0,1.436375,2.943625,0.000322264037
105.0,1.436875,2.94325,0.000322264037
105.0,1.436875,2.942875,0.000322264037
105.0,1.43625,2.94325,0.000322264037
105.0,1.43625,2.94325,0.000322264037
105.0,1.43625,2.943625,0.000322264037
105.0,1.43625,2.943625,0.000322264037
105.0,1.436125,2.943625,0.000322264037
105.0,1.435875,2.944,0.000322264037
105.0,1.436,2.944,0.000322264037
105.0,1.435875,2.9445,0.000322264037
105.0,1.4365,2.944875,0.000322264037
105.0,1.436625,2.944625,0.000322264037
105.0,1.436625,2.944,0.000322264037
105.0,1.43675,2.943375,0.000322264037
105.0,1.437,2.943375,0.000322264037
105.0,1.436875,2.943375,0.000322264037
105.0,1.437375,2.9435,0.000322264037
105.0,1.437125,2.943375,0.000322264037
105.0,1.436875,2.943125,0.000322264037
105.0,1.436875,2.943125,0.000322264037
105.0,1.436875,2.943375,0.000322264037
105.0,1.4365,2.943875,0.000322264037
105.0,1.436625,2.9435,0.000322264037
105.0,1.436375,2.943875,0.000322264037
105.0,1.436,2.944,0.000322264037
105.0,1.435875,2.944125,0.000322264037
105.0,1.43575,2.944625,0.000322264037
105.0,1.436375,2.945,0.000322264037
105.0,1.436125,2.9445,0.000322264037
105.0,1.436375,2.943875,0.000322264037
105.0,1.436375,2.943375,0.000322264037
105.0,1.43625,2.9435,0.000322264037
105.0,1.4365,2.94375,0.000322264037
105.0,1.43675,2.9435,0.000322264037
105.0,1.436875,2.943125,0.000322264037
105.0,1.436875,2.943125,0.000322264037
105.0,1.43675,2.943,0.000322264037
105.0,1.436625,2.943625,0.000322264037
105.0,1.436,2.943625,0.000322264037
105.0,1.436125,2.9435,0.000322264037
105.0,1.43625,2.944,0.000322264037
105.0,1.43625,2.944,0.000322264037
105.0,1.436125,2.944125,0.000322264037
105.0,1.436375,2.944875,0.000322264037
105.0,1.43725,2.94475,0.000322264037
105.0,1.436875,2.944375,0.000322264037
105.0,1.43675,2.94375,0.000322264037
105.0,1.436875,2.943125,0.000322264037
105.0,1.43675,2.943125,0.000322264037
105.0,1.437,2.9435,0.000322264037
105.0,1.437125,2.943375,0.000322264037
105.0,1.437125,2.943,0.000322264037
105.0,1.437375,2.943,0.000322264037
105.0,1.437,2.943125,0.000322264037
105.0,1.436375,2.943625,0.000322264037
105.0,1.436,2.943625,0.000322264037
105.0,1.436,2.943875,0.000322264037
105.0,1.436375,2.944,0.000322264037
105.0,1.436,2.944,0.000322264037
105.0,1.435875,2.9445,0.000322264037
105.0,1.43625,2.944875,0.000322264037
105.0,1.43675,2.94475,0.000322264037
105.0,1.436625,2.94425,0.000322264037
105.0,1.436625,2.943375,0.000322264037
105.0,1.4365,2.943125,0.000322264037
105.0,1.436375,2.9435,0.000322264037
105.0,1.437,2.943625,0.000322264037
106.0,1.38025,2.93275,0.000322415755
106.0,1.379875,2.93275,0.000322415755
106.0,1.38,2.93275,0.000322415755
106.0,1.379875,2.933125,0.000322415755
106.0,1.37975,2.93325,0.000322415755
106.0,1.379625,2.933375,0.000322415755
106.0,1.38,2.933625,0.000322415755
106.0,1.380375,2.934125,0.000322415755
106.0,1.380375,2.934125,0.000322415755
106.0,1.3805,2.933625,0.000322415755
106.0,1.380375,2.932875,0.000322415755
106.0,1.380625,2.93225,0.000322415755
106.0,1.38025,2.9325,0.000322415755
106.0,1.380375,2.932625,0.000322415755
106.0,1.380875,2.9325,0.000322415755
106.0,1.380875,2.932,0.000322415755
106.0,1.380625,2.932125,0.000322415755
106.0,1.3805,2.93275,0.000322415755
106.0,1.38025,2.932625,0.000322415755
106.0,1.38,2.9325,0.000322415755
106.0,1.380125,2.932875,0.000322415755
106.0,1.380375,2.933,0.000322415755
106.0,1.38025,2.93325,0.000322415755
106.0,1.38,2.933875,0.000322415755
106.0,1.38,2.933875,0.000322415755
106.0,1.3805,2.933875,0.000322415755
106.0,1.3805,2.93325,0.000322415755
106.0,1.380625,2.932375,0.000322415755
106.0,1.380875,2.931875,0.000322415755
106.0,1.381,2.93225,0.000322415755
106.0,1.3805,2.932375,0.000322415755
106.0,1.380625,2.932,0.000322415755
106.0,1.380625,2.93175,0.000322415755
106.0,1.38075,2.932,0.000322415755
106.0,1.380375,2.932625,0.000322415755
106.0,1.38,2.9325,0.000322415755
106.0,1.379875,2.932625,0.000322415755
106.0,1.38025,2.933,0.000322415755
106.0,1.38,2.932875,0.000322415755
106.0,1.379875,2.93325,0.000322415755
106.0,1.379875,2.933875,0.000322415755
106.0,1.38,2.933875,0.000322415755
106.0,1.38025,2.933625,0.000322415755
106.0,1.38025,2.932875,0.000322415755
106.0,1.38,2.93225,0.000322415755
106.0,1.380125,2.93225,0.000322415755
106.0,1.3805,2.9325,0.000322415755
106.0,1.38075,2.932625,0.000322415755
106.0,1.380625,2.93225,0.000322415755
106.0,1.380125,2.932,0.000322415755
106.0,1.380125,2.9325,0.000322415755
106.0,1.3795,2.932875,0.000322415755
106.0,1.37975,2.93275,0.000322415755
106.0,1.380125,2.933,0.000322415755
106.0,1.38025,2.93325,0.000322415755
106.0,1.38,2.93325,0.000322415755
106.0,1.38025,2.933625,0.000322415755
106.0,1.38025,2.933625,0.000322415755
106.0,1.38025,2.934,0.000322415755
106.0,1.38,2.93375,0.000322415755
106.0,1.380125,2.933,0.000322415755
106.0,1.3805,2.932,0.000322415755
106.0,1.3805,2.93225,0.000322415755
106.0,1.38025,2.93275,0.000322415755
106.0,1.38075,2.9325,0.000322415755
106.0,1.380625,2.931875,0.000322415755
106.0,1.380375,2.932,0.000322415755
106.0,1.3805,2.9325,0.000322415755
106.0,1.380375,2.932875,0.000322415755
106.0,1.380125,2.933,0.000322415755
106.0,1.3805,2.933,0.000322415755
106.0,1.380375,2.933125,0.000322415755
106.0,1.380125,2.93325,0.000322415755
106.0,1.380125,2.93325,0.000322415755
106.0,1.38,2.933875,0.000322415755
106.0,1.38,2.934125,0.000322415755
106.0,1.38025,2.933375,0.000322415755
106.0,1.380125,2.932375,0.000322415755
106.0,1.38025,2.93225,0.000322415755
106.0,1.38025,2.932375,0.000322415755
106.0,1.38075,2.9325,0.000322415755
106.0,1.38125,2.93225,0.000322415755
106.0,1.381,2.931875,0.000322415755
106.0,1.3805,2.931875,0.000322415755
106.0,1.3805,2.9325,0.000322415755
106.0,1.380125,2.932625,0.000322415755
106.0,1.379875,2.93275,0.000322415755
106.0,1.379875,2.933,0.000322415755
106.0,1.380125,2.933125,0.000322415755
106.0,1.380125,2.933125,0.000322415755
106.0,1.38,2.9335,0.000322415755
106.0,1.380125,2.934,0.000322415755
106.0,1.380375,2.934,0.000322415755
106.0,1.380375,2.93325,0.000322415755
106.0,1.380375,2.932625,0.000322415755
106.0,1.380625,2.932375,0.000322415755
106.0,1.380375,2.932625,0.000322415755
106.0,1.380625,2.932625,0.000322415755
106.0,1.38075,2.93225,0.000322415755
106.0,1.3805,2.93175,0.000322415755
106.0,1.380375,2.932,0.000322415755
106.0,1.38,2.9325,0.000322415755
106.0,1.38025,2.9325,0.000322415755
106.0,1.380375,2.93275,0.000322415755
106.0,1.379875,2.933,0.000322415755
106.0,1.379875,2.933,0.000322415755
106.0,1.38,2.933,0.000322415755
106.0,1.379875,2.933375,0.000322415755
106.0,1.380125,2.933875,0.000322415755
106.0,1.38025,2.933625,0.000322415755
106.0,1.380125,2.93275,0.000322415755
106.0,1.380125,2.932,0.000322415755
106.0,1.38025,2.932125,0.000322415755
106.0,1.380375,2.932625,0.000322415755
106.0,1.3805,2.932375,0.000322415755
106.0,1.381,2.932,0.000322415755
106.0,1.38075,2.931875,0.000322415755
106.0,1.380375,2.9325,0.000322415755
106.0,1.38025,2.932625,0.000322415755
106.0,1.38,2.93275,0.000322415755
106.0,1.38025,2.933,0.000322415755
106.0,1.38025,2.933,0.000322415755
106.0,1.380125,2.93325,0.000322415755
106.0,1.37975,2.93325,0.000322415755
106.0,1.379875,2.93375,0.000322415755
106.0,1.380125,2.933875,0.000322415755
106.0,1.3805,2.93325,0.000322415755
106.0,1.3805,2.93275,0.000322415755
106.0,1.380625,2.932375,0.000322415755
106.0,1.380625,2.93275,0.000322415755
106.0,1.3805,2.93275,0.000322415755
106.0,1.380875,2.9325,0.000322415755
106.0,1.38075,2.932125,0.000322415755
106.0,1.380875,2.93225,0.000322415755
106.0,1.38025,2.93275,0.000322415755
106.0,1.380125,2.932875,0.000322415755
106.0,1.380125,2.932875,0.000322415755
106.0,1.380125,2.932875,0.000322415755
106.0,1.380125,2.93325,0.000322415755
106.0,1.38,2.93325,0.000322415755
106.0,1.379625,2.9335,0.000322415755
106.0,1.380125,2.93375,0.000322415755
106.0,1.38025,2.933875,0.000322415755
106.0,1.38025,2.93325,0.000322415755
106.0,1.380125,2.932375,0.000322415755
106.0,1.380375,2.93225,0.000322415755
106.0,1.380375,2.932625,0.000322415755
106.0,1.380625,2.9325,0.000322415755
106.0,1.38075,2.932,0.000322415755
106.0,1.3805,2.93175,0.000322415755
106.0,1.380125,2.93225,0.000322415755
106.0,1.37975,2.932875,0.000322415755
106.0,1.380125,2.932625,0.000322415755
106.0,1.380375,2.93275,0.000322415755
106.0,1.380375,2.93275,0.000322415755
106.0,1.380375,2.93275,0.000322415755
106.0,1.38,2.932875,0.000322415755
106.0,1.38,2.9335,0.000322415755
106.0,1.38025,2.933875,0.000322415755
106.0,1.3805,2.933625,0.000322415755
106.0,1.380375,2.933125,0.000322415755
106.0,1.380125,2.93225,0.000322415755
106.0,1.38,2.93225,0.000322415755
106.0,1.38,2.9325,0.000322415755
106.0,1.380625,2.9325,0.000322415755
106.0,1.38125,2.93225,0.000322415755
106.0,1.380875,2.932,0.000322415755
106.0,1.3805,2.932625,0.000322415755
106.0,1.38025,2.933,0.000322415755
107.0,1.32425,2.921,0.000322168082
107.0,1.32425,2.920875,0.000322168082
107.0,1.32425,2.92025,0.000322168082
107.0,1.324625,2.9195,0.000322168082
107.0,1.32475,2.9195,0.000322168082
107.0,1.32475,2.91975,0.000322168082
107.0,1.32475,2.919875,0.000322168082
107.0,1.324875,2.919625,0.000322168082
107.0,1.324875,2.919625,0.000322168082
107.0,1.32425,2.919125,0.000322168082
107.0,1.324375,2.9195,0.000322168082
107.0,1.32425,2.919875,0.000322168082
107.0,1.324125,2.91975,0.000322168082
107.0,1.324375,2.92025,0.000322168082
107.0,1.324375,2.920375,0.000322168082
107.0,1.324375,2.9205,0.000322168082
107.0,1.32425,2.920875,0.000322168082
107.0,1.32425,2.921125,0.000322168082
107.0,1.32425,2.92075,0.000322168082
107.0,1.3245,2.91975,0.000322168082
107.0,1.3245,2.919,0.000322168082
107.0,1.324,2.919375,0.000322168082
107.0,1.323875,2.9195,0.000322168082
107.0,1.3245,2.919375,0.000322168082
107.0,1.3245,2.919375,0.000322168082
107.0,1.324625,2.918875,0.000322168082
107.0,1.3245,2.918875,0.000322168082
107.0,1.323875,2.919375,0.000322168082
107.0,1.3235,2.919625,0.000322168082
107.0,1.3235,2.919875,0.000322168082
107.0,1.324,2.92,0.000322168082
107.0,1.32425,2.92,0.000322168082
107.0,1.323875,2.92025,0.000322168082
107.0,1.324,2.920875,0.000322168082
107.0,1.324125,2.920875,0.000322168082
107.0,1.324,2.92025,0.000322168082
107.0,1.324,2.91925,0.000322168082
107.0,1.324125,2.91875,0.000322168082
107.0,1.32425,2.919375,0.000322168082
107.0,1.324375,2.919625,0.000322168082
107.0,1.324375,2.9195,0.000322168082
107.0,1.324375,2.9195,0.000322168082
107.0,1.324625,2.919,0.000322168082
107.0,1.324125,2.919,0.000322168082
107.0,1.324,2.9195,0.000322168082
107.0,1.324,2.9195,0.000322168082
107.0,1.324125,2.919875,0.000322168082
107.0,1.324625,2.92025,0.000322168082
107.0,1.32425,2.920125,0.000322168082
107.0,1.323875,2.9205,0.000322168082
107.0,1.324,2.921,0.000322168082
107.0,1.32425,2.920875,0.000322168082
107.0,1.32375,2.920375,0.000322168082
107.0,1.324125,2.919625,0.000322168082
107.0,1.324375,2.919375,0.000322168082
107.0,1.32425,2.91975,0.000322168082
107.0,1.324375,2.91975,0.000322168082
107.0,1.324375,2.91975,0.000322168082
107.0,1.324625,2.919375,0.000322168082
107.0,1.32475,2.919,0.000322168082
107.0,1.3245,2.9195,0.000322168082
107.0,1.323875,2.92,0.000322168082
107.0,1.32375,2.919875,0.000322168082
107.0,1.323875,2.919875,0.000322168082
107.0,1.323875,2.92,0.000322168082
107.0,1.324,2.92025,0.000322168082
107.0,1.324125,2.920625,0.000322168082
107.0,1.324375,2.921,0.000322168082
107.0,1.32425,2.92075,0.000322168082
107.0,1.324,2.919875,0.000322168082
107.0,1.3245,2.91925,0.000322168082
107.0,1.3245,2.919375,0.000322168082
107.0,1.32425,2.919625,0.000322168082
107.0,1.32425,2.919625,0.000322168082
107.0,1.3245,2.919625,0.000322168082
107.0,1.32475,2.919125,0.000322168082
107.0,1.32425,2.919,0.000322168082
107.0,1.324,2.919625,0.000322168082
107.0,1.324,2.919875,0.000322168082
107.0,1.32375,2.919625,0.000322168082
107.0,1.324125,2.92,0.000322168082
107.0,1.32375,2.920125,0.000322168082
107.0,1.32375,2.92025,0.000322168082
107.0,1.324125,2.92075,0.000322168082
107.0,1.3245,2.92075,0.000322168082
107.0,1.324625,2.9205,0.000322168082
107.0,1.324625,2.919875,0.000322168082
107.0,1.324625,2.91925,0.000322168082
107.0,1.32425,2.919375,0.000322168082
107.0,1.32425,2.919375,0.000322168082
107.0,1.324375,2.91975,0.000322168082
107.0,1.324625,2.9195,0.000322168082
107.0,1.3245,2.918875,0.000322168082
107.0,1.32425,2.919,0.000322168082
107.0,1.324125,2.919625,0.000322168082
107.0,1.32425,2.919625,0.000322168082
107.0,1.324125,2.91975,0.000322168082
107.0,1.324375,2.92,0.000322168082
107.0,1.324,2.920125,0.000322168082
107.0,1.323625,2.9205,0.000322168082
107.0,1.32425,2.921,0.000322168082
107.0,1.32425,2.921,0.000322168082
107.0,1.3245,2.9205,0.000322168082
107.0,1.32475,2.9195,0.000322168082
107.0,1.32475,2.919375,0.000322168082
107.0,1.32475,2.919375,0.000322168082
107.0,1.32475,2.919625,0.000322168082
107.0,1.3245,2.91975,0.000322168082
107.0,1.3245,2.919375,0.000322168082
107.0,1.324625,2.918875,0.000322168082
107.0,1.324375,2.919125,0.000322168082
107.0,1.324,2.92,0.000322168082
107.0,1.324125,2.92,0.000322168082
107.0,1.324125,2.920125,0.000322168082
107.0,1.324,2.920125,0.000322168082
107.0,1.323875,2.920125,0.000322168082
107.0,1.323875,2.92075,0.000322168082
107.0,1.3245,2.921,0.000322168082
107.0,1.324375,2.920875,0.000322168082
107.0,1.324,2.920125,0.000322168082
107.0,1.3245,2.91925,0.000322168082
107.0,1.3245,2.91925,0.000322168082
107.0,1.324375,2.919375,0.000322168082
107.0,1.324375,2.919625,0.000322168082
107.0,1.3245,2.919625,0.000322168082
107.0,1.3245,2.919125,0.000322168082
107.0,1.32425,2.919125,0.000322168082
107.0,1.32425,2.919625,0.000322168082
107.0,1.323875,2.919625,0.000322168082
107.0,1.323875,2.919625,0.000322168082
107.0,1.324125,2.919875,0.000322168082
107.0,1.324,2.92,0.000322168082
107.0,1.324,2.920125,0.000322168082
107.0,1.323875,2.9205,0.000322168082
107.0,1.324125,2.92075,0.000322168082
107.0,1.324125,2.9205,0.000322168082
107.0,1.3245,2.919625,0.000322168082
107.0,1.324875,2.919625,0.000322168082
107.0,1.324875,2.919125,0.000322168082
107.0,1.3245,2.91925,0.000322168082
107.0,1.32475,2.919625,0.000322168082
107.0,1.325125,2.9195,0.000322168082
107.0,1.32475,2.918875,0.000322168082
107.0,1.324375,2.919125,0.000322168082
107.0,1.323875,2.919875,0.000322168082
107.0,1.32375,2.92,0.000322168082
107.0,1.323875,2.920125,0.000322168082
107.0,1.323875,2.920125,0.000322168082
107.0,1.32425,2.92025,0.000322168082
107.0,1.323875,2.920375,0.000322168082
107.0,1.32425,2.920875,0.000322168082
107.0,1.324625,2.920625,0.000322168082
107.0,1.32425,2.920125,0.000322168082
107.0,1.324125,2.920125,0.000322168082
107.0,1.324125,2.9195,0.000322168082
107.0,1.32425,2.91925,0.000322168082
107.0,1.324375,2.9195,0.000322168082
107.0,1.324625,2.919625,0.000322168082
107.0,1.324875,2.91925,0.000322168082
107.0,1.324875,2.918875,0.000322168082
107.0,1.3245,2.919375,0.000322168082
107.0,1.324125,2.92,0.000322168082
107.0,1.32425,2.919875,0.000322168082
107.0,1.32425,2.92,0.000322168082
107.0,1.324125,2.920125,0.000322168082
107.0,1.32375,2.920125,0.000322168082
107.0,1.324,2.920375,0.000322168082
107.0,1.324125,2.921125,0.000322168082
107.0,1.324,2.920875,0.000322168082
108.0,1.269,2.905,0.000322311447
108.0,1.269375,2.90475,0.000322311447
108.0,1.269625,2.904375,0.000322311447
108.0,1.2695,2.90475,0.000322311447
108.0,1.268875,2.90525,0.000322311447
108.0,1.2685,2.90525,0.000322311447
108.0,1.2685,2.905375,0.000322311447
108.0,1.26875,2.905625,0.000322311447
108.0,1.26875,2.905625,0.000322311447
108.0,1.2685,2.905625,0.000322311447
108.0,1.2685,2.905875,0.000322311447
108.0,1.269,2.90625,0.000322311447
108.0,1.269125,2.906125,0.000322311447
108.0,1.268875,2.905625,0.000322311447
108.0,1.269125,2.905,0.000322311447
108.0,1.26925,2.904875,0.000322311447
108.0,1.269,2.905,0.000322311447
108.0,1.26925,2.905,0.000322311447
108.0,1.269375,2.904625,0.000322311447
108.0,1.269625,2.90425,0.000322311447
108.0,1.269625,2.904875,0.000322311447
108.0,1.269125,2.905125,0.000322311447
108.0,1.269125,2.904875,0.000322311447
108.0,1.268875,2.90525,0.000322311447
108.0,1.268875,2.90525,0.000322311447
108.0,1.268875,2.905375,0.000322311447
108.0,1.26875,2.9055,0.000322311447
108.0,1.2685,2.906,0.000322311447
108.0,1.26875,2.906375,0.000322311447
108.0,1.269,2.906,0.000322311447
108.0,1.268875,2.905,0.000322311447
108.0,1.26925,2.904625,0.000322311447
108.0,1.26925,2.90475,0.000322311447
108.0,1.269,2.905125,0.000322311447
108.0,1.269375,2.904875,0.000322311447
108.0,1.269375,2.904125,0.000322311447
108.0,1.269,2.90425,0.000322311447
108.0,1.268875,2.904875,0.000322311447
108.0,1.269,2.905,0.000322311447
108.0,1.26875,2.905,0.000322311447
108.0,1.26875,2.9055,0.000322311447
108.0,1.26875,2.9055,0.000322311447
108.0,1.26875,2.905625,0.000322311447
108.0,1.268625,2.90575,0.000322311447
108.0,1.268875,2.906375,0.000322311447
108.0,1.268875,2.90625,0.000322311447
108.0,1.26875,2.906,0.000322311447
108.0,1.268875,2.905125,0.000322311447
108.0,1.268875,2.90475,0.000322311447
108.0,1.269,2.905,0.000322311447
108.0,1.269125,2.90525,0.000322311447
108.0,1.2695,2.905125,0.000322311447
108.0,1.26975,2.90425,0.000322311447
108.0,1.2695,2.904375,0.000322311447
108.0,1.26875,2.905125,0.000322311447
108.0,1.26875,2.90525,0.000322311447
108.0,1.26875,2.905375,0.000322311447
108.0,1.26875,2.905375,0.000322311447
108.0,1.269,2.905625,0.000322311447
108.0,1.26875,2.9055,0.000322311447
108.0,1.26875,2.90575,0.000322311447
108.0,1.269125,2.906,0.000322311447
108.0,1.269125,2.906,0.000322311447
108.0,1.269,2.905625,0.000322311447
108.0,1.268875,2.90475,0.000322311447
108.0,1.269,2.904625,0.000322311447
108.0,1.269,2.904875,0.000322311447
108.0,1.269375,2.905,0.000322311447
108.0,1.269375,2.90475,0.000322311447
108.0,1.269125,2.9045,0.000322311447
108.0,1.269,2.904875,0.000322311447
108.0,1.2685,2.905125,0.000322311447
108.0,1.26875,2.905,0.000322311447
108.0,1.26875,2.905,0.000322311447
108.0,1.26875,2.90525,0.000322311447
108.0,1.269,2.9055,0.000322311447
108.0,1.26875,2.905625,0.000322311447
108.0,1.268625,2.905875,0.000322311447
108.0,1.269,2.90625,0.000322311447
108.0,1.268875,2.906,0.000322311447
108.0,1.268875,2.905375,0.000322311447
108.0,1.26925,2.90475,0.000322311447
108.0,1.269375,2.904875,0.000322311447
108.0,1.269125,2.90475,0.000322311447
108.0,1.269375,2.90475,0.000322311447
108.0,1.2695,2.9045,0.000322311447
108.0,1.26875,2.9045,0.000322311447
108.0,1.268625,2.905,0.000322311447
108.0,1.2685,2.905,0.000322311447
108.0,1.2685,2.905,0.000322311447
108.0,1.268625,2.905,0.000322311447
108.0,1.268625,2.9055,0.000322311447
108.0,1.2685,2.905625,0.000322311447
108.0,1.268375,2.90575,0.000322311447
108.0,1.26825,2.906375,0.000322311447
108.0,1.2685,2.906625,0.000322311447
108.0,1.268625,2.90625,0.000322311447
108.0,1.268875,2.90525,0.000322311447
108.0,1.26925,2.905,0.000322311447
108.0,1.269125,2.905125,0.000322311447
108.0,1.26875,2.90525,0.000322311447
108.0,1.268875,2.905125,0.000322311447
108.0,1.26925,2.904625,0.000322311447
108.0,1.26925,2.90475,0.000322311447
108.0,1.269,2.905375,0.000322311447
108.0,1.269,2.905375,0.000322311447
108.0,1.268875,2.90525,0.000322311447
108.0,1.26875,2.905375,0.000322311447
108.0,1.2685,2.905625,0.000322311447
108.0,1.2685,2.905625,0.000322311447
108.0,1.268375,2.905875,0.000322311447
108.0,1.268875,2.90625,0.000322311447
108.0,1.269,2.906375,0.000322311447
108.0,1.268875,2.905625,0.000322311447
108.0,1.269125,2.90475,0.000322311447
108.0,1.269,2.90475,0.000322311447
108.0,1.269125,2.905125,0.000322311447
108.0,1.2695,2.905125,0.000322311447
108.0,1.269625,2.904875,0.000322311447
108.0,1.269375,2.904625,0.000322311447
108.0,1.269,2.905125,0.000322311447
108.0,1.269,2.905125,0.000322311447
108.0,1.26825,2.9055,0.000322311447
108.0,1.2685,2.90525,0.000322311447
108.0,1.268625,2.905625,0.000322311447
108.0,1.268875,2.90575,0.000322311447
108.0,1.268625,2.905625,0.000322311447
108.0,1.268625,2.906125,0.000322311447
108.0,1.26875,2.90675,0.000322311447
108.0,1.268625,2.90625,0.000322311447
108.0,1.268625,2.905625,0.000322311447
108.0,1.268875,2.90475,0.000322311447
108.0,1.26925,2.905,0.000322311447
108.0,1.269375,2.905125,0.000322311447
108.0,1.2695,2.90525,0.000322311447
108.0,1.269375,2.90475,0.000322311447
108.0,1.269125,2.9045,0.000322311447
108.0,1.269125,2.905125,0.000322311447
108.0,1.269125,2.905125,0.000322311447
108.0,1.26875,2.90525,0.000322311447
108.0,1.26875,2.905125,0.000322311447
108.0,1.269,2.9055,0.000322311447
108.0,1.268875,2.90575,0.000322311447
108.0,1.2685,2.90575,0.000322311447
108.0,1.268625,2.90625,0.000322311447
108.0,1.268875,2.906375,0.000322311447
108.0,1.268875,2.906125,0.000322311447
108.0,1.268625,2.905375,0.000322311447
108.0,1.269,2.90475,0.000322311447
108.0,1.269,2.904875,0.000322311447
108.0,1.269125,2.905,0.000322311447
108.0,1.269375,2.904875,0.000322311447
108.0,1.26925,2.9045,0.000322311447
108.0,1.269375,2.904625,0.000322311447
108.0,1.269375,2.904625,0.000322311447
108.0,1.26925,2.90525,0.000322311447
108.0,1.2685,2.905125,0.000322311447
108.0,1.2685,2.90525,0.000322311447
108.0,1.268875,2.905625,0.000322311447
108.0,1.26925,2.90575,0.000322311447
108.0,1.268625,2.906,0.000322311447
108.0,1.26875,2.9065,0.000322311447
108.0,1.269,2.9065,0.000322311447
108.0,1.269,2.905625,0.000322311447
108.0,1.268625,2.904625,0.000322311447
108.0,1.269125,2.904625,0.000322311447
108.0,1.269125,2.904875,0.000322311447
108.0,1.26925,2.904875,0.000322311447
108.0,1.2695,2.90475,0.000322311447
109.0,1.2145,2.88725,0.000322193577
109.0,1.214625,2.88725,0.000322193577
109.0,1.214625,2.887625,0.000322193577
109.0,1.214875,2.887625,0.000322193577
109.0,1.21525,2.887125,0.000322193577
109.0,1.215125,2.887,0.000322193577
109.0,1.2145,2.8875,0.000322193577
109.0,1.2145,2.88775,0.000322193577
109.0,1.2145,2.88775,0.000322193577
109.0,1.214625,2.8875,0.000322193577
109.0,1.21425,2.887625,0.000322193577
109.0,1.214125,2.888,0.000322193577
109.0,1.213875,2.888,0.000322193577
109.0,1.214125,2.888625,0.000322193577
109.0,1.2145,2.888875,0.000322193577
109.0,1.214875,2.888625,0.000322193577
109.0,1.2145,2.888,0.000322193577
109.0,1.214625,2.887375,0.000322193577
109.0,1.2145,2.887375,0.000322193577
109.0,1.214375,2.887625,0.000322193577
109.0,1.214875,2.887625,0.000322193577
109.0,1.215,2.88725,0.000322193577
109.0,1.215,2.887125,0.000322193577
109.0,1.214375,2.88775,0.000322193577
109.0,1.214,2.88775,0.000322193577
109.0,1.214,2.887875,0.000322193577
109.0,1.214,2.887875,0.000322193577
109.0,1.21425,2.888125,0.000322193577
109.0,1.21425,2.88825,0.000322193577
109.0,1.21425,2.888375,0.000322193577
109.0,1.214625,2.88875,0.000322193577
109.0,1.21475,2.889,0.000322193577
109.0,1.214875,2.888625,0.000322193577
109.0,1.214625,2.88775,0.000322193577
109.0,1.21475,2.88725,0.000322193577
109.0,1.214625,2.887625,0.000322193577
109.0,1.2145,2.88775,0.000322193577
109.0,1.214875,2.887375,0.000322193577
109.0,1.214625,2.887,0.000322193577
109.0,1.214375,2.887375,0.000322193577
109.0,1.214375,2.887375,0.000322193577
109.0,1.214375,2.88775,0.000322193577
109.0,1.214125,2.88775,0.000322193577
109.0,1.214125,2.887875,0.000322193577
109.0,1.214375,2.888125,0.000322193577
109.0,1.213875,2.888125,0.000322193577
109.0,1.214,2.8885,0.000322193577
109.0,1.214125,2.889,0.000322193577
109.0,1.21425,2.888875,0.000322193577
109.0,1.214625,2.888125,0.000322193577
109.0,1.214875,2.887375,0.000322193577
109.0,1.214875,2.887125,0.000322193577
109.0,1.21425,2.887375,0.000322193577
109.0,1.21475,2.887625,0.000322193577
109.0,1.215375,2.88725,0.000322193577
109.0,1.214875,2.887,0.000322193577
109.0,1.214125,2.88725,0.000322193577
109.0,1.214125,2.88725,0.000322193577
109.0,1.214,2.887875,0.000322193577
109.0,1.214,2.88775,0.000322193577
109.0,1.214,2.888,0.000322193577
109.0,1.21425,2.88825,0.000322193577
109.0,1.214125,2.888125,0.000322193577
109.0,1.214125,2.888375,0.000322193577
109.0,1.214375,2.88875,0.000322193577
109.0,1.214875,2.888375,0.000322193577
109.0,1.214625,2.88775,0.000322193577
109.0,1.21475,2.886875,0.000322193577
109.0,1.214875,2.88725,0.000322193577
109.0,1.214625,2.8875,0.000322193577
109.0,1.214875,2.887625,0.000322193577
109.0,1.215,2.88725,0.000322193577
109.0,1.21475,2.887125,0.000322193577
109.0,1.21475,2.887125,0.000322193577
109.0,1.214375,2.88775,0.000322193577
109.0,1.214375,2.887875,0.000322193577
109.0,1.21425,2.887875,0.000322193577
109.0,1.214,2.88825,0.000322193577
109.0,1.21375,2.8885,0.000322193577
109.0,1.214,2.8885,0.000322193577
109.0,1.214,2.888875,0.000322193577
109.0,1.21425,2.888875,0.000322193577
109.0,1.2145,2.8885,0.000322193577
109.0,1.2145,2.88775,0.000322193577
109.0,1.2145,2.887,0.000322193577
109.0,1.214375,2.8875,0.000322193577
109.0,1.21475,2.88775,0.000322193577
109.0,1.214875,2.887625,0.000322193577
109.0,1.215,2.887125,0.000322193577
109.0,1.215,2.887125,0.000322193577
109.0,1.214875,2.887125,0.000322193577
109.0,1.214375,2.88775,0.000322193577
109.0,1.214125,2.887875,0.000322193577
109.0,1.2145,2.887875,0.000322193577
109.0,1.2145,2.888,0.000322193577
109.0,1.214,2.887875,0.000322193577
109.0,1.213875,2.888,0.000322193577
109.0,1.214375,2.8885,0.000322193577
109.0,1.214375,2.88875,0.000322193577
109.0,1.214375,2.88825,0.000322193577
109.0,1.2145,2.887375,0.000322193577
109.0,1.214875,2.887125,0.000322193577
109.0,1.215125,2.8875,0.000322193577
109.0,1.215,2.887625,0.000322193577
109.0,1.215125,2.88725,0.000322193577
109.0,1.215125,2.88725,0.000322193577
109.0,1.215125,2.887,0.000322193577
109.0,1.215125,2.8875,0.000322193577
109.0,1.214625,2.887875,0.000322193577
109.0,1.2145,2.88775,0.000322193577
109.0,1.214625,2.88775,0.000322193577
109.0,1.2145,2.888,0.000322193577
109.0,1.214125,2.888,0.000322193577
109.0,1.214,2.8885,0.000322193577
109.0,1.214125,2.888875,0.000322193577
109.0,1.214125,2.8885,0.000322193577
109.0,1.215,2.887625,0.000322193577
109.0,1.215125,2.887125,0.000322193577
109.0,1.214875,2.887125,0.000322193577
109.0,1.2145,2.887375,0.000322193577
109.0,1.214875,2.887375,0.000322193577
109.0,1.21475,2.887375,0.000322193577
109.0,1.21475,2.887,0.000322193577
109.0,1.214625,2.88675,0.000322193577
109.0,1.2145,2.8875,0.000322193577
109.0,1.214125,2.88775,0.000322193577
109.0,1.214375,2.887625,0.000322193577
109.0,1.214375,2.887875,0.000322193577
109.0,1.214125,2.888125,0.000322193577
109.0,1.21375,2.88825,0.000322193577
109.0,1.214125,2.88875,0.000322193577
109.0,1.2145,2.88925,0.000322193577
109.0,1.214375,2.88875,0.000322193577
109.0,1.214,2.887625,0.000322193577
109.0,1.21425,2.887,0.000322193577
109.0,1.21425,2.887125,0.000322193577
109.0,1.214125,2.8875,0.000322193577
109.0,1.2145,2.8875,0.000322193577
109.0,1.2145,2.8875,0.000322193577
109.0,1.214875,2.886875,0.000322193577
109.0,1.21475,2.886625,0.000322193577
109.0,1.21425,2.8875,0.000322193577
109.0,1.214125,2.8875,0.000322193577
109.0,1.21425,2.887375,0.000322193577
109.0,1.214375,2.88775,0.000322193577
109.0,1.21425,2.88775,0.000322193577
109.0,1.213875,2.887875,0.000322193577
109.0,1.21425,2.8885,0.000322193577
109.0,1.21425,2.888375,0.000322193577
109.0,1.2145,2.888,0.000322193577
109.0,1.2145,2.887375,0.000322193577
109.0,1.2145,2.887125,0.000322193577
109.0,1.214125,2.8875,0.000322193577
109.0,1.214375,2.8875,0.000322193577
109.0,1.214375,2.8875,0.000322193577
109.0,1.21475,2.887375,0.000322193577
109.0,1.215,2.88675,0.000322193577
109.0,1.21475,2.887125,0.000322193577
109.0,1.214125,2.8875,0.000322193577
109.0,1.214,2.8875,0.000322193577
109.0,1.214375,2.88775,0.000322193577
109.0,1.21425,2.887875,0.000322193577
109.0,1.214,2.888,0.000322193577
109.0,1.213875,2.888375,0.000322193577
109.0,1.214125,2.888875,0.000322193577
109.0,1.214125,2.888625,0.000322193577
109.0,1.2145,2.887875,0.000322193577
109.0,1.21475,2.887,0.000322193577
109.0,1.2145,2.886875,0.000322193577
110.0,1.159625,2.868875,0.000322196487
110.0,1.1595,2.869,0.000322196487
110.0,1.159375,2.86925,0.000322196487
110.0,1.15975,2.86925,0.000322196487
110.0,1.15975,2.86875,0.000322196487
110.0,1.159625,2.8685,0.000322196487
110.0,1.1595,2.869,0.000322196487
110.0,1.15925,2.86925,0.000322196487
110.0,1.15925,2.86925,0.000322196487
110.0,1.1595,2.86925,0.000322196487
110.0,1.15975,2.86975,0.000322196487
110.0,1.159375,2.869875,0.000322196487
110.0,1.15925,2.869875,0.000322196487
110.0,1.15925,2.870375,0.000322196487
110.0,1.15975,2.870625,0.000322196487
110.0,1.159625,2.87,0.000322196487
110.0,1.15925,2.86925,0.000322196487
110.0,1.159375,2.868875,0.000322196487
110.0,1.15975,2.868875,0.000322196487
110.0,1.159625,2.869125,0.000322196487
110.0,1.15975,2.869125,0.000322196487
110.0,1.15975,2.86875,0.000322196487
110.0,1.159875,2.86875,0.000322196487
110.0,1.159375,2.869125,0.000322196487
110.0,1.159375,2.869125,0.000322196487
110.0,1.15925,2.86925,0.000322196487
110.0,1.159125,2.869375,0.000322196487
110.0,1.159,2.869625,0.000322196487
110.0,1.159,2.869875,0.000322196487
110.0,1.159,2.869875,0.000322196487
110.0,1.15925,2.8705,0.000322196487
110.0,1.159625,2.87025,0.000322196487
110.0,1.15975,2.869625,0.000322196487
110.0,1.159625,2.868875,0.000322196487
110.0,1.159375,2.868875,0.000322196487
110.0,1.159125,2.869125,0.000322196487
110.0,1.15925,2.86925,0.000322196487
110.0,1.159625,2.868875,0.000322196487
110.0,1.159875,2.868375,0.000322196487
110.0,1.159625,2.86875,0.000322196487
110.0,1.15925,2.86925,0.000322196487
110.0,1.15925,2.86925,0.000322196487
110.0,1.15925,2.869125,0.000322196487
110.0,1.159625,2.8695,0.000322196487
110.0,1.15975,2.869875,0.000322196487
110.0,1.15925,2.86975,0.000322196487
110.0,1.159375,2.87,0.000322196487
110.0,1.159625,2.870625,0.000322196487
110.0,1.159625,2.87025,0.000322196487
110.0,1.159625,2.8695,0.000322196487
110.0,1.159875,2.86875,0.000322196487
110.0,1.15975,2.868875,0.000322196487
110.0,1.1595,2.86925,0.000322196487
110.0,1.15975,2.86925,0.000322196487
110.0,1.160125,2.869,0.000322196487
110.0,1.159875,2.86875,0.000322196487
110.0,1.159625,2.869375,0.000322196487
110.0,1.159625,2.869375,0.000322196487
110.0,1.159625,2.8695,0.000322196487
110.0,1.15975,2.86925,0.000322196487
110.0,1.159625,2.8695,0.000322196487
110.0,1.159625,2.86975,0.000322196487
110.0,1.1595,2.87,0.000322196487
110.0,1.159625,2.8705,0.000322196487
110.0,1.159625,2.87075,0.000322196487
110.0,1.159375,2.870375,0.000322196487
110.0,1.1595,2.869375,0.000322196487
110.0,1.15975,2.86875,0.000322196487
110.0,1.15975,2.869125,0.000322196487
110.0,1.159875,2.869375,0.000322196487
110.0,1.16,2.869,0.000322196487
110.0,1.159875,2.8685,0.000322196487
110.0,1.15975,2.8685,0.000322196487
110.0,1.15975,2.8685,0.000322196487
110.0,1.159375,2.86925,0.000322196487
110.0,1.15925,2.869375,0.000322196487
110.0,1.159375,2.869375,0.000322196487
110.0,1.159375,2.869875,0.000322196487
110.0,1.15975,2.869875,0.000322196487
110.0,1.159375,2.87025,0.000322196487
110.0,1.159625,2.87075,0.000322196487
110.0,1.15975,2.870625,0.000322196487
110.0,1.159625,2.870125,0.000322196487
110.0,1.159875,2.869375,0.000322196487
110.0,1.159875,2.869,0.000322196487
110.0,1.159625,2.869125,0.000322196487
110.0,1.159625,2.869375,0.000322196487
110.0,1.15975,2.869,0.000322196487
110.0,1.15975,2.868625,0.000322196487
110.0,1.15975,2.868625,0.000322196487
110.0,1.15975,2.869125,0.000322196487
110.0,1.159375,2.86975,0.000322196487
110.0,1.159625,2.869375,0.000322196487
110.0,1.1595,2.8695,0.000322196487
110.0,1.159375,2.86975,0.000322196487
110.0,1.159125,2.86975,0.000322196487
110.0,1.159,2.87025,0.000322196487
110.0,1.159625,2.87075,0.000322196487
110.0,1.159875,2.8705,0.000322196487
110.0,1.159625,2.86975,0.000322196487
110.0,1.159875,2.86925,0.000322196487
110.0,1.159625,2.869125,0.000322196487
110.0,1.159375,2.869375,0.000322196487
110.0,1.159625,2.869375,0.000322196487
110.0,1.16,2.868875,0.000322196487
110.0,1.16,2.868875,0.000322196487
110.0,1.15975,2.86875,0.000322196487
110.0,1.159625,2.869375,0.000322196487
110.0,1.159125,2.8695,0.000322196487
110.0,1.159,2.869375,0.000322196487
110.0,1.158875,2.869625,0.000322196487
110.0,1.159375,2.869875,0.000322196487
110.0,1.159875,2.87,0.000322196487
110.0,1.159625,2.870375,0.000322196487
110.0,1.15975,2.870625,0.000322196487
110.0,1.159875,2.870375,0.000322196487
110.0,1.159875,2.8695,0.000322196487
110.0,1.160125,2.868875,0.000322196487
110.0,1.15975,2.869,0.000322196487
110.0,1.159875,2.86925,0.000322196487
110.0,1.15975,2.869125,0.000322196487
110.0,1.15975,2.869125,0.000322196487
110.0,1.1595,2.86875,0.000322196487
110.0,1.15975,2.868625,0.000322196487
110.0,1.16,2.86925,0.000322196487
110.0,1.1595,2.869375,0.000322196487
110.0,1.159125,2.869375,0.000322196487
110.0,1.15925,2.86975,0.000322196487
110.0,1.1595,2.869875,0.000322196487
110.0,1.159625,2.87,0.000322196487
110.0,1.159625,2.870375,0.000322196487
110.0,1.15975,2.870625,0.000322196487
110.0,1.15975,2.87,0.000322196487
110.0,1.159625,2.869,0.000322196487
110.0,1.160125,2.86875,0.000322196487
110.0,1.160125,2.86925,0.000322196487
110.0,1.15975,2.869375,0.000322196487
110.0,1.15975,2.868875,0.000322196487
110.0,1.15975,2.868875,0.000322196487
110.0,1.159875,2.868375,0.000322196487
110.0,1.1595,2.869125,0.000322196487
110.0,1.15925,2.8695,0.000322196487
110.0,1.1595,2.86925,0.000322196487
110.0,1.159625,2.869625,0.000322196487
110.0,1.159875,2.869625,0.000322196487
110.0,1.15975,2.8695,0.000322196487
110.0,1.1595,2.87,0.000322196487
110.0,1.15975,2.870375,0.000322196487
110.0,1.15975,2.87025,0.000322196487
110.0,1.159875,2.8695,0.000322196487
110.0,1.159875,2.869,0.000322196487
110.0,1.159625,2.869125,0.000322196487
110.0,1.1595,2.869375,0.000322196487
110.0,1.1595,2.8695,0.000322196487
110.0,1.160125,2.8695,0.000322196487
110.0,1.160125,2.869,0.000322196487
110.0,1.15975,2.868875,0.000322196487
110.0,1.1595,2.86925,0.000322196487
110.0,1.1595,2.86975,0.000322196487
110.0,1.159375,2.8695,0.000322196487
110.0,1.1595,2.86975,0.000322196487
110.0,1.159625,2.870125,0.000322196487
110.0,1.159375,2.87025,0.000322196487
110.0,1.1595,2.8705,0.000322196487
110.0,1.15975,2.87075,0.000322196487
110.0,1.159625,2.870625,0.000322196487
110.0,1.159375,2.86975,0.000322196487
110.0,1.15975,2.868875,0.000322196487
110.0,1.15975,2.869125,0.000322196487
111.0,1.106125,2.850125,0.000322339794
111.0,1.10625,2.85025,0.000322339794
111.0,1.106,2.850125,0.000322339794
111.0,1.106,2.850375,0.000322339794
111.0,1.10625,2.851,0.000322339794
111.0,1.1065,2.850875,0.000322339794
111.0,1.1065,2.850125,0.000322339794
111.0,1.1065,2.8495,0.000322339794
111.0,1.1065,2.8495,0.000322339794
111.0,1.106625,2.849375,0.000322339794
111.0,1.106375,2.849625,0.000322339794
111.0,1.106625,2.849875,0.000322339794
111.0,1.106625,2.84975,0.000322339794
111.0,1.10625,2.84925,0.000322339794
111.0,1.106125,2.849625,0.000322339794
111.0,1.106125,2.850125,0.000322339794
111.0,1.106,2.85,0.000322339794
111.0,1.106,2.85025,0.000322339794
111.0,1.106125,2.8505,0.000322339794
111.0,1.106,2.850375,0.000322339794
111.0,1.105875,2.85075,0.000322339794
111.0,1.10625,2.851,0.000322339794
111.0,1.106375,2.85075,0.000322339794
111.0,1.106375,2.850125,0.000322339794
111.0,1.106375,2.849375,0.000322339794
111.0,1.1065,2.849375,0.000322339794
111.0,1.1065,2.849625,0.000322339794
111.0,1.10625,2.849875,0.000322339794
111.0,1.106375,2.84975,0.000322339794
111.0,1.107,2.84925,0.000322339794
111.0,1.106625,2.849125,0.000322339794
111.0,1.106,2.84975,0.000322339794
111.0,1.105625,2.849875,0.000322339794
111.0,1.10575,2.84975,0.000322339794
111.0,1.10575,2.850125,0.000322339794
111.0,1.105875,2.850375,0.000322339794
111.0,1.105875,2.8505,0.000322339794
111.0,1.10625,2.851,0.000322339794
111.0,1.1065,2.85125,0.000322339794
111.0,1.10625,2.850625,0.000322339794
111.0,1.106375,2.849875,0.000322339794
111.0,1.106375,2.849875,0.000322339794
111.0,1.1065,2.8495,0.000322339794
111.0,1.106375,2.84975,0.000322339794
111.0,1.106375,2.85,0.000322339794
111.0,1.10675,2.84975,0.000322339794
111.0,1.10675,2.849375,0.000322339794
111.0,1.10675,2.849625,0.000322339794
111.0,1.10625,2.849875,0.000322339794
111.0,1.106125,2.849875,0.000322339794
111.0,1.10625,2.85,0.000322339794
111.0,1.106375,2.85025,0.000322339794
111.0,1.106375,2.85025,0.000322339794
111.0,1.10625,2.8505,0.000322339794
111.0,1.106125,2.851125,0.000322339794
111.0,1.106125,2.851,0.000322339794
111.0,1.106625,2.85025,0.000322339794
111.0,1.106625,2.85025,0.000322339794
111.0,1.106375,2.84975,0.000322339794
111.0,1.10625,2.849625,0.000322339794
111.0,1.10625,2.84975,0.000322339794
111.0,1.106,2.849875,0.000322339794
111.0,1.1065,2.849625,0.000322339794
111.0,1.106625,2.84925,0.000322339794
111.0,1.106125,2.8495,0.000322339794
111.0,1.105875,2.850125,0.000322339794
111.0,1.105625,2.85,0.000322339794
111.0,1.10625,2.85,0.000322339794
111.0,1.10625,2.8505,0.000322339794
111.0,1.105875,2.8505,0.000322339794
111.0,1.106125,2.85075,0.000322339794
111.0,1.106,2.85125,0.000322339794
111.0,1.106375,2.85075,0.000322339794
111.0,1.106375,2.85075,0.000322339794
111.0,1.10625,2.85025,0.000322339794
111.0,1.10625,2.849375,0.000322339794
111.0,1.10625,2.8495,0.000322339794
111.0,1.10625,2.849875,0.000322339794
111.0,1.1065,2.849875,0.000322339794
111.0,1.106375,2.849375,0.000322339794
111.0,1.10625,2.849125,0.000322339794
111.0,1.106125,2.849375,0.000322339794
111.0,1.106125,2.849875,0.000322339794
111.0,1.105875,2.849875,0.000322339794
111.0,1.105625,2.850125,0.000322339794
111.0,1.106125,2.85025,0.000322339794
111.0,1.106125,2.850375,0.000322339794
111.0,1.106,2.851125,0.000322339794
111.0,1.105875,2.851375,0.000322339794
111.0,1.105875,2.851375,0.000322339794
111.0,1.106125,2.85075,0.000322339794
111.0,1.106125,2.849625,0.000322339794
111.0,1.10625,2.849375,0.000322339794
111.0,1.10575,2.849625,0.000322339794
111.0,1.105875,2.849875,0.000322339794
111.0,1.106375,2.84975,0.000322339794
111.0,1.10625,2.84925,0.000322339794
111.0,1.10625,2.84925,0.000322339794
111.0,1.105875,2.84975,0.000322339794
111.0,1.105875,2.85,0.000322339794
111.0,1.106125,2.85,0.000322339794
111.0,1.106,2.85025,0.000322339794
111.0,1.10575,2.85025,0.000322339794
111.0,1.105875,2.8505,0.000322339794
111.0,1.106375,2.851125,0.000322339794
111.0,1.106375,2.851125,0.000322339794
111.0,1.1065,2.851125,0.000322339794
111.0,1.106125,2.8505,0.000322339794
111.0,1.106375,2.849875,0.000322339794
111.0,1.10675,2.84975,0.000322339794
111.0,1.106625,2.849875,0.000322339794
111.0,1.106625,2.85,0.000322339794
111.0,1.106875,2.849625,0.000322339794
111.0,1.10675,2.84925,0.000322339794
111.0,1.106,2.8495,0.000322339794
111.0,1.105875,2.85,0.000322339794
111.0,1.10625,2.84975,0.000322339794
111.0,1.106125,2.85,0.000322339794
111.0,1.105625,2.850375,0.000322339794
111.0,1.10575,2.850375,0.000322339794
111.0,1.106,2.85075,0.000322339794
111.0,1.106,2.851125,0.000322339794
111.0,1.106125,2.851125,0.000322339794
111.0,1.10575,2.850875,0.000322339794
111.0,1.106,2.85025,0.000322339794
111.0,1.106,2.8495,0.000322339794
111.0,1.10625,2.8495,0.000322339794
111.0,1.106,2.84975,0.000322339794
111.0,1.106375,2.84975,0.000322339794
111.0,1.10675,2.84925,0.000322339794
111.0,1.1065,2.849,0.000322339794
111.0,1.10625,2.8495,0.000322339794
111.0,1.106,2.84975,0.000322339794
111.0,1.106125,2.849625,0.000322339794
111.0,1.106375,2.85,0.000322339794
111.0,1.10625,2.85025,0.000322339794
111.0,1.106,2.85025,0.000322339794
111.0,1.106,2.850625,0.000322339794
111.0,1.106,2.850625,0.000322339794
111.0,1.1065,2.851,0.000322339794
111.0,1.106625,2.850625,0.000322339794
111.0,1.10675,2.849875,0.000322339794
111.0,1.106625,2.849375,0.000322339794
111.0,1.106625,2.849625,0.000322339794
111.0,1.106625,2.84975,0.000322339794
111.0,1.107,2.849625,0.000322339794
111.0,1.10675,2.84925,0.000322339794
111.0,1.106875,2.84925,0.000322339794
111.0,1.1065,2.849875,0.000322339794
111.0,1.10625,2.84975,0.000322339794
111.0,1.106375,2.849875,0.000322339794
111.0,1.106375,2.85025,0.000322339794
111.0,1.10625,2.850125,0.000322339794
111.0,1.105625,2.8505,0.000322339794
111.0,1.105625,2.8505,0.000322339794
111.0,1.105875,2.851,0.000322339794
111.0,1.106375,2.851,0.000322339794
111.0,1.106125,2.850625,0.000322339794
111.0,1.106375,2.84975,0.000322339794
111.0,1.1065,2.849375,0.000322339794
111.0,1.10625,2.849625,0.000322339794
111.0,1.106375,2.84975,0.000322339794
111.0,1.106625,2.8495,0.000322339794
111.0,1.106625,2.84925,0.000322339794
111.0,1.106125,2.8495,0.000322339794
111.0,1.105875,2.850125,0.000322339794
111.0,1.105625,2.849875,0.000322339794
111.0,1.10575,2.849875,0.000322339794
111.0,1.106,2.850125,0.000322339794
112.0,1.053375,2.828875,0.000322339329
112.0,1.053375,2.828375,0.000322339329
112.0,1.053,2.828375,0.000322339329
112.0,1.053,2.829125,0.000322339329
112.0,1.05275,2.829,0.000322339329
112.0,1.052875,2.829125,0.000322339329
112.0,1.052625,2.829375,0.000322339329
112.0,1.052375,2.829375,0.000322339329
112.0,1.052375,2.829375,0.000322339329
112.0,1.052375,2.829625,0.000322339329
112.0,1.0525,2.830125,0.000322339329
112.0,1.05275,2.83,0.000322339329
112.0,1.052375,2.82925,0.000322339329
112.0,1.05275,2.8285,0.000322339329
112.0,1.053,2.828625,0.000322339329
112.0,1.052875,2.828875,0.000322339329
112.0,1.05275,2.828875,0.000322339329
112.0,1.05275,2.8285,0.000322339329
112.0,1.053,2.82825,0.000322339329
112.0,1.052625,2.828625,0.000322339329
112.0,1.052625,2.829,0.000322339329
112.0,1.052625,2.828875,0.000322339329
112.0,1.0525,2.829125,0.000322339329
112.0,1.05225,2.82925,0.000322339329
112.0,1.05225,2.82925,0.000322339329
112.0,1.05225,2.829375,0.000322339329
112.0,1.052375,2.82975,0.000322339329
112.0,1.052875,2.83,0.000322339329
112.0,1.053,2.829625,0.000322339329
112.0,1.05275,2.82925,0.000322339329
112.0,1.053125,2.8285,0.000322339329
112.0,1.053375,2.828625,0.000322339329
112.0,1.05325,2.828875,0.000322339329
112.0,1.053375,2.828875,0.000322339329
112.0,1.053125,2.8285,0.000322339329
112.0,1.053125,2.828375,0.000322339329
112.0,1.053,2.828625,0.000322339329
112.0,1.052625,2.828875,0.000322339329
112.0,1.052625,2.829125,0.000322339329
112.0,1.05325,2.8295,0.000322339329
112.0,1.05325,2.829625,0.000322339329
112.0,1.05325,2.829625,0.000322339329
112.0,1.052625,2.829625,0.000322339329
112.0,1.0525,2.830125,0.000322339329
112.0,1.05275,2.830375,0.000322339329
112.0,1.053,2.82975,0.000322339329
112.0,1.05325,2.829,0.000322339329
112.0,1.053375,2.828625,0.000322339329
112.0,1.0525,2.828875,0.000322339329
112.0,1.052625,2.829,0.000322339329
112.0,1.053375,2.82875,0.000322339329
112.0,1.0535,2.828375,0.000322339329
112.0,1.053375,2.8285,0.000322339329
112.0,1.05275,2.829,0.000322339329
112.0,1.052625,2.828875,0.000322339329
112.0,1.052875,2.829,0.000322339329
112.0,1.05275,2.829375,0.000322339329
112.0,1.05275,2.829375,0.000322339329
112.0,1.052625,2.8295,0.000322339329
112.0,1.05275,2.82975,0.000322339329
112.0,1.05325,2.830125,0.000322339329
112.0,1.05325,2.829875,0.000322339329
112.0,1.053,2.829375,0.000322339329
112.0,1.052875,2.8285,0.000322339329
112.0,1.05275,2.8285,0.000322339329
112.0,1.052375,2.82875,0.000322339329
112.0,1.052875,2.828875,0.000322339329
112.0,1.05325,2.8285,0.000322339329
112.0,1.053125,2.828125,0.000322339329
112.0,1.053125,2.828375,0.000322339329
112.0,1.053,2.82875,0.000322339329
112.0,1.053,2.828875,0.000322339329
112.0,1.053,2.829125,0.000322339329
112.0,1.053,2.829125,0.000322339329
112.0,1.053,2.829375,0.000322339329
112.0,1.05275,2.829375,0.000322339329
112.0,1.0525,2.82975,0.000322339329
112.0,1.052625,2.830125,0.000322339329
112.0,1.053,2.829875,0.000322339329
112.0,1.052625,2.82925,0.000322339329
112.0,1.053125,2.828625,0.000322339329
112.0,1.053,2.82875,0.000322339329
112.0,1.052875,2.828875,0.000322339329
112.0,1.05325,2.828875,0.000322339329
112.0,1.053375,2.8285,0.000322339329
112.0,1.05325,2.828375,0.000322339329
112.0,1.053,2.829,0.000322339329
112.0,1.0525,2.82925,0.000322339329
112.0,1.05275,2.829,0.000322339329
112.0,1.05275,2.829,0.000322339329
112.0,1.052875,2.829375,0.000322339329
112.0,1.05275,2.8295,0.000322339329
112.0,1.052125,2.829625,0.000322339329
112.0,1.052625,2.830375,0.000322339329
112.0,1.053,2.830625,0.000322339329
112.0,1.052875,2.830125,0.000322339329
112.0,1.05275,2.829125,0.000322339329
112.0,1.053,2.8285,0.000322339329
112.0,1.052875,2.829,0.000322339329
112.0,1.052875,2.82925,0.000322339329
112.0,1.05325,2.828875,0.000322339329
112.0,1.053,2.828375,0.000322339329
112.0,1.053,2.8285,0.000322339329
112.0,1.052625,2.829125,0.000322339329
112.0,1.05275,2.82925,0.000322339329
112.0,1.05275,2.82925,0.000322339329
112.0,1.052625,2.829125,0.000322339329
112.0,1.052625,2.8295,0.000322339329
112.0,1.0525,2.8295,0.000322339329
112.0,1.052375,2.82975,0.000322339329
112.0,1.0525,2.83025,0.000322339329
112.0,1.052625,2.830125,0.000322339329
112.0,1.052625,2.8295,0.000322339329
112.0,1.053,2.82875,0.000322339329
112.0,1.053,2.8285,0.000322339329
112.0,1.0525,2.828625,0.000322339329
112.0,1.05275,2.829,0.000322339329
112.0,1.052875,2.82875,0.000322339329
112.0,1.053125,2.828125,0.000322339329
112.0,1.05275,2.828375,0.000322339329
112.0,1.052875,2.828875,0.000322339329
112.0,1.052875,2.828875,0.000322339329
112.0,1.052875,2.828625,0.000322339329
112.0,1.052625,2.829,0.000322339329
112.0,1.05275,2.829375,0.000322339329
112.0,1.052875,2.829375,0.000322339329
112.0,1.05275,2.829875,0.000322339329
112.0,1.053,2.83025,0.000322339329
112.0,1.053125,2.830125,0.000322339329
112.0,1.053125,2.829375,0.000322339329
112.0,1.053,2.828625,0.000322339329
112.0,1.053125,2.82875,0.000322339329
112.0,1.053,2.829,0.000322339329
112.0,1.052875,2.828875,0.000322339329
112.0,1.05325,2.828375,0.000322339329
112.0,1.0535,2.828375,0.000322339329
112.0,1.05325,2.829,0.000322339329
112.0,1.0525,2.829,0.000322339329
112.0,1.0525,2.82925,0.000322339329
112.0,1.0525,2.82925,0.000322339329
112.0,1.05275,2.8295,0.000322339329
112.0,1.052625,2.8295,0.000322339329
112.0,1.05275,2.829625,0.000322339329
112.0,1.053,2.83,0.000322339329
112.0,1.05325,2.83025,0.000322339329
112.0,1.05325,2.82975,0.000322339329
112.0,1.053125,2.829,0.000322339329
112.0,1.053375,2.828625,0.000322339329
112.0,1.053125,2.8285,0.000322339329
112.0,1.052625,2.829,0.000322339329
112.0,1.052875,2.828875,0.000322339329
112.0,1.053125,2.828375,0.000322339329
112.0,1.053,2.82825,0.000322339329
112.0,1.053125,2.828875,0.000322339329
112.0,1.053125,2.828875,0.000322339329
112.0,1.053,2.829,0.000322339329
112.0,1.052625,2.829125,0.000322339329
112.0,1.052625,2.82925,0.000322339329
112.0,1.052625,2.829375,0.000322339329
112.0,1.052625,2.8295,0.000322339329
112.0,1.05275,2.83025,0.000322339329
112.0,1.05325,2.830125,0.000322339329
112.0,1.053125,2.8295,0.000322339329
112.0,1.052875,2.828875,0.000322339329
112.0,1.052625,2.828625,0.000322339329
112.0,1.053,2.828875,0.000322339329
112.0,1.05325,2.82875,0.000322339329
112.0,1.053125,2.828375,0.000322339329
112.0,1.053125,2.828125,0.000322339329
113.0,1.00075,2.80675,0.000322312495
113.0,1.000625,2.80675,0.000322312495
113.0,1.0005,2.807,0.000322312495
113.0,1.0,2.807125,0.000322312495
113.0,1.00075,2.8075,0.000322312495
113.0,1.001375,2.80775,0.000322312495
113.0,1.000875,2.807375,0.000322312495
113.0,1.00075,2.806625,0.000322312495
113.0,1.00075,2.80625,0.000322312495
113.0,1.001125,2.80625,0.000322312495
113.0,1.001125,2.8065,0.000322312495
113.0,1.000875,2.806625,0.000322312495
113.0,1.001125,2.8065,0.000322312495
113.0,1.00125,2.806125,0.000322312495
113.0,1.001125,2.80625,0.000322312495
113.0,1.000625,2.806625,0.000322312495
113.0,1.0005,2.80675,0.000322312495
113.0,1.0005,2.807125,0.000322312495
113.0,1.0005,2.807375,0.000322312495
113.0,1.000375,2.80725,0.000322312495
113.0,1.000625,2.807375,0.000322312495
113.0,1.001,2.807875,0.000322312495
113.0,1.00125,2.807625,0.000322312495
113.0,1.001125,2.807,0.000322312495
113.0,1.001125,2.80625,0.000322312495
113.0,1.001125,2.80625,0.000322312495
113.0,1.001125,2.80625,0.000322312495
113.0,1.00075,2.806625,0.000322312495
113.0,1.001,2.806625,0.000322312495
113.0,1.001375,2.806125,0.000322312495
113.0,1.001375,2.805875,0.000322312495
113.0,1.001,2.806375,0.000322312495
113.0,1.00075,2.80675,0.000322312495
113.0,1.000625,2.8065,0.000322312495
113.0,1.00075,2.806875,0.000322312495
113.0,1.00075,2.807,0.000322312495
113.0,1.0005,2.807125,0.000322312495
113.0,1.000375,2.8075,0.000322312495
113.0,1.000375,2.80775,0.000322312495
113.0,1.000625,2.8075,0.000322312495
113.0,1.001,2.80675,0.000322312495
113.0,1.001,2.80675,0.000322312495
113.0,1.001125,2.806125,0.000322312495
113.0,1.00075,2.806125,0.000322312495
113.0,1.000625,2.806375,0.000322312495
113.0,1.001,2.806375,0.000322312495
113.0,1.001,2.806,0.000322312495
113.0,1.00075,2.80575,0.000322312495
113.0,1.0005,2.80625,0.000322312495
113.0,1.000375,2.806625,0.000322312495
113.0,1.000375,2.806625,0.000322312495
113.0,1.0005,2.807,0.000322312495
113.0,1.00075,2.807,0.000322312495
113.0,1.0005,2.807125,0.000322312495
113.0,1.000875,2.807875,0.000322312495
113.0,1.001,2.808,0.000322312495
113.0,1.001125,2.807625,0.000322312495
113.0,1.001125,2.807625,0.000322312495
113.0,1.001125,2.806625,0.000322312495
113.0,1.001,2.806375,0.000322312495
113.0,1.000625,2.8065,0.000322312495
113.0,1.000625,2.806625,0.000322312495
113.0,1.0005,2.806375,0.000322312495
113.0,1.00075,2.805875,0.000322312495
113.0,1.00125,2.806125,0.000322312495
113.0,1.000875,2.806625,0.000322312495
113.0,1.00075,2.80675,0.000322312495
113.0,1.00075,2.80675,0.000322312495
113.0,1.000875,2.807125,0.000322312495
113.0,1.0005,2.807,0.000322312495
113.0,1.000375,2.807375,0.000322312495
113.0,1.000375,2.80775,0.000322312495
113.0,1.00075,2.807625,0.000322312495
113.0,1.00075,2.807625,0.000322312495
113.0,1.000875,2.807125,0.000322312495
113.0,1.00075,2.80625,0.000322312495
113.0,1.000875,2.806,0.000322312495
113.0,1.000875,2.806375,0.000322312495
113.0,1.001,2.80625,0.000322312495
113.0,1.0015,2.805875,0.000322312495
113.0,1.00125,2.805625,0.000322312495
113.0,1.00075,2.805875,0.000322312495
113.0,1.0005,2.806375,0.000322312495
113.0,1.00025,2.8065,0.000322312495
113.0,1.00025,2.806875,0.000322312495
113.0,1.000375,2.80675,0.000322312495
113.0,1.000375,2.80675,0.000322312495
113.0,1.000375,2.80725,0.000322312495
113.0,1.00075,2.80775,0.000322312495
113.0,1.00075,2.80775,0.000322312495
113.0,1.001125,2.8075,0.000322312495
113.0,1.001,2.806625,0.000322312495
113.0,1.001,2.806125,0.000322312495
113.0,1.000625,2.806125,0.000322312495
113.0,1.000625,2.8065,0.000322312495
113.0,1.00075,2.80625,0.000322312495
113.0,1.000875,2.805625,0.000322312495
113.0,1.001,2.80575,0.000322312495
113.0,1.000875,2.806375,0.000322312495
113.0,1.00075,2.8065,0.000322312495
113.0,1.000375,2.806125,0.000322312495
113.0,1.00075,2.806625,0.000322312495
113.0,1.000875,2.80675,0.000322312495
113.0,1.000625,2.806875,0.000322312495
113.0,1.001,2.807625,0.000322312495
113.0,1.001,2.807625,0.000322312495
113.0,1.001,2.80775,0.000322312495
113.0,1.0005,2.807375,0.000322312495
113.0,1.00075,2.806375,0.000322312495
113.0,1.00125,2.805875,0.000322312495
113.0,1.001,2.80625,0.000322312495
113.0,1.00075,2.806375,0.000322312495
113.0,1.001125,2.80625,0.000322312495
113.0,1.001375,2.805625,0.000322312495
113.0,1.001,2.805625,0.000322312495
113.0,1.000625,2.806125,0.000322312495
113.0,1.0005,2.806125,0.000322312495
113.0,1.0005,2.80625,0.000322312495
113.0,1.00075,2.806625,0.000322312495
113.0,1.000375,2.80675,0.000322312495
113.0,1.00025,2.80675,0.000322312495
113.0,1.00025,2.80725,0.000322312495
113.0,1.000625,2.80725,0.000322312495
113.0,1.001,2.807375,0.000322312495
113.0,1.00075,2.8065,0.000322312495
113.0,1.000625,2.80575,0.000322312495
113.0,1.00075,2.805625,0.000322312495
113.0,1.000375,2.805875,0.000322312495
113.0,1.000625,2.806125,0.000322312495
113.0,1.001125,2.805875,0.000322312495
113.0,1.00125,2.80575,0.000322312495
113.0,1.000875,2.806125,0.000322312495
113.0,1.000125,2.806625,0.000322312495
113.0,1.000375,2.8065,0.000322312495
113.0,1.0005,2.806625,0.000322312495
113.0,1.00075,2.806875,0.000322312495
113.0,1.0005,2.807,0.000322312495
113.0,1.00025,2.8075,0.000322312495
113.0,1.00025,2.8075,0.000322312495
113.0,1.0005,2.80775,0.000322312495
113.0,1.000375,2.807375,0.000322312495
113.0,1.0005,2.8065,0.000322312495
113.0,1.000625,2.80625,0.000322312495
113.0,1.000875,2.806125,0.000322312495
113.0,1.001125,2.80625,0.000322312495
113.0,1.00125,2.80625,0.000322312495
113.0,1.001375,2.80575,0.000322312495
113.0,1.001125,2.805875,0.000322312495
113.0,1.000875,2.80625,0.000322312495
113.0,1.000625,2.806375,0.000322312495
113.0,1.000375,2.806625,0.000322312495
113.0,1.000375,2.80675,0.000322312495
113.0,1.000625,2.806875,0.000322312495
113.0,1.00025,2.806875,0.000322312495
113.0,1.00025,2.806875,0.000322312495
113.0,1.000875,2.8075,0.000322312495
113.0,1.001125,2.8075,0.000322312495
113.0,1.001,2.807125,0.000322312495
113.0,1.000875,2.806375,0.000322312495
113.0,1.001375,2.805875,0.000322312495
113.0,1.000875,2.806125,0.000322312495
113.0,1.0005,2.806375,0.000322312495
113.0,1.001125,2.806375,0.000322312495
113.0,1.001125,2.805875,0.000322312495
113.0,1.00075,2.80575,0.000322312495
113.0,1.000625,2.80625,0.000322312495
113.0,1.00025,2.806125,0.000322312495
113.0,1.000625,2.80625,0.000322312495
113.0,1.000625,2.80675,0.000322312495
114.0,0.95025,2.780625,0.000322392269
114.0,0.949625,2.781125,0.000322392269
114.0,0.949875,2.78125,0.000322392269
114.0,0.95,2.7815,0.000322392269
114.0,0.949625,2.78175,0.000322392269
114.0,0.94925,2.78175,0.000322392269
114.0,0.949375,2.782,0.000322392269
114.0,0.949625,2.7825,0.000322392269
114.0,0.949625,2.7825,0.000322392269
114.0,0.95,2.782125,0.000322392269
114.0,0.950125,2.7815,0.000322392269
114.0,0.950125,2.780875,0.000322392269
114.0,0.950125,2.780625,0.000322392269
114.0,0.950125,2.78075,0.000322392269
114.0,0.95,2.781,0.000322392269
114.0,0.950125,2.78075,0.000322392269
114.0,0.95,2.780375,0.000322392269
114.0,0.94975,2.780625,0.000322392269
114.0,0.949375,2.781,0.000322392269
114.0,0.94925,2.781,0.000322392269
114.0,0.949625,2.781375,0.000322392269
114.0,0.949875,2.78175,0.000322392269
114.0,0.9495,2.781625,0.000322392269
114.0,0.9495,2.782,0.000322392269
114.0,0.94975,2.782,0.000322392269
114.0,0.94975,2.782375,0.000322392269
114.0,0.9495,2.782125,0.000322392269
114.0,0.95,2.7815,0.000322392269
114.0,0.950125,2.780625,0.000322392269
114.0,0.95,2.780875,0.000322392269
114.0,0.950125,2.781125,0.000322392269
114.0,0.950125,2.781,0.000322392269
114.0,0.95025,2.780625,0.000322392269
114.0,0.95025,2.7805,0.000322392269
114.0,0.95025,2.78075,0.000322392269
114.0,0.950125,2.781125,0.000322392269
114.0,0.94975,2.781,0.000322392269
114.0,0.949375,2.781375,0.000322392269
114.0,0.949625,2.781375,0.000322392269
114.0,0.949625,2.7815,0.000322392269
114.0,0.94975,2.781875,0.000322392269
114.0,0.94975,2.781875,0.000322392269
114.0,0.95,2.78225,0.000322392269
114.0,0.949875,2.78175,0.000322392269
114.0,0.95025,2.780875,0.000322392269
114.0,0.95025,2.7805,0.000322392269
114.0,0.95025,2.78075,0.000322392269
114.0,0.95025,2.78125,0.000322392269
114.0,0.95025,2.78075,0.000322392269
114.0,0.950125,2.780375,0.000322392269
114.0,0.95025,2.7805,0.000322392269
114.0,0.95,2.781,0.000322392269
114.0,0.949625,2.781,0.000322392269
114.0,0.949375,2.781125,0.000322392269
114.0,0.949375,2.7815,0.000322392269
114.0,0.94925,2.781375,0.000322392269
114.0,0.949375,2.7815,0.000322392269
114.0,0.949375,2.7815,0.000322392269
114.0,0.949875,2.782125,0.000322392269
114.0,0.950125,2.782,0.000322392269
114.0,0.95025,2.7815,0.000322392269
114.0,0.950125,2.78075,0.000322392269
114.0,0.95025,2.7805,0.000322392269
114.0,0.95,2.780875,0.000322392269
114.0,0.950125,2.780875,0.000322392269
114.0,0.950375,2.780625,0.000322392269
114.0,0.95025,2.780125,0.000322392269
114.0,0.95025,2.780625,0.000322392269
114.0,0.94975,2.781,0.000322392269
114.0,0.95,2.780875,0.000322392269
114.0,0.950125,2.781,0.000322392269
114.0,0.95025,2.78125,0.000322392269
114.0,0.94975,2.781375,0.000322392269
114.0,0.94975,2.781375,0.000322392269
114.0,0.949625,2.781875,0.000322392269
114.0,0.950125,2.78225,0.000322392269
114.0,0.950875,2.782,0.000322392269
114.0,0.95025,2.78125,0.000322392269
114.0,0.950375,2.7805,0.000322392269
114.0,0.95025,2.780625,0.000322392269
114.0,0.949875,2.780875,0.000322392269
114.0,0.94975,2.780875,0.000322392269
114.0,0.95025,2.7805,0.000322392269
114.0,0.95,2.7805,0.000322392269
114.0,0.950125,2.781,0.000322392269
114.0,0.950125,2.781,0.000322392269
114.0,0.949875,2.780875,0.000322392269
114.0,0.94975,2.781125,0.000322392269
114.0,0.949875,2.781375,0.000322392269
114.0,0.949875,2.781375,0.000322392269
114.0,0.949875,2.781375,0.000322392269
114.0,0.949875,2.78175,0.000322392269
114.0,0.950125,2.781875,0.000322392269
114.0,0.950125,2.78175,0.000322392269
114.0,0.95,2.781,0.000322392269
114.0,0.950125,2.780375,0.000322392269
114.0,0.950125,2.780625,0.000322392269
114.0,0.950125,2.780875,0.000322392269
114.0,0.950375,2.780875,0.000322392269
114.0,0.950125,2.780375,0.000322392269
114.0,0.950125,2.78025,0.000322392269
114.0,0.94975,2.780875,0.000322392269
114.0,0.949375,2.781,0.000322392269
114.0,0.949625,2.781125,0.000322392269
114.0,0.94975,2.78125,0.000322392269
114.0,0.94975,2.78125,0.000322392269
114.0,0.949625,2.78125,0.000322392269
114.0,0.949625,2.781375,0.000322392269
114.0,0.950125,2.782,0.000322392269
114.0,0.94975,2.782,0.000322392269
114.0,0.94975,2.781375,0.000322392269
114.0,0.949875,2.780625,0.000322392269
114.0,0.950125,2.7805,0.000322392269
114.0,0.949625,2.78075,0.000322392269
114.0,0.949875,2.781,0.000322392269
114.0,0.950375,2.780625,0.000322392269
114.0,0.950375,2.78025,0.000322392269
114.0,0.94975,2.7805,0.000322392269
114.0,0.949375,2.780625,0.000322392269
114.0,0.949625,2.780625,0.000322392269
114.0,0.949875,2.781,0.000322392269
114.0,0.949875,2.781,0.000322392269
114.0,0.949875,2.781375,0.000322392269
114.0,0.95,2.781375,0.000322392269
114.0,0.9495,2.78175,0.000322392269
114.0,0.9495,2.782,0.000322392269
114.0,0.949875,2.781625,0.000322392269
114.0,0.949875,2.781125,0.000322392269
114.0,0.950125,2.7805,0.000322392269
114.0,0.94975,2.780625,0.000322392269
114.0,0.949625,2.78075,0.000322392269
114.0,0.950125,2.78075,0.000322392269
114.0,0.950375,2.780375,0.000322392269
114.0,0.950125,2.78025,0.000322392269
114.0,0.950125,2.78075,0.000322392269
114.0,0.94975,2.781125,0.000322392269
114.0,0.949375,2.781,0.000322392269
114.0,0.94975,2.781375,0.000322392269
114.0,0.94975,2.781375,0.000322392269
114.0,0.949875,2.78125,0.000322392269
114.0,0.94975,2.781125,0.000322392269
114.0,0.949625,2.781625,0.000322392269
114.0,0.94975,2.782125,0.000322392269
114.0,0.94975,2.78175,0.000322392269
114.0,0.949875,2.780875,0.000322392269
114.0,0.950125,2.780375,0.000322392269
114.0,0.95025,2.780625,0.000322392269
114.0,0.949875,2.780625,0.000322392269
114.0,0.95,2.780375,0.000322392269
114.0,0.95025,2.78,0.000322392269
114.0,0.949875,2.78,0.000322392269
114.0,0.94975,2.78075,0.000322392269
114.0,0.94975,2.780875,0.000322392269
114.0,0.94975,2.78075,0.000322392269
114.0,0.94975,2.78075,0.000322392269
114.0,0.949625,2.781,0.000322392269
114.0,0.949625,2.781,0.000322392269
114.0,0.94975,2.78125,0.000322392269
114.0,0.95025,2.78175,0.000322392269
114.0,0.950125,2.782,0.000322392269
114.0,0.95025,2.781375,0.000322392269
114.0,0.95,2.7805,0.000322392269
114.0,0.949875,2.780375,0.000322392269
114.0,0.94975,2.780625,0.000322392269
114.0,0.950375,2.780875,0.000322392269
114.0,0.950625,2.7805,0.000322392269
114.0,0.950375,2.78,0.000322392269
114.0,0.95025,2.78025,0.000322392269
114.0,0.94975,2.780875,0.000322392269
115.0,0.8995,2.75375,0.000322172185
115.0,0.8995,2.753625,0.000322172185
115.0,0.899125,2.754,0.000322172185
115.0,0.899375,2.754125,0.000322172185
115.0,0.899625,2.75375,0.000322172185
115.0,0.89975,2.753375,0.000322172185
115.0,0.899375,2.754,0.000322172185
115.0,0.89875,2.754375,0.000322172185
115.0,0.89875,2.754375,0.000322172185
115.0,0.898625,2.75425,0.000322172185
115.0,0.89875,2.7545,0.000322172185
115.0,0.898875,2.754875,0.000322172185
115.0,0.898875,2.75475,0.000322172185
115.0,0.899,2.755125,0.000322172185
115.0,0.89925,2.755625,0.000322172185
115.0,0.899125,2.75525,0.000322172185
115.0,0.899125,2.754625,0.000322172185
115.0,0.89925,2.753875,0.000322172185
115.0,0.899375,2.754,0.000322172185
115.0,0.898875,2.75425,0.000322172185
115.0,0.899375,2.754,0.000322172185
115.0,0.89975,2.753625,0.000322172185
115.0,0.899625,2.7535,0.000322172185
115.0,0.899125,2.754125,0.000322172185
115.0,0.899125,2.754125,0.000322172185
115.0,0.899,2.754375,0.000322172185
115.0,0.899,2.754125,0.000322172185
115.0,0.89925,2.7545,0.000322172185
115.0,0.899125,2.7545,0.000322172185
115.0,0.899,2.7545,0.000322172185
115.0,0.899125,2.755,0.000322172185
115.0,0.89925,2.75525,0.000322172185
115.0,0.899125,2.755,0.000322172185
115.0,0.899375,2.754125,0.000322172185
115.0,0.8995,2.753625,0.000322172185
115.0,0.8995,2.754,0.000322172185
115.0,0.899375,2.754125,0.000322172185
115.0,0.8995,2.754,0.000322172185
115.0,0.8995,2.7535,0.000322172185
115.0,0.8995,2.753625,0.000322172185
115.0,0.8995,2.754125,0.000322172185
115.0,0.899125,2.754125,0.000322172185
115.0,0.899,2.754125,0.000322172185
115.0,0.899125,2.75425,0.000322172185
115.0,0.899125,2.75475,0.000322172185
115.0,0.8985,2.7545,0.000322172185
115.0,0.898875,2.754875,0.000322172185
115.0,0.899125,2.7555,0.000322172185
115.0,0.89925,2.75525,0.000322172185
115.0,0.89925,2.7545,0.000322172185
115.0,0.899,2.75375,0.000322172185
115.0,0.899125,2.753625,0.000322172185
115.0,0.898875,2.754,0.000322172185
115.0,0.89925,2.754,0.000322172185
115.0,0.899375,2.753875,0.000322172185
115.0,0.8995,2.753375,0.000322172185
115.0,0.899125,2.753625,0.000322172185
115.0,0.899125,2.753625,0.000322172185
115.0,0.89925,2.75425,0.000322172185
115.0,0.898875,2.75425,0.000322172185
115.0,0.898875,2.754375,0.000322172185
115.0,0.898625,2.754625,0.000322172185
115.0,0.898625,2.75475,0.000322172185
115.0,0.899,2.755,0.000322172185
115.0,0.89925,2.75525,0.000322172185
115.0,0.899375,2.755125,0.000322172185
115.0,0.899375,2.754375,0.000322172185
115.0,0.89925,2.75375,0.000322172185
115.0,0.89875,2.753875,0.000322172185
115.0,0.899125,2.754125,0.000322172185
115.0,0.89925,2.754125,0.000322172185
115.0,0.899125,2.753625,0.000322172185
115.0,0.899125,2.753375,0.000322172185
115.0,0.899125,2.753375,0.000322172185
115.0,0.898875,2.754,0.000322172185
115.0,0.89875,2.7545,0.000322172185
115.0,0.898875,2.754125,0.000322172185
115.0,0.899125,2.7545,0.000322172185
115.0,0.899,2.754625,0.000322172185
115.0,0.898875,2.75475,0.000322172185
115.0,0.899125,2.75525,0.000322172185
115.0,0.8995,2.755625,0.000322172185
115.0,0.899125,2.755125,0.000322172185
115.0,0.899125,2.754125,0.000322172185
115.0,0.899375,2.753625,0.000322172185
115.0,0.899375,2.754,0.000322172185
115.0,0.899375,2.75425,0.000322172185
115.0,0.89975,2.754,0.000322172185
115.0,0.89975,2.753625,0.000322172185
115.0,0.89975,2.753625,0.000322172185
115.0,0.8995,2.7535,0.000322172185
115.0,0.899375,2.754125,0.000322172185
115.0,0.899125,2.75425,0.000322172185
115.0,0.89875,2.75425,0.000322172185
115.0,0.89875,2.754625,0.000322172185
115.0,0.898875,2.754625,0.000322172185
115.0,0.898875,2.754625,0.000322172185
115.0,0.899125,2.755,0.000322172185
115.0,0.899625,2.755125,0.000322172185
115.0,0.8995,2.75475,0.000322172185
115.0,0.8995,2.753875,0.000322172185
115.0,0.8995,2.7535,0.000322172185
115.0,0.8995,2.753875,0.000322172185
115.0,0.8995,2.753875,0.000322172185
115.0,0.899375,2.7535,0.000322172185
115.0,0.899375,2.7535,0.000322172185
115.0,0.899375,2.753125,0.000322172185
115.0,0.899375,2.753375,0.000322172185
115.0,0.898625,2.753875,0.000322172185
115.0,0.898625,2.754,0.000322172185
115.0,0.89925,2.75425,0.000322172185
115.0,0.899,2.7545,0.000322172185
115.0,0.899,2.7545,0.000322172185
115.0,0.899125,2.754875,0.000322172185
115.0,0.89925,2.75525,0.000322172185
115.0,0.899375,2.755125,0.000322172185
115.0,0.899375,2.75425,0.000322172185
115.0,0.89975,2.753625,0.000322172185
115.0,0.8995,2.753875,0.000322172185
115.0,0.8995,2.754,0.000322172185
115.0,0.899625,2.754,0.000322172185
115.0,0.899625,2.754,0.000322172185
115.0,0.9,2.753625,0.000322172185
115.0,0.899625,2.753375,0.000322172185
115.0,0.899,2.753875,0.000322172185
115.0,0.899125,2.754125,0.000322172185
115.0,0.899125,2.754,0.000322172185
115.0,0.898625,2.754375,0.000322172185
115.0,0.898875,2.7545,0.000322172185
115.0,0.899125,2.754625,0.000322172185
115.0,0.899,2.755125,0.000322172185
115.0,0.8995,2.755375,0.000322172185
115.0,0.89925,2.754875,0.000322172185
115.0,0.899125,2.75425,0.000322172185
115.0,0.89925,2.753875,0.000322172185
115.0,0.899375,2.753875,0.000322172185
115.0,0.8995,2.754125,0.000322172185
115.0,0.8995,2.753875,0.000322172185
115.0,0.89975,2.753875,0.000322172185
115.0,0.899875,2.7535,0.000322172185
115.0,0.899625,2.7535,0.000322172185
115.0,0.8995,2.754,0.000322172185
115.0,0.89925,2.75425,0.000322172185
115.0,0.899375,2.754125,0.000322172185
115.0,0.89925,2.754375,0.000322172185
115.0,0.89925,2.7545,0.000322172185
115.0,0.899125,2.75475,0.000322172185
115.0,0.89925,2.75525,0.000322172185
115.0,0.899375,2.755375,0.000322172185
115.0,0.8995,2.75475,0.000322172185
115.0,0.899625,2.753875,0.000322172185
115.0,0.8995,2.75375,0.000322172185
115.0,0.899375,2.754,0.000322172185
115.0,0.899375,2.754,0.000322172185
115.0,0.89925,2.754,0.000322172185
115.0,0.899375,2.753875,0.000322172185
115.0,0.899625,2.75325,0.000322172185
115.0,0.899375,2.753625,0.000322172185
115.0,0.899,2.754,0.000322172185
115.0,0.899,2.754125,0.000322172185
115.0,0.898875,2.754125,0.000322172185
115.0,0.899125,2.7545,0.000322172185
115.0,0.899125,2.7545,0.000322172185
115.0,0.899,2.755,0.000322172185
115.0,0.89925,2.755375,0.000322172185
115.0,0.899375,2.755,0.000322172185
115.0,0.89925,2.75425,0.000322172185
115.0,0.89925,2.7535,0.000322172185
115.0,0.899375,2.75375,0.000322172185
116.0,0.8495,2.729,0.000322156789
116.0,0.849625,2.729,0.000322156789
116.0,0.849875,2.728375,0.000322156789
116.0,0.85,2.7275,0.000322156789
116.0,0.85,2.7275,0.000322156789
116.0,0.850125,2.72775,0.000322156789
116.0,0.849875,2.72775,0.000322156789
116.0,0.850125,2.727625,0.000322156789
116.0,0.850125,2.727625,0.000322156789
116.0,0.849625,2.727125,0.000322156789
116.0,0.849125,2.727375,0.000322156789
116.0,0.84925,2.728,0.000322156789
116.0,0.849375,2.728,0.000322156789
116.0,0.849375,2.728,0.000322156789
116.0,0.849625,2.728375,0.000322156789
116.0,0.8495,2.72825,0.000322156789
116.0,0.849125,2.7285,0.000322156789
116.0,0.849375,2.728875,0.000322156789
116.0,0.849875,2.728625,0.000322156789
116.0,0.849875,2.728125,0.000322156789
116.0,0.849875,2.727375,0.000322156789
116.0,0.85,2.72725,0.000322156789
116.0,0.849625,2.727625,0.000322156789
116.0,0.8495,2.72775,0.000322156789
116.0,0.8495,2.72725,0.000322156789
116.0,0.85,2.72725,0.000322156789
116.0,0.85,2.726875,0.000322156789
116.0,0.849625,2.7275,0.000322156789
116.0,0.84975,2.72775,0.000322156789
116.0,0.849375,2.72775,0.000322156789
116.0,0.849375,2.728125,0.000322156789
116.0,0.8495,2.72825,0.000322156789
116.0,0.849375,2.72825,0.000322156789
116.0,0.84975,2.728625,0.000322156789
116.0,0.849875,2.729125,0.000322156789
116.0,0.849625,2.728875,0.000322156789
116.0,0.8495,2.727875,0.000322156789
116.0,0.84975,2.72725,0.000322156789
116.0,0.849625,2.727625,0.000322156789
116.0,0.84975,2.727875,0.000322156789
116.0,0.84975,2.727875,0.000322156789
116.0,0.850125,2.727875,0.000322156789
116.0,0.85,2.72725,0.000322156789
116.0,0.850125,2.72725,0.000322156789
116.0,0.849875,2.728,0.000322156789
116.0,0.849625,2.728,0.000322156789
116.0,0.849625,2.728125,0.000322156789
116.0,0.84975,2.728375,0.000322156789
116.0,0.84975,2.728375,0.000322156789
116.0,0.8495,2.728625,0.000322156789
116.0,0.849375,2.729,0.000322156789
116.0,0.84975,2.72925,0.000322156789
116.0,0.849875,2.7285,0.000322156789
116.0,0.84975,2.727875,0.000322156789
116.0,0.85,2.7275,0.000322156789
116.0,0.849625,2.727875,0.000322156789
116.0,0.849625,2.728125,0.000322156789
116.0,0.849625,2.728125,0.000322156789
116.0,0.849875,2.72775,0.000322156789
116.0,0.850125,2.727375,0.000322156789
116.0,0.85,2.727625,0.000322156789
116.0,0.84975,2.728,0.000322156789
116.0,0.84975,2.728125,0.000322156789
116.0,0.849625,2.72825,0.000322156789
116.0,0.84975,2.728375,0.000322156789
116.0,0.8495,2.728375,0.000322156789
116.0,0.8495,2.72875,0.000322156789
116.0,0.849625,2.729375,0.000322156789
116.0,0.85,2.729,0.000322156789
116.0,0.850125,2.72825,0.000322156789
116.0,0.84975,2.727625,0.000322156789
116.0,0.84975,2.7275,0.000322156789
116.0,0.849875,2.727875,0.000322156789
116.0,0.849875,2.727875,0.000322156789
116.0,0.849875,2.728,0.000322156789
116.0,0.85,2.7275,0.000322156789
116.0,0.85,2.727375,0.000322156789
116.0,0.84975,2.727875,0.000322156789
116.0,0.8495,2.72825,0.000322156789
116.0,0.849625,2.727875,0.000322156789
116.0,0.8495,2.728125,0.000322156789
116.0,0.84925,2.7285,0.000322156789
116.0,0.8495,2.728375,0.000322156789
116.0,0.849625,2.728875,0.000322156789
116.0,0.849625,2.729375,0.000322156789
116.0,0.85,2.728875,0.000322156789
116.0,0.85,2.72825,0.000322156789
116.0,0.849875,2.7275,0.000322156789
116.0,0.84975,2.727625,0.000322156789
116.0,0.84975,2.727625,0.000322156789
116.0,0.8495,2.728,0.000322156789
116.0,0.849625,2.727875,0.000322156789
116.0,0.849875,2.727375,0.000322156789
116.0,0.849625,2.7275,0.000322156789
116.0,0.849375,2.728,0.000322156789
116.0,0.84975,2.72825,0.000322156789
116.0,0.84975,2.72825,0.000322156789
116.0,0.849625,2.728375,0.000322156789
116.0,0.8495,2.728375,0.000322156789
116.0,0.8495,2.728375,0.000322156789
116.0,0.849625,2.729,0.000322156789
116.0,0.84975,2.729,0.000322156789
116.0,0.85,2.728375,0.000322156789
116.0,0.84975,2.72775,0.000322156789
116.0,0.8495,2.727625,0.000322156789
116.0,0.8495,2.727625,0.000322156789
116.0,0.8495,2.72775,0.000322156789
116.0,0.849875,2.728,0.000322156789
116.0,0.850125,2.72775,0.000322156789
116.0,0.8495,2.72725,0.000322156789
116.0,0.84975,2.727625,0.000322156789
116.0,0.8495,2.728125,0.000322156789
116.0,0.8495,2.728125,0.000322156789
116.0,0.849875,2.728125,0.000322156789
116.0,0.849625,2.72825,0.000322156789
116.0,0.849375,2.728375,0.000322156789
116.0,0.84975,2.72875,0.000322156789
116.0,0.85,2.729125,0.000322156789
116.0,0.849875,2.729125,0.000322156789
116.0,0.84975,2.728625,0.000322156789
116.0,0.84975,2.727625,0.000322156789
116.0,0.84975,2.727375,0.000322156789
116.0,0.849875,2.727375,0.000322156789
116.0,0.849875,2.72775,0.000322156789
116.0,0.850125,2.728,0.000322156789
116.0,0.85,2.7275,0.000322156789
116.0,0.849875,2.72725,0.000322156789
116.0,0.8495,2.727375,0.000322156789
116.0,0.84925,2.728,0.000322156789
116.0,0.849125,2.728,0.000322156789
116.0,0.849125,2.728125,0.000322156789
116.0,0.849375,2.728375,0.000322156789
116.0,0.8495,2.728375,0.000322156789
116.0,0.849625,2.728875,0.000322156789
116.0,0.84975,2.729125,0.000322156789
116.0,0.849625,2.728875,0.000322156789
116.0,0.849875,2.728375,0.000322156789
116.0,0.849875,2.72775,0.000322156789
116.0,0.849625,2.72775,0.000322156789
116.0,0.8495,2.727875,0.000322156789
116.0,0.849625,2.727875,0.000322156789
116.0,0.849625,2.72775,0.000322156789
116.0,0.850125,2.7275,0.000322156789
116.0,0.849875,2.727625,0.000322156789
116.0,0.849875,2.728,0.000322156789
116.0,0.849875,2.728375,0.000322156789
116.0,0.849625,2.728375,0.000322156789
116.0,0.849875,2.728625,0.000322156789
116.0,0.849875,2.7285,0.000322156789
116.0,0.84975,2.7285,0.000322156789
116.0,0.85,2.72925,0.000322156789
116.0,0.850125,2.7295,0.000322156789
116.0,0.85025,2.728875,0.000322156789
116.0,0.849875,2.72825,0.000322156789
116.0,0.849875,2.72825,0.000322156789
116.0,0.849625,2.728,0.000322156789
116.0,0.84975,2.728,0.000322156789
116.0,0.85,2.72825,0.000322156789
116.0,0.850125,2.728,0.000322156789
116.0,0.850375,2.727375,0.000322156789
116.0,0.85025,2.72775,0.000322156789
116.0,0.84975,2.72825,0.000322156789
116.0,0.849625,2.728125,0.000322156789
116.0,0.849625,2.728375,0.000322156789
116.0,0.849625,2.72875,0.000322156789
116.0,0.8495,2.72875,0.000322156789
116.0,0.849125,2.729,0.000322156789
116.0,0.8495,2.729125,0.000322156789
116.0,0.85,2.729125,0.000322156789
117.0,0.801,2.69875,0.000322223874
117.0,0.80075,2.699,0.000322223874
117.0,0.800875,2.698875,0.000322223874
117.0,0.80075,2.698625,0.000322223874
117.0,0.80075,2.6985,0.000322223874
117.0,0.80075,2.699125,0.000322223874
117.0,0.800625,2.699375,0.000322223874
117.0,0.80075,2.6995,0.000322223874
117.0,0.80075,2.6995,0.000322223874
117.0,0.800875,2.6995,0.000322223874
117.0,0.80075,2.699625,0.000322223874
117.0,0.800625,2.69975,0.000322223874
117.0,0.801125,2.70025,0.000322223874
117.0,0.80125,2.700375,0.000322223874
117.0,0.801,2.699875,0.000322223874
117.0,0.800625,2.698875,0.000322223874
117.0,0.80075,2.698375,0.000322223874
117.0,0.80075,2.698625,0.000322223874
117.0,0.800875,2.698875,0.000322223874
117.0,0.801,2.69875,0.000322223874
117.0,0.801,2.69825,0.000322223874
117.0,0.801125,2.6985,0.000322223874
117.0,0.800875,2.699125,0.000322223874
117.0,0.801,2.69875,0.000322223874
117.0,0.801,2.69875,0.000322223874
117.0,0.800625,2.698875,0.000322223874
117.0,0.80075,2.69925,0.000322223874
117.0,0.800875,2.699375,0.000322223874
117.0,0.80075,2.699625,0.000322223874
117.0,0.801125,2.7,0.000322223874
117.0,0.801,2.69975,0.000322223874
117.0,0.801,2.69925,0.000322223874
117.0,0.80075,2.69875,0.000322223874
117.0,0.800875,2.69875,0.000322223874
117.0,0.800375,2.69875,0.000322223874
117.0,0.800875,2.699,0.000322223874
117.0,0.801125,2.698625,0.000322223874
117.0,0.80125,2.6985,0.000322223874
117.0,0.801125,2.699,0.000322223874
117.0,0.800875,2.699375,0.000322223874
117.0,0.800875,2.69925,0.000322223874
117.0,0.801,2.69925,0.000322223874
117.0,0.800875,2.699375,0.000322223874
117.0,0.800625,2.699625,0.000322223874
117.0,0.800625,2.6995,0.000322223874
117.0,0.800625,2.700125,0.000322223874
117.0,0.80075,2.7005,0.000322223874
117.0,0.801,2.7,0.000322223874
117.0,0.80125,2.69925,0.000322223874
117.0,0.801,2.698625,0.000322223874
117.0,0.800875,2.698875,0.000322223874
117.0,0.80075,2.699125,0.000322223874
117.0,0.8005,2.699125,0.000322223874
117.0,0.801,2.698625,0.000322223874
117.0,0.801125,2.6985,0.000322223874
117.0,0.800875,2.699125,0.000322223874
117.0,0.800875,2.69925,0.000322223874
117.0,0.80075,2.69925,0.000322223874
117.0,0.80075,2.699125,0.000322223874
117.0,0.800625,2.6995,0.000322223874
117.0,0.800875,2.6995,0.000322223874
117.0,0.80075,2.6995,0.000322223874
117.0,0.8005,2.70025,0.000322223874
117.0,0.801,2.700125,0.000322223874
117.0,0.801,2.699875,0.000322223874
117.0,0.801,2.699125,0.000322223874
117.0,0.801125,2.698625,0.000322223874
117.0,0.801,2.69875,0.000322223874
117.0,0.80075,2.699,0.000322223874
117.0,0.80075,2.699,0.000322223874
117.0,0.801,2.698625,0.000322223874
117.0,0.80075,2.698625,0.000322223874
117.0,0.8005,2.69925,0.000322223874
117.0,0.8005,2.69925,0.000322223874
117.0,0.80025,2.699125,0.000322223874
117.0,0.800625,2.699125,0.000322223874
117.0,0.800625,2.699375,0.000322223874
117.0,0.800625,2.699375,0.000322223874
117.0,0.8005,2.699625,0.000322223874
117.0,0.800625,2.700125,0.000322223874
117.0,0.800875,2.700125,0.000322223874
117.0,0.800625,2.699375,0.000322223874
117.0,0.80075,2.6985,0.000322223874
117.0,0.800625,2.6985,0.000322223874
117.0,0.80075,2.698875,0.000322223874
117.0,0.801,2.699,0.000322223874
117.0,0.80125,2.6985,0.000322223874
117.0,0.8015,2.69825,0.000322223874
117.0,0.801125,2.69875,0.000322223874
117.0,0.801125,2.69875,0.000322223874
117.0,0.80075,2.699125,0.000322223874
117.0,0.80075,2.699,0.000322223874
117.0,0.800625,2.699125,0.000322223874
117.0,0.800625,2.699375,0.000322223874
117.0,0.8005,2.699375,0.000322223874
117.0,0.800125,2.699875,0.000322223874
117.0,0.80025,2.700125,0.000322223874
117.0,0.800625,2.7,0.000322223874
117.0,0.80075,2.699375,0.000322223874
117.0,0.801125,2.698625,0.000322223874
117.0,0.80125,2.69875,0.000322223874
117.0,0.801,2.699,0.000322223874
117.0,0.801125,2.699,0.000322223874
117.0,0.80125,2.6985,0.000322223874
117.0,0.801125,2.6985,0.000322223874
117.0,0.801125,2.6985,0.000322223874
117.0,0.80075,2.699125,0.000322223874
117.0,0.800125,2.699125,0.000322223874
117.0,0.800125,2.69925,0.000322223874
117.0,0.80075,2.699625,0.000322223874
117.0,0.800625,2.699625,0.000322223874
117.0,0.80075,2.6995,0.000322223874
117.0,0.801,2.7,0.000322223874
117.0,0.801125,2.700375,0.000322223874
117.0,0.80125,2.7,0.000322223874
117.0,0.800875,2.69925,0.000322223874
117.0,0.801,2.698625,0.000322223874
117.0,0.800875,2.69875,0.000322223874
117.0,0.8005,2.699,0.000322223874
117.0,0.800875,2.69875,0.000322223874
117.0,0.800875,2.69825,0.000322223874
117.0,0.800875,2.69825,0.000322223874
117.0,0.80075,2.6985,0.000322223874
117.0,0.800875,2.699125,0.000322223874
117.0,0.8005,2.699125,0.000322223874
117.0,0.800625,2.699125,0.000322223874
117.0,0.8005,2.6995,0.000322223874
117.0,0.8005,2.6995,0.000322223874
117.0,0.800875,2.69975,0.000322223874
117.0,0.801,2.70025,0.000322223874
117.0,0.801,2.70025,0.000322223874
117.0,0.80125,2.6995,0.000322223874
117.0,0.801125,2.69875,0.000322223874
117.0,0.801125,2.698625,0.000322223874
117.0,0.800875,2.699,0.000322223874
117.0,0.801,2.69925,0.000322223874
117.0,0.8015,2.699,0.000322223874
117.0,0.8015,2.6985,0.000322223874
117.0,0.8015,2.6985,0.000322223874
117.0,0.800875,2.69875,0.000322223874
117.0,0.80075,2.699375,0.000322223874
117.0,0.8005,2.69925,0.000322223874
117.0,0.800375,2.699375,0.000322223874
117.0,0.8005,2.69975,0.000322223874
117.0,0.80025,2.699625,0.000322223874
117.0,0.8005,2.700125,0.000322223874
117.0,0.800875,2.700375,0.000322223874
117.0,0.801125,2.700125,0.000322223874
117.0,0.800875,2.699375,0.000322223874
117.0,0.80075,2.69875,0.000322223874
117.0,0.80075,2.699,0.000322223874
117.0,0.800375,2.699,0.000322223874
117.0,0.801,2.699,0.000322223874
117.0,0.801,2.69875,0.000322223874
117.0,0.80125,2.69875,0.000322223874
117.0,0.801125,2.6985,0.000322223874
117.0,0.800875,2.699,0.000322223874
117.0,0.80075,2.699125,0.000322223874
117.0,0.800875,2.699125,0.000322223874
117.0,0.8005,2.699375,0.000322223874
117.0,0.80025,2.6995,0.000322223874
117.0,0.8005,2.699375,0.000322223874
117.0,0.80075,2.699875,0.000322223874
117.0,0.800625,2.700125,0.000322223874
117.0,0.800625,2.7,0.000322223874
117.0,0.800625,2.699375,0.000322223874
117.0,0.801,2.698875,0.000322223874
117.0,0.800875,2.69875,0.000322223874
117.0,0.80075,2.699,0.000322223874
118.0,0.752875,2.668375,0.000322261185
118.0,0.752625,2.6685,0.000322261185
118.0,0.752625,2.669125,0.000322261185
118.0,0.75275,2.669,0.000322261185
118.0,0.752875,2.668375,0.000322261185
118.0,0.752875,2.6675,0.000322261185
118.0,0.753125,2.66725,0.000322261185
118.0,0.753125,2.667625,0.000322261185
118.0,0.753125,2.667625,0.000322261185
118.0,0.752875,2.667875,0.000322261185
118.0,0.753,2.667375,0.000322261185
118.0,0.752875,2.666875,0.000322261185
118.0,0.75275,2.667375,0.000322261185
118.0,0.752625,2.66775,0.000322261185
118.0,0.75225,2.6675,0.000322261185
118.0,0.7525,2.667875,0.000322261185
118.0,0.752875,2.668125,0.000322261185
118.0,0.752625,2.668,0.000322261185
118.0,0.75275,2.6685,0.000322261185
118.0,0.752625,2.668875,0.000322261185
118.0,0.75275,2.6685,0.000322261185
118.0,0.753125,2.66775,0.000322261185
118.0,0.752875,2.667,0.000322261185
118.0,0.753,2.66725,0.000322261185
118.0,0.753,2.667375,0.000322261185
118.0,0.752875,2.667375,0.000322261185
118.0,0.753,2.6675,0.000322261185
118.0,0.75325,2.66725,0.000322261185
118.0,0.75325,2.66725,0.000322261185
118.0,0.752625,2.66775,0.000322261185
118.0,0.7525,2.66775,0.000322261185
118.0,0.75275,2.667625,0.000322261185
118.0,0.75275,2.668,0.000322261185
118.0,0.752625,2.668,0.000322261185
118.0,0.7525,2.66825,0.000322261185
118.0,0.75275,2.668875,0.000322261185
118.0,0.75275,2.668875,0.000322261185
118.0,0.75325,2.668625,0.000322261185
118.0,0.75325,2.668,0.000322261185
118.0,0.753125,2.6675,0.000322261185
118.0,0.753125,2.6675,0.000322261185
118.0,0.75325,2.6675,0.000322261185
118.0,0.753125,2.667875,0.000322261185
118.0,0.753,2.667625,0.000322261185
118.0,0.753125,2.667125,0.000322261185
118.0,0.753,2.667125,0.000322261185
118.0,0.75275,2.66775,0.000322261185
118.0,0.7525,2.668,0.000322261185
118.0,0.75275,2.668,0.000322261185
118.0,0.75225,2.66825,0.000322261185
118.0,0.752375,2.668375,0.000322261185
118.0,0.75275,2.6685,0.000322261185
118.0,0.753,2.669,0.000322261185
118.0,0.753,2.668875,0.000322261185
118.0,0.75275,2.66825,0.000322261185
118.0,0.753125,2.667375,0.000322261185
118.0,0.753,2.667375,0.000322261185
118.0,0.753,2.667375,0.000322261185
118.0,0.753125,2.66775,0.000322261185
118.0,0.75275,2.668,0.000322261185
118.0,0.75275,2.667625,0.000322261185
118.0,0.752875,2.667375,0.000322261185
118.0,0.753,2.667625,0.000322261185
118.0,0.75275,2.668125,0.000322261185
118.0,0.752625,2.667875,0.000322261185
118.0,0.752875,2.668125,0.000322261185
118.0,0.753,2.66825,0.000322261185
118.0,0.752875,2.66825,0.000322261185
118.0,0.75275,2.668625,0.000322261185
118.0,0.753,2.669,0.000322261185
118.0,0.753375,2.668625,0.000322261185
118.0,0.753,2.668,0.000322261185
118.0,0.7525,2.667375,0.000322261185
118.0,0.7525,2.667375,0.000322261185
118.0,0.75275,2.6675,0.000322261185
118.0,0.75275,2.668,0.000322261185
118.0,0.752875,2.667875,0.000322261185
118.0,0.7535,2.6675,0.000322261185
118.0,0.753375,2.66725,0.000322261185
118.0,0.753125,2.667625,0.000322261185
118.0,0.752875,2.667875,0.000322261185
118.0,0.752625,2.66775,0.000322261185
118.0,0.75275,2.668125,0.000322261185
118.0,0.752875,2.66825,0.000322261185
118.0,0.7525,2.66825,0.000322261185
118.0,0.752875,2.66875,0.000322261185
118.0,0.75325,2.668875,0.000322261185
118.0,0.753375,2.668625,0.000322261185
118.0,0.753,2.668,0.000322261185
118.0,0.753,2.668,0.000322261185
118.0,0.752875,2.667375,0.000322261185
118.0,0.75275,2.6675,0.000322261185
118.0,0.752875,2.668,0.000322261185
118.0,0.752875,2.66775,0.000322261185
118.0,0.753,2.66725,0.000322261185
118.0,0.752875,2.6675,0.000322261185
118.0,0.75275,2.668,0.000322261185
118.0,0.75275,2.668,0.000322261185
118.0,0.752875,2.667875,0.000322261185
118.0,0.752875,2.668375,0.000322261185
118.0,0.753,2.668375,0.000322261185
118.0,0.752875,2.668625,0.000322261185
118.0,0.753,2.668875,0.000322261185
118.0,0.753,2.668875,0.000322261185
118.0,0.75325,2.668375,0.000322261185
118.0,0.75325,2.668375,0.000322261185
118.0,0.753375,2.667625,0.000322261185
118.0,0.75325,2.6675,0.000322261185
118.0,0.752875,2.667875,0.000322261185
118.0,0.752625,2.668,0.000322261185
118.0,0.752875,2.6675,0.000322261185
118.0,0.75275,2.667125,0.000322261185
118.0,0.75275,2.6675,0.000322261185
118.0,0.75275,2.668125,0.000322261185
118.0,0.752875,2.667875,0.000322261185
118.0,0.752875,2.668,0.000322261185
118.0,0.752625,2.66825,0.000322261185
118.0,0.7525,2.66825,0.000322261185
118.0,0.75275,2.6685,0.000322261185
118.0,0.753,2.669,0.000322261185
118.0,0.75325,2.668625,0.000322261185
118.0,0.75325,2.668125,0.000322261185
118.0,0.75325,2.668125,0.000322261185
118.0,0.753125,2.667375,0.000322261185
118.0,0.75275,2.667375,0.000322261185
118.0,0.75275,2.667625,0.000322261185
118.0,0.753125,2.66775,0.000322261185
118.0,0.753375,2.667375,0.000322261185
118.0,0.753125,2.667125,0.000322261185
118.0,0.752875,2.6675,0.000322261185
118.0,0.753125,2.667625,0.000322261185
118.0,0.752875,2.66775,0.000322261185
118.0,0.7525,2.668,0.000322261185
118.0,0.752375,2.66825,0.000322261185
118.0,0.7525,2.668375,0.000322261185
118.0,0.7525,2.66875,0.000322261185
118.0,0.753125,2.669125,0.000322261185
118.0,0.753125,2.66875,0.000322261185
118.0,0.75275,2.66875,0.000322261185
118.0,0.752875,2.668,0.000322261185
118.0,0.752875,2.667625,0.000322261185
118.0,0.75275,2.66775,0.000322261185
118.0,0.752625,2.66775,0.000322261185
118.0,0.753125,2.667875,0.000322261185
118.0,0.75325,2.667375,0.000322261185
118.0,0.753,2.6675,0.000322261185
118.0,0.75275,2.668125,0.000322261185
118.0,0.752625,2.668125,0.000322261185
118.0,0.752625,2.668125,0.000322261185
118.0,0.752875,2.668375,0.000322261185
118.0,0.7525,2.668375,0.000322261185
118.0,0.75225,2.668625,0.000322261185
118.0,0.75275,2.669375,0.000322261185
118.0,0.75275,2.66925,0.000322261185
118.0,0.753,2.66925,0.000322261185
118.0,0.753,2.668625,0.000322261185
118.0,0.75275,2.66775,0.000322261185
118.0,0.753,2.667375,0.000322261185
118.0,0.753125,2.667625,0.000322261185
118.0,0.75325,2.667875,0.000322261185
118.0,0.75325,2.667625,0.000322261185
118.0,0.753125,2.66725,0.000322261185
118.0,0.753,2.6675,0.000322261185
118.0,0.752375,2.668,0.000322261185
118.0,0.75275,2.668,0.000322261185
118.0,0.752625,2.66825,0.000322261185
118.0,0.753,2.6685,0.000322261185
118.0,0.75275,2.6685,0.000322261185
118.0,0.75275,2.668625,0.000322261185
119.0,0.70675,2.636625,0.000322373351
119.0,0.706875,2.636375,0.000322373351
119.0,0.706875,2.63675,0.000322373351
119.0,0.707,2.636875,0.000322373351
119.0,0.707,2.637,0.000322373351
119.0,0.706875,2.637375,0.000322373351
119.0,0.707,2.637625,0.000322373351
119.0,0.706625,2.63725,0.000322373351
119.0,0.706625,2.63725,0.000322373351
119.0,0.707125,2.636625,0.000322373351
119.0,0.707375,2.636125,0.000322373351
119.0,0.707125,2.636375,0.000322373351
119.0,0.70725,2.6365,0.000322373351
119.0,0.707375,2.6365,0.000322373351
119.0,0.707375,2.636125,0.000322373351
119.0,0.707,2.636,0.000322373351
119.0,0.7065,2.6365,0.000322373351
119.0,0.706875,2.636625,0.000322373351
119.0,0.707,2.636625,0.000322373351
119.0,0.70675,2.63675,0.000322373351
119.0,0.7065,2.636875,0.000322373351
119.0,0.70675,2.637375,0.000322373351
119.0,0.70725,2.637625,0.000322373351
119.0,0.707375,2.63775,0.000322373351
119.0,0.707125,2.63775,0.000322373351
119.0,0.707125,2.63725,0.000322373351
119.0,0.707125,2.636375,0.000322373351
119.0,0.707125,2.63625,0.000322373351
119.0,0.707,2.6365,0.000322373351
119.0,0.70725,2.636375,0.000322373351
119.0,0.707375,2.636125,0.000322373351
119.0,0.707625,2.636,0.000322373351
119.0,0.707375,2.6365,0.000322373351
119.0,0.706875,2.636875,0.000322373351
119.0,0.7065,2.6365,0.000322373351
119.0,0.70675,2.636625,0.000322373351
119.0,0.706625,2.636875,0.000322373351
119.0,0.706875,2.637,0.000322373351
119.0,0.706875,2.63725,0.000322373351
119.0,0.707125,2.63775,0.000322373351
119.0,0.7075,2.63725,0.000322373351
119.0,0.7075,2.63725,0.000322373351
119.0,0.707125,2.63675,0.000322373351
119.0,0.707,2.636125,0.000322373351
119.0,0.707125,2.63625,0.000322373351
119.0,0.706625,2.63625,0.000322373351
119.0,0.706875,2.636125,0.000322373351
119.0,0.707375,2.635875,0.000322373351
119.0,0.707375,2.63575,0.000322373351
119.0,0.70725,2.636125,0.000322373351
119.0,0.707,2.63625,0.000322373351
119.0,0.706875,2.636375,0.000322373351
119.0,0.706875,2.63675,0.000322373351
119.0,0.707,2.636875,0.000322373351
119.0,0.707,2.637,0.000322373351
119.0,0.70675,2.637375,0.000322373351
119.0,0.707,2.637625,0.000322373351
119.0,0.707,2.637625,0.000322373351
119.0,0.707,2.6375,0.000322373351
119.0,0.706875,2.63675,0.000322373351
119.0,0.706875,2.63625,0.000322373351
119.0,0.706375,2.63625,0.000322373351
119.0,0.706625,2.636625,0.000322373351
119.0,0.706625,2.636375,0.000322373351
119.0,0.706875,2.635875,0.000322373351
119.0,0.706625,2.636,0.000322373351
119.0,0.7065,2.6365,0.000322373351
119.0,0.706875,2.6365,0.000322373351
119.0,0.706875,2.6365,0.000322373351
119.0,0.706625,2.63675,0.000322373351
119.0,0.70675,2.63675,0.000322373351
119.0,0.706625,2.637,0.000322373351
119.0,0.706875,2.6375,0.000322373351
119.0,0.706875,2.6375,0.000322373351
119.0,0.707125,2.637625,0.000322373351
119.0,0.706875,2.637125,0.000322373351
119.0,0.70675,2.6365,0.000322373351
119.0,0.706875,2.63625,0.000322373351
119.0,0.706625,2.63625,0.000322373351
119.0,0.70675,2.6365,0.000322373351
119.0,0.707125,2.636125,0.000322373351
119.0,0.7075,2.63575,0.000322373351
119.0,0.707125,2.636125,0.000322373351
119.0,0.707,2.636875,0.000322373351
119.0,0.7065,2.63675,0.000322373351
119.0,0.70675,2.636875,0.000322373351
119.0,0.706875,2.637125,0.000322373351
119.0,0.70675,2.637,0.000322373351
119.0,0.707125,2.637375,0.000322373351
119.0,0.707125,2.637375,0.000322373351
119.0,0.707125,2.637875,0.000322373351
119.0,0.707125,2.6375,0.000322373351
119.0,0.707,2.636875,0.000322373351
119.0,0.7075,2.636125,0.000322373351
119.0,0.70725,2.636375,0.000322373351
119.0,0.706875,2.6365,0.000322373351
119.0,0.707125,2.63625,0.000322373351
119.0,0.70725,2.636,0.000322373351
119.0,0.707,2.63575,0.000322373351
119.0,0.7065,2.63625,0.000322373351
119.0,0.706875,2.6365,0.000322373351
119.0,0.706875,2.6365,0.000322373351
119.0,0.706875,2.63675,0.000322373351
119.0,0.706625,2.636875,0.000322373351
119.0,0.706625,2.636875,0.000322373351
119.0,0.706625,2.636875,0.000322373351
119.0,0.707,2.637625,0.000322373351
119.0,0.70725,2.637625,0.000322373351
119.0,0.707375,2.63725,0.000322373351
119.0,0.707125,2.6365,0.000322373351
119.0,0.707125,2.636125,0.000322373351
119.0,0.707,2.636375,0.000322373351
119.0,0.707125,2.6365,0.000322373351
119.0,0.70725,2.6365,0.000322373351
119.0,0.70725,2.636,0.000322373351
119.0,0.707,2.636,0.000322373351
119.0,0.707125,2.6365,0.000322373351
119.0,0.70675,2.636625,0.000322373351
119.0,0.706625,2.63675,0.000322373351
119.0,0.70675,2.636875,0.000322373351
119.0,0.706875,2.63675,0.000322373351
119.0,0.706875,2.63675,0.000322373351
119.0,0.707125,2.637125,0.000322373351
119.0,0.707,2.6375,0.000322373351
119.0,0.7075,2.637625,0.000322373351
119.0,0.7075,2.637125,0.000322373351
119.0,0.707125,2.6365,0.000322373351
119.0,0.70725,2.63625,0.000322373351
119.0,0.70675,2.6365,0.000322373351
119.0,0.706875,2.6365,0.000322373351
119.0,0.707,2.63625,0.000322373351
119.0,0.707,2.636,0.000322373351
119.0,0.707125,2.63625,0.000322373351
119.0,0.70675,2.63675,0.000322373351
119.0,0.70675,2.6365,0.000322373351
119.0,0.70675,2.636875,0.000322373351
119.0,0.707,2.637,0.000322373351
119.0,0.707125,2.637,0.000322373351
119.0,0.707125,2.637,0.000322373351
119.0,0.70675,2.63725,0.000322373351
119.0,0.707125,2.6375,0.000322373351
119.0,0.707,2.63725,0.000322373351
119.0,0.707125,2.636625,0.000322373351
119.0,0.70725,2.636,0.000322373351
119.0,0.706875,2.636,0.000322373351
119.0,0.707,2.63625,0.000322373351
119.0,0.707125,2.63625,0.000322373351
119.0,0.707375,2.63575,0.000322373351
119.0,0.7075,2.6355,0.000322373351
119.0,0.707,2.63625,0.000322373351
119.0,0.706875,2.636375,0.000322373351
119.0,0.707,2.63625,0.000322373351
119.0,0.707,2.6365,0.000322373351
119.0,0.706875,2.63675,0.000322373351
119.0,0.706875,2.63675,0.000322373351
119.0,0.706875,2.636875,0.000322373351
119.0,0.706875,2.637375,0.000322373351
119.0,0.707125,2.6375,0.000322373351
119.0,0.70725,2.637125,0.000322373351
119.0,0.707125,2.6365,0.000322373351
119.0,0.70725,2.636,0.000322373351
119.0,0.70725,2.63625,0.000322373351
119.0,0.70725,2.636375,0.000322373351
119.0,0.707375,2.63625,0.000322373351
119.0,0.7075,2.636,0.000322373351
119.0,0.707375,2.636,0.000322373351
119.0,0.70725,2.63675,0.000322373351
119.0,0.707,2.63675,0.000322373351
119.0,0.707,2.63675,0.000322373351
120.0,0.661,2.603125,0.000322290318
120.0,0.66125,2.6035,0.000322290318
120.0,0.66125,2.6035,0.000322290318
120.0,0.660875,2.603625,0.000322290318
120.0,0.661125,2.604,0.000322290318
120.0,0.661625,2.604125,0.000322290318
120.0,0.661625,2.6035,0.000322290318
120.0,0.66125,2.60275,0.000322290318
120.0,0.66125,2.60275,0.000322290318
120.0,0.661,2.60275,0.000322290318
120.0,0.661375,2.602875,0.000322290318
120.0,0.661625,2.602875,0.000322290318
120.0,0.661875,2.602625,0.000322290318
120.0,0.661875,2.6025,0.000322290318
120.0,0.661625,2.603,0.000322290318
120.0,0.661375,2.6035,0.000322290318
120.0,0.66125,2.603,0.000322290318
120.0,0.66125,2.60325,0.000322290318
120.0,0.661375,2.603625,0.000322290318
120.0,0.66075,2.603375,0.000322290318
120.0,0.660875,2.60375,0.000322290318
120.0,0.66125,2.60425,0.000322290318
120.0,0.661375,2.604,0.000322290318
120.0,0.661375,2.603375,0.000322290318
120.0,0.661375,2.602625,0.000322290318
120.0,0.6615,2.602625,0.000322290318
120.0,0.661625,2.603,0.000322290318
120.0,0.661375,2.60325,0.000322290318
120.0,0.6615,2.603,0.000322290318
120.0,0.661125,2.602375,0.000322290318
120.0,0.66125,2.60225,0.000322290318
120.0,0.661,2.603,0.000322290318
120.0,0.661,2.603125,0.000322290318
120.0,0.661,2.60275,0.000322290318
120.0,0.661125,2.60325,0.000322290318
120.0,0.661375,2.603375,0.000322290318
120.0,0.661125,2.6035,0.000322290318
120.0,0.66125,2.604,0.000322290318
120.0,0.66125,2.604,0.000322290318
120.0,0.661625,2.6035,0.000322290318
120.0,0.661625,2.602875,0.000322290318
120.0,0.661625,2.602875,0.000322290318
120.0,0.661875,2.6025,0.000322290318
120.0,0.661625,2.603,0.000322290318
120.0,0.6615,2.603,0.000322290318
120.0,0.661625,2.603,0.000322290318
120.0,0.6615,2.602375,0.000322290318
120.0,0.6615,2.602375,0.000322290318
120.0,0.6615,2.60325,0.000322290318
120.0,0.6615,2.60325,0.000322290318
120.0,0.66125,2.60325,0.000322290318
120.0,0.661375,2.603375,0.000322290318
120.0,0.661,2.6035,0.000322290318
120.0,0.661125,2.603625,0.000322290318
120.0,0.661375,2.604125,0.000322290318
120.0,0.661375,2.603875,0.000322290318
120.0,0.661375,2.6035,0.000322290318
120.0,0.661375,2.6035,0.000322290318
120.0,0.6615,2.602625,0.000322290318
120.0,0.6615,2.602625,0.000322290318
120.0,0.661375,2.602875,0.000322290318
120.0,0.6615,2.602875,0.000322290318
120.0,0.661875,2.6025,0.000322290318
120.0,0.662125,2.60225,0.000322290318
120.0,0.66175,2.602625,0.000322290318
120.0,0.66125,2.603125,0.000322290318
120.0,0.66125,2.603,0.000322290318
120.0,0.661125,2.60325,0.000322290318
120.0,0.661,2.6035,0.000322290318
120.0,0.661,2.6035,0.000322290318
120.0,0.661,2.603875,0.000322290318
120.0,0.661625,2.604125,0.000322290318
120.0,0.6615,2.60375,0.000322290318
120.0,0.6615,2.60375,0.000322290318
120.0,0.661625,2.60325,0.000322290318
120.0,0.66175,2.60275,0.000322290318
120.0,0.661625,2.602625,0.000322290318
120.0,0.661375,2.602875,0.000322290318
120.0,0.6615,2.602875,0.000322290318
120.0,0.661375,2.602375,0.000322290318
120.0,0.660875,2.60225,0.000322290318
120.0,0.660875,2.603,0.000322290318
120.0,0.661,2.603375,0.000322290318
120.0,0.661375,2.603125,0.000322290318
120.0,0.661,2.603375,0.000322290318
120.0,0.661,2.603375,0.000322290318
120.0,0.660875,2.6035,0.000322290318
120.0,0.66125,2.603875,0.000322290318
120.0,0.6615,2.60425,0.000322290318
120.0,0.6615,2.60425,0.000322290318
120.0,0.661625,2.603875,0.000322290318
120.0,0.66175,2.603,0.000322290318
120.0,0.661625,2.6025,0.000322290318
120.0,0.661625,2.602875,0.000322290318
120.0,0.6615,2.603,0.000322290318
120.0,0.661375,2.60275,0.000322290318
120.0,0.661625,2.602375,0.000322290318
120.0,0.661375,2.6025,0.000322290318
120.0,0.661,2.60325,0.000322290318
120.0,0.661,2.603125,0.000322290318
120.0,0.66075,2.60325,0.000322290318
120.0,0.661,2.6035,0.000322290318
120.0,0.660875,2.6035,0.000322290318
120.0,0.661125,2.603625,0.000322290318
120.0,0.66125,2.604,0.000322290318
120.0,0.66125,2.604,0.000322290318
120.0,0.6615,2.60425,0.000322290318
120.0,0.661375,2.603875,0.000322290318
120.0,0.661375,2.602875,0.000322290318
120.0,0.661625,2.60275,0.000322290318
120.0,0.661625,2.603,0.000322290318
120.0,0.6615,2.602875,0.000322290318
120.0,0.661625,2.6025,0.000322290318
120.0,0.66175,2.60225,0.000322290318
120.0,0.661375,2.60275,0.000322290318
120.0,0.66125,2.603375,0.000322290318
120.0,0.661125,2.60325,0.000322290318
120.0,0.661125,2.60325,0.000322290318
120.0,0.661125,2.603625,0.000322290318
120.0,0.661,2.60375,0.000322290318
120.0,0.660875,2.604,0.000322290318
120.0,0.660875,2.60425,0.000322290318
120.0,0.661,2.60425,0.000322290318
120.0,0.6615,2.60425,0.000322290318
120.0,0.661125,2.603625,0.000322290318
120.0,0.661375,2.60275,0.000322290318
120.0,0.66125,2.60275,0.000322290318
120.0,0.66125,2.603,0.000322290318
120.0,0.661625,2.603125,0.000322290318
120.0,0.661625,2.602625,0.000322290318
120.0,0.661875,2.6025,0.000322290318
120.0,0.6615,2.60325,0.000322290318
120.0,0.661,2.603375,0.000322290318
120.0,0.660875,2.603,0.000322290318
120.0,0.660875,2.6035,0.000322290318
120.0,0.660875,2.603375,0.000322290318
120.0,0.661375,2.6035,0.000322290318
120.0,0.661375,2.604125,0.000322290318
120.0,0.66125,2.604125,0.000322290318
120.0,0.661375,2.604375,0.000322290318
120.0,0.661375,2.604,0.000322290318
120.0,0.66125,2.603125,0.000322290318
120.0,0.661375,2.6025,0.000322290318
120.0,0.661,2.602875,0.000322290318
120.0,0.661375,2.603,0.000322290318
120.0,0.661375,2.603,0.000322290318
120.0,0.6615,2.6025,0.000322290318
120.0,0.661125,2.602625,0.000322290318
120.0,0.661375,2.603125,0.000322290318
120.0,0.661,2.603,0.000322290318
120.0,0.661,2.603125,0.000322290318
120.0,0.661,2.603375,0.000322290318
120.0,0.660875,2.603375,0.000322290318
120.0,0.661,2.603625,0.000322290318
120.0,0.661,2.603625,0.000322290318
120.0,0.661,2.604125,0.000322290318
120.0,0.661375,2.604125,0.000322290318
120.0,0.661375,2.603625,0.000322290318
120.0,0.661375,2.602625,0.000322290318
120.0,0.6615,2.6025,0.000322290318
120.0,0.6615,2.60275,0.000322290318
120.0,0.6615,2.603,0.000322290318
120.0,0.66175,2.602875,0.000322290318
120.0,0.662125,2.60225,0.000322290318
120.0,0.66175,2.602625,0.000322290318
120.0,0.661375,2.60325,0.000322290318
120.0,0.661375,2.603125,0.000322290318
120.0,0.661375,2.603,0.000322290318
120.0,0.66125,2.603375,0.000322290318
121.0,0.617,2.568,0.000322326669
121.0,0.61725,2.568,0.000322326669
121.0,0.617375,2.5675,0.000322326669
121.0,0.617375,2.5675,0.000322326669
121.0,0.617,2.56825,0.000322326669
121.0,0.616625,2.568,0.000322326669
121.0,0.616625,2.568125,0.000322326669
121.0,0.616625,2.56825,0.000322326669
121.0,0.616625,2.56825,0.000322326669
121.0,0.6165,2.56825,0.000322326669
121.0,0.61675,2.5685,0.000322326669
121.0,0.617,2.569125,0.000322326669
121.0,0.617125,2.569375,0.000322326669
121.0,0.617125,2.56875,0.000322326669
121.0,0.61725,2.568,0.000322326669
121.0,0.6175,2.567625,0.000322326669
121.0,0.617125,2.56775,0.000322326669
121.0,0.616875,2.568,0.000322326669
121.0,0.61675,2.567875,0.000322326669
121.0,0.616875,2.567375,0.000322326669
121.0,0.617125,2.5675,0.000322326669
121.0,0.617125,2.568125,0.000322326669
121.0,0.616875,2.567875,0.000322326669
121.0,0.617125,2.568125,0.000322326669
121.0,0.617,2.568125,0.000322326669
121.0,0.617,2.5685,0.000322326669
121.0,0.61675,2.5685,0.000322326669
121.0,0.616375,2.568625,0.000322326669
121.0,0.616625,2.569,0.000322326669
121.0,0.61725,2.569,0.000322326669
121.0,0.6175,2.56875,0.000322326669
121.0,0.61725,2.568,0.000322326669
121.0,0.6175,2.56775,0.000322326669
121.0,0.61725,2.568,0.000322326669
121.0,0.617375,2.568125,0.000322326669
121.0,0.617375,2.56775,0.000322326669
121.0,0.61725,2.5675,0.000322326669
121.0,0.617,2.56775,0.000322326669
121.0,0.616875,2.568125,0.000322326669
121.0,0.61675,2.56825,0.000322326669
121.0,0.616875,2.568375,0.000322326669
121.0,0.616875,2.568375,0.000322326669
121.0,0.61675,2.568625,0.000322326669
121.0,0.616625,2.5685,0.000322326669
121.0,0.616875,2.569125,0.000322326669
121.0,0.61725,2.569375,0.000322326669
121.0,0.617625,2.569125,0.000322326669
121.0,0.61725,2.56825,0.000322326669
121.0,0.61725,2.567625,0.000322326669
121.0,0.616875,2.567875,0.000322326669
121.0,0.616625,2.567875,0.000322326669
121.0,0.616875,2.568,0.000322326669
121.0,0.61725,2.5675,0.000322326669
121.0,0.617125,2.5675,0.000322326669
121.0,0.616875,2.568125,0.000322326669
121.0,0.616625,2.56825,0.000322326669
121.0,0.617,2.568,0.000322326669
121.0,0.617,2.568,0.000322326669
121.0,0.617125,2.568375,0.000322326669
121.0,0.61675,2.5685,0.000322326669
121.0,0.616375,2.568625,0.000322326669
121.0,0.616875,2.569125,0.000322326669
121.0,0.617,2.569375,0.000322326669
121.0,0.616875,2.56875,0.000322326669
121.0,0.616875,2.568125,0.000322326669
121.0,0.617125,2.56775,0.000322326669
121.0,0.617,2.567875,0.000322326669
121.0,0.617,2.567875,0.000322326669
121.0,0.61725,2.56775,0.000322326669
121.0,0.617125,2.5675,0.000322326669
121.0,0.616875,2.567625,0.000322326669
121.0,0.617,2.568,0.000322326669
121.0,0.617125,2.56775,0.000322326669
121.0,0.617125,2.56775,0.000322326669
121.0,0.617,2.568125,0.000322326669
121.0,0.617,2.5685,0.000322326669
121.0,0.617,2.5685,0.000322326669
121.0,0.616875,2.568625,0.000322326669
121.0,0.617125,2.56925,0.000322326669
121.0,0.617,2.569375,0.000322326669
121.0,0.616875,2.568625,0.000322326669
121.0,0.617375,2.567875,0.000322326669
121.0,0.617125,2.56775,0.000322326669
121.0,0.617,2.568125,0.000322326669
121.0,0.617,2.56825,0.000322326669
121.0,0.617375,2.567875,0.000322326669
121.0,0.61775,2.5675,0.000322326669
121.0,0.61725,2.568,0.000322326669
121.0,0.61725,2.568375,0.000322326669
121.0,0.61725,2.568375,0.000322326669
121.0,0.617,2.56825,0.000322326669
121.0,0.616875,2.568375,0.000322326669
121.0,0.617,2.568625,0.000322326669
121.0,0.616875,2.568625,0.000322326669
121.0,0.616875,2.569,0.000322326669
121.0,0.617375,2.569625,0.000322326669
121.0,0.61725,2.5695,0.000322326669
121.0,0.617125,2.568625,0.000322326669
121.0,0.617375,2.568,0.000322326669
121.0,0.617,2.568125,0.000322326669
121.0,0.6165,2.56825,0.000322326669
121.0,0.617,2.56825,0.000322326669
121.0,0.61725,2.568,0.000322326669
121.0,0.617125,2.567875,0.000322326669
121.0,0.617125,2.56825,0.000322326669
121.0,0.617125,2.56825,0.000322326669
121.0,0.617125,2.568375,0.000322326669
121.0,0.617125,2.56825,0.000322326669
121.0,0.617125,2.5685,0.000322326669
121.0,0.617125,2.56875,0.000322326669
121.0,0.617,2.568625,0.000322326669
121.0,0.61675,2.569125,0.000322326669
121.0,0.617,2.5695,0.000322326669
121.0,0.617375,2.569,0.000322326669
121.0,0.61725,2.568125,0.000322326669
121.0,0.617,2.567625,0.000322326669
121.0,0.617,2.567875,0.000322326669
121.0,0.617125,2.568125,0.000322326669
121.0,0.617375,2.568125,0.000322326669
121.0,0.6175,2.567625,0.000322326669
121.0,0.6175,2.567625,0.000322326669
121.0,0.6175,2.567625,0.000322326669
121.0,0.617125,2.568125,0.000322326669
121.0,0.6165,2.568375,0.000322326669
121.0,0.616625,2.568375,0.000322326669
121.0,0.6165,2.56875,0.000322326669
121.0,0.61675,2.568625,0.000322326669
121.0,0.61675,2.568875,0.000322326669
121.0,0.616875,2.56925,0.000322326669
121.0,0.61725,2.56925,0.000322326669
121.0,0.617375,2.56875,0.000322326669
121.0,0.617125,2.568,0.000322326669
121.0,0.617375,2.567875,0.000322326669
121.0,0.617125,2.568125,0.000322326669
121.0,0.617,2.5685,0.000322326669
121.0,0.617,2.568,0.000322326669
121.0,0.616875,2.567625,0.000322326669
121.0,0.617,2.56825,0.000322326669
121.0,0.617,2.56825,0.000322326669
121.0,0.616625,2.568625,0.000322326669
121.0,0.616625,2.568375,0.000322326669
121.0,0.616625,2.568375,0.000322326669
121.0,0.616625,2.568625,0.000322326669
121.0,0.617,2.56875,0.000322326669
121.0,0.617,2.569125,0.000322326669
121.0,0.616875,2.569375,0.000322326669
121.0,0.6165,2.569125,0.000322326669
121.0,0.617,2.56875,0.000322326669
121.0,0.617125,2.568125,0.000322326669
121.0,0.617125,2.568125,0.000322326669
121.0,0.616625,2.56825,0.000322326669
121.0,0.616875,2.56825,0.000322326669
121.0,0.617125,2.56775,0.000322326669
121.0,0.617,2.56775,0.000322326669
121.0,0.617,2.56775,0.000322326669
121.0,0.617375,2.5685,0.000322326669
121.0,0.617125,2.5685,0.000322326669
121.0,0.616875,2.56825,0.000322326669
121.0,0.61675,2.5685,0.000322326669
121.0,0.616875,2.568625,0.000322326669
121.0,0.616625,2.56875,0.000322326669
121.0,0.61675,2.569125,0.000322326669
121.0,0.617375,2.569375,0.000322326669
121.0,0.61725,2.569,0.000322326669
121.0,0.61725,2.568125,0.000322326669
121.0,0.617375,2.56775,0.000322326669
121.0,0.6175,2.567875,0.000322326669
121.0,0.61725,2.568125,0.000322326669
121.0,0.617375,2.568,0.000322326669
122.0,0.574125,2.53175,0.000322376436
122.0,0.573875,2.531875,0.000322376436
122.0,0.5735,2.532375,0.000322376436
122.0,0.5735,2.53275,0.000322376436
122.0,0.573625,2.53275,0.000322376436
122.0,0.57375,2.533125,0.000322376436
122.0,0.5735,2.532875,0.000322376436
122.0,0.57375,2.533125,0.000322376436
122.0,0.57375,2.533125,0.000322376436
122.0,0.57375,2.53375,0.000322376436
122.0,0.573875,2.53375,0.000322376436
122.0,0.573625,2.533,0.000322376436
122.0,0.573875,2.5325,0.000322376436
122.0,0.574,2.532125,0.000322376436
122.0,0.573875,2.532375,0.000322376436
122.0,0.573875,2.5325,0.000322376436
122.0,0.574375,2.532125,0.000322376436
122.0,0.574125,2.53175,0.000322376436
122.0,0.573625,2.532125,0.000322376436
122.0,0.573375,2.532875,0.000322376436
122.0,0.573625,2.532875,0.000322376436
122.0,0.5735,2.532875,0.000322376436
122.0,0.573625,2.533,0.000322376436
122.0,0.5735,2.53325,0.000322376436
122.0,0.573875,2.533375,0.000322376436
122.0,0.573875,2.533375,0.000322376436
122.0,0.574125,2.53375,0.000322376436
122.0,0.574,2.533625,0.000322376436
122.0,0.57375,2.532875,0.000322376436
122.0,0.573875,2.532375,0.000322376436
122.0,0.573625,2.532375,0.000322376436
122.0,0.573625,2.5325,0.000322376436
122.0,0.57375,2.5325,0.000322376436
122.0,0.574,2.53225,0.000322376436
122.0,0.574125,2.532125,0.000322376436
122.0,0.573875,2.5325,0.000322376436
122.0,0.573875,2.53275,0.000322376436
122.0,0.573625,2.532625,0.000322376436
122.0,0.573625,2.533,0.000322376436
122.0,0.573625,2.533125,0.000322376436
122.0,0.57325,2.53325,0.000322376436
122.0,0.57325,2.53325,0.000322376436
122.0,0.573375,2.53375,0.000322376436
122.0,0.5735,2.533875,0.000322376436
122.0,0.573375,2.533375,0.000322376436
122.0,0.573625,2.53275,0.000322376436
122.0,0.573875,2.53225,0.000322376436
122.0,0.574125,2.532375,0.000322376436
122.0,0.573875,2.532625,0.000322376436
122.0,0.57425,2.5325,0.000322376436
122.0,0.57425,2.532125,0.000322376436
122.0,0.573875,2.53225,0.000322376436
122.0,0.573875,2.533,0.000322376436
122.0,0.573875,2.532875,0.000322376436
122.0,0.573875,2.53275,0.000322376436
122.0,0.574,2.533125,0.000322376436
122.0,0.573875,2.533125,0.000322376436
122.0,0.573875,2.533125,0.000322376436
122.0,0.57375,2.533125,0.000322376436
122.0,0.573625,2.533625,0.000322376436
122.0,0.574,2.53375,0.000322376436
122.0,0.57425,2.533375,0.000322376436
122.0,0.57375,2.532625,0.000322376436
122.0,0.573875,2.53225,0.000322376436
122.0,0.57375,2.5325,0.000322376436
122.0,0.574,2.5325,0.000322376436
122.0,0.574125,2.532125,0.000322376436
122.0,0.574125,2.532,0.000322376436
122.0,0.57425,2.532125,0.000322376436
122.0,0.57375,2.532625,0.000322376436
122.0,0.5735,2.5325,0.000322376436
122.0,0.5735,2.53275,0.000322376436
122.0,0.573375,2.533125,0.000322376436
122.0,0.573375,2.533125,0.000322376436
122.0,0.5735,2.533,0.000322376436
122.0,0.57375,2.533375,0.000322376436
122.0,0.573875,2.533625,0.000322376436
122.0,0.57425,2.533625,0.000322376436
122.0,0.573875,2.533125,0.000322376436
122.0,0.574125,2.532375,0.000322376436
122.0,0.574125,2.532375,0.000322376436
122.0,0.573875,2.532625,0.000322376436
122.0,0.574,2.532625,0.000322376436
122.0,0.573875,2.532125,0.000322376436
122.0,0.573375,2.532,0.000322376436
122.0,0.573625,2.5325,0.000322376436
122.0,0.5735,2.532875,0.000322376436
122.0,0.57375,2.532625,0.000322376436
122.0,0.57375,2.53275,0.000322376436
122.0,0.57375,2.53275,0.000322376436
122.0,0.5735,2.533,0.000322376436
122.0,0.573125,2.533125,0.000322376436
122.0,0.573375,2.5335,0.000322376436
122.0,0.57375,2.533625,0.000322376436
122.0,0.573875,2.5335,0.000322376436
122.0,0.574,2.53275,0.000322376436
122.0,0.574,2.532,0.000322376436
122.0,0.57375,2.53225,0.000322376436
122.0,0.57375,2.532625,0.000322376436
122.0,0.574,2.532375,0.000322376436
122.0,0.57375,2.532,0.000322376436
122.0,0.573875,2.532125,0.000322376436
122.0,0.57375,2.53275,0.000322376436
122.0,0.573375,2.532875,0.000322376436
122.0,0.57325,2.53275,0.000322376436
122.0,0.57325,2.53275,0.000322376436
122.0,0.57325,2.533,0.000322376436
122.0,0.573375,2.533,0.000322376436
122.0,0.573375,2.532875,0.000322376436
122.0,0.57375,2.5335,0.000322376436
122.0,0.574,2.53375,0.000322376436
122.0,0.57375,2.53325,0.000322376436
122.0,0.57375,2.532375,0.000322376436
122.0,0.574,2.53225,0.000322376436
122.0,0.57425,2.532375,0.000322376436
122.0,0.57425,2.532625,0.000322376436
122.0,0.57425,2.532375,0.000322376436
122.0,0.574375,2.531875,0.000322376436
122.0,0.57375,2.53225,0.000322376436
122.0,0.573375,2.53275,0.000322376436
122.0,0.573625,2.532625,0.000322376436
122.0,0.573625,2.533,0.000322376436
122.0,0.573625,2.533,0.000322376436
122.0,0.573875,2.533125,0.000322376436
122.0,0.57375,2.533,0.000322376436
122.0,0.573625,2.533125,0.000322376436
122.0,0.573625,2.533625,0.000322376436
122.0,0.573625,2.533375,0.000322376436
122.0,0.574,2.532875,0.000322376436
122.0,0.574,2.53225,0.000322376436
122.0,0.574125,2.532125,0.000322376436
122.0,0.573875,2.5325,0.000322376436
122.0,0.573875,2.53275,0.000322376436
122.0,0.574125,2.53225,0.000322376436
122.0,0.574375,2.532,0.000322376436
122.0,0.574,2.5325,0.000322376436
122.0,0.573875,2.532875,0.000322376436
122.0,0.5735,2.532625,0.000322376436
122.0,0.5735,2.532625,0.000322376436
122.0,0.57325,2.53325,0.000322376436
122.0,0.573375,2.53325,0.000322376436
122.0,0.57325,2.53325,0.000322376436
122.0,0.5735,2.533625,0.000322376436
122.0,0.57325,2.533875,0.000322376436
122.0,0.573625,2.5335,0.000322376436
122.0,0.5735,2.53275,0.000322376436
122.0,0.573625,2.532375,0.000322376436
122.0,0.57375,2.53275,0.000322376436
122.0,0.573625,2.53275,0.000322376436
122.0,0.573875,2.532625,0.000322376436
122.0,0.574,2.53225,0.000322376436
122.0,0.57375,2.532,0.000322376436
122.0,0.57325,2.5325,0.000322376436
122.0,0.5735,2.53275,0.000322376436
122.0,0.5735,2.53275,0.000322376436
122.0,0.57325,2.532625,0.000322376436
122.0,0.5735,2.533,0.000322376436
122.0,0.574,2.533,0.000322376436
122.0,0.57375,2.533375,0.000322376436
122.0,0.57325,2.53375,0.000322376436
122.0,0.57325,2.533875,0.000322376436
122.0,0.573625,2.5335,0.000322376436
122.0,0.573625,2.532875,0.000322376436
122.0,0.57375,2.532375,0.000322376436
122.0,0.57375,2.5325,0.000322376436
122.0,0.573875,2.532625,0.000322376436
122.0,0.574125,2.532375,0.000322376436
122.0,0.574,2.531875,0.000322376436
122.0,0.574,2.532125,0.000322376436
123.0,0.53175,2.495625,0.000322249893
123.0,0.531625,2.49575,0.000322249893
123.0,0.53175,2.49625,0.000322249893
123.0,0.531875,2.496375,0.000322249893
123.0,0.532125,2.496,0.000322249893
123.0,0.532125,2.495125,0.000322249893
123.0,0.531875,2.494875,0.000322249893
123.0,0.531625,2.49525,0.000322249893
123.0,0.531625,2.49525,0.000322249893
123.0,0.531625,2.495375,0.000322249893
123.0,0.53175,2.495125,0.000322249893
123.0,0.53225,2.494625,0.000322249893
123.0,0.532125,2.495,0.000322249893
123.0,0.532125,2.4955,0.000322249893
123.0,0.532,2.495375,0.000322249893
123.0,0.53175,2.495625,0.000322249893
123.0,0.531875,2.49575,0.000322249893
123.0,0.532,2.495625,0.000322249893
123.0,0.53225,2.496125,0.000322249893
123.0,0.532375,2.4965,0.000322249893
123.0,0.532,2.496125,0.000322249893
123.0,0.532,2.495625,0.000322249893
123.0,0.532125,2.494875,0.000322249893
123.0,0.532,2.494875,0.000322249893
123.0,0.532,2.494875,0.000322249893
123.0,0.531875,2.495125,0.000322249893
123.0,0.532,2.49525,0.000322249893
123.0,0.532375,2.49475,0.000322249893
123.0,0.532375,2.49475,0.000322249893
123.0,0.532,2.49525,0.000322249893
123.0,0.53175,2.4955,0.000322249893
123.0,0.5315,2.495375,0.000322249893
123.0,0.531625,2.4955,0.000322249893
123.0,0.531875,2.495625,0.000322249893
123.0,0.53175,2.49575,0.000322249893
123.0,0.531375,2.49625,0.000322249893
123.0,0.5315,2.496375,0.000322249893
123.0,0.532125,2.496,0.000322249893
123.0,0.53225,2.495375,0.000322249893
123.0,0.532125,2.494875,0.000322249893
123.0,0.532,2.495,0.000322249893
123.0,0.532,2.495,0.000322249893
123.0,0.53225,2.49525,0.000322249893
123.0,0.532375,2.495125,0.000322249893
123.0,0.53225,2.49475,0.000322249893
123.0,0.5325,2.49475,0.000322249893
123.0,0.532125,2.495375,0.000322249893
123.0,0.531875,2.495125,0.000322249893
123.0,0.53175,2.49525,0.000322249893
123.0,0.532,2.49575,0.000322249893
123.0,0.531875,2.495625,0.000322249893
123.0,0.5315,2.495875,0.000322249893
123.0,0.53175,2.4965,0.000322249893
123.0,0.53175,2.4965,0.000322249893
123.0,0.531875,2.495875,0.000322249893
123.0,0.532,2.495125,0.000322249893
123.0,0.532,2.494875,0.000322249893
123.0,0.532,2.494875,0.000322249893
123.0,0.532125,2.495125,0.000322249893
123.0,0.532125,2.49525,0.000322249893
123.0,0.532375,2.494875,0.000322249893
123.0,0.532125,2.494875,0.000322249893
123.0,0.53175,2.495,0.000322249893
123.0,0.531375,2.495375,0.000322249893
123.0,0.531375,2.495375,0.000322249893
123.0,0.531625,2.495625,0.000322249893
123.0,0.53175,2.49575,0.000322249893
123.0,0.532,2.495625,0.000322249893
123.0,0.53175,2.496,0.000322249893
123.0,0.531625,2.49625,0.000322249893
123.0,0.53175,2.496125,0.000322249893
123.0,0.532,2.4955,0.000322249893
123.0,0.532125,2.495,0.000322249893
123.0,0.532125,2.495,0.000322249893
123.0,0.532125,2.495125,0.000322249893
123.0,0.532125,2.49525,0.000322249893
123.0,0.531875,2.49525,0.000322249893
123.0,0.532,2.494875,0.000322249893
123.0,0.532,2.494625,0.000322249893
123.0,0.531875,2.495,0.000322249893
123.0,0.53175,2.495375,0.000322249893
123.0,0.531625,2.495375,0.000322249893
123.0,0.531875,2.4955,0.000322249893
123.0,0.532,2.4955,0.000322249893
123.0,0.531875,2.49575,0.000322249893
123.0,0.532125,2.496125,0.000322249893
123.0,0.532375,2.49625,0.000322249893
123.0,0.532375,2.496,0.000322249893
123.0,0.532,2.49525,0.000322249893
123.0,0.532,2.49525,0.000322249893
123.0,0.532125,2.494875,0.000322249893
123.0,0.532,2.495125,0.000322249893
123.0,0.532,2.495375,0.000322249893
123.0,0.53225,2.495125,0.000322249893
123.0,0.532125,2.49475,0.000322249893
123.0,0.532,2.49475,0.000322249893
123.0,0.532125,2.49525,0.000322249893
123.0,0.5325,2.495375,0.000322249893
123.0,0.53175,2.49525,0.000322249893
123.0,0.532,2.495625,0.000322249893
123.0,0.531875,2.49575,0.000322249893
123.0,0.5315,2.495875,0.000322249893
123.0,0.53175,2.49625,0.000322249893
123.0,0.532125,2.49625,0.000322249893
123.0,0.532125,2.49575,0.000322249893
123.0,0.532125,2.49575,0.000322249893
123.0,0.53225,2.495125,0.000322249893
123.0,0.53225,2.495125,0.000322249893
123.0,0.53175,2.495,0.000322249893
123.0,0.53175,2.495125,0.000322249893
123.0,0.532125,2.494875,0.000322249893
123.0,0.532,2.4945,0.000322249893
123.0,0.532,2.494875,0.000322249893
123.0,0.53175,2.49525,0.000322249893
123.0,0.531625,2.495,0.000322249893
123.0,0.53175,2.49525,0.000322249893
123.0,0.532,2.49575,0.000322249893
123.0,0.5315,2.495625,0.000322249893
123.0,0.531625,2.495875,0.000322249893
123.0,0.531875,2.49625,0.000322249893
123.0,0.53225,2.49625,0.000322249893
123.0,0.53225,2.49625,0.000322249893
123.0,0.532,2.4955,0.000322249893
123.0,0.532,2.494875,0.000322249893
123.0,0.532125,2.495,0.000322249893
123.0,0.531875,2.49525,0.000322249893
123.0,0.532,2.495125,0.000322249893
123.0,0.532125,2.49475,0.000322249893
123.0,0.532375,2.4945,0.000322249893
123.0,0.532,2.495125,0.000322249893
123.0,0.53175,2.49525,0.000322249893
123.0,0.53175,2.495375,0.000322249893
123.0,0.532,2.4955,0.000322249893
123.0,0.532,2.495625,0.000322249893
123.0,0.5315,2.495625,0.000322249893
123.0,0.531375,2.496,0.000322249893
123.0,0.531875,2.496375,0.000322249893
123.0,0.531875,2.496,0.000322249893
123.0,0.5325,2.496,0.000322249893
123.0,0.53225,2.49525,0.000322249893
123.0,0.53225,2.49475,0.000322249893
123.0,0.532125,2.49475,0.000322249893
123.0,0.531875,2.495125,0.000322249893
123.0,0.532125,2.495,0.000322249893
123.0,0.531875,2.49475,0.000322249893
123.0,0.532125,2.49475,0.000322249893
123.0,0.53175,2.495,0.000322249893
123.0,0.531375,2.495125,0.000322249893
123.0,0.531625,2.495125,0.000322249893
123.0,0.53175,2.495375,0.000322249893
123.0,0.53175,2.4955,0.000322249893
123.0,0.53175,2.4955,0.000322249893
123.0,0.531875,2.496,0.000322249893
123.0,0.53225,2.496125,0.000322249893
123.0,0.53225,2.496125,0.000322249893
123.0,0.53225,2.495625,0.000322249893
123.0,0.532125,2.495125,0.000322249893
123.0,0.532125,2.494875,0.000322249893
123.0,0.5315,2.495125,0.000322249893
123.0,0.531625,2.495125,0.000322249893
123.0,0.532,2.494875,0.000322249893
123.0,0.531875,2.4945,0.000322249893
123.0,0.531875,2.49475,0.000322249893
123.0,0.531625,2.495125,0.000322249893
123.0,0.531875,2.495,0.000322249893
123.0,0.531875,2.495375,0.000322249893
123.0,0.531875,2.495375,0.000322249893
123.0,0.5315,2.4955,0.000322249893
123.0,0.5315,2.49575,0.000322249893
124.0,0.4915,2.456,0.00032224282
124.0,0.491375,2.45625,0.00032224282
124.0,0.4915,2.45625,0.00032224282
124.0,0.4915,2.455875,0.00032224282
124.0,0.49175,2.455625,0.00032224282
124.0,0.491625,2.45575,0.00032224282
124.0,0.491375,2.456125,0.00032224282
124.0,0.491375,2.456375,0.00032224282
124.0,0.491375,2.456375,0.00032224282
124.0,0.49125,2.456625,0.00032224282
124.0,0.490875,2.45675,0.00032224282
124.0,0.49075,2.456625,0.00032224282
124.0,0.490875,2.45725,0.00032224282
124.0,0.491125,2.457625,0.00032224282
124.0,0.4915,2.457125,0.00032224282
124.0,0.49175,2.456125,0.00032224282
124.0,0.492,2.455875,0.00032224282
124.0,0.49175,2.45625,0.00032224282
124.0,0.491625,2.456375,0.00032224282
124.0,0.49175,2.45625,0.00032224282
124.0,0.491875,2.455625,0.00032224282
124.0,0.491375,2.45575,0.00032224282
124.0,0.49125,2.456375,0.00032224282
124.0,0.49175,2.456625,0.00032224282
124.0,0.491625,2.456625,0.00032224282
124.0,0.491625,2.45675,0.00032224282
124.0,0.491375,2.45675,0.00032224282
124.0,0.491125,2.45675,0.00032224282
124.0,0.491,2.457125,0.00032224282
124.0,0.491375,2.457625,0.00032224282
124.0,0.491375,2.457625,0.00032224282
124.0,0.491625,2.45725,0.00032224282
124.0,0.491625,2.456375,0.00032224282
124.0,0.491625,2.456,0.00032224282
124.0,0.491625,2.45625,0.00032224282
124.0,0.491875,2.4565,0.00032224282
124.0,0.49175,2.456125,0.00032224282
124.0,0.49175,2.455875,0.00032224282
124.0,0.491625,2.45625,0.00032224282
124.0,0.4915,2.456875,0.00032224282
124.0,0.491125,2.456875,0.00032224282
124.0,0.491125,2.456875,0.00032224282
124.0,0.491375,2.45675,0.00032224282
124.0,0.49125,2.457,0.00032224282
124.0,0.491,2.457125,0.00032224282
124.0,0.49125,2.457375,0.00032224282
124.0,0.49175,2.457625,0.00032224282
124.0,0.4915,2.45725,0.00032224282
124.0,0.4915,2.456625,0.00032224282
124.0,0.49125,2.456125,0.00032224282
124.0,0.491625,2.45625,0.00032224282
124.0,0.4915,2.4565,0.00032224282
124.0,0.491625,2.456625,0.00032224282
124.0,0.492,2.456125,0.00032224282
124.0,0.49175,2.455875,0.00032224282
124.0,0.49175,2.456375,0.00032224282
124.0,0.491375,2.45675,0.00032224282
124.0,0.491375,2.45675,0.00032224282
124.0,0.491375,2.45675,0.00032224282
124.0,0.491375,2.456875,0.00032224282
124.0,0.4915,2.457,0.00032224282
124.0,0.491375,2.457,0.00032224282
124.0,0.491375,2.457375,0.00032224282
124.0,0.491625,2.457625,0.00032224282
124.0,0.491625,2.45725,0.00032224282
124.0,0.49175,2.4565,0.00032224282
124.0,0.491875,2.455875,0.00032224282
124.0,0.49175,2.45625,0.00032224282
124.0,0.491625,2.456375,0.00032224282
124.0,0.492,2.456375,0.00032224282
124.0,0.492125,2.455875,0.00032224282
124.0,0.492125,2.455875,0.00032224282
124.0,0.4915,2.456625,0.00032224282
124.0,0.4915,2.456625,0.00032224282
124.0,0.49125,2.4565,0.00032224282
124.0,0.49125,2.4565,0.00032224282
124.0,0.491375,2.456875,0.00032224282
124.0,0.491375,2.457,0.00032224282
124.0,0.4915,2.457,0.00032224282
124.0,0.4915,2.4575,0.00032224282
124.0,0.491375,2.457375,0.00032224282
124.0,0.491625,2.457125,0.00032224282
124.0,0.49175,2.4565,0.00032224282
124.0,0.492,2.456125,0.00032224282
124.0,0.491625,2.4565,0.00032224282
124.0,0.4915,2.456625,0.00032224282
124.0,0.4915,2.45625,0.00032224282
124.0,0.491375,2.456,0.00032224282
124.0,0.49175,2.45625,0.00032224282
124.0,0.49175,2.45625,0.00032224282
124.0,0.491125,2.45675,0.00032224282
124.0,0.49125,2.45675,0.00032224282
124.0,0.491125,2.45675,0.00032224282
124.0,0.491375,2.456875,0.00032224282
124.0,0.49125,2.45675,0.00032224282
124.0,0.491125,2.457375,0.00032224282
124.0,0.491875,2.457875,0.00032224282
124.0,0.491875,2.457625,0.00032224282
124.0,0.491875,2.456875,0.00032224282
124.0,0.492,2.456125,0.00032224282
124.0,0.4915,2.45625,0.00032224282
124.0,0.491,2.4565,0.00032224282
124.0,0.491625,2.456375,0.00032224282
124.0,0.49175,2.456125,0.00032224282
124.0,0.491625,2.456,0.00032224282
124.0,0.491625,2.456,0.00032224282
124.0,0.4915,2.456375,0.00032224282
124.0,0.491875,2.456625,0.00032224282
124.0,0.491625,2.456375,0.00032224282
124.0,0.491375,2.45675,0.00032224282
124.0,0.491625,2.45675,0.00032224282
124.0,0.491625,2.45675,0.00032224282
124.0,0.491375,2.457375,0.00032224282
124.0,0.4915,2.4575,0.00032224282
124.0,0.49175,2.457,0.00032224282
124.0,0.491875,2.45625,0.00032224282
124.0,0.491625,2.456,0.00032224282
124.0,0.491625,2.45625,0.00032224282
124.0,0.491625,2.456375,0.00032224282
124.0,0.491625,2.456375,0.00032224282
124.0,0.49175,2.456,0.00032224282
124.0,0.4915,2.455875,0.00032224282
124.0,0.4915,2.455875,0.00032224282
124.0,0.491375,2.456375,0.00032224282
124.0,0.491375,2.456375,0.00032224282
124.0,0.491375,2.4565,0.00032224282
124.0,0.491125,2.456625,0.00032224282
124.0,0.491375,2.456625,0.00032224282
124.0,0.491125,2.456875,0.00032224282
124.0,0.491,2.45725,0.00032224282
124.0,0.49125,2.45725,0.00032224282
124.0,0.4915,2.456875,0.00032224282
124.0,0.491375,2.45625,0.00032224282
124.0,0.4915,2.45575,0.00032224282
124.0,0.491125,2.456125,0.00032224282
124.0,0.491375,2.456375,0.00032224282
124.0,0.4915,2.45625,0.00032224282
124.0,0.491875,2.455875,0.00032224282
124.0,0.491875,2.455875,0.00032224282
124.0,0.491875,2.455875,0.00032224282
124.0,0.4915,2.456375,0.00032224282
124.0,0.491125,2.4565,0.00032224282
124.0,0.49125,2.45675,0.00032224282
124.0,0.491,2.457,0.00032224282
124.0,0.49125,2.457,0.00032224282
124.0,0.491375,2.457125,0.00032224282
124.0,0.4915,2.457375,0.00032224282
124.0,0.4915,2.45725,0.00032224282
124.0,0.491625,2.457,0.00032224282
124.0,0.491625,2.456375,0.00032224282
124.0,0.491625,2.456375,0.00032224282
124.0,0.49175,2.456375,0.00032224282
124.0,0.49175,2.4565,0.00032224282
124.0,0.491875,2.456125,0.00032224282
124.0,0.491875,2.456125,0.00032224282
124.0,0.49175,2.455875,0.00032224282
124.0,0.491625,2.45625,0.00032224282
124.0,0.491375,2.4565,0.00032224282
124.0,0.491375,2.456625,0.00032224282
124.0,0.491375,2.4565,0.00032224282
124.0,0.491375,2.45675,0.00032224282
124.0,0.491375,2.45675,0.00032224282
124.0,0.491375,2.45725,0.00032224282
124.0,0.4915,2.45775,0.00032224282
124.0,0.491875,2.457375,0.00032224282
124.0,0.49175,2.45675,0.00032224282
124.0,0.491625,2.456,0.00032224282
124.0,0.4915,2.45625,0.00032224282
124.0,0.4915,2.456375,0.00032224282
125.0,0.452125,2.417,0.000322131993
125.0,0.4525,2.41675,0.000322131993
125.0,0.4525,2.41625,0.000322131993
125.0,0.4525,2.415625,0.000322131993
125.0,0.452375,2.415625,0.000322131993
125.0,0.45225,2.416,0.000322131993
125.0,0.452625,2.415875,0.000322131993
125.0,0.452625,2.415625,0.000322131993
125.0,0.452625,2.415625,0.000322131993
125.0,0.45275,2.4155,0.000322131993
125.0,0.452625,2.416,0.000322131993
125.0,0.452375,2.41625,0.000322131993
125.0,0.452375,2.41625,0.000322131993
125.0,0.452125,2.416625,0.000322131993
125.0,0.452125,2.416625,0.000322131993
125.0,0.452125,2.416625,0.000322131993
125.0,0.4525,2.41725,0.000322131993
125.0,0.452625,2.417375,0.000322131993
125.0,0.4525,2.417125,0.000322131993
125.0,0.452625,2.41675,0.000322131993
125.0,0.452625,2.416125,0.000322131993
125.0,0.45225,2.416125,0.000322131993
125.0,0.452125,2.416375,0.000322131993
125.0,0.4525,2.416125,0.000322131993
125.0,0.4525,2.416125,0.000322131993
125.0,0.453,2.415625,0.000322131993
125.0,0.452625,2.415625,0.000322131993
125.0,0.452,2.416375,0.000322131993
125.0,0.452,2.4165,0.000322131993
125.0,0.45225,2.416375,0.000322131993
125.0,0.45225,2.4165,0.000322131993
125.0,0.452375,2.4165,0.000322131993
125.0,0.452375,2.416875,0.000322131993
125.0,0.45225,2.417125,0.000322131993
125.0,0.45275,2.417375,0.000322131993
125.0,0.45275,2.416875,0.000322131993
125.0,0.45225,2.416125,0.000322131993
125.0,0.4525,2.415875,0.000322131993
125.0,0.452125,2.416125,0.000322131993
125.0,0.452375,2.416125,0.000322131993
125.0,0.452375,2.415875,0.000322131993
125.0,0.45275,2.415875,0.000322131993
125.0,0.452625,2.415375,0.000322131993
125.0,0.45275,2.41575,0.000322131993
125.0,0.4525,2.41625,0.000322131993
125.0,0.4525,2.416125,0.000322131993
125.0,0.452375,2.416375,0.000322131993
125.0,0.452375,2.4165,0.000322131993
125.0,0.45225,2.416625,0.000322131993
125.0,0.45225,2.41675,0.000322131993
125.0,0.452375,2.41725,0.000322131993
125.0,0.45275,2.417125,0.000322131993
125.0,0.45275,2.41625,0.000322131993
125.0,0.45275,2.41575,0.000322131993
125.0,0.452875,2.415875,0.000322131993
125.0,0.452375,2.416,0.000322131993
125.0,0.45275,2.416125,0.000322131993
125.0,0.45275,2.416125,0.000322131993
125.0,0.45275,2.41575,0.000322131993
125.0,0.452625,2.4155,0.000322131993
125.0,0.452375,2.416,0.000322131993
125.0,0.4525,2.4165,0.000322131993
125.0,0.4525,2.416,0.000322131993
125.0,0.4525,2.416375,0.000322131993
125.0,0.452375,2.4165,0.000322131993
125.0,0.452,2.4165,0.000322131993
125.0,0.452375,2.416875,0.000322131993
125.0,0.45225,2.417375,0.000322131993
125.0,0.452375,2.41725,0.000322131993
125.0,0.452625,2.4165,0.000322131993
125.0,0.4525,2.415875,0.000322131993
125.0,0.452125,2.415875,0.000322131993
125.0,0.4525,2.416125,0.000322131993
125.0,0.4525,2.416125,0.000322131993
125.0,0.45275,2.416125,0.000322131993
125.0,0.45275,2.415625,0.000322131993
125.0,0.45275,2.415625,0.000322131993
125.0,0.452625,2.416125,0.000322131993
125.0,0.452375,2.41625,0.000322131993
125.0,0.45225,2.416375,0.000322131993
125.0,0.452125,2.41675,0.000322131993
125.0,0.452125,2.4165,0.000322131993
125.0,0.4525,2.416625,0.000322131993
125.0,0.45275,2.416875,0.000322131993
125.0,0.452625,2.416875,0.000322131993
125.0,0.45225,2.41675,0.000322131993
125.0,0.452375,2.416125,0.000322131993
125.0,0.4525,2.41575,0.000322131993
125.0,0.452625,2.416,0.000322131993
125.0,0.452625,2.416,0.000322131993
125.0,0.45275,2.416,0.000322131993
125.0,0.452875,2.41575,0.000322131993
125.0,0.453,2.415375,0.000322131993
125.0,0.45275,2.415375,0.000322131993
125.0,0.4525,2.415875,0.000322131993
125.0,0.452375,2.415875,0.000322131993
125.0,0.452625,2.416125,0.000322131993
125.0,0.4525,2.4165,0.000322131993
125.0,0.45225,2.416375,0.000322131993
125.0,0.451875,2.41675,0.000322131993
125.0,0.452125,2.417,0.000322131993
125.0,0.452125,2.416875,0.000322131993
125.0,0.452375,2.4165,0.000322131993
125.0,0.452625,2.41575,0.000322131993
125.0,0.4525,2.41575,0.000322131993
125.0,0.4525,2.41575,0.000322131993
125.0,0.452625,2.416,0.000322131993
125.0,0.4525,2.416125,0.000322131993
125.0,0.45275,2.41575,0.000322131993
125.0,0.45275,2.415625,0.000322131993
125.0,0.45275,2.416125,0.000322131993
125.0,0.4525,2.416125,0.000322131993
125.0,0.452125,2.41625,0.000322131993
125.0,0.452,2.416375,0.000322131993
125.0,0.452125,2.4165,0.000322131993
125.0,0.451625,2.416625,0.000322131993
125.0,0.452125,2.416875,0.000322131993
125.0,0.452625,2.41725,0.000322131993
125.0,0.452875,2.417125,0.000322131993
125.0,0.452875,2.416125,0.000322131993
125.0,0.4525,2.415875,0.000322131993
125.0,0.4525,2.415875,0.000322131993
125.0,0.4525,2.416,0.000322131993
125.0,0.452375,2.416375,0.000322131993
125.0,0.45225,2.416375,0.000322131993
125.0,0.4525,2.415875,0.000322131993
125.0,0.452125,2.41575,0.000322131993
125.0,0.452375,2.416,0.000322131993
125.0,0.452125,2.41625,0.000322131993
125.0,0.452,2.416375,0.000322131993
125.0,0.452625,2.416625,0.000322131993
125.0,0.452375,2.4165,0.000322131993
125.0,0.45225,2.41675,0.000322131993
125.0,0.4525,2.417375,0.000322131993
125.0,0.452625,2.41725,0.000322131993
125.0,0.45275,2.416625,0.000322131993
125.0,0.4525,2.416125,0.000322131993
125.0,0.4525,2.41575,0.000322131993
125.0,0.45225,2.41575,0.000322131993
125.0,0.452375,2.416,0.000322131993
125.0,0.452625,2.416,0.000322131993
125.0,0.45275,2.41575,0.000322131993
125.0,0.452375,2.415375,0.000322131993
125.0,0.4525,2.415625,0.000322131993
125.0,0.452625,2.416,0.000322131993
125.0,0.4525,2.416,0.000322131993
125.0,0.451875,2.416,0.000322131993
125.0,0.452125,2.416375,0.000322131993
125.0,0.452375,2.416375,0.000322131993
125.0,0.4525,2.4165,0.000322131993
125.0,0.4525,2.417125,0.000322131993
125.0,0.452125,2.416875,0.000322131993
125.0,0.45275,2.4165,0.000322131993
125.0,0.452875,2.416,0.000322131993
125.0,0.452875,2.416,0.000322131993
125.0,0.452625,2.415625,0.000322131993
125.0,0.452375,2.41575,0.000322131993
125.0,0.452625,2.41575,0.000322131993
125.0,0.45275,2.4155,0.000322131993
125.0,0.453,2.415375,0.000322131993
125.0,0.452875,2.415875,0.000322131993
125.0,0.452375,2.416125,0.000322131993
125.0,0.452,2.416,0.000322131993
125.0,0.45225,2.41625,0.000322131993
125.0,0.452625,2.416375,0.000322131993
125.0,0.452375,2.4165,0.000322131993
125.0,0.452375,2.416875,0.000322131993
125.0,0.452625,2.417125,0.000322131993
125.0,0.452625,2.417,0.000322131993
126.0,0.414375,2.375,0.000322191801
126.0,0.414625,2.37525,0.000322191801
126.0,0.414375,2.375125,0.000322191801
126.0,0.4145,2.374375,0.000322191801
126.0,0.414625,2.374,0.000322191801
126.0,0.414625,2.374125,0.000322191801
126.0,0.414375,2.37425,0.000322191801
126.0,0.414625,2.374,0.000322191801
126.0,0.414625,2.374,0.000322191801
126.0,0.415,2.373625,0.000322191801
126.0,0.414875,2.373625,0.000322191801
126.0,0.41425,2.374125,0.000322191801
126.0,0.41425,2.37425,0.000322191801
126.0,0.414125,2.374,0.000322191801
126.0,0.414125,2.3745,0.000322191801
126.0,0.414125,2.3745,0.000322191801
126.0,0.414125,2.3745,0.000322191801
126.0,0.414375,2.375,0.000322191801
126.0,0.41475,2.375125,0.000322191801
126.0,0.41475,2.374625,0.000322191801
126.0,0.41475,2.373875,0.000322191801
126.0,0.4145,2.373625,0.000322191801
126.0,0.414375,2.374,0.000322191801
126.0,0.414125,2.37425,0.000322191801
126.0,0.414125,2.374,0.000322191801
126.0,0.41425,2.374,0.000322191801
126.0,0.4145,2.373375,0.000322191801
126.0,0.4145,2.3735,0.000322191801
126.0,0.414375,2.374125,0.000322191801
126.0,0.414125,2.37425,0.000322191801
126.0,0.413875,2.37425,0.000322191801
126.0,0.413875,2.374625,0.000322191801
126.0,0.414,2.37475,0.000322191801
126.0,0.41425,2.374875,0.000322191801
126.0,0.4145,2.375,0.000322191801
126.0,0.414625,2.375125,0.000322191801
126.0,0.41425,2.374625,0.000322191801
126.0,0.41425,2.374125,0.000322191801
126.0,0.414375,2.37375,0.000322191801
126.0,0.414375,2.374125,0.000322191801
126.0,0.414625,2.374,0.000322191801
126.0,0.414625,2.374,0.000322191801
126.0,0.414625,2.373875,0.000322191801
126.0,0.414625,2.373625,0.000322191801
126.0,0.4145,2.373875,0.000322191801
126.0,0.414375,2.37425,0.000322191801
126.0,0.41425,2.374125,0.000322191801
126.0,0.41425,2.374375,0.000322191801
126.0,0.4145,2.374875,0.000322191801
126.0,0.414625,2.374625,0.000322191801
126.0,0.414375,2.37475,0.000322191801
126.0,0.414375,2.375,0.000322191801
126.0,0.41425,2.37475,0.000322191801
126.0,0.414375,2.374125,0.000322191801
126.0,0.41425,2.3735,0.000322191801
126.0,0.414375,2.3735,0.000322191801
126.0,0.414,2.373875,0.000322191801
126.0,0.414,2.373875,0.000322191801
126.0,0.4145,2.374,0.000322191801
126.0,0.4145,2.3735,0.000322191801
126.0,0.414375,2.37325,0.000322191801
126.0,0.4145,2.374,0.000322191801
126.0,0.414625,2.37425,0.000322191801
126.0,0.4145,2.374,0.000322191801
126.0,0.414375,2.37425,0.000322191801
126.0,0.414375,2.37425,0.000322191801
126.0,0.414,2.3745,0.000322191801
126.0,0.4145,2.375,0.000322191801
126.0,0.4145,2.375125,0.000322191801
126.0,0.414625,2.375,0.000322191801
126.0,0.414625,2.37425,0.000322191801
126.0,0.41475,2.37375,0.000322191801
126.0,0.414625,2.374,0.000322191801
126.0,0.414625,2.374,0.000322191801
126.0,0.414375,2.374,0.000322191801
126.0,0.41425,2.374,0.000322191801
126.0,0.41425,2.373625,0.000322191801
126.0,0.415,2.3735,0.000322191801
126.0,0.4145,2.374,0.000322191801
126.0,0.414125,2.374,0.000322191801
126.0,0.414125,2.374375,0.000322191801
126.0,0.414625,2.3745,0.000322191801
126.0,0.4145,2.3745,0.000322191801
126.0,0.414375,2.374625,0.000322191801
126.0,0.41475,2.375,0.000322191801
126.0,0.41475,2.37525,0.000322191801
126.0,0.41475,2.374875,0.000322191801
126.0,0.4145,2.373875,0.000322191801
126.0,0.41475,2.373625,0.000322191801
126.0,0.41475,2.373625,0.000322191801
126.0,0.41425,2.374,0.000322191801
126.0,0.414125,2.37425,0.000322191801
126.0,0.4145,2.373875,0.000322191801
126.0,0.414625,2.373625,0.000322191801
126.0,0.4145,2.37375,0.000322191801
126.0,0.41425,2.37425,0.000322191801
126.0,0.41425,2.37425,0.000322191801
126.0,0.41425,2.374375,0.000322191801
126.0,0.414375,2.374625,0.000322191801
126.0,0.4145,2.374375,0.000322191801
126.0,0.414625,2.3745,0.000322191801
126.0,0.4145,2.375125,0.000322191801
126.0,0.414625,2.37475,0.000322191801
126.0,0.4145,2.37425,0.000322191801
126.0,0.414375,2.37375,0.000322191801
126.0,0.414375,2.37375,0.000322191801
126.0,0.4145,2.37375,0.000322191801
126.0,0.414375,2.37425,0.000322191801
126.0,0.414375,2.37425,0.000322191801
126.0,0.414375,2.37375,0.000322191801
126.0,0.4145,2.373625,0.000322191801
126.0,0.414375,2.374,0.000322191801
126.0,0.414375,2.3745,0.000322191801
126.0,0.4145,2.374625,0.000322191801
126.0,0.414125,2.374875,0.000322191801
126.0,0.4145,2.374875,0.000322191801
126.0,0.414375,2.37475,0.000322191801
126.0,0.414125,2.375125,0.000322191801
126.0,0.41425,2.375375,0.000322191801
126.0,0.4145,2.375125,0.000322191801
126.0,0.41475,2.3745,0.000322191801
126.0,0.41475,2.3745,0.000322191801
126.0,0.41475,2.374,0.000322191801
126.0,0.414625,2.374125,0.000322191801
126.0,0.41425,2.37425,0.000322191801
126.0,0.41425,2.374125,0.000322191801
126.0,0.414625,2.373625,0.000322191801
126.0,0.41475,2.373625,0.000322191801
126.0,0.4145,2.3745,0.000322191801
126.0,0.414625,2.37425,0.000322191801
126.0,0.414375,2.374125,0.000322191801
126.0,0.4145,2.374375,0.000322191801
126.0,0.414375,2.374625,0.000322191801
126.0,0.414375,2.374875,0.000322191801
126.0,0.4145,2.375125,0.000322191801
126.0,0.414625,2.375,0.000322191801
126.0,0.414875,2.374375,0.000322191801
126.0,0.414625,2.374375,0.000322191801
126.0,0.414625,2.373875,0.000322191801
126.0,0.4145,2.373625,0.000322191801
126.0,0.4145,2.373875,0.000322191801
126.0,0.4145,2.373875,0.000322191801
126.0,0.41475,2.37375,0.000322191801
126.0,0.4145,2.3735,0.000322191801
126.0,0.414375,2.373625,0.000322191801
126.0,0.414375,2.37375,0.000322191801
126.0,0.41425,2.37375,0.000322191801
126.0,0.414125,2.37425,0.000322191801
126.0,0.41425,2.374625,0.000322191801
126.0,0.41425,2.374625,0.000322191801
126.0,0.4145,2.374875,0.000322191801
126.0,0.41475,2.37525,0.000322191801
126.0,0.41475,2.374875,0.000322191801
126.0,0.41475,2.374625,0.000322191801
126.0,0.41475,2.374625,0.000322191801
126.0,0.41475,2.37425,0.000322191801
126.0,0.414625,2.37425,0.000322191801
126.0,0.4145,2.374125,0.000322191801
126.0,0.41475,2.374375,0.000322191801
126.0,0.4145,2.374,0.000322191801
126.0,0.414375,2.373625,0.000322191801
126.0,0.414375,2.374125,0.000322191801
126.0,0.4145,2.3745,0.000322191801
126.0,0.414125,2.374375,0.000322191801
126.0,0.41425,2.374625,0.000322191801
126.0,0.41425,2.37475,0.000322191801
126.0,0.4145,2.374625,0.000322191801
126.0,0.414375,2.375125,0.000322191801
126.0,0.414625,2.3755,0.000322191801
127.0,0.37825,2.331625,0.00032218275
127.0,0.378,2.332125,0.00032218275
127.0,0.378125,2.33225,0.00032218275
127.0,0.378125,2.331875,0.00032218275
127.0,0.378,2.3315,0.00032218275
127.0,0.377875,2.331625,0.00032218275
127.0,0.37825,2.332,0.00032218275
127.0,0.378,2.331875,0.00032218275
127.0,0.378,2.331875,0.00032218275
127.0,0.37775,2.332125,0.00032218275
127.0,0.377875,2.3325,0.00032218275
127.0,0.378,2.33225,0.00032218275
127.0,0.378125,2.332625,0.00032218275
127.0,0.378,2.333125,0.00032218275
127.0,0.37825,2.333,0.00032218275
127.0,0.378,2.332375,0.00032218275
127.0,0.378,2.33175,0.00032218275
127.0,0.377875,2.33175,0.00032218275
127.0,0.377875,2.331875,0.00032218275
127.0,0.378,2.331875,0.00032218275
127.0,0.378375,2.331625,0.00032218275
127.0,0.378125,2.33125,0.00032218275
127.0,0.37825,2.33175,0.00032218275
127.0,0.37825,2.332125,0.00032218275
127.0,0.37825,2.332125,0.00032218275
127.0,0.377875,2.332,0.00032218275
127.0,0.37775,2.332125,0.00032218275
127.0,0.3775,2.33225,0.00032218275
127.0,0.377625,2.33225,0.00032218275
127.0,0.377875,2.33275,0.00032218275
127.0,0.37775,2.333,0.00032218275
127.0,0.378,2.33275,0.00032218275
127.0,0.378,2.33225,0.00032218275
127.0,0.37825,2.331625,0.00032218275
127.0,0.378125,2.33175,0.00032218275
127.0,0.378125,2.331875,0.00032218275
127.0,0.37825,2.331625,0.00032218275
127.0,0.37825,2.331375,0.00032218275
127.0,0.378375,2.33125,0.00032218275
127.0,0.377875,2.33175,0.00032218275
127.0,0.37775,2.332,0.00032218275
127.0,0.37775,2.332,0.00032218275
127.0,0.37775,2.331875,0.00032218275
127.0,0.377625,2.33225,0.00032218275
127.0,0.37775,2.332125,0.00032218275
127.0,0.3775,2.33225,0.00032218275
127.0,0.37775,2.33275,0.00032218275
127.0,0.377875,2.33275,0.00032218275
127.0,0.378,2.33225,0.00032218275
127.0,0.378,2.331625,0.00032218275
127.0,0.378,2.331375,0.00032218275
127.0,0.37775,2.331375,0.00032218275
127.0,0.377625,2.33175,0.00032218275
127.0,0.377875,2.331375,0.00032218275
127.0,0.378125,2.33125,0.00032218275
127.0,0.37775,2.331375,0.00032218275
127.0,0.377375,2.33175,0.00032218275
127.0,0.377375,2.33175,0.00032218275
127.0,0.377875,2.331625,0.00032218275
127.0,0.37775,2.33175,0.00032218275
127.0,0.37775,2.331875,0.00032218275
127.0,0.377625,2.332,0.00032218275
127.0,0.377875,2.33225,0.00032218275
127.0,0.377875,2.332625,0.00032218275
127.0,0.37775,2.33275,0.00032218275
127.0,0.3785,2.33225,0.00032218275
127.0,0.378375,2.331375,0.00032218275
127.0,0.37825,2.33125,0.00032218275
127.0,0.378125,2.331375,0.00032218275
127.0,0.378,2.331625,0.00032218275
127.0,0.377875,2.33125,0.00032218275
127.0,0.378125,2.330875,0.00032218275
127.0,0.37775,2.33125,0.00032218275
127.0,0.37775,2.33125,0.00032218275
127.0,0.377875,2.33175,0.00032218275
127.0,0.37775,2.331625,0.00032218275
127.0,0.377625,2.331875,0.00032218275
127.0,0.37775,2.332125,0.00032218275
127.0,0.37775,2.332125,0.00032218275
127.0,0.378,2.332375,0.00032218275
127.0,0.378,2.332375,0.00032218275
127.0,0.378375,2.33225,0.00032218275
127.0,0.37825,2.331875,0.00032218275
127.0,0.378125,2.3315,0.00032218275
127.0,0.378125,2.33125,0.00032218275
127.0,0.37825,2.331625,0.00032218275
127.0,0.378125,2.331625,0.00032218275
127.0,0.37825,2.33125,0.00032218275
127.0,0.377875,2.33125,0.00032218275
127.0,0.377875,2.33125,0.00032218275
127.0,0.378,2.331625,0.00032218275
127.0,0.378,2.33175,0.00032218275
127.0,0.37775,2.33175,0.00032218275
127.0,0.377875,2.332,0.00032218275
127.0,0.37775,2.332125,0.00032218275
127.0,0.378,2.332125,0.00032218275
127.0,0.37825,2.3325,0.00032218275
127.0,0.37825,2.332875,0.00032218275
127.0,0.37825,2.3325,0.00032218275
127.0,0.378,2.33175,0.00032218275
127.0,0.37825,2.331125,0.00032218275
127.0,0.378,2.3315,0.00032218275
127.0,0.377625,2.3315,0.00032218275
127.0,0.378,2.3315,0.00032218275
127.0,0.378,2.331375,0.00032218275
127.0,0.378,2.331375,0.00032218275
127.0,0.378,2.33125,0.00032218275
127.0,0.377875,2.332,0.00032218275
127.0,0.37775,2.332,0.00032218275
127.0,0.377875,2.331875,0.00032218275
127.0,0.377875,2.332125,0.00032218275
127.0,0.377625,2.33225,0.00032218275
127.0,0.377375,2.3325,0.00032218275
127.0,0.377875,2.333125,0.00032218275
127.0,0.377625,2.333,0.00032218275
127.0,0.37825,2.332375,0.00032218275
127.0,0.3785,2.3315,0.00032218275
127.0,0.378125,2.3315,0.00032218275
127.0,0.378,2.332,0.00032218275
127.0,0.37775,2.331875,0.00032218275
127.0,0.37775,2.331375,0.00032218275
127.0,0.37775,2.331375,0.00032218275
127.0,0.37825,2.331125,0.00032218275
127.0,0.378375,2.331625,0.00032218275
127.0,0.377875,2.332125,0.00032218275
127.0,0.377625,2.332,0.00032218275
127.0,0.37775,2.332125,0.00032218275
127.0,0.377875,2.33225,0.00032218275
127.0,0.377875,2.33225,0.00032218275
127.0,0.37825,2.33275,0.00032218275
127.0,0.37825,2.333,0.00032218275
127.0,0.37825,2.332875,0.00032218275
127.0,0.37825,2.332125,0.00032218275
127.0,0.378125,2.331625,0.00032218275
127.0,0.378,2.331625,0.00032218275
127.0,0.37825,2.33175,0.00032218275
127.0,0.378125,2.33175,0.00032218275
127.0,0.378375,2.331375,0.00032218275
127.0,0.378375,2.331375,0.00032218275
127.0,0.378625,2.33125,0.00032218275
127.0,0.37825,2.332,0.00032218275
127.0,0.37825,2.332125,0.00032218275
127.0,0.378,2.331875,0.00032218275
127.0,0.378,2.33225,0.00032218275
127.0,0.377875,2.33225,0.00032218275
127.0,0.378125,2.332375,0.00032218275
127.0,0.378125,2.33275,0.00032218275
127.0,0.37825,2.333,0.00032218275
127.0,0.37825,2.332375,0.00032218275
127.0,0.37825,2.331625,0.00032218275
127.0,0.37825,2.331375,0.00032218275
127.0,0.37825,2.331625,0.00032218275
127.0,0.37825,2.331875,0.00032218275
127.0,0.378125,2.331625,0.00032218275
127.0,0.378125,2.331625,0.00032218275
127.0,0.377875,2.33125,0.00032218275
127.0,0.378,2.33125,0.00032218275
127.0,0.378125,2.331875,0.00032218275
127.0,0.378,2.332,0.00032218275
127.0,0.37825,2.331875,0.00032218275
127.0,0.378125,2.33225,0.00032218275
127.0,0.377875,2.33225,0.00032218275
127.0,0.378,2.33225,0.00032218275
127.0,0.378,2.33275,0.00032218275
127.0,0.378375,2.332875,0.00032218275
127.0,0.378375,2.33225,0.00032218275
127.0,0.3785,2.331375,0.00032218275
127.0,0.378375,2.331375,0.00032218275
127.0,0.37825,2.331625,0.00032218275
128.0,0.343,2.288875,0.000322338543
128.0,0.342875,2.289,0.000322338543
128.0,0.342875,2.289125,0.000322338543
128.0,0.342625,2.28925,0.000322338543
128.0,0.343,2.289625,0.000322338543
128.0,0.34325,2.28975,0.000322338543
128.0,0.342875,2.289125,0.000322338543
128.0,0.34275,2.2885,0.000322338543
128.0,0.34275,2.2885,0.000322338543
128.0,0.342875,2.288375,0.000322338543
128.0,0.34275,2.288625,0.000322338543
128.0,0.342875,2.288625,0.000322338543
128.0,0.343125,2.288375,0.000322338543
128.0,0.343125,2.288,0.000322338543
128.0,0.342875,2.28825,0.000322338543
128.0,0.342875,2.28875,0.000322338543
128.0,0.342875,2.28875,0.000322338543
128.0,0.3425,2.288875,0.000322338543
128.0,0.342875,2.28925,0.000322338543
128.0,0.342625,2.289375,0.000322338543
128.0,0.342875,2.2895,0.000322338543
128.0,0.34325,2.28975,0.000322338543
128.0,0.343375,2.28975,0.000322338543
128.0,0.342875,2.28925,0.000322338543
128.0,0.342875,2.28925,0.000322338543
128.0,0.342875,2.288625,0.000322338543
128.0,0.343125,2.2885,0.000322338543
128.0,0.343125,2.28875,0.000322338543
128.0,0.343125,2.288625,0.000322338543
128.0,0.34325,2.288375,0.000322338543
128.0,0.343,2.288125,0.000322338543
128.0,0.342875,2.2885,0.000322338543
128.0,0.342875,2.289,0.000322338543
128.0,0.342875,2.289125,0.000322338543
128.0,0.34275,2.28925,0.000322338543
128.0,0.343375,2.28925,0.000322338543
128.0,0.343125,2.28925,0.000322338543
128.0,0.343125,2.28975,0.000322338543
128.0,0.34325,2.28975,0.000322338543
128.0,0.34325,2.289375,0.000322338543
128.0,0.343375,2.28875,0.000322338543
128.0,0.343375,2.28875,0.000322338543
128.0,0.343125,2.28825,0.000322338543
128.0,0.342875,2.2885,0.000322338543
128.0,0.343,2.28875,0.000322338543
128.0,0.3435,2.28875,0.000322338543
128.0,0.343375,2.2885,0.000322338543
128.0,0.34325,2.2885,0.000322338543
128.0,0.343125,2.288875,0.000322338543
128.0,0.343,2.288875,0.000322338543
128.0,0.343,2.289125,0.000322338543
128.0,0.34325,2.28925,0.000322338543
128.0,0.343125,2.28925,0.000322338543
128.0,0.34325,2.289375,0.000322338543
128.0,0.343625,2.289875,0.000322338543
128.0,0.343375,2.28975,0.000322338543
128.0,0.343125,2.289375,0.000322338543
128.0,0.343125,2.289375,0.000322338543
128.0,0.343125,2.288875,0.000322338543
128.0,0.342875,2.2885,0.000322338543
128.0,0.34275,2.288625,0.000322338543
128.0,0.342625,2.288875,0.000322338543
128.0,0.343,2.2885,0.000322338543
128.0,0.343125,2.28825,0.000322338543
128.0,0.343,2.2885,0.000322338543
128.0,0.342875,2.288875,0.000322338543
128.0,0.3425,2.288625,0.000322338543
128.0,0.34275,2.288875,0.000322338543
128.0,0.34275,2.28925,0.000322338543
128.0,0.342875,2.289125,0.000322338543
128.0,0.343125,2.2895,0.000322338543
128.0,0.343,2.28975,0.000322338543
128.0,0.343125,2.289625,0.000322338543
128.0,0.343125,2.289625,0.000322338543
128.0,0.343,2.28925,0.000322338543
128.0,0.34325,2.28875,0.000322338543
128.0,0.343,2.28875,0.000322338543
128.0,0.34275,2.288875,0.000322338543
128.0,0.342875,2.28875,0.000322338543
128.0,0.343,2.2885,0.000322338543
128.0,0.3425,2.288375,0.000322338543
128.0,0.342875,2.288625,0.000322338543
128.0,0.34325,2.289125,0.000322338543
128.0,0.342875,2.289125,0.000322338543
128.0,0.342625,2.289125,0.000322338543
128.0,0.3425,2.289375,0.000322338543
128.0,0.342625,2.28925,0.000322338543
128.0,0.3425,2.289625,0.000322338543
128.0,0.343,2.28975,0.000322338543
128.0,0.343,2.28975,0.000322338543
128.0,0.34325,2.289375,0.000322338543
128.0,0.343375,2.288625,0.000322338543
128.0,0.3435,2.28825,0.000322338543
128.0,0.34325,2.288625,0.000322338543
128.0,0.343375,2.28875,0.000322338543
128.0,0.343375,2.288625,0.000322338543
128.0,0.343,2.28825,0.000322338543
128.0,0.343,2.28825,0.000322338543
128.0,0.343125,2.28875,0.000322338543
128.0,0.343,2.28875,0.000322338543
128.0,0.342625,2.288875,0.000322338543
128.0,0.342375,2.289,0.000322338543
128.0,0.34275,2.289125,0.000322338543
128.0,0.342625,2.28925,0.000322338543
128.0,0.343,2.28975,0.000322338543
128.0,0.343,2.28975,0.000322338543
128.0,0.343125,2.289625,0.000322338543
128.0,0.34325,2.289125,0.000322338543
128.0,0.343375,2.2885,0.000322338543
128.0,0.34325,2.2885,0.000322338543
128.0,0.34275,2.288625,0.000322338543
128.0,0.34275,2.288625,0.000322338543
128.0,0.343375,2.2885,0.000322338543
128.0,0.34325,2.288125,0.000322338543
128.0,0.34325,2.28825,0.000322338543
128.0,0.343125,2.288625,0.000322338543
128.0,0.342875,2.288375,0.000322338543
128.0,0.34275,2.28875,0.000322338543
128.0,0.342625,2.289,0.000322338543
128.0,0.342875,2.289,0.000322338543
128.0,0.343,2.28925,0.000322338543
128.0,0.343,2.28925,0.000322338543
128.0,0.343,2.289625,0.000322338543
128.0,0.343,2.2895,0.000322338543
128.0,0.342875,2.28875,0.000322338543
128.0,0.3435,2.28825,0.000322338543
128.0,0.343375,2.288375,0.000322338543
128.0,0.342875,2.2885,0.000322338543
128.0,0.342875,2.288375,0.000322338543
128.0,0.34325,2.28825,0.000322338543
128.0,0.34325,2.288,0.000322338543
128.0,0.34275,2.2885,0.000322338543
128.0,0.343125,2.288625,0.000322338543
128.0,0.343125,2.2885,0.000322338543
128.0,0.342875,2.28875,0.000322338543
128.0,0.342625,2.28875,0.000322338543
128.0,0.342625,2.288875,0.000322338543
128.0,0.343125,2.288875,0.000322338543
128.0,0.343125,2.289375,0.000322338543
128.0,0.343,2.289625,0.000322338543
128.0,0.3425,2.28925,0.000322338543
128.0,0.34275,2.288625,0.000322338543
128.0,0.343,2.28825,0.000322338543
128.0,0.343125,2.2885,0.000322338543
128.0,0.343375,2.28875,0.000322338543
128.0,0.343375,2.288625,0.000322338543
128.0,0.34325,2.28825,0.000322338543
128.0,0.34325,2.28825,0.000322338543
128.0,0.343,2.28875,0.000322338543
128.0,0.34275,2.28875,0.000322338543
128.0,0.342875,2.28875,0.000322338543
128.0,0.342875,2.289,0.000322338543
128.0,0.343,2.289,0.000322338543
128.0,0.342875,2.289125,0.000322338543
128.0,0.342875,2.289125,0.000322338543
128.0,0.343125,2.2895,0.000322338543
128.0,0.342875,2.289625,0.000322338543
128.0,0.342625,2.28925,0.000322338543
128.0,0.342875,2.288625,0.000322338543
128.0,0.342875,2.288375,0.000322338543
128.0,0.34275,2.28825,0.000322338543
128.0,0.34325,2.2885,0.000322338543
128.0,0.343125,2.2885,0.000322338543
128.0,0.343375,2.288125,0.000322338543
128.0,0.343125,2.28825,0.000322338543
128.0,0.34275,2.2885,0.000322338543
128.0,0.34275,2.288625,0.000322338543
128.0,0.342875,2.288875,0.000322338543
128.0,0.343375,2.289,0.000322338543
129.0,0.310375,2.245375,0.00032216456
129.0,0.310375,2.244875,0.00032216456
129.0,0.31025,2.244625,0.00032216456
129.0,0.31025,2.24475,0.00032216456
129.0,0.310625,2.244875,0.00032216456
129.0,0.310875,2.2445,0.00032216456
129.0,0.310625,2.244375,0.00032216456
129.0,0.310375,2.244625,0.00032216456
129.0,0.310375,2.244625,0.00032216456
129.0,0.310625,2.245125,0.00032216456
129.0,0.3105,2.245125,0.00032216456
129.0,0.31,2.24525,0.00032216456
129.0,0.309875,2.245375,0.00032216456
129.0,0.310125,2.245375,0.00032216456
129.0,0.310125,2.24575,0.00032216456
129.0,0.310125,2.245875,0.00032216456
129.0,0.310375,2.246,0.00032216456
129.0,0.31025,2.245375,0.00032216456
129.0,0.31075,2.24475,0.00032216456
129.0,0.31025,2.24475,0.00032216456
129.0,0.310125,2.244875,0.00032216456
129.0,0.310125,2.245,0.00032216456
129.0,0.31025,2.24475,0.00032216456
129.0,0.310125,2.244625,0.00032216456
129.0,0.310125,2.244625,0.00032216456
129.0,0.31025,2.245,0.00032216456
129.0,0.3105,2.245125,0.00032216456
129.0,0.310125,2.245125,0.00032216456
129.0,0.309625,2.245375,0.00032216456
129.0,0.31,2.2455,0.00032216456
129.0,0.309625,2.245375,0.00032216456
129.0,0.31,2.245875,0.00032216456
129.0,0.310125,2.246,0.00032216456
129.0,0.31025,2.24575,0.00032216456
129.0,0.31025,2.2455,0.00032216456
129.0,0.310375,2.244875,0.00032216456
129.0,0.3105,2.244875,0.00032216456
129.0,0.31025,2.245,0.00032216456
129.0,0.310375,2.244875,0.00032216456
129.0,0.31025,2.244375,0.00032216456
129.0,0.31025,2.244375,0.00032216456
129.0,0.31025,2.244375,0.00032216456
129.0,0.309875,2.245125,0.00032216456
129.0,0.31025,2.245375,0.00032216456
129.0,0.309875,2.24525,0.00032216456
129.0,0.31,2.2455,0.00032216456
129.0,0.30975,2.245375,0.00032216456
129.0,0.309875,2.245625,0.00032216456
129.0,0.310125,2.246,0.00032216456
129.0,0.310125,2.246125,0.00032216456
129.0,0.3105,2.2455,0.00032216456
129.0,0.31025,2.244875,0.00032216456
129.0,0.31,2.24475,0.00032216456
129.0,0.309875,2.245,0.00032216456
129.0,0.31025,2.245125,0.00032216456
129.0,0.310375,2.244875,0.00032216456
129.0,0.3105,2.244625,0.00032216456
129.0,0.3105,2.244625,0.00032216456
129.0,0.3105,2.24475,0.00032216456
129.0,0.31025,2.245125,0.00032216456
129.0,0.31025,2.244875,0.00032216456
129.0,0.310125,2.245125,0.00032216456
129.0,0.31,2.245625,0.00032216456
129.0,0.309875,2.2455,0.00032216456
129.0,0.31,2.245625,0.00032216456
129.0,0.31,2.246,0.00032216456
129.0,0.31025,2.24575,0.00032216456
129.0,0.310125,2.245125,0.00032216456
129.0,0.310375,2.244625,0.00032216456
129.0,0.31025,2.244875,0.00032216456
129.0,0.3105,2.244875,0.00032216456
129.0,0.310875,2.245,0.00032216456
129.0,0.3105,2.24475,0.00032216456
129.0,0.3105,2.24475,0.00032216456
129.0,0.31,2.244625,0.00032216456
129.0,0.309875,2.245,0.00032216456
129.0,0.310125,2.24525,0.00032216456
129.0,0.31,2.245375,0.00032216456
129.0,0.31025,2.2455,0.00032216456
129.0,0.310125,2.245375,0.00032216456
129.0,0.309875,2.245625,0.00032216456
129.0,0.309875,2.246,0.00032216456
129.0,0.31025,2.246125,0.00032216456
129.0,0.31,2.245875,0.00032216456
129.0,0.31025,2.245375,0.00032216456
129.0,0.310125,2.244875,0.00032216456
129.0,0.31,2.245,0.00032216456
129.0,0.310125,2.245125,0.00032216456
129.0,0.310375,2.245125,0.00032216456
129.0,0.310375,2.245125,0.00032216456
129.0,0.310625,2.24475,0.00032216456
129.0,0.310625,2.24475,0.00032216456
129.0,0.310125,2.24525,0.00032216456
129.0,0.31,2.245375,0.00032216456
129.0,0.310125,2.245375,0.00032216456
129.0,0.3105,2.245625,0.00032216456
129.0,0.31025,2.245625,0.00032216456
129.0,0.309875,2.24575,0.00032216456
129.0,0.310125,2.246375,0.00032216456
129.0,0.31,2.246125,0.00032216456
129.0,0.31,2.24575,0.00032216456
129.0,0.310125,2.245,0.00032216456
129.0,0.31,2.244875,0.00032216456
129.0,0.31025,2.245125,0.00032216456
129.0,0.310375,2.24525,0.00032216456
129.0,0.310375,2.24525,0.00032216456
129.0,0.310375,2.245,0.00032216456
129.0,0.310625,2.24475,0.00032216456
129.0,0.310625,2.244875,0.00032216456
129.0,0.3105,2.24525,0.00032216456
129.0,0.31025,2.24525,0.00032216456
129.0,0.31025,2.245375,0.00032216456
129.0,0.31025,2.2455,0.00032216456
129.0,0.310125,2.245625,0.00032216456
129.0,0.31,2.245875,0.00032216456
129.0,0.310125,2.24625,0.00032216456
129.0,0.310375,2.246125,0.00032216456
129.0,0.3105,2.2455,0.00032216456
129.0,0.31075,2.245,0.00032216456
129.0,0.310375,2.245,0.00032216456
129.0,0.31025,2.245,0.00032216456
129.0,0.31025,2.245,0.00032216456
129.0,0.310375,2.245125,0.00032216456
129.0,0.310625,2.244875,0.00032216456
129.0,0.310625,2.244625,0.00032216456
129.0,0.31025,2.245,0.00032216456
129.0,0.310125,2.24525,0.00032216456
129.0,0.310125,2.245375,0.00032216456
129.0,0.31025,2.245625,0.00032216456
129.0,0.31,2.245625,0.00032216456
129.0,0.30975,2.245625,0.00032216456
129.0,0.309875,2.246125,0.00032216456
129.0,0.31025,2.2465,0.00032216456
129.0,0.310125,2.246,0.00032216456
129.0,0.30975,2.245375,0.00032216456
129.0,0.309875,2.244875,0.00032216456
129.0,0.31025,2.245,0.00032216456
129.0,0.31025,2.245125,0.00032216456
129.0,0.310125,2.245125,0.00032216456
129.0,0.31025,2.245125,0.00032216456
129.0,0.31,2.244625,0.00032216456
129.0,0.31025,2.244625,0.00032216456
129.0,0.3105,2.245125,0.00032216456
129.0,0.31025,2.245125,0.00032216456
129.0,0.309875,2.245125,0.00032216456
129.0,0.30975,2.2455,0.00032216456
129.0,0.31,2.245625,0.00032216456
129.0,0.31025,2.24575,0.00032216456
129.0,0.31025,2.24625,0.00032216456
129.0,0.31,2.24625,0.00032216456
129.0,0.31,2.245875,0.00032216456
129.0,0.31025,2.24525,0.00032216456
129.0,0.31025,2.245,0.00032216456
129.0,0.31025,2.245125,0.00032216456
129.0,0.310125,2.245125,0.00032216456
129.0,0.310125,2.24525,0.00032216456
129.0,0.3105,2.245,0.00032216456
129.0,0.310625,2.244625,0.00032216456
129.0,0.3105,2.245,0.00032216456
129.0,0.310375,2.2455,0.00032216456
129.0,0.309875,2.2455,0.00032216456
129.0,0.31,2.2455,0.00032216456
129.0,0.31,2.245625,0.00032216456
129.0,0.309875,2.2455,0.00032216456
129.0,0.31025,2.24575,0.00032216456
129.0,0.310625,2.24625,0.00032216456
129.0,0.310625,2.24625,0.00032216456
129.0,0.310375,2.2455,0.00032216456
129.0,0.31025,2.24475,0.00032216456
130.0,0.2785,2.20125,0.000322139531
130.0,0.2785,2.200875,0.000322139531
130.0,0.2785,2.200375,0.000322139531
130.0,0.278375,2.20025,0.000322139531
130.0,0.278375,2.200375,0.000322139531
130.0,0.278625,2.200375,0.000322139531
130.0,0.278375,2.200125,0.000322139531
130.0,0.278125,2.2,0.000322139531
130.0,0.278125,2.2,0.000322139531
130.0,0.278125,2.20025,0.000322139531
130.0,0.278125,2.200625,0.000322139531
130.0,0.278125,2.200375,0.000322139531
130.0,0.277875,2.200875,0.000322139531
130.0,0.27825,2.201,0.000322139531
130.0,0.278,2.201,0.000322139531
130.0,0.27825,2.2015,0.000322139531
130.0,0.278625,2.2015,0.000322139531
130.0,0.2785,2.20125,0.000322139531
130.0,0.27825,2.2005,0.000322139531
130.0,0.27825,2.20025,0.000322139531
130.0,0.27825,2.200375,0.000322139531
130.0,0.278,2.200625,0.000322139531
130.0,0.278125,2.2005,0.000322139531
130.0,0.27825,2.200125,0.000322139531
130.0,0.27825,2.200125,0.000322139531
130.0,0.278375,2.2,0.000322139531
130.0,0.27775,2.2005,0.000322139531
130.0,0.278,2.200625,0.000322139531
130.0,0.27775,2.200875,0.000322139531
130.0,0.278,2.201,0.000322139531
130.0,0.278375,2.201,0.000322139531
130.0,0.278375,2.20125,0.000322139531
130.0,0.278125,2.2015,0.000322139531
130.0,0.27825,2.201375,0.000322139531
130.0,0.278375,2.201,0.000322139531
130.0,0.278625,2.200625,0.000322139531
130.0,0.2785,2.200375,0.000322139531
130.0,0.278375,2.2005,0.000322139531
130.0,0.278625,2.200625,0.000322139531
130.0,0.27875,2.200375,0.000322139531
130.0,0.27875,2.200375,0.000322139531
130.0,0.27875,2.2,0.000322139531
130.0,0.278625,2.20025,0.000322139531
130.0,0.278625,2.20075,0.000322139531
130.0,0.27825,2.20075,0.000322139531
130.0,0.277875,2.201,0.000322139531
130.0,0.278125,2.201125,0.000322139531
130.0,0.278375,2.201125,0.000322139531
130.0,0.278,2.201125,0.000322139531
130.0,0.27825,2.20125,0.000322139531
130.0,0.27875,2.201125,0.000322139531
130.0,0.2785,2.200625,0.000322139531
130.0,0.2785,2.20025,0.000322139531
130.0,0.278125,2.200375,0.000322139531
130.0,0.278125,2.2005,0.000322139531
130.0,0.278125,2.20025,0.000322139531
130.0,0.27825,2.199875,0.000322139531
130.0,0.27825,2.199875,0.000322139531
130.0,0.278375,2.2,0.000322139531
130.0,0.278625,2.200375,0.000322139531
130.0,0.2785,2.200625,0.000322139531
130.0,0.278375,2.2005,0.000322139531
130.0,0.27825,2.200875,0.000322139531
130.0,0.278375,2.200875,0.000322139531
130.0,0.27825,2.201,0.000322139531
130.0,0.278375,2.2015,0.000322139531
130.0,0.278625,2.20175,0.000322139531
130.0,0.2785,2.201375,0.000322139531
130.0,0.278625,2.20075,0.000322139531
130.0,0.279,2.200125,0.000322139531
130.0,0.278625,2.20025,0.000322139531
130.0,0.27825,2.200625,0.000322139531
130.0,0.27825,2.2005,0.000322139531
130.0,0.27825,2.2005,0.000322139531
130.0,0.27825,2.200125,0.000322139531
130.0,0.2785,2.20025,0.000322139531
130.0,0.278125,2.200625,0.000322139531
130.0,0.278,2.2005,0.000322139531
130.0,0.277875,2.20075,0.000322139531
130.0,0.278,2.201,0.000322139531
130.0,0.27825,2.201,0.000322139531
130.0,0.27825,2.201125,0.000322139531
130.0,0.27825,2.20175,0.000322139531
130.0,0.278375,2.201875,0.000322139531
130.0,0.27825,2.201375,0.000322139531
130.0,0.278,2.2005,0.000322139531
130.0,0.278375,2.20025,0.000322139531
130.0,0.27825,2.2005,0.000322139531
130.0,0.278125,2.200625,0.000322139531
130.0,0.278125,2.200625,0.000322139531
130.0,0.2785,2.2005,0.000322139531
130.0,0.2785,2.200125,0.000322139531
130.0,0.278,2.200375,0.000322139531
130.0,0.2785,2.201,0.000322139531
130.0,0.278125,2.200875,0.000322139531
130.0,0.278,2.20075,0.000322139531
130.0,0.278375,2.201125,0.000322139531
130.0,0.278375,2.201125,0.000322139531
130.0,0.278125,2.201375,0.000322139531
130.0,0.278375,2.201875,0.000322139531
130.0,0.2785,2.201375,0.000322139531
130.0,0.278625,2.200625,0.000322139531
130.0,0.278625,2.20025,0.000322139531
130.0,0.278625,2.20025,0.000322139531
130.0,0.278625,2.200375,0.000322139531
130.0,0.278625,2.200375,0.000322139531
130.0,0.2785,2.200375,0.000322139531
130.0,0.278625,2.200125,0.000322139531
130.0,0.278875,2.200125,0.000322139531
130.0,0.278875,2.2005,0.000322139531
130.0,0.278625,2.200625,0.000322139531
130.0,0.27825,2.2005,0.000322139531
130.0,0.278625,2.20075,0.000322139531
130.0,0.2785,2.200875,0.000322139531
130.0,0.278625,2.201125,0.000322139531
130.0,0.2785,2.2015,0.000322139531
130.0,0.279,2.20175,0.000322139531
130.0,0.278875,2.2015,0.000322139531
130.0,0.278625,2.200625,0.000322139531
130.0,0.27875,2.200125,0.000322139531
130.0,0.278375,2.200375,0.000322139531
130.0,0.278375,2.200375,0.000322139531
130.0,0.278125,2.2005,0.000322139531
130.0,0.278625,2.200375,0.000322139531
130.0,0.27875,2.2,0.000322139531
130.0,0.27875,2.200125,0.000322139531
130.0,0.278375,2.2005,0.000322139531
130.0,0.278125,2.200625,0.000322139531
130.0,0.278375,2.20075,0.000322139531
130.0,0.2785,2.201,0.000322139531
130.0,0.27825,2.201125,0.000322139531
130.0,0.278,2.20125,0.000322139531
130.0,0.278125,2.2015,0.000322139531
130.0,0.27825,2.201625,0.000322139531
130.0,0.2785,2.201125,0.000322139531
130.0,0.2785,2.2005,0.000322139531
130.0,0.278625,2.200375,0.000322139531
130.0,0.278125,2.200375,0.000322139531
130.0,0.278125,2.200625,0.000322139531
130.0,0.278125,2.200875,0.000322139531
130.0,0.278625,2.200375,0.000322139531
130.0,0.278625,2.200125,0.000322139531
130.0,0.2785,2.200375,0.000322139531
130.0,0.2785,2.200625,0.000322139531
130.0,0.27825,2.20075,0.000322139531
130.0,0.278,2.20075,0.000322139531
130.0,0.27825,2.201,0.000322139531
130.0,0.2785,2.201,0.000322139531
130.0,0.278375,2.201375,0.000322139531
130.0,0.278375,2.201625,0.000322139531
130.0,0.278375,2.201375,0.000322139531
130.0,0.278125,2.200875,0.000322139531
130.0,0.27825,2.200375,0.000322139531
130.0,0.278125,2.200375,0.000322139531
130.0,0.278125,2.200375,0.000322139531
130.0,0.27825,2.200625,0.000322139531
130.0,0.27875,2.200625,0.000322139531
130.0,0.27875,2.20025,0.000322139531
130.0,0.278625,2.200125,0.000322139531
130.0,0.2785,2.200375,0.000322139531
130.0,0.278375,2.20075,0.000322139531
130.0,0.2785,2.2005,0.000322139531
130.0,0.27825,2.200625,0.000322139531
130.0,0.278625,2.200875,0.000322139531
130.0,0.278125,2.200875,0.000322139531
130.0,0.278125,2.20125,0.000322139531
130.0,0.2785,2.201625,0.000322139531
130.0,0.278625,2.20125,0.000322139531
130.0,0.2785,2.200875,0.000322139531
131.0,0.24825,2.15525,0.000322175998
131.0,0.2485,2.155625,0.000322175998
131.0,0.2485,2.1555,0.000322175998
131.0,0.248125,2.155125,0.000322175998
131.0,0.2485,2.154625,0.000322175998
131.0,0.248375,2.1545,0.000322175998
131.0,0.248375,2.1545,0.000322175998
131.0,0.248625,2.154625,0.000322175998
131.0,0.248625,2.154625,0.000322175998
131.0,0.248375,2.154375,0.000322175998
131.0,0.24825,2.154125,0.000322175998
131.0,0.248375,2.154375,0.000322175998
131.0,0.2485,2.154625,0.000322175998
131.0,0.2485,2.154625,0.000322175998
131.0,0.248125,2.154875,0.000322175998
131.0,0.248125,2.155,0.000322175998
131.0,0.248,2.15525,0.000322175998
131.0,0.248,2.155375,0.000322175998
131.0,0.24825,2.155875,0.000322175998
131.0,0.24825,2.1555,0.000322175998
131.0,0.248625,2.155,0.000322175998
131.0,0.2485,2.154625,0.000322175998
131.0,0.248375,2.1545,0.000322175998
131.0,0.248125,2.154625,0.000322175998
131.0,0.248125,2.154625,0.000322175998
131.0,0.2485,2.15475,0.000322175998
131.0,0.248875,2.1545,0.000322175998
131.0,0.248875,2.1545,0.000322175998
131.0,0.248875,2.155,0.000322175998
131.0,0.2485,2.154875,0.000322175998
131.0,0.248375,2.155,0.000322175998
131.0,0.248375,2.155125,0.000322175998
131.0,0.248375,2.15525,0.000322175998
131.0,0.248375,2.15525,0.000322175998
131.0,0.248625,2.1555,0.000322175998
131.0,0.24875,2.155625,0.000322175998
131.0,0.248875,2.155375,0.000322175998
131.0,0.248875,2.154875,0.000322175998
131.0,0.248875,2.15425,0.000322175998
131.0,0.248375,2.1545,0.000322175998
131.0,0.2485,2.1545,0.000322175998
131.0,0.2485,2.15475,0.000322175998
131.0,0.2485,2.154625,0.000322175998
131.0,0.24825,2.154375,0.000322175998
131.0,0.248375,2.154375,0.000322175998
131.0,0.248625,2.154875,0.000322175998
131.0,0.248375,2.154875,0.000322175998
131.0,0.248125,2.154875,0.000322175998
131.0,0.24825,2.155125,0.000322175998
131.0,0.248625,2.155125,0.000322175998
131.0,0.2485,2.15525,0.000322175998
131.0,0.2485,2.155625,0.000322175998
131.0,0.248625,2.155625,0.000322175998
131.0,0.24875,2.15525,0.000322175998
131.0,0.248625,2.15475,0.000322175998
131.0,0.2485,2.154375,0.000322175998
131.0,0.24875,2.154625,0.000322175998
131.0,0.24875,2.154625,0.000322175998
131.0,0.248375,2.154875,0.000322175998
131.0,0.248125,2.1545,0.000322175998
131.0,0.248375,2.154125,0.000322175998
131.0,0.248625,2.1545,0.000322175998
131.0,0.248375,2.155,0.000322175998
131.0,0.24825,2.155,0.000322175998
131.0,0.24825,2.155,0.000322175998
131.0,0.24825,2.15525,0.000322175998
131.0,0.2485,2.155125,0.000322175998
131.0,0.248375,2.15525,0.000322175998
131.0,0.248625,2.155625,0.000322175998
131.0,0.248375,2.155625,0.000322175998
131.0,0.248,2.155125,0.000322175998
131.0,0.24825,2.154375,0.000322175998
131.0,0.248375,2.154375,0.000322175998
131.0,0.248375,2.154375,0.000322175998
131.0,0.24825,2.154625,0.000322175998
131.0,0.2485,2.1545,0.000322175998
131.0,0.248375,2.154125,0.000322175998
131.0,0.24825,2.154125,0.000322175998
131.0,0.24825,2.15475,0.000322175998
131.0,0.24825,2.155,0.000322175998
131.0,0.248375,2.15475,0.000322175998
131.0,0.24825,2.154875,0.000322175998
131.0,0.248125,2.155125,0.000322175998
131.0,0.24825,2.155125,0.000322175998
131.0,0.2485,2.155375,0.000322175998
131.0,0.248625,2.155625,0.000322175998
131.0,0.248375,2.155375,0.000322175998
131.0,0.248125,2.154875,0.000322175998
131.0,0.248625,2.1545,0.000322175998
131.0,0.248625,2.1545,0.000322175998
131.0,0.2485,2.154625,0.000322175998
131.0,0.2485,2.15475,0.000322175998
131.0,0.248875,2.154625,0.000322175998
131.0,0.248625,2.15425,0.000322175998
131.0,0.24875,2.15425,0.000322175998
131.0,0.2485,2.154625,0.000322175998
131.0,0.2485,2.154875,0.000322175998
131.0,0.248375,2.15475,0.000322175998
131.0,0.248625,2.155125,0.000322175998
131.0,0.248375,2.155125,0.000322175998
131.0,0.2485,2.15525,0.000322175998
131.0,0.2485,2.15575,0.000322175998
131.0,0.248875,2.15575,0.000322175998
131.0,0.24875,2.155375,0.000322175998
131.0,0.248625,2.154625,0.000322175998
131.0,0.248625,2.154625,0.000322175998
131.0,0.24875,2.154375,0.000322175998
131.0,0.248625,2.15475,0.000322175998
131.0,0.248875,2.154625,0.000322175998
131.0,0.24875,2.1545,0.000322175998
131.0,0.24875,2.15425,0.000322175998
131.0,0.24875,2.1545,0.000322175998
131.0,0.24875,2.154875,0.000322175998
131.0,0.248375,2.154875,0.000322175998
131.0,0.248125,2.155,0.000322175998
131.0,0.248125,2.155125,0.000322175998
131.0,0.248,2.155125,0.000322175998
131.0,0.24825,2.155375,0.000322175998
131.0,0.248625,2.155625,0.000322175998
131.0,0.2485,2.15575,0.000322175998
131.0,0.248625,2.155375,0.000322175998
131.0,0.248625,2.155375,0.000322175998
131.0,0.24875,2.154625,0.000322175998
131.0,0.2485,2.1545,0.000322175998
131.0,0.248125,2.154625,0.000322175998
131.0,0.2485,2.15475,0.000322175998
131.0,0.248625,2.1545,0.000322175998
131.0,0.248375,2.154375,0.000322175998
131.0,0.248125,2.154875,0.000322175998
131.0,0.248375,2.155125,0.000322175998
131.0,0.2485,2.154875,0.000322175998
131.0,0.248375,2.155,0.000322175998
131.0,0.248375,2.155,0.000322175998
131.0,0.24825,2.15525,0.000322175998
131.0,0.2485,2.155625,0.000322175998
131.0,0.2485,2.155875,0.000322175998
131.0,0.248375,2.1555,0.000322175998
131.0,0.2485,2.1555,0.000322175998
131.0,0.2485,2.155,0.000322175998
131.0,0.24825,2.1545,0.000322175998
131.0,0.248125,2.1545,0.000322175998
131.0,0.247875,2.154625,0.000322175998
131.0,0.24825,2.154625,0.000322175998
131.0,0.24825,2.15425,0.000322175998
131.0,0.248125,2.154375,0.000322175998
131.0,0.24825,2.15475,0.000322175998
131.0,0.248,2.154875,0.000322175998
131.0,0.24825,2.154625,0.000322175998
131.0,0.248625,2.155125,0.000322175998
131.0,0.248375,2.15525,0.000322175998
131.0,0.2485,2.15525,0.000322175998
131.0,0.248625,2.1555,0.000322175998
131.0,0.248625,2.1555,0.000322175998
131.0,0.248625,2.155375,0.000322175998
131.0,0.248625,2.155375,0.000322175998
131.0,0.24875,2.154875,0.000322175998
131.0,0.24875,2.154375,0.000322175998
131.0,0.248375,2.1545,0.000322175998
131.0,0.248,2.154625,0.000322175998
131.0,0.2485,2.1545,0.000322175998
131.0,0.248625,2.154125,0.000322175998
131.0,0.248625,2.15425,0.000322175998
131.0,0.2485,2.15475,0.000322175998
131.0,0.24825,2.154625,0.000322175998
131.0,0.248375,2.15475,0.000322175998
131.0,0.24825,2.155125,0.000322175998
131.0,0.2485,2.155,0.000322175998
131.0,0.248625,2.15525,0.000322175998
131.0,0.2485,2.155625,0.000322175998
132.0,0.21975,2.107125,0.000322196429
132.0,0.219625,2.107375,0.000322196429
132.0,0.219625,2.107375,0.000322196429
132.0,0.219875,2.107125,0.000322196429
132.0,0.219875,2.106625,0.000322196429
132.0,0.219875,2.106875,0.000322196429
132.0,0.219625,2.107625,0.000322196429
132.0,0.219625,2.107625,0.000322196429
132.0,0.219625,2.107625,0.000322196429
132.0,0.219625,2.1075,0.000322196429
132.0,0.21975,2.10775,0.000322196429
132.0,0.22,2.10775,0.000322196429
132.0,0.2195,2.108,0.000322196429
132.0,0.219375,2.108625,0.000322196429
132.0,0.2195,2.1085,0.000322196429
132.0,0.219375,2.107875,0.000322196429
132.0,0.219625,2.10725,0.000322196429
132.0,0.219875,2.107125,0.000322196429
132.0,0.2195,2.107375,0.000322196429
132.0,0.2195,2.1075,0.000322196429
132.0,0.219875,2.107125,0.000322196429
132.0,0.22,2.106875,0.000322196429
132.0,0.219625,2.107,0.000322196429
132.0,0.219375,2.107625,0.000322196429
132.0,0.219,2.107625,0.000322196429
132.0,0.219,2.107625,0.000322196429
132.0,0.219,2.1075,0.000322196429
132.0,0.21925,2.107875,0.000322196429
132.0,0.21925,2.107875,0.000322196429
132.0,0.219625,2.10825,0.000322196429
132.0,0.219875,2.108625,0.000322196429
132.0,0.219875,2.1085,0.000322196429
132.0,0.21975,2.10775,0.000322196429
132.0,0.21975,2.107375,0.000322196429
132.0,0.219625,2.10725,0.000322196429
132.0,0.2195,2.1075,0.000322196429
132.0,0.219875,2.107625,0.000322196429
132.0,0.219625,2.107375,0.000322196429
132.0,0.21975,2.107,0.000322196429
132.0,0.21975,2.10725,0.000322196429
132.0,0.21975,2.10725,0.000322196429
132.0,0.21975,2.107625,0.000322196429
132.0,0.2195,2.107625,0.000322196429
132.0,0.21975,2.10775,0.000322196429
132.0,0.219875,2.10775,0.000322196429
132.0,0.219625,2.107875,0.000322196429
132.0,0.219375,2.10825,0.000322196429
132.0,0.21975,2.10825,0.000322196429
132.0,0.22,2.108125,0.000322196429
132.0,0.219875,2.107625,0.000322196429
132.0,0.219375,2.107,0.000322196429
132.0,0.219375,2.107125,0.000322196429
132.0,0.219625,2.107375,0.000322196429
132.0,0.219875,2.10725,0.000322196429
132.0,0.219625,2.106875,0.000322196429
132.0,0.21925,2.107,0.000322196429
132.0,0.219375,2.107375,0.000322196429
132.0,0.219375,2.107375,0.000322196429
132.0,0.21925,2.1075,0.000322196429
132.0,0.219375,2.1075,0.000322196429
132.0,0.2195,2.10775,0.000322196429
132.0,0.21975,2.107875,0.000322196429
132.0,0.219625,2.107875,0.000322196429
132.0,0.219375,2.108375,0.000322196429
132.0,0.2195,2.10825,0.000322196429
132.0,0.21975,2.108,0.000322196429
132.0,0.219875,2.1075,0.000322196429
132.0,0.21975,2.10725,0.000322196429
132.0,0.219375,2.1075,0.000322196429
132.0,0.2195,2.107375,0.000322196429
132.0,0.2195,2.107125,0.000322196429
132.0,0.219625,2.107125,0.000322196429
132.0,0.220125,2.10725,0.000322196429
132.0,0.220125,2.10725,0.000322196429
132.0,0.21975,2.10775,0.000322196429
132.0,0.219625,2.10775,0.000322196429
132.0,0.21925,2.107875,0.000322196429
132.0,0.219125,2.108,0.000322196429
132.0,0.2195,2.107875,0.000322196429
132.0,0.219625,2.10825,0.000322196429
132.0,0.21975,2.108625,0.000322196429
132.0,0.219875,2.108375,0.000322196429
132.0,0.22,2.10775,0.000322196429
132.0,0.219625,2.107,0.000322196429
132.0,0.219625,2.107,0.000322196429
132.0,0.219625,2.107375,0.000322196429
132.0,0.219875,2.1075,0.000322196429
132.0,0.22,2.10725,0.000322196429
132.0,0.219875,2.107,0.000322196429
132.0,0.219875,2.107,0.000322196429
132.0,0.219375,2.107125,0.000322196429
132.0,0.219375,2.107625,0.000322196429
132.0,0.219625,2.1075,0.000322196429
132.0,0.219625,2.107625,0.000322196429
132.0,0.219625,2.10775,0.000322196429
132.0,0.219375,2.10775,0.000322196429
132.0,0.219375,2.10825,0.000322196429
132.0,0.219625,2.10825,0.000322196429
132.0,0.219625,2.108125,0.000322196429
132.0,0.21975,2.107625,0.000322196429
132.0,0.21975,2.107125,0.000322196429
132.0,0.21975,2.107125,0.000322196429
132.0,0.219625,2.107375,0.000322196429
132.0,0.21975,2.107375,0.000322196429
132.0,0.219875,2.107,0.000322196429
132.0,0.219875,2.107,0.000322196429
132.0,0.219875,2.106875,0.000322196429
132.0,0.219375,2.107125,0.000322196429
132.0,0.219375,2.107375,0.000322196429
132.0,0.21975,2.1075,0.000322196429
132.0,0.2195,2.107625,0.000322196429
132.0,0.219375,2.10775,0.000322196429
132.0,0.2195,2.107875,0.000322196429
132.0,0.219625,2.10825,0.000322196429
132.0,0.21975,2.108375,0.000322196429
132.0,0.219625,2.108,0.000322196429
132.0,0.21975,2.10725,0.000322196429
132.0,0.22,2.107,0.000322196429
132.0,0.219875,2.10725,0.000322196429
132.0,0.219625,2.1075,0.000322196429
132.0,0.21975,2.10725,0.000322196429
132.0,0.219625,2.10725,0.000322196429
132.0,0.219625,2.106875,0.000322196429
132.0,0.219375,2.10725,0.000322196429
132.0,0.219375,2.10775,0.000322196429
132.0,0.21925,2.1075,0.000322196429
132.0,0.219125,2.1075,0.000322196429
132.0,0.21975,2.10775,0.000322196429
132.0,0.219625,2.107875,0.000322196429
132.0,0.219625,2.108125,0.000322196429
132.0,0.21975,2.108375,0.000322196429
132.0,0.219625,2.108375,0.000322196429
132.0,0.219375,2.10775,0.000322196429
132.0,0.21975,2.107125,0.000322196429
132.0,0.219875,2.10725,0.000322196429
132.0,0.2195,2.1075,0.000322196429
132.0,0.21925,2.1075,0.000322196429
132.0,0.219625,2.1075,0.000322196429
132.0,0.219625,2.107125,0.000322196429
132.0,0.219875,2.106875,0.000322196429
132.0,0.21975,2.107375,0.000322196429
132.0,0.219625,2.107625,0.000322196429
132.0,0.2195,2.1075,0.000322196429
132.0,0.219625,2.107625,0.000322196429
132.0,0.21975,2.107625,0.000322196429
132.0,0.21925,2.107625,0.000322196429
132.0,0.21925,2.107875,0.000322196429
132.0,0.219625,2.1085,0.000322196429
132.0,0.21975,2.108125,0.000322196429
132.0,0.21975,2.1075,0.000322196429
132.0,0.219875,2.106875,0.000322196429
132.0,0.2195,2.107,0.000322196429
132.0,0.21925,2.10725,0.000322196429
132.0,0.219625,2.107375,0.000322196429
132.0,0.219625,2.107375,0.000322196429
132.0,0.21975,2.107,0.000322196429
132.0,0.219875,2.10675,0.000322196429
132.0,0.219875,2.107125,0.000322196429
132.0,0.21975,2.10725,0.000322196429
132.0,0.219625,2.107125,0.000322196429
132.0,0.2195,2.107625,0.000322196429
132.0,0.2195,2.10775,0.000322196429
132.0,0.219625,2.10775,0.000322196429
132.0,0.22,2.108125,0.000322196429
132.0,0.21975,2.108375,0.000322196429
132.0,0.219625,2.10825,0.000322196429
132.0,0.219625,2.107375,0.000322196429
132.0,0.2195,2.107,0.000322196429
132.0,0.2195,2.10725,0.000322196429
133.0,0.192625,2.060125,0.000322374864
133.0,0.19275,2.060125,0.000322374864
133.0,0.1925,2.06025,0.000322374864
133.0,0.19275,2.0605,0.000322374864
133.0,0.192875,2.060375,0.000322374864
133.0,0.193,2.060625,0.000322374864
133.0,0.193125,2.061,0.000322374864
133.0,0.192875,2.061,0.000322374864
133.0,0.192875,2.061,0.000322374864
133.0,0.19275,2.0605,0.000322374864
133.0,0.192625,2.06,0.000322374864
133.0,0.1925,2.06,0.000322374864
133.0,0.192875,2.060125,0.000322374864
133.0,0.193125,2.060125,0.000322374864
133.0,0.19275,2.05975,0.000322374864
133.0,0.193125,2.059625,0.000322374864
133.0,0.193,2.059875,0.000322374864
133.0,0.192875,2.06025,0.000322374864
133.0,0.19275,2.06,0.000322374864
133.0,0.19275,2.060375,0.000322374864
133.0,0.192875,2.0605,0.000322374864
133.0,0.1925,2.0605,0.000322374864
133.0,0.192625,2.060875,0.000322374864
133.0,0.192875,2.061125,0.000322374864
133.0,0.192875,2.060875,0.000322374864
133.0,0.192875,2.060875,0.000322374864
133.0,0.192625,2.06025,0.000322374864
133.0,0.192875,2.05975,0.000322374864
133.0,0.19275,2.059875,0.000322374864
133.0,0.192375,2.06,0.000322374864
133.0,0.1925,2.059875,0.000322374864
133.0,0.19275,2.059625,0.000322374864
133.0,0.193,2.059375,0.000322374864
133.0,0.192875,2.060125,0.000322374864
133.0,0.19275,2.060125,0.000322374864
133.0,0.19275,2.060375,0.000322374864
133.0,0.192875,2.0605,0.000322374864
133.0,0.19275,2.060625,0.000322374864
133.0,0.19275,2.060875,0.000322374864
133.0,0.193,2.06125,0.000322374864
133.0,0.193,2.06125,0.000322374864
133.0,0.193125,2.06125,0.000322374864
133.0,0.192625,2.060625,0.000322374864
133.0,0.192875,2.06,0.000322374864
133.0,0.19325,2.06,0.000322374864
133.0,0.193,2.060125,0.000322374864
133.0,0.19275,2.060125,0.000322374864
133.0,0.19275,2.059875,0.000322374864
133.0,0.192875,2.05975,0.000322374864
133.0,0.192875,2.059875,0.000322374864
133.0,0.19275,2.060375,0.000322374864
133.0,0.1925,2.060125,0.000322374864
133.0,0.1925,2.06025,0.000322374864
133.0,0.192375,2.0605,0.000322374864
133.0,0.1925,2.0605,0.000322374864
133.0,0.192625,2.06075,0.000322374864
133.0,0.192625,2.06125,0.000322374864
133.0,0.192625,2.06125,0.000322374864
133.0,0.192375,2.060875,0.000322374864
133.0,0.192625,2.06025,0.000322374864
133.0,0.192625,2.05975,0.000322374864
133.0,0.19275,2.06,0.000322374864
133.0,0.192625,2.060125,0.000322374864
133.0,0.1925,2.06,0.000322374864
133.0,0.192875,2.06,0.000322374864
133.0,0.1925,2.05975,0.000322374864
133.0,0.192625,2.060125,0.000322374864
133.0,0.1925,2.060375,0.000322374864
133.0,0.1925,2.060375,0.000322374864
133.0,0.19275,2.0605,0.000322374864
133.0,0.192625,2.060625,0.000322374864
133.0,0.19275,2.06075,0.000322374864
133.0,0.19275,2.061125,0.000322374864
133.0,0.19275,2.061125,0.000322374864
133.0,0.192375,2.061375,0.000322374864
133.0,0.1925,2.060875,0.000322374864
133.0,0.19275,2.06,0.000322374864
133.0,0.19275,2.059875,0.000322374864
133.0,0.19275,2.06,0.000322374864
133.0,0.1925,2.06025,0.000322374864
133.0,0.192625,2.060125,0.000322374864
133.0,0.192625,2.059875,0.000322374864
133.0,0.192875,2.059875,0.000322374864
133.0,0.193,2.06025,0.000322374864
133.0,0.193,2.06025,0.000322374864
133.0,0.19275,2.060375,0.000322374864
133.0,0.19275,2.060625,0.000322374864
133.0,0.192625,2.06075,0.000322374864
133.0,0.19225,2.060875,0.000322374864
133.0,0.19225,2.060875,0.000322374864
133.0,0.1925,2.06125,0.000322374864
133.0,0.192625,2.06125,0.000322374864
133.0,0.192875,2.06075,0.000322374864
133.0,0.19275,2.060125,0.000322374864
133.0,0.192875,2.059875,0.000322374864
133.0,0.19275,2.060125,0.000322374864
133.0,0.19275,2.06025,0.000322374864
133.0,0.193,2.060125,0.000322374864
133.0,0.193125,2.05975,0.000322374864
133.0,0.193,2.06,0.000322374864
133.0,0.193,2.0605,0.000322374864
133.0,0.19275,2.06025,0.000322374864
133.0,0.19275,2.0605,0.000322374864
133.0,0.19275,2.06075,0.000322374864
133.0,0.19275,2.060625,0.000322374864
133.0,0.19275,2.060625,0.000322374864
133.0,0.192625,2.060875,0.000322374864
133.0,0.192625,2.061125,0.000322374864
133.0,0.192625,2.061,0.000322374864
133.0,0.193,2.060375,0.000322374864
133.0,0.193,2.06,0.000322374864
133.0,0.192625,2.06,0.000322374864
133.0,0.192375,2.060125,0.000322374864
133.0,0.19275,2.060125,0.000322374864
133.0,0.192875,2.059875,0.000322374864
133.0,0.192875,2.059625,0.000322374864
133.0,0.193,2.06,0.000322374864
133.0,0.19275,2.060125,0.000322374864
133.0,0.192625,2.06025,0.000322374864
133.0,0.192625,2.060625,0.000322374864
133.0,0.19275,2.06075,0.000322374864
133.0,0.19275,2.06075,0.000322374864
133.0,0.19275,2.06075,0.000322374864
133.0,0.192375,2.061,0.000322374864
133.0,0.192625,2.0615,0.000322374864
133.0,0.192875,2.061375,0.000322374864
133.0,0.19275,2.06075,0.000322374864
133.0,0.19275,2.060125,0.000322374864
133.0,0.1925,2.06025,0.000322374864
133.0,0.192625,2.06025,0.000322374864
133.0,0.192875,2.060125,0.000322374864
133.0,0.193,2.06,0.000322374864
133.0,0.193,2.059875,0.000322374864
133.0,0.192625,2.060375,0.000322374864
133.0,0.19225,2.0605,0.000322374864
133.0,0.192625,2.060375,0.000322374864
133.0,0.19275,2.060625,0.000322374864
133.0,0.19275,2.06075,0.000322374864
133.0,0.192875,2.06075,0.000322374864
133.0,0.19275,2.061,0.000322374864
133.0,0.19275,2.061125,0.000322374864
133.0,0.192875,2.061125,0.000322374864
133.0,0.19275,2.060875,0.000322374864
133.0,0.192875,2.060375,0.000322374864
133.0,0.19325,2.06,0.000322374864
133.0,0.193,2.060125,0.000322374864
133.0,0.193,2.060375,0.000322374864
133.0,0.193125,2.060125,0.000322374864
133.0,0.19325,2.05975,0.000322374864
133.0,0.192875,2.060125,0.000322374864
133.0,0.193,2.060375,0.000322374864
133.0,0.192875,2.060375,0.000322374864
133.0,0.193,2.060625,0.000322374864
133.0,0.193,2.060875,0.000322374864
133.0,0.193,2.060875,0.000322374864
133.0,0.19275,2.06075,0.000322374864
133.0,0.1925,2.060875,0.000322374864
133.0,0.193,2.06125,0.000322374864
133.0,0.193375,2.061,0.000322374864
133.0,0.192875,2.06075,0.000322374864
133.0,0.192875,2.060125,0.000322374864
133.0,0.19275,2.060125,0.000322374864
133.0,0.1925,2.06025,0.000322374864
133.0,0.19275,2.060375,0.000322374864
133.0,0.193125,2.06,0.000322374864
133.0,0.193,2.059875,0.000322374864
133.0,0.19275,2.060125,0.000322374864
133.0,0.193,2.0605,0.000322374864
133.0,0.192875,2.060375,0.000322374864
134.0,0.16775,2.013375,0.000322178908
134.0,0.16775,2.013625,0.000322178908
134.0,0.167625,2.01375,0.000322178908
134.0,0.168,2.013625,0.000322178908
134.0,0.167875,2.013375,0.000322178908
134.0,0.167625,2.0135,0.000322178908
134.0,0.167875,2.014,0.000322178908
134.0,0.167875,2.013875,0.000322178908
134.0,0.167875,2.013875,0.000322178908
134.0,0.16775,2.014,0.000322178908
134.0,0.167875,2.014125,0.000322178908
134.0,0.16775,2.014125,0.000322178908
134.0,0.167375,2.01425,0.000322178908
134.0,0.1675,2.01475,0.000322178908
134.0,0.167375,2.0145,0.000322178908
134.0,0.167625,2.014,0.000322178908
134.0,0.167625,2.013625,0.000322178908
134.0,0.16775,2.013375,0.000322178908
134.0,0.167875,2.013625,0.000322178908
134.0,0.167875,2.01375,0.000322178908
134.0,0.167625,2.013625,0.000322178908
134.0,0.167625,2.0135,0.000322178908
134.0,0.1675,2.013625,0.000322178908
134.0,0.16775,2.014,0.000322178908
134.0,0.16775,2.014,0.000322178908
134.0,0.1675,2.01375,0.000322178908
134.0,0.1675,2.014,0.000322178908
134.0,0.16725,2.014125,0.000322178908
134.0,0.16725,2.014125,0.000322178908
134.0,0.167375,2.0145,0.000322178908
134.0,0.167625,2.014875,0.000322178908
134.0,0.167875,2.014625,0.000322178908
134.0,0.168,2.01375,0.000322178908
134.0,0.16825,2.01325,0.000322178908
134.0,0.167875,2.0135,0.000322178908
134.0,0.167625,2.013875,0.000322178908
134.0,0.167625,2.01375,0.000322178908
134.0,0.168,2.01325,0.000322178908
134.0,0.168125,2.013125,0.000322178908
134.0,0.168,2.013625,0.000322178908
134.0,0.168,2.013875,0.000322178908
134.0,0.168,2.013875,0.000322178908
134.0,0.167625,2.013875,0.000322178908
134.0,0.16775,2.01425,0.000322178908
134.0,0.16775,2.01425,0.000322178908
134.0,0.168,2.01425,0.000322178908
134.0,0.167875,2.014625,0.000322178908
134.0,0.16775,2.014625,0.000322178908
134.0,0.168,2.0145,0.000322178908
134.0,0.168125,2.013875,0.000322178908
134.0,0.168,2.0135,0.000322178908
134.0,0.167625,2.0135,0.000322178908
134.0,0.167375,2.013875,0.000322178908
134.0,0.168125,2.013625,0.000322178908
134.0,0.16825,2.0135,0.000322178908
134.0,0.168,2.0135,0.000322178908
134.0,0.168,2.014,0.000322178908
134.0,0.168,2.014,0.000322178908
134.0,0.167875,2.013875,0.000322178908
134.0,0.1675,2.014,0.000322178908
134.0,0.167375,2.014125,0.000322178908
134.0,0.167375,2.014,0.000322178908
134.0,0.16775,2.014125,0.000322178908
134.0,0.16775,2.0145,0.000322178908
134.0,0.167625,2.014625,0.000322178908
134.0,0.16775,2.01425,0.000322178908
134.0,0.167625,2.013625,0.000322178908
134.0,0.167875,2.013375,0.000322178908
134.0,0.16775,2.01375,0.000322178908
134.0,0.16775,2.013875,0.000322178908
134.0,0.167875,2.0135,0.000322178908
134.0,0.168,2.013125,0.000322178908
134.0,0.167875,2.01325,0.000322178908
134.0,0.167875,2.01325,0.000322178908
134.0,0.16775,2.013625,0.000322178908
134.0,0.1675,2.013625,0.000322178908
134.0,0.167375,2.013875,0.000322178908
134.0,0.1675,2.014125,0.000322178908
134.0,0.16775,2.014125,0.000322178908
134.0,0.16775,2.014375,0.000322178908
134.0,0.167875,2.014625,0.000322178908
134.0,0.168125,2.014625,0.000322178908
134.0,0.168,2.014125,0.000322178908
134.0,0.16775,2.013625,0.000322178908
134.0,0.167625,2.0135,0.000322178908
134.0,0.16775,2.01375,0.000322178908
134.0,0.16775,2.0135,0.000322178908
134.0,0.16775,2.013125,0.000322178908
134.0,0.167625,2.013,0.000322178908
134.0,0.167625,2.013,0.000322178908
134.0,0.168,2.0135,0.000322178908
134.0,0.167625,2.01375,0.000322178908
134.0,0.16725,2.013875,0.000322178908
134.0,0.1675,2.014,0.000322178908
134.0,0.167625,2.01425,0.000322178908
134.0,0.167875,2.014125,0.000322178908
134.0,0.168125,2.014375,0.000322178908
134.0,0.168,2.0145,0.000322178908
134.0,0.168,2.014125,0.000322178908
134.0,0.168,2.013625,0.000322178908
134.0,0.167875,2.013375,0.000322178908
134.0,0.16775,2.0135,0.000322178908
134.0,0.167875,2.0135,0.000322178908
134.0,0.167875,2.013375,0.000322178908
134.0,0.168125,2.013125,0.000322178908
134.0,0.168125,2.013125,0.000322178908
134.0,0.168125,2.013125,0.000322178908
134.0,0.167875,2.0135,0.000322178908
134.0,0.16775,2.013625,0.000322178908
134.0,0.1675,2.01375,0.000322178908
134.0,0.16775,2.013875,0.000322178908
134.0,0.167625,2.014,0.000322178908
134.0,0.167625,2.014,0.000322178908
134.0,0.167625,2.014375,0.000322178908
134.0,0.16775,2.014375,0.000322178908
134.0,0.16775,2.013875,0.000322178908
134.0,0.16775,2.013375,0.000322178908
134.0,0.167625,2.013375,0.000322178908
134.0,0.167375,2.0135,0.000322178908
134.0,0.167375,2.013625,0.000322178908
134.0,0.167625,2.013375,0.000322178908
134.0,0.167625,2.013125,0.000322178908
134.0,0.168125,2.013125,0.000322178908
134.0,0.16775,2.01325,0.000322178908
134.0,0.167875,2.013625,0.000322178908
134.0,0.168,2.01375,0.000322178908
134.0,0.167625,2.013875,0.000322178908
134.0,0.1675,2.014,0.000322178908
134.0,0.1675,2.013875,0.000322178908
134.0,0.167375,2.014375,0.000322178908
134.0,0.167625,2.01475,0.000322178908
134.0,0.167375,2.014125,0.000322178908
134.0,0.1675,2.01375,0.000322178908
134.0,0.167375,2.01325,0.000322178908
134.0,0.167625,2.013375,0.000322178908
134.0,0.16725,2.013375,0.000322178908
134.0,0.167625,2.0135,0.000322178908
134.0,0.1675,2.013125,0.000322178908
134.0,0.1675,2.013125,0.000322178908
134.0,0.167625,2.013,0.000322178908
134.0,0.168,2.0135,0.000322178908
134.0,0.168,2.01375,0.000322178908
134.0,0.167625,2.01375,0.000322178908
134.0,0.167125,2.013875,0.000322178908
134.0,0.167375,2.013875,0.000322178908
134.0,0.167625,2.013875,0.000322178908
134.0,0.167875,2.014375,0.000322178908
134.0,0.167875,2.014625,0.000322178908
134.0,0.168125,2.01425,0.000322178908
134.0,0.167625,2.013625,0.000322178908
134.0,0.16775,2.013375,0.000322178908
134.0,0.16775,2.0135,0.000322178908
134.0,0.167625,2.01375,0.000322178908
134.0,0.167875,2.013625,0.000322178908
134.0,0.167875,2.013625,0.000322178908
134.0,0.168,2.013125,0.000322178908
134.0,0.168,2.01325,0.000322178908
134.0,0.168,2.01375,0.000322178908
134.0,0.16775,2.013875,0.000322178908
134.0,0.167375,2.013875,0.000322178908
134.0,0.167375,2.014,0.000322178908
134.0,0.167125,2.014125,0.000322178908
134.0,0.167375,2.01425,0.000322178908
134.0,0.167375,2.0145,0.000322178908
134.0,0.167875,2.014625,0.000322178908
134.0,0.168,2.01425,0.000322178908
134.0,0.167875,2.013625,0.000322178908
134.0,0.167625,2.013375,0.000322178908
134.0,0.1675,2.0135,0.000322178908
135.0,0.1445,1.96525,0.000322170643
135.0,0.14475,1.965625,0.000322170643
135.0,0.144875,1.965625,0.000322170643
135.0,0.144625,1.965,0.000322170643
135.0,0.144375,1.964625,0.000322170643
135.0,0.144375,1.9645,0.000322170643
135.0,0.144125,1.964625,0.000322170643
135.0,0.1445,1.964625,0.000322170643
135.0,0.1445,1.964625,0.000322170643
135.0,0.144625,1.964375,0.000322170643
135.0,0.14425,1.964375,0.000322170643
135.0,0.14425,1.964875,0.000322170643
135.0,0.1445,1.965125,0.000322170643
135.0,0.144625,1.965,0.000322170643
135.0,0.1445,1.965125,0.000322170643
135.0,0.144625,1.965125,0.000322170643
135.0,0.1445,1.965125,0.000322170643
135.0,0.1445,1.9655,0.000322170643
135.0,0.144625,1.965625,0.000322170643
135.0,0.14475,1.965375,0.000322170643
135.0,0.144625,1.96525,0.000322170643
135.0,0.144625,1.9645,0.000322170643
135.0,0.14475,1.964625,0.000322170643
135.0,0.14475,1.96475,0.000322170643
135.0,0.144875,1.96475,0.000322170643
135.0,0.144875,1.964625,0.000322170643
135.0,0.144875,1.96425,0.000322170643
135.0,0.14475,1.964375,0.000322170643
135.0,0.144125,1.964875,0.000322170643
135.0,0.14425,1.964875,0.000322170643
135.0,0.14425,1.964875,0.000322170643
135.0,0.144375,1.96525,0.000322170643
135.0,0.1445,1.96525,0.000322170643
135.0,0.14425,1.96525,0.000322170643
135.0,0.1445,1.965625,0.000322170643
135.0,0.145,1.965875,0.000322170643
135.0,0.144625,1.965625,0.000322170643
135.0,0.1445,1.964875,0.000322170643
135.0,0.1445,1.9645,0.000322170643
135.0,0.1445,1.96475,0.000322170643
135.0,0.144375,1.96475,0.000322170643
135.0,0.144375,1.96475,0.000322170643
135.0,0.144625,1.964625,0.000322170643
135.0,0.14475,1.96425,0.000322170643
135.0,0.145,1.96425,0.000322170643
135.0,0.144625,1.9645,0.000322170643
135.0,0.144625,1.964625,0.000322170643
135.0,0.144625,1.964875,0.000322170643
135.0,0.144625,1.96525,0.000322170643
135.0,0.144875,1.965,0.000322170643
135.0,0.144625,1.965375,0.000322170643
135.0,0.145,1.965625,0.000322170643
135.0,0.14475,1.96575,0.000322170643
135.0,0.1445,1.965375,0.000322170643
135.0,0.144625,1.964625,0.000322170643
135.0,0.14475,1.9645,0.000322170643
135.0,0.1445,1.964625,0.000322170643
135.0,0.1445,1.964625,0.000322170643
135.0,0.144625,1.96475,0.000322170643
135.0,0.14475,1.964375,0.000322170643
135.0,0.145,1.964125,0.000322170643
135.0,0.144875,1.96425,0.000322170643
135.0,0.144625,1.96475,0.000322170643
135.0,0.144625,1.96475,0.000322170643
135.0,0.1445,1.964875,0.000322170643
135.0,0.1445,1.965,0.000322170643
135.0,0.144375,1.965,0.000322170643
135.0,0.1445,1.965375,0.000322170643
135.0,0.144625,1.965625,0.000322170643
135.0,0.14475,1.9655,0.000322170643
135.0,0.144875,1.96475,0.000322170643
135.0,0.145,1.964375,0.000322170643
135.0,0.14475,1.9645,0.000322170643
135.0,0.14475,1.9645,0.000322170643
135.0,0.1445,1.9645,0.000322170643
135.0,0.1445,1.964625,0.000322170643
135.0,0.14475,1.964125,0.000322170643
135.0,0.144625,1.964125,0.000322170643
135.0,0.144625,1.96475,0.000322170643
135.0,0.144625,1.964875,0.000322170643
135.0,0.14425,1.964875,0.000322170643
135.0,0.144125,1.965,0.000322170643
135.0,0.144375,1.965,0.000322170643
135.0,0.14425,1.965125,0.000322170643
135.0,0.1445,1.965375,0.000322170643
135.0,0.145,1.9655,0.000322170643
135.0,0.14475,1.965,0.000322170643
135.0,0.14475,1.96475,0.000322170643
135.0,0.14475,1.964375,0.000322170643
135.0,0.14475,1.964375,0.000322170643
135.0,0.144625,1.9645,0.000322170643
135.0,0.1445,1.9645,0.000322170643
135.0,0.144625,1.964375,0.000322170643
135.0,0.1445,1.964125,0.000322170643
135.0,0.144625,1.964375,0.000322170643
135.0,0.14425,1.96475,0.000322170643
135.0,0.144375,1.964625,0.000322170643
135.0,0.143875,1.964875,0.000322170643
135.0,0.14425,1.965,0.000322170643
135.0,0.1445,1.965125,0.000322170643
135.0,0.144375,1.96525,0.000322170643
135.0,0.144375,1.9655,0.000322170643
135.0,0.1445,1.965375,0.000322170643
135.0,0.1445,1.965125,0.000322170643
135.0,0.144375,1.9645,0.000322170643
135.0,0.144375,1.9645,0.000322170643
135.0,0.14425,1.964375,0.000322170643
135.0,0.144125,1.964625,0.000322170643
135.0,0.144125,1.964625,0.000322170643
135.0,0.144375,1.96425,0.000322170643
135.0,0.144875,1.964,0.000322170643
135.0,0.145,1.96425,0.000322170643
135.0,0.144625,1.964625,0.000322170643
135.0,0.144125,1.964625,0.000322170643
135.0,0.14425,1.96475,0.000322170643
135.0,0.144375,1.965,0.000322170643
135.0,0.1445,1.964875,0.000322170643
135.0,0.144375,1.96525,0.000322170643
135.0,0.1445,1.965375,0.000322170643
135.0,0.14475,1.965125,0.000322170643
135.0,0.144625,1.964875,0.000322170643
135.0,0.144625,1.964875,0.000322170643
135.0,0.144875,1.964375,0.000322170643
135.0,0.145,1.964375,0.000322170643
135.0,0.1445,1.964375,0.000322170643
135.0,0.14425,1.9645,0.000322170643
135.0,0.1445,1.964125,0.000322170643
135.0,0.1445,1.964,0.000322170643
135.0,0.144625,1.964375,0.000322170643
135.0,0.14475,1.9645,0.000322170643
135.0,0.1445,1.9645,0.000322170643
135.0,0.1445,1.964875,0.000322170643
135.0,0.144625,1.964875,0.000322170643
135.0,0.144625,1.964875,0.000322170643
135.0,0.1445,1.965375,0.000322170643
135.0,0.144875,1.96575,0.000322170643
135.0,0.1445,1.965375,0.000322170643
135.0,0.1445,1.965375,0.000322170643
135.0,0.1445,1.96475,0.000322170643
135.0,0.144625,1.96425,0.000322170643
135.0,0.144625,1.964375,0.000322170643
135.0,0.144625,1.964625,0.000322170643
135.0,0.14475,1.9645,0.000322170643
135.0,0.144625,1.964,0.000322170643
135.0,0.14425,1.96425,0.000322170643
135.0,0.1445,1.9645,0.000322170643
135.0,0.144375,1.964625,0.000322170643
135.0,0.144375,1.96475,0.000322170643
135.0,0.144625,1.964875,0.000322170643
135.0,0.1445,1.965,0.000322170643
135.0,0.144625,1.965125,0.000322170643
135.0,0.144875,1.965375,0.000322170643
135.0,0.145,1.9655,0.000322170643
135.0,0.14475,1.964875,0.000322170643
135.0,0.14475,1.964875,0.000322170643
135.0,0.144875,1.9645,0.000322170643
135.0,0.144875,1.9645,0.000322170643
135.0,0.144375,1.9645,0.000322170643
135.0,0.144125,1.964625,0.000322170643
135.0,0.144625,1.964375,0.000322170643
135.0,0.144875,1.963875,0.000322170643
135.0,0.14475,1.964375,0.000322170643
135.0,0.144,1.96475,0.000322170643
135.0,0.14425,1.964375,0.000322170643
135.0,0.1445,1.96475,0.000322170643
135.0,0.1445,1.964875,0.000322170643
135.0,0.144375,1.964875,0.000322170643
135.0,0.1445,1.96525,0.000322170643
135.0,0.145,1.965375,0.000322170643
136.0,0.12275,1.91425,0.00032220062
136.0,0.122625,1.9145,0.00032220062
136.0,0.122625,1.914625,0.00032220062
136.0,0.122875,1.914625,0.00032220062
136.0,0.122875,1.91425,0.00032220062
136.0,0.12275,1.9145,0.00032220062
136.0,0.122375,1.914875,0.00032220062
136.0,0.122625,1.91475,0.00032220062
136.0,0.122625,1.91475,0.00032220062
136.0,0.1225,1.914875,0.00032220062
136.0,0.122625,1.915,0.00032220062
136.0,0.1225,1.915,0.00032220062
136.0,0.122375,1.91525,0.00032220062
136.0,0.12275,1.915625,0.00032220062
136.0,0.123125,1.915375,0.00032220062
136.0,0.122875,1.915125,0.00032220062
136.0,0.123,1.914375,0.00032220062
136.0,0.122625,1.914375,0.00032220062
136.0,0.12225,1.9145,0.00032220062
136.0,0.12275,1.914625,0.00032220062
136.0,0.123,1.91425,0.00032220062
136.0,0.12275,1.914125,0.00032220062
136.0,0.12275,1.9145,0.00032220062
136.0,0.12275,1.914875,0.00032220062
136.0,0.122875,1.914875,0.00032220062
136.0,0.122875,1.915,0.00032220062
136.0,0.122625,1.915125,0.00032220062
136.0,0.122875,1.915,0.00032220062
136.0,0.122625,1.915125,0.00032220062
136.0,0.12275,1.9155,0.00032220062
136.0,0.12275,1.91575,0.00032220062
136.0,0.122625,1.915625,0.00032220062
136.0,0.122625,1.915,0.00032220062
136.0,0.123,1.9145,0.00032220062
136.0,0.122875,1.91475,0.00032220062
136.0,0.12275,1.91475,0.00032220062
136.0,0.123,1.91475,0.00032220062
136.0,0.12275,1.914375,0.00032220062
136.0,0.1225,1.914375,0.00032220062
136.0,0.122875,1.91475,0.00032220062
136.0,0.123,1.91475,0.00032220062
136.0,0.123,1.91475,0.00032220062
136.0,0.122625,1.914625,0.00032220062
136.0,0.122375,1.914875,0.00032220062
136.0,0.122375,1.915125,0.00032220062
136.0,0.122375,1.915375,0.00032220062
136.0,0.12275,1.91575,0.00032220062
136.0,0.12275,1.915625,0.00032220062
136.0,0.122625,1.915125,0.00032220062
136.0,0.122875,1.914375,0.00032220062
136.0,0.123,1.91425,0.00032220062
136.0,0.12275,1.914625,0.00032220062
136.0,0.122625,1.914625,0.00032220062
136.0,0.122875,1.9145,0.00032220062
136.0,0.123,1.914375,0.00032220062
136.0,0.123,1.9145,0.00032220062
136.0,0.12275,1.914875,0.00032220062
136.0,0.12275,1.914875,0.00032220062
136.0,0.1225,1.91475,0.00032220062
136.0,0.1225,1.915,0.00032220062
136.0,0.12275,1.91525,0.00032220062
136.0,0.122875,1.915125,0.00032220062
136.0,0.12275,1.915375,0.00032220062
136.0,0.122625,1.915625,0.00032220062
136.0,0.1225,1.915375,0.00032220062
136.0,0.123,1.914875,0.00032220062
136.0,0.12325,1.914375,0.00032220062
136.0,0.123,1.9145,0.00032220062
136.0,0.12275,1.914625,0.00032220062
136.0,0.122625,1.914625,0.00032220062
136.0,0.122375,1.914375,0.00032220062
136.0,0.122875,1.91425,0.00032220062
136.0,0.122875,1.915,0.00032220062
136.0,0.122875,1.915,0.00032220062
136.0,0.12275,1.915125,0.00032220062
136.0,0.12275,1.914875,0.00032220062
136.0,0.1225,1.915125,0.00032220062
136.0,0.122875,1.915125,0.00032220062
136.0,0.122875,1.915125,0.00032220062
136.0,0.122625,1.915375,0.00032220062
136.0,0.1225,1.91575,0.00032220062
136.0,0.122625,1.915375,0.00032220062
136.0,0.12225,1.915,0.00032220062
136.0,0.12275,1.914625,0.00032220062
136.0,0.123,1.914625,0.00032220062
136.0,0.12275,1.914875,0.00032220062
136.0,0.123,1.914625,0.00032220062
136.0,0.123375,1.91425,0.00032220062
136.0,0.123125,1.914375,0.00032220062
136.0,0.123125,1.914375,0.00032220062
136.0,0.12275,1.91475,0.00032220062
136.0,0.122875,1.914625,0.00032220062
136.0,0.122875,1.91475,0.00032220062
136.0,0.1225,1.915,0.00032220062
136.0,0.12225,1.915125,0.00032220062
136.0,0.12275,1.91525,0.00032220062
136.0,0.123,1.91575,0.00032220062
136.0,0.123,1.91575,0.00032220062
136.0,0.122625,1.915375,0.00032220062
136.0,0.122625,1.914875,0.00032220062
136.0,0.123,1.914625,0.00032220062
136.0,0.122875,1.91475,0.00032220062
136.0,0.12275,1.91475,0.00032220062
136.0,0.123125,1.914625,0.00032220062
136.0,0.122625,1.91425,0.00032220062
136.0,0.122625,1.91425,0.00032220062
136.0,0.1225,1.9145,0.00032220062
136.0,0.122625,1.914875,0.00032220062
136.0,0.122625,1.914875,0.00032220062
136.0,0.122625,1.91475,0.00032220062
136.0,0.1225,1.915125,0.00032220062
136.0,0.1225,1.915,0.00032220062
136.0,0.123,1.915125,0.00032220062
136.0,0.123,1.91575,0.00032220062
136.0,0.122875,1.915875,0.00032220062
136.0,0.122875,1.915375,0.00032220062
136.0,0.123,1.914625,0.00032220062
136.0,0.123,1.914625,0.00032220062
136.0,0.122625,1.914875,0.00032220062
136.0,0.123,1.915125,0.00032220062
136.0,0.123,1.914625,0.00032220062
136.0,0.123125,1.914625,0.00032220062
136.0,0.123125,1.91425,0.00032220062
136.0,0.122875,1.9145,0.00032220062
136.0,0.123,1.915,0.00032220062
136.0,0.12275,1.914875,0.00032220062
136.0,0.122625,1.915,0.00032220062
136.0,0.122875,1.91525,0.00032220062
136.0,0.122875,1.915125,0.00032220062
136.0,0.123125,1.9155,0.00032220062
136.0,0.123125,1.91575,0.00032220062
136.0,0.12325,1.9155,0.00032220062
136.0,0.123125,1.915,0.00032220062
136.0,0.12325,1.9145,0.00032220062
136.0,0.12275,1.9145,0.00032220062
136.0,0.123,1.9145,0.00032220062
136.0,0.123,1.9145,0.00032220062
136.0,0.123125,1.9145,0.00032220062
136.0,0.123125,1.91425,0.00032220062
136.0,0.122875,1.91425,0.00032220062
136.0,0.12275,1.914875,0.00032220062
136.0,0.12275,1.915,0.00032220062
136.0,0.1225,1.914875,0.00032220062
136.0,0.122375,1.915125,0.00032220062
136.0,0.1225,1.915,0.00032220062
136.0,0.12275,1.915125,0.00032220062
136.0,0.12275,1.9155,0.00032220062
136.0,0.123,1.915625,0.00032220062
136.0,0.123,1.915375,0.00032220062
136.0,0.12325,1.914875,0.00032220062
136.0,0.123125,1.9145,0.00032220062
136.0,0.122875,1.9145,0.00032220062
136.0,0.122375,1.91475,0.00032220062
136.0,0.12225,1.914625,0.00032220062
136.0,0.12225,1.914625,0.00032220062
136.0,0.12275,1.91425,0.00032220062
136.0,0.122625,1.914375,0.00032220062
136.0,0.122625,1.915,0.00032220062
136.0,0.122625,1.915,0.00032220062
136.0,0.12275,1.915,0.00032220062
136.0,0.122875,1.915125,0.00032220062
136.0,0.1225,1.915,0.00032220062
136.0,0.122375,1.91525,0.00032220062
136.0,0.122875,1.915625,0.00032220062
136.0,0.1225,1.915625,0.00032220062
136.0,0.12275,1.91525,0.00032220062
136.0,0.12275,1.914625,0.00032220062
136.0,0.12275,1.9145,0.00032220062
136.0,0.122625,1.9145,0.00032220062
137.0,0.103125,1.865,0.000322130072
137.0,0.103125,1.864625,0.000322130072
137.0,0.10325,1.864125,0.000322130072
137.0,0.103125,1.86375,0.000322130072
137.0,0.102875,1.864125,0.000322130072
137.0,0.10275,1.864125,0.000322130072
137.0,0.103,1.864125,0.000322130072
137.0,0.10325,1.863875,0.000322130072
137.0,0.10325,1.863875,0.000322130072
137.0,0.103125,1.863875,0.000322130072
137.0,0.103125,1.864375,0.000322130072
137.0,0.10275,1.86425,0.000322130072
137.0,0.10275,1.864375,0.000322130072
137.0,0.103,1.864625,0.000322130072
137.0,0.10275,1.864625,0.000322130072
137.0,0.102875,1.864875,0.000322130072
137.0,0.10275,1.86525,0.000322130072
137.0,0.102875,1.865125,0.000322130072
137.0,0.10275,1.864875,0.000322130072
137.0,0.10275,1.864375,0.000322130072
137.0,0.10275,1.864125,0.000322130072
137.0,0.102625,1.864125,0.000322130072
137.0,0.103125,1.86425,0.000322130072
137.0,0.103,1.864,0.000322130072
137.0,0.103,1.864,0.000322130072
137.0,0.10325,1.86375,0.000322130072
137.0,0.103125,1.86425,0.000322130072
137.0,0.103125,1.864625,0.000322130072
137.0,0.102875,1.864375,0.000322130072
137.0,0.10275,1.864375,0.000322130072
137.0,0.103,1.8645,0.000322130072
137.0,0.10275,1.864625,0.000322130072
137.0,0.10275,1.865125,0.000322130072
137.0,0.10275,1.86525,0.000322130072
137.0,0.10275,1.864875,0.000322130072
137.0,0.10325,1.864375,0.000322130072
137.0,0.10325,1.864,0.000322130072
137.0,0.102875,1.864125,0.000322130072
137.0,0.102625,1.86425,0.000322130072
137.0,0.102625,1.86425,0.000322130072
137.0,0.103,1.86425,0.000322130072
137.0,0.103,1.864,0.000322130072
137.0,0.103,1.86375,0.000322130072
137.0,0.103,1.864125,0.000322130072
137.0,0.102875,1.86425,0.000322130072
137.0,0.1025,1.864375,0.000322130072
137.0,0.10275,1.8645,0.000322130072
137.0,0.102625,1.86475,0.000322130072
137.0,0.1025,1.864875,0.000322130072
137.0,0.10275,1.865125,0.000322130072
137.0,0.10275,1.865375,0.000322130072
137.0,0.102875,1.865,0.000322130072
137.0,0.103125,1.86425,0.000322130072
137.0,0.10325,1.864,0.000322130072
137.0,0.102875,1.864125,0.000322130072
137.0,0.102875,1.86425,0.000322130072
137.0,0.103,1.864125,0.000322130072
137.0,0.103,1.864125,0.000322130072
137.0,0.103125,1.863875,0.000322130072
137.0,0.102875,1.863875,0.000322130072
137.0,0.10275,1.86425,0.000322130072
137.0,0.102625,1.864375,0.000322130072
137.0,0.1025,1.864625,0.000322130072
137.0,0.1025,1.864625,0.000322130072
137.0,0.10275,1.86475,0.000322130072
137.0,0.10275,1.865,0.000322130072
137.0,0.103125,1.865125,0.000322130072
137.0,0.103,1.86525,0.000322130072
137.0,0.102875,1.864875,0.000322130072
137.0,0.102875,1.864375,0.000322130072
137.0,0.103,1.864125,0.000322130072
137.0,0.102875,1.86425,0.000322130072
137.0,0.10275,1.86425,0.000322130072
137.0,0.10275,1.86425,0.000322130072
137.0,0.103,1.864125,0.000322130072
137.0,0.103125,1.86375,0.000322130072
137.0,0.103,1.864,0.000322130072
137.0,0.103,1.864375,0.000322130072
137.0,0.102875,1.8645,0.000322130072
137.0,0.102875,1.864625,0.000322130072
137.0,0.10275,1.86475,0.000322130072
137.0,0.102625,1.864625,0.000322130072
137.0,0.10275,1.86475,0.000322130072
137.0,0.102875,1.865125,0.000322130072
137.0,0.102625,1.864875,0.000322130072
137.0,0.102625,1.864625,0.000322130072
137.0,0.10275,1.864375,0.000322130072
137.0,0.10275,1.864125,0.000322130072
137.0,0.10275,1.864125,0.000322130072
137.0,0.10275,1.864125,0.000322130072
137.0,0.103,1.86425,0.000322130072
137.0,0.10325,1.86375,0.000322130072
137.0,0.103375,1.8635,0.000322130072
137.0,0.10325,1.864,0.000322130072
137.0,0.103,1.86425,0.000322130072
137.0,0.102875,1.86425,0.000322130072
137.0,0.10275,1.864625,0.000322130072
137.0,0.102875,1.864625,0.000322130072
137.0,0.10275,1.864625,0.000322130072
137.0,0.102875,1.864875,0.000322130072
137.0,0.102875,1.865,0.000322130072
137.0,0.10325,1.864625,0.000322130072
137.0,0.103125,1.864125,0.000322130072
137.0,0.103,1.863875,0.000322130072
137.0,0.10275,1.864,0.000322130072
137.0,0.10275,1.864,0.000322130072
137.0,0.1025,1.864125,0.000322130072
137.0,0.1025,1.864125,0.000322130072
137.0,0.10325,1.863875,0.000322130072
137.0,0.10325,1.863875,0.000322130072
137.0,0.102875,1.864375,0.000322130072
137.0,0.102375,1.864375,0.000322130072
137.0,0.102625,1.86425,0.000322130072
137.0,0.103,1.86475,0.000322130072
137.0,0.10275,1.86475,0.000322130072
137.0,0.10275,1.865,0.000322130072
137.0,0.102875,1.865,0.000322130072
137.0,0.103125,1.864875,0.000322130072
137.0,0.103,1.86475,0.000322130072
137.0,0.103125,1.86425,0.000322130072
137.0,0.10325,1.863875,0.000322130072
137.0,0.10325,1.863875,0.000322130072
137.0,0.10275,1.86425,0.000322130072
137.0,0.10275,1.86425,0.000322130072
137.0,0.103,1.864125,0.000322130072
137.0,0.102875,1.863875,0.000322130072
137.0,0.102875,1.864125,0.000322130072
137.0,0.103125,1.864375,0.000322130072
137.0,0.103,1.86425,0.000322130072
137.0,0.102875,1.864375,0.000322130072
137.0,0.102625,1.864625,0.000322130072
137.0,0.102375,1.864625,0.000322130072
137.0,0.102625,1.865,0.000322130072
137.0,0.103125,1.86525,0.000322130072
137.0,0.103,1.864875,0.000322130072
137.0,0.1025,1.8645,0.000322130072
137.0,0.1025,1.863875,0.000322130072
137.0,0.10275,1.863875,0.000322130072
137.0,0.10275,1.864,0.000322130072
137.0,0.1025,1.864125,0.000322130072
137.0,0.102625,1.864125,0.000322130072
137.0,0.10275,1.864,0.000322130072
137.0,0.103,1.863875,0.000322130072
137.0,0.102875,1.864375,0.000322130072
137.0,0.10275,1.864625,0.000322130072
137.0,0.10275,1.8645,0.000322130072
137.0,0.102875,1.864625,0.000322130072
137.0,0.103125,1.86475,0.000322130072
137.0,0.102875,1.864625,0.000322130072
137.0,0.103,1.864875,0.000322130072
137.0,0.102875,1.865125,0.000322130072
137.0,0.103,1.864875,0.000322130072
137.0,0.10275,1.86425,0.000322130072
137.0,0.102875,1.863875,0.000322130072
137.0,0.102875,1.863875,0.000322130072
137.0,0.10275,1.864125,0.000322130072
137.0,0.10275,1.864,0.000322130072
137.0,0.103,1.864,0.000322130072
137.0,0.10275,1.86375,0.000322130072
137.0,0.102625,1.863875,0.000322130072
137.0,0.10275,1.864375,0.000322130072
137.0,0.102875,1.864375,0.000322130072
137.0,0.10275,1.864375,0.000322130072
137.0,0.102625,1.864625,0.000322130072
137.0,0.102875,1.864625,0.000322130072
137.0,0.103125,1.86475,0.000322130072
137.0,0.103,1.86525,0.000322130072
137.0,0.10275,1.86525,0.000322130072
137.0,0.10275,1.864875,0.000322130072
138.0,0.084875,1.81325,0.000322364591
138.0,0.084875,1.813875,0.000322364591
138.0,0.0845,1.813875,0.000322364591
138.0,0.084375,1.813625,0.000322364591
138.0,0.08425,1.81375,0.000322364591
138.0,0.084625,1.813875,0.000322364591
138.0,0.08475,1.81425,0.000322364591
138.0,0.084625,1.8145,0.000322364591
138.0,0.084625,1.8145,0.000322364591
138.0,0.084875,1.8145,0.000322364591
138.0,0.084875,1.813875,0.000322364591
138.0,0.084625,1.813375,0.000322364591
138.0,0.0845,1.81325,0.000322364591
138.0,0.084375,1.813375,0.000322364591
138.0,0.0845,1.813375,0.000322364591
138.0,0.0845,1.81325,0.000322364591
138.0,0.084125,1.813125,0.000322364591
138.0,0.084375,1.813125,0.000322364591
138.0,0.084625,1.8135,0.000322364591
138.0,0.0845,1.813375,0.000322364591
138.0,0.084125,1.813625,0.000322364591
138.0,0.084125,1.814,0.000322364591
138.0,0.084375,1.81375,0.000322364591
138.0,0.08425,1.814125,0.000322364591
138.0,0.084375,1.814125,0.000322364591
138.0,0.084375,1.8145,0.000322364591
138.0,0.084625,1.81425,0.000322364591
138.0,0.0845,1.81375,0.000322364591
138.0,0.084375,1.81325,0.000322364591
138.0,0.0845,1.813375,0.000322364591
138.0,0.084625,1.8135,0.000322364591
138.0,0.084625,1.813625,0.000322364591
138.0,0.08475,1.81325,0.000322364591
138.0,0.08475,1.813,0.000322364591
138.0,0.084875,1.813625,0.000322364591
138.0,0.084625,1.81375,0.000322364591
138.0,0.084375,1.813625,0.000322364591
138.0,0.084375,1.813875,0.000322364591
138.0,0.084375,1.814,0.000322364591
138.0,0.084375,1.813875,0.000322364591
138.0,0.084625,1.813875,0.000322364591
138.0,0.084625,1.81425,0.000322364591
138.0,0.084625,1.814375,0.000322364591
138.0,0.08425,1.814375,0.000322364591
138.0,0.084375,1.813625,0.000322364591
138.0,0.08475,1.81325,0.000322364591
138.0,0.08425,1.8135,0.000322364591
138.0,0.08425,1.813625,0.000322364591
138.0,0.084125,1.813375,0.000322364591
138.0,0.084375,1.813,0.000322364591
138.0,0.0845,1.813125,0.000322364591
138.0,0.084625,1.81325,0.000322364591
138.0,0.0845,1.813375,0.000322364591
138.0,0.084375,1.813625,0.000322364591
138.0,0.084375,1.813875,0.000322364591
138.0,0.084375,1.814,0.000322364591
138.0,0.08475,1.814125,0.000322364591
138.0,0.08475,1.814125,0.000322364591
138.0,0.084875,1.81425,0.000322364591
138.0,0.084625,1.814375,0.000322364591
138.0,0.084625,1.814125,0.000322364591
138.0,0.08475,1.813625,0.000322364591
138.0,0.08475,1.813375,0.000322364591
138.0,0.084625,1.813625,0.000322364591
138.0,0.084625,1.813375,0.000322364591
138.0,0.08475,1.813375,0.000322364591
138.0,0.08475,1.813125,0.000322364591
138.0,0.084625,1.81325,0.000322364591
138.0,0.08475,1.813625,0.000322364591
138.0,0.08475,1.8135,0.000322364591
138.0,0.08425,1.8135,0.000322364591
138.0,0.084375,1.81375,0.000322364591
138.0,0.0845,1.813875,0.000322364591
138.0,0.0845,1.813875,0.000322364591
138.0,0.08475,1.814125,0.000322364591
138.0,0.084625,1.8145,0.000322364591
138.0,0.0845,1.8145,0.000322364591
138.0,0.085125,1.814,0.000322364591
138.0,0.084875,1.813375,0.000322364591
138.0,0.08475,1.81325,0.000322364591
138.0,0.084375,1.8135,0.000322364591
138.0,0.084625,1.813625,0.000322364591
138.0,0.08475,1.813125,0.000322364591
138.0,0.08475,1.813125,0.000322364591
138.0,0.085,1.8135,0.000322364591
138.0,0.084875,1.813625,0.000322364591
138.0,0.084875,1.8135,0.000322364591
138.0,0.0845,1.81375,0.000322364591
138.0,0.0845,1.813875,0.000322364591
138.0,0.0845,1.813875,0.000322364591
138.0,0.08475,1.81375,0.000322364591
138.0,0.084875,1.814375,0.000322364591
138.0,0.084375,1.814375,0.000322364591
138.0,0.08475,1.81375,0.000322364591
138.0,0.084875,1.8135,0.000322364591
138.0,0.085,1.813375,0.000322364591
138.0,0.084625,1.813375,0.000322364591
138.0,0.0845,1.8135,0.000322364591
138.0,0.084625,1.81325,0.000322364591
138.0,0.08425,1.813,0.000322364591
138.0,0.084625,1.813125,0.000322364591
138.0,0.084625,1.81375,0.000322364591
138.0,0.0845,1.81375,0.000322364591
138.0,0.084375,1.81375,0.000322364591
138.0,0.08425,1.813875,0.000322364591
138.0,0.08425,1.813875,0.000322364591
138.0,0.084125,1.813875,0.000322364591
138.0,0.084375,1.814,0.000322364591
138.0,0.084625,1.814375,0.000322364591
138.0,0.08475,1.8145,0.000322364591
138.0,0.08475,1.814125,0.000322364591
138.0,0.084625,1.81375,0.000322364591
138.0,0.08475,1.81325,0.000322364591
138.0,0.0845,1.813375,0.000322364591
138.0,0.084625,1.8135,0.000322364591
138.0,0.08475,1.81325,0.000322364591
138.0,0.084625,1.813,0.000322364591
138.0,0.08425,1.813125,0.000322364591
138.0,0.084375,1.8135,0.000322364591
138.0,0.0845,1.813625,0.000322364591
138.0,0.084375,1.81375,0.000322364591
138.0,0.084375,1.81375,0.000322364591
138.0,0.084375,1.81375,0.000322364591
138.0,0.084375,1.813875,0.000322364591
138.0,0.08475,1.814125,0.000322364591
138.0,0.08475,1.814375,0.000322364591
138.0,0.0845,1.81425,0.000322364591
138.0,0.084125,1.814,0.000322364591
138.0,0.084625,1.81325,0.000322364591
138.0,0.084375,1.813375,0.000322364591
138.0,0.08425,1.813375,0.000322364591
138.0,0.0845,1.813375,0.000322364591
138.0,0.084625,1.81325,0.000322364591
138.0,0.084875,1.813,0.000322364591
138.0,0.0845,1.81325,0.000322364591
138.0,0.08475,1.8135,0.000322364591
138.0,0.084625,1.8135,0.000322364591
138.0,0.0845,1.8135,0.000322364591
138.0,0.0845,1.813625,0.000322364591
138.0,0.0845,1.81375,0.000322364591
138.0,0.08475,1.813875,0.000322364591
138.0,0.08475,1.814,0.000322364591
138.0,0.084625,1.814375,0.000322364591
138.0,0.08475,1.814125,0.000322364591
138.0,0.084625,1.813625,0.000322364591
138.0,0.085,1.81325,0.000322364591
138.0,0.08475,1.813375,0.000322364591
138.0,0.084625,1.8135,0.000322364591
138.0,0.08475,1.81325,0.000322364591
138.0,0.085,1.812875,0.000322364591
138.0,0.084625,1.813,0.000322364591
138.0,0.084625,1.813625,0.000322364591
138.0,0.0845,1.813625,0.000322364591
138.0,0.084125,1.8135,0.000322364591
138.0,0.084125,1.8135,0.000322364591
138.0,0.084,1.813625,0.000322364591
138.0,0.084375,1.813625,0.000322364591
138.0,0.0845,1.813875,0.000322364591
138.0,0.08425,1.81425,0.000322364591
138.0,0.0845,1.81425,0.000322364591
138.0,0.08475,1.813875,0.000322364591
138.0,0.0845,1.813125,0.000322364591
138.0,0.0845,1.813125,0.000322364591
138.0,0.08425,1.813375,0.000322364591
138.0,0.0845,1.8135,0.000322364591
138.0,0.084625,1.8135,0.000322364591
138.0,0.08475,1.81325,0.000322364591
138.0,0.084875,1.813,0.000322364591
138.0,0.084875,1.813375,0.000322364591
139.0,0.0685,1.76225,0.000322335807
139.0,0.06875,1.762,0.000322335807
139.0,0.06875,1.76225,0.000322335807
139.0,0.0685,1.7625,0.000322335807
139.0,0.0685,1.762375,0.000322335807
139.0,0.068375,1.762625,0.000322335807
139.0,0.068875,1.762875,0.000322335807
139.0,0.068625,1.762875,0.000322335807
139.0,0.068625,1.762875,0.000322335807
139.0,0.06875,1.76325,0.000322335807
139.0,0.06875,1.76325,0.000322335807
139.0,0.068875,1.763,0.000322335807
139.0,0.068875,1.762625,0.000322335807
139.0,0.068625,1.762375,0.000322335807
139.0,0.0685,1.76225,0.000322335807
139.0,0.0685,1.762375,0.000322335807
139.0,0.068625,1.762625,0.000322335807
139.0,0.0685,1.762125,0.000322335807
139.0,0.068125,1.761875,0.000322335807
139.0,0.06825,1.762375,0.000322335807
139.0,0.068125,1.7625,0.000322335807
139.0,0.068375,1.7625,0.000322335807
139.0,0.068375,1.76275,0.000322335807
139.0,0.068625,1.762625,0.000322335807
139.0,0.068625,1.762875,0.000322335807
139.0,0.06875,1.762875,0.000322335807
139.0,0.06875,1.76325,0.000322335807
139.0,0.069,1.763375,0.000322335807
139.0,0.069,1.762875,0.000322335807
139.0,0.06875,1.762375,0.000322335807
139.0,0.0685,1.76225,0.000322335807
139.0,0.068375,1.762375,0.000322335807
139.0,0.06825,1.7625,0.000322335807
139.0,0.06875,1.76225,0.000322335807
139.0,0.069,1.762,0.000322335807
139.0,0.068625,1.762125,0.000322335807
139.0,0.068625,1.762625,0.000322335807
139.0,0.068875,1.762625,0.000322335807
139.0,0.0685,1.762625,0.000322335807
139.0,0.068625,1.76275,0.000322335807
139.0,0.068625,1.762625,0.000322335807
139.0,0.06875,1.762625,0.000322335807
139.0,0.068625,1.762875,0.000322335807
139.0,0.06875,1.763375,0.000322335807
139.0,0.0685,1.763375,0.000322335807
139.0,0.068625,1.763,0.000322335807
139.0,0.068625,1.7625,0.000322335807
139.0,0.068625,1.762375,0.000322335807
139.0,0.0685,1.76225,0.000322335807
139.0,0.068625,1.76225,0.000322335807
139.0,0.068875,1.762375,0.000322335807
139.0,0.06875,1.762125,0.000322335807
139.0,0.0685,1.762375,0.000322335807
139.0,0.06825,1.76275,0.000322335807
139.0,0.0685,1.76275,0.000322335807
139.0,0.0685,1.763,0.000322335807
139.0,0.0685,1.763,0.000322335807
139.0,0.0685,1.763,0.000322335807
139.0,0.0685,1.76275,0.000322335807
139.0,0.068375,1.762875,0.000322335807
139.0,0.0685,1.763125,0.000322335807
139.0,0.068625,1.763125,0.000322335807
139.0,0.068375,1.762625,0.000322335807
139.0,0.068375,1.762,0.000322335807
139.0,0.06825,1.76225,0.000322335807
139.0,0.068125,1.762375,0.000322335807
139.0,0.06825,1.76225,0.000322335807
139.0,0.0685,1.761875,0.000322335807
139.0,0.06825,1.762,0.000322335807
139.0,0.068375,1.7625,0.000322335807
139.0,0.068625,1.76275,0.000322335807
139.0,0.068375,1.7625,0.000322335807
139.0,0.06825,1.76275,0.000322335807
139.0,0.06825,1.76275,0.000322335807
139.0,0.06825,1.76275,0.000322335807
139.0,0.06875,1.763,0.000322335807
139.0,0.068875,1.763125,0.000322335807
139.0,0.06875,1.763625,0.000322335807
139.0,0.06875,1.763375,0.000322335807
139.0,0.068625,1.7625,0.000322335807
139.0,0.068125,1.762375,0.000322335807
139.0,0.06825,1.7625,0.000322335807
139.0,0.068375,1.7625,0.000322335807
139.0,0.068625,1.762375,0.000322335807
139.0,0.068625,1.762125,0.000322335807
139.0,0.068625,1.76225,0.000322335807
139.0,0.068625,1.762625,0.000322335807
139.0,0.068875,1.7625,0.000322335807
139.0,0.068375,1.762625,0.000322335807
139.0,0.068375,1.762625,0.000322335807
139.0,0.068375,1.76275,0.000322335807
139.0,0.0685,1.76275,0.000322335807
139.0,0.0685,1.762875,0.000322335807
139.0,0.0685,1.76325,0.000322335807
139.0,0.0685,1.7635,0.000322335807
139.0,0.0685,1.762875,0.000322335807
139.0,0.06825,1.76225,0.000322335807
139.0,0.0685,1.76225,0.000322335807
139.0,0.0685,1.762375,0.000322335807
139.0,0.068625,1.762375,0.000322335807
139.0,0.068875,1.762125,0.000322335807
139.0,0.069,1.761875,0.000322335807
139.0,0.068625,1.762125,0.000322335807
139.0,0.06825,1.762375,0.000322335807
139.0,0.068,1.762375,0.000322335807
139.0,0.068,1.762375,0.000322335807
139.0,0.068125,1.76275,0.000322335807
139.0,0.0685,1.762875,0.000322335807
139.0,0.0685,1.762875,0.000322335807
139.0,0.068625,1.763125,0.000322335807
139.0,0.06875,1.76325,0.000322335807
139.0,0.06875,1.763125,0.000322335807
139.0,0.068375,1.762625,0.000322335807
139.0,0.06875,1.762125,0.000322335807
139.0,0.06875,1.762375,0.000322335807
139.0,0.06825,1.762375,0.000322335807
139.0,0.068375,1.7625,0.000322335807
139.0,0.068625,1.762,0.000322335807
139.0,0.068875,1.762,0.000322335807
139.0,0.068625,1.762625,0.000322335807
139.0,0.068625,1.762625,0.000322335807
139.0,0.068625,1.762625,0.000322335807
139.0,0.06825,1.762625,0.000322335807
139.0,0.068125,1.762875,0.000322335807
139.0,0.068375,1.76275,0.000322335807
139.0,0.0685,1.76275,0.000322335807
139.0,0.068625,1.763125,0.000322335807
139.0,0.06875,1.763125,0.000322335807
139.0,0.068625,1.762875,0.000322335807
139.0,0.068625,1.76225,0.000322335807
139.0,0.068875,1.762,0.000322335807
139.0,0.06875,1.762375,0.000322335807
139.0,0.06875,1.76225,0.000322335807
139.0,0.068625,1.76225,0.000322335807
139.0,0.06875,1.762,0.000322335807
139.0,0.068375,1.762125,0.000322335807
139.0,0.06825,1.762375,0.000322335807
139.0,0.06825,1.7625,0.000322335807
139.0,0.0685,1.7625,0.000322335807
139.0,0.068125,1.7625,0.000322335807
139.0,0.06825,1.762875,0.000322335807
139.0,0.06825,1.76275,0.000322335807
139.0,0.068375,1.762875,0.000322335807
139.0,0.068375,1.76325,0.000322335807
139.0,0.068375,1.763375,0.000322335807
139.0,0.068875,1.762875,0.000322335807
139.0,0.068875,1.762125,0.000322335807
139.0,0.068875,1.762125,0.000322335807
139.0,0.068625,1.76225,0.000322335807
139.0,0.068875,1.76225,0.000322335807
139.0,0.068875,1.76225,0.000322335807
139.0,0.068625,1.762,0.000322335807
139.0,0.068625,1.762,0.000322335807
139.0,0.06875,1.76225,0.000322335807
139.0,0.06875,1.76225,0.000322335807
139.0,0.068875,1.762375,0.000322335807
139.0,0.068625,1.762625,0.000322335807
139.0,0.06875,1.76275,0.000322335807
139.0,0.068625,1.762625,0.000322335807
139.0,0.06875,1.762875,0.000322335807
139.0,0.069,1.76325,0.000322335807
139.0,0.068875,1.76325,0.000322335807
139.0,0.068875,1.76275,0.000322335807
139.0,0.06875,1.76225,0.000322335807
139.0,0.0685,1.762125,0.000322335807
139.0,0.06875,1.762375,0.000322335807
139.0,0.068875,1.76225,0.000322335807
139.0,0.06875,1.761875,0.000322335807
139.0,0.068875,1.761875,0.000322335807
140.0,0.053875,1.71125,0.000322211621
140.0,0.054,1.711375,0.000322211621
140.0,0.05425,1.7115,0.000322211621
140.0,0.054,1.711625,0.000322211621
140.0,0.053875,1.711375,0.000322211621
140.0,0.053875,1.710875,0.000322211621
140.0,0.053875,1.71075,0.000322211621
140.0,0.053875,1.711,0.000322211621
140.0,0.053875,1.711,0.000322211621
140.0,0.054,1.711,0.000322211621
140.0,0.054,1.71075,0.000322211621
140.0,0.053875,1.710375,0.000322211621
140.0,0.054,1.710625,0.000322211621
140.0,0.053875,1.711125,0.000322211621
140.0,0.05375,1.71125,0.000322211621
140.0,0.053375,1.711125,0.000322211621
140.0,0.053625,1.71125,0.000322211621
140.0,0.05375,1.71125,0.000322211621
140.0,0.054,1.711375,0.000322211621
140.0,0.054125,1.711625,0.000322211621
140.0,0.053875,1.71175,0.000322211621
140.0,0.05425,1.711375,0.000322211621
140.0,0.05425,1.711,0.000322211621
140.0,0.0545,1.71075,0.000322211621
140.0,0.054125,1.71075,0.000322211621
140.0,0.054125,1.711,0.000322211621
140.0,0.054125,1.711,0.000322211621
140.0,0.054125,1.710625,0.000322211621
140.0,0.054,1.710375,0.000322211621
140.0,0.054,1.710875,0.000322211621
140.0,0.054125,1.71125,0.000322211621
140.0,0.053625,1.711125,0.000322211621
140.0,0.05375,1.711375,0.000322211621
140.0,0.054,1.711375,0.000322211621
140.0,0.053875,1.711375,0.000322211621
140.0,0.05425,1.711625,0.000322211621
140.0,0.05425,1.71175,0.000322211621
140.0,0.054,1.7115,0.000322211621
140.0,0.054125,1.711125,0.000322211621
140.0,0.054,1.710625,0.000322211621
140.0,0.053875,1.71075,0.000322211621
140.0,0.053875,1.71075,0.000322211621
140.0,0.053625,1.711,0.000322211621
140.0,0.053875,1.710875,0.000322211621
140.0,0.05425,1.710625,0.000322211621
140.0,0.0545,1.710375,0.000322211621
140.0,0.05425,1.711,0.000322211621
140.0,0.053875,1.71075,0.000322211621
140.0,0.05425,1.710875,0.000322211621
140.0,0.053875,1.71125,0.000322211621
140.0,0.054125,1.711375,0.000322211621
140.0,0.054125,1.711375,0.000322211621
140.0,0.05375,1.711625,0.000322211621
140.0,0.054,1.71175,0.000322211621
140.0,0.054125,1.7115,0.000322211621
140.0,0.054125,1.71075,0.000322211621
140.0,0.054,1.7105,0.000322211621
140.0,0.054,1.7105,0.000322211621
140.0,0.053875,1.71075,0.000322211621
140.0,0.054125,1.71075,0.000322211621
140.0,0.05425,1.710875,0.000322211621
140.0,0.054,1.7105,0.000322211621
140.0,0.054375,1.710625,0.000322211621
140.0,0.054375,1.711125,0.000322211621
140.0,0.053875,1.711125,0.000322211621
140.0,0.053625,1.711125,0.000322211621
140.0,0.0535,1.711375,0.000322211621
140.0,0.05375,1.711375,0.000322211621
140.0,0.05375,1.7115,0.000322211621
140.0,0.05375,1.71175,0.000322211621
140.0,0.053875,1.711625,0.000322211621
140.0,0.054,1.71125,0.000322211621
140.0,0.054125,1.71075,0.000322211621
140.0,0.054125,1.71075,0.000322211621
140.0,0.054,1.710625,0.000322211621
140.0,0.054125,1.710875,0.000322211621
140.0,0.054375,1.71075,0.000322211621
140.0,0.05425,1.710625,0.000322211621
140.0,0.054375,1.7105,0.000322211621
140.0,0.054375,1.711,0.000322211621
140.0,0.054125,1.711125,0.000322211621
140.0,0.054,1.711125,0.000322211621
140.0,0.053375,1.71125,0.000322211621
140.0,0.05375,1.71125,0.000322211621
140.0,0.053875,1.711125,0.000322211621
140.0,0.054125,1.711625,0.000322211621
140.0,0.0545,1.711875,0.000322211621
140.0,0.054375,1.711625,0.000322211621
140.0,0.0545,1.711125,0.000322211621
140.0,0.0545,1.711125,0.000322211621
140.0,0.054375,1.710625,0.000322211621
140.0,0.054375,1.710625,0.000322211621
140.0,0.053875,1.710875,0.000322211621
140.0,0.053875,1.71075,0.000322211621
140.0,0.054,1.710625,0.000322211621
140.0,0.053875,1.710625,0.000322211621
140.0,0.054125,1.711125,0.000322211621
140.0,0.054,1.711,0.000322211621
140.0,0.05375,1.711,0.000322211621
140.0,0.053875,1.71125,0.000322211621
140.0,0.05375,1.71125,0.000322211621
140.0,0.05375,1.71125,0.000322211621
140.0,0.05375,1.711625,0.000322211621
140.0,0.053875,1.71175,0.000322211621
140.0,0.05375,1.711375,0.000322211621
140.0,0.05375,1.711375,0.000322211621
140.0,0.054,1.710875,0.000322211621
140.0,0.053875,1.7105,0.000322211621
140.0,0.053875,1.710875,0.000322211621
140.0,0.05375,1.711,0.000322211621
140.0,0.054,1.710875,0.000322211621
140.0,0.054,1.710625,0.000322211621
140.0,0.054125,1.71075,0.000322211621
140.0,0.054,1.710875,0.000322211621
140.0,0.05375,1.711125,0.000322211621
140.0,0.053875,1.71125,0.000322211621
140.0,0.054,1.711375,0.000322211621
140.0,0.054,1.71125,0.000322211621
140.0,0.053875,1.711375,0.000322211621
140.0,0.054125,1.712,0.000322211621
140.0,0.0545,1.712,0.000322211621
140.0,0.05425,1.712,0.000322211621
140.0,0.05425,1.71125,0.000322211621
140.0,0.054,1.710875,0.000322211621
140.0,0.05375,1.71075,0.000322211621
140.0,0.053625,1.711,0.000322211621
140.0,0.05375,1.711,0.000322211621
140.0,0.054125,1.71075,0.000322211621
140.0,0.054125,1.7105,0.000322211621
140.0,0.054375,1.71075,0.000322211621
140.0,0.0545,1.711,0.000322211621
140.0,0.054,1.711,0.000322211621
140.0,0.05375,1.711125,0.000322211621
140.0,0.054125,1.71125,0.000322211621
140.0,0.054125,1.711375,0.000322211621
140.0,0.054125,1.7115,0.000322211621
140.0,0.05425,1.711875,0.000322211621
140.0,0.054125,1.711625,0.000322211621
140.0,0.054125,1.711625,0.000322211621
140.0,0.053875,1.71125,0.000322211621
140.0,0.054125,1.71075,0.000322211621
140.0,0.054125,1.710625,0.000322211621
140.0,0.054,1.710875,0.000322211621
140.0,0.054,1.710875,0.000322211621
140.0,0.054125,1.710625,0.000322211621
140.0,0.054375,1.7105,0.000322211621
140.0,0.054125,1.711,0.000322211621
140.0,0.054,1.711,0.000322211621
140.0,0.053875,1.710875,0.000322211621
140.0,0.053875,1.711125,0.000322211621
140.0,0.05375,1.711125,0.000322211621
140.0,0.054125,1.711375,0.000322211621
140.0,0.054625,1.711625,0.000322211621
140.0,0.05425,1.71175,0.000322211621
140.0,0.05425,1.71175,0.000322211621
140.0,0.054375,1.711625,0.000322211621
140.0,0.05425,1.711,0.000322211621
140.0,0.05425,1.71075,0.000322211621
140.0,0.054,1.710625,0.000322211621
140.0,0.054125,1.710875,0.000322211621
140.0,0.05425,1.71075,0.000322211621
140.0,0.054,1.710625,0.000322211621
140.0,0.05375,1.7105,0.000322211621
140.0,0.054125,1.710875,0.000322211621
140.0,0.054,1.711,0.000322211621
140.0,0.053875,1.711125,0.000322211621
140.0,0.053875,1.711375,0.000322211621
140.0,0.053875,1.71125,0.000322211621
140.0,0.054125,1.711625,0.000322211621
141.0,0.041875,1.6585,0.000322374864
141.0,0.041625,1.658625,0.000322374864
141.0,0.0415,1.659,0.000322374864
141.0,0.041375,1.659,0.000322374864
141.0,0.041625,1.658875,0.000322374864
141.0,0.0415,1.659,0.000322374864
141.0,0.041875,1.6595,0.000322374864
141.0,0.042125,1.659625,0.000322374864
141.0,0.042125,1.659625,0.000322374864
141.0,0.042125,1.659,0.000322374864
141.0,0.042125,1.658375,0.000322374864
141.0,0.042,1.658375,0.000322374864
141.0,0.041375,1.6585,0.000322374864
141.0,0.0415,1.6585,0.000322374864
141.0,0.041375,1.658375,0.000322374864
141.0,0.04175,1.658125,0.000322374864
141.0,0.041875,1.658125,0.000322374864
141.0,0.042,1.6585,0.000322374864
141.0,0.041625,1.6585,0.000322374864
141.0,0.0415,1.658625,0.000322374864
141.0,0.0415,1.658875,0.000322374864
141.0,0.041625,1.65875,0.000322374864
141.0,0.041375,1.659,0.000322374864
141.0,0.0415,1.659375,0.000322374864
141.0,0.0415,1.659375,0.000322374864
141.0,0.041875,1.65925,0.000322374864
141.0,0.042,1.659,0.000322374864
141.0,0.0415,1.658625,0.000322374864
141.0,0.041375,1.658375,0.000322374864
141.0,0.041625,1.658625,0.000322374864
141.0,0.04175,1.6585,0.000322374864
141.0,0.041625,1.65825,0.000322374864
141.0,0.042,1.658,0.000322374864
141.0,0.041625,1.6585,0.000322374864
141.0,0.041875,1.6585,0.000322374864
141.0,0.041625,1.658375,0.000322374864
141.0,0.04125,1.65875,0.000322374864
141.0,0.041375,1.658875,0.000322374864
141.0,0.04175,1.659,0.000322374864
141.0,0.0415,1.65925,0.000322374864
141.0,0.0415,1.659375,0.000322374864
141.0,0.04125,1.659375,0.000322374864
141.0,0.041375,1.659125,0.000322374864
141.0,0.041625,1.65875,0.000322374864
141.0,0.041625,1.65825,0.000322374864
141.0,0.04175,1.6585,0.000322374864
141.0,0.04175,1.658625,0.000322374864
141.0,0.0415,1.658625,0.000322374864
141.0,0.0415,1.65825,0.000322374864
141.0,0.041625,1.658125,0.000322374864
141.0,0.041625,1.6585,0.000322374864
141.0,0.0415,1.658625,0.000322374864
141.0,0.0415,1.65875,0.000322374864
141.0,0.041375,1.658875,0.000322374864
141.0,0.041875,1.658875,0.000322374864
141.0,0.041875,1.658875,0.000322374864
141.0,0.042,1.659375,0.000322374864
141.0,0.042,1.659375,0.000322374864
141.0,0.042,1.659375,0.000322374864
141.0,0.042,1.659125,0.000322374864
141.0,0.041625,1.658625,0.000322374864
141.0,0.0415,1.658375,0.000322374864
141.0,0.04125,1.658375,0.000322374864
141.0,0.04125,1.65875,0.000322374864
141.0,0.041625,1.658625,0.000322374864
141.0,0.042,1.658125,0.000322374864
141.0,0.042,1.6585,0.000322374864
141.0,0.041875,1.658875,0.000322374864
141.0,0.04175,1.658625,0.000322374864
141.0,0.04175,1.658875,0.000322374864
141.0,0.0415,1.659,0.000322374864
141.0,0.0415,1.659125,0.000322374864
141.0,0.0415,1.659125,0.000322374864
141.0,0.0415,1.659125,0.000322374864
141.0,0.042,1.659375,0.000322374864
141.0,0.04175,1.65925,0.000322374864
141.0,0.042,1.65875,0.000322374864
141.0,0.041625,1.6585,0.000322374864
141.0,0.04175,1.658625,0.000322374864
141.0,0.041625,1.6585,0.000322374864
141.0,0.041375,1.658625,0.000322374864
141.0,0.041375,1.658375,0.000322374864
141.0,0.04175,1.65825,0.000322374864
141.0,0.041625,1.658375,0.000322374864
141.0,0.041375,1.6585,0.000322374864
141.0,0.041375,1.6585,0.000322374864
141.0,0.041625,1.659,0.000322374864
141.0,0.04175,1.658875,0.000322374864
141.0,0.04175,1.659,0.000322374864
141.0,0.04175,1.659,0.000322374864
141.0,0.041625,1.659125,0.000322374864
141.0,0.04175,1.659375,0.000322374864
141.0,0.041875,1.65925,0.000322374864
141.0,0.041875,1.658875,0.000322374864
141.0,0.041875,1.65825,0.000322374864
141.0,0.041875,1.658375,0.000322374864
141.0,0.0415,1.6585,0.000322374864
141.0,0.0415,1.6585,0.000322374864
141.0,0.0415,1.65825,0.000322374864
141.0,0.041375,1.658125,0.000322374864
141.0,0.041625,1.65825,0.000322374864
141.0,0.04175,1.658375,0.000322374864
141.0,0.04125,1.658625,0.000322374864
141.0,0.041375,1.658875,0.000322374864
141.0,0.041375,1.658875,0.000322374864
141.0,0.041375,1.658875,0.000322374864
141.0,0.041375,1.659,0.000322374864
141.0,0.04125,1.659375,0.000322374864
141.0,0.0415,1.659375,0.000322374864
141.0,0.0415,1.659,0.000322374864
141.0,0.041625,1.6585,0.000322374864
141.0,0.0415,1.658125,0.000322374864
141.0,0.041125,1.6585,0.000322374864
141.0,0.0415,1.65875,0.000322374864
141.0,0.04175,1.6585,0.000322374864
141.0,0.041875,1.658125,0.000322374864
141.0,0.0415,1.65825,0.000322374864
141.0,0.0415,1.6585,0.000322374864
141.0,0.0415,1.658625,0.000322374864
141.0,0.041375,1.658875,0.000322374864
141.0,0.041625,1.65875,0.000322374864
141.0,0.041625,1.65875,0.000322374864
141.0,0.04175,1.659,0.000322374864
141.0,0.041375,1.659125,0.000322374864
141.0,0.04125,1.6595,0.000322374864
141.0,0.041625,1.6595,0.000322374864
141.0,0.042,1.659,0.000322374864
141.0,0.041875,1.6585,0.000322374864
141.0,0.042,1.658125,0.000322374864
141.0,0.041625,1.65825,0.000322374864
141.0,0.04175,1.65825,0.000322374864
141.0,0.041875,1.658125,0.000322374864
141.0,0.04175,1.658125,0.000322374864
141.0,0.041375,1.658625,0.000322374864
141.0,0.041625,1.658625,0.000322374864
141.0,0.04175,1.658625,0.000322374864
141.0,0.041625,1.65875,0.000322374864
141.0,0.041625,1.65875,0.000322374864
141.0,0.041125,1.659,0.000322374864
141.0,0.04125,1.658875,0.000322374864
141.0,0.04125,1.659125,0.000322374864
141.0,0.0415,1.65925,0.000322374864
141.0,0.041625,1.65925,0.000322374864
141.0,0.042,1.658875,0.000322374864
141.0,0.04175,1.658625,0.000322374864
141.0,0.041625,1.6585,0.000322374864
141.0,0.0415,1.658625,0.000322374864
141.0,0.041875,1.6585,0.000322374864
141.0,0.041875,1.65825,0.000322374864
141.0,0.042,1.65825,0.000322374864
141.0,0.041625,1.65875,0.000322374864
141.0,0.04175,1.65875,0.000322374864
141.0,0.041625,1.658875,0.000322374864
141.0,0.041625,1.659125,0.000322374864
141.0,0.041625,1.659125,0.000322374864
141.0,0.042,1.658875,0.000322374864
141.0,0.042125,1.659,0.000322374864
141.0,0.04175,1.659375,0.000322374864
141.0,0.0415,1.65925,0.000322374864
141.0,0.041625,1.659125,0.000322374864
141.0,0.04175,1.658375,0.000322374864
141.0,0.042,1.658375,0.000322374864
141.0,0.041625,1.6585,0.000322374864
141.0,0.0415,1.6585,0.000322374864
141.0,0.041625,1.658625,0.000322374864
141.0,0.041875,1.65825,0.000322374864
141.0,0.041875,1.658375,0.000322374864
141.0,0.041875,1.65875,0.000322374864
141.0,0.04175,1.6585,0.000322374864
142.0,0.030625,1.607,0.000322217878
142.0,0.03075,1.60725,0.000322217878
142.0,0.030875,1.607375,0.000322217878
142.0,0.031375,1.607125,0.000322217878
142.0,0.031,1.606625,0.000322217878
142.0,0.0305,1.606125,0.000322217878
142.0,0.0305,1.60625,0.000322217878
142.0,0.03025,1.606375,0.000322217878
142.0,0.03025,1.606375,0.000322217878
142.0,0.0305,1.606375,0.000322217878
142.0,0.030625,1.605875,0.000322217878
142.0,0.030625,1.606,0.000322217878
142.0,0.03075,1.6065,0.000322217878
142.0,0.0305,1.606625,0.000322217878
142.0,0.0305,1.6065,0.000322217878
142.0,0.030875,1.606875,0.000322217878
142.0,0.03075,1.606875,0.000322217878
142.0,0.03075,1.606875,0.000322217878
142.0,0.031,1.60725,0.000322217878
142.0,0.030875,1.6075,0.000322217878
142.0,0.03075,1.607125,0.000322217878
142.0,0.03075,1.6065,0.000322217878
142.0,0.03075,1.606125,0.000322217878
142.0,0.030625,1.606375,0.000322217878
142.0,0.030625,1.606375,0.000322217878
142.0,0.030625,1.606375,0.000322217878
142.0,0.030625,1.60625,0.000322217878
142.0,0.030875,1.606,0.000322217878
142.0,0.0305,1.605875,0.000322217878
142.0,0.030375,1.60625,0.000322217878
142.0,0.03075,1.6065,0.000322217878
142.0,0.03075,1.60675,0.000322217878
142.0,0.03075,1.60675,0.000322217878
142.0,0.030875,1.60675,0.000322217878
142.0,0.030875,1.607,0.000322217878
142.0,0.030875,1.60725,0.000322217878
142.0,0.031125,1.607,0.000322217878
142.0,0.031125,1.60675,0.000322217878
142.0,0.031125,1.606375,0.000322217878
142.0,0.031125,1.606375,0.000322217878
142.0,0.031125,1.6065,0.000322217878
142.0,0.030625,1.6065,0.000322217878
142.0,0.0305,1.6065,0.000322217878
142.0,0.03075,1.606375,0.000322217878
142.0,0.031125,1.606125,0.000322217878
142.0,0.031,1.6065,0.000322217878
142.0,0.030875,1.6065,0.000322217878
142.0,0.03075,1.606375,0.000322217878
142.0,0.030625,1.606625,0.000322217878
142.0,0.03075,1.60675,0.000322217878
142.0,0.031125,1.606625,0.000322217878
142.0,0.03075,1.606875,0.000322217878
142.0,0.031,1.607125,0.000322217878
142.0,0.031125,1.607,0.000322217878
142.0,0.031125,1.60675,0.000322217878
142.0,0.031,1.60625,0.000322217878
142.0,0.03075,1.60625,0.000322217878
142.0,0.03075,1.60625,0.000322217878
142.0,0.0305,1.6065,0.000322217878
142.0,0.030875,1.6065,0.000322217878
142.0,0.031,1.606375,0.000322217878
142.0,0.03075,1.60625,0.000322217878
142.0,0.0305,1.606375,0.000322217878
142.0,0.03075,1.606375,0.000322217878
142.0,0.0305,1.606625,0.000322217878
142.0,0.0305,1.607,0.000322217878
142.0,0.03075,1.606875,0.000322217878
142.0,0.030875,1.606875,0.000322217878
142.0,0.030875,1.60725,0.000322217878
142.0,0.031,1.607375,0.000322217878
142.0,0.031,1.607,0.000322217878
142.0,0.031125,1.6065,0.000322217878
142.0,0.03075,1.606375,0.000322217878
142.0,0.03075,1.606375,0.000322217878
142.0,0.03075,1.6065,0.000322217878
142.0,0.030625,1.6065,0.000322217878
142.0,0.030375,1.6065,0.000322217878
142.0,0.0305,1.606125,0.000322217878
142.0,0.0305,1.606,0.000322217878
142.0,0.030625,1.6065,0.000322217878
142.0,0.03075,1.60675,0.000322217878
142.0,0.030625,1.60675,0.000322217878
142.0,0.03075,1.606875,0.000322217878
142.0,0.031,1.60675,0.000322217878
142.0,0.03075,1.607,0.000322217878
142.0,0.03075,1.607375,0.000322217878
142.0,0.03075,1.607375,0.000322217878
142.0,0.030875,1.60725,0.000322217878
142.0,0.031,1.606625,0.000322217878
142.0,0.031,1.606625,0.000322217878
142.0,0.0305,1.6065,0.000322217878
142.0,0.0305,1.606375,0.000322217878
142.0,0.03075,1.6065,0.000322217878
142.0,0.03075,1.606375,0.000322217878
142.0,0.03075,1.606,0.000322217878
142.0,0.03075,1.606375,0.000322217878
142.0,0.030875,1.6065,0.000322217878
142.0,0.030875,1.606625,0.000322217878
142.0,0.030625,1.60675,0.000322217878
142.0,0.03075,1.606875,0.000322217878
142.0,0.03075,1.606875,0.000322217878
142.0,0.031,1.607125,0.000322217878
142.0,0.031125,1.607375,0.000322217878
142.0,0.031125,1.607125,0.000322217878
142.0,0.031,1.60675,0.000322217878
142.0,0.031,1.60675,0.000322217878
142.0,0.030625,1.6065,0.000322217878
142.0,0.0305,1.606375,0.000322217878
142.0,0.030625,1.606375,0.000322217878
142.0,0.03075,1.606625,0.000322217878
142.0,0.03075,1.606375,0.000322217878
142.0,0.031,1.60625,0.000322217878
142.0,0.030875,1.606625,0.000322217878
142.0,0.030625,1.606875,0.000322217878
142.0,0.0305,1.607,0.000322217878
142.0,0.030875,1.607125,0.000322217878
142.0,0.03075,1.607125,0.000322217878
142.0,0.030375,1.607125,0.000322217878
142.0,0.030625,1.607375,0.000322217878
142.0,0.0305,1.607375,0.000322217878
142.0,0.0305,1.607,0.000322217878
142.0,0.0305,1.60675,0.000322217878
142.0,0.030625,1.60675,0.000322217878
142.0,0.03075,1.606625,0.000322217878
142.0,0.030875,1.606625,0.000322217878
142.0,0.03075,1.606625,0.000322217878
142.0,0.031,1.606625,0.000322217878
142.0,0.030875,1.606375,0.000322217878
142.0,0.031,1.6065,0.000322217878
142.0,0.031,1.606875,0.000322217878
142.0,0.031,1.606625,0.000322217878
142.0,0.03075,1.60675,0.000322217878
142.0,0.0305,1.607,0.000322217878
142.0,0.030375,1.606875,0.000322217878
142.0,0.030875,1.607125,0.000322217878
142.0,0.031125,1.607375,0.000322217878
142.0,0.030875,1.607375,0.000322217878
142.0,0.030875,1.607125,0.000322217878
142.0,0.030875,1.607125,0.000322217878
142.0,0.031,1.6065,0.000322217878
142.0,0.030875,1.6065,0.000322217878
142.0,0.031,1.6065,0.000322217878
142.0,0.031,1.606875,0.000322217878
142.0,0.031125,1.606625,0.000322217878
142.0,0.031125,1.606375,0.000322217878
142.0,0.030875,1.606875,0.000322217878
142.0,0.03075,1.607,0.000322217878
142.0,0.03075,1.606875,0.000322217878
142.0,0.03025,1.606875,0.000322217878
142.0,0.03075,1.607125,0.000322217878
142.0,0.030875,1.607125,0.000322217878
142.0,0.030875,1.6075,0.000322217878
142.0,0.030875,1.6075,0.000322217878
142.0,0.03075,1.607125,0.000322217878
142.0,0.03075,1.607125,0.000322217878
142.0,0.03075,1.607,0.000322217878
142.0,0.03075,1.606625,0.000322217878
142.0,0.030875,1.606625,0.000322217878
142.0,0.030875,1.60675,0.000322217878
142.0,0.031,1.60675,0.000322217878
142.0,0.031125,1.6065,0.000322217878
142.0,0.031,1.606125,0.000322217878
142.0,0.03075,1.60625,0.000322217878
142.0,0.0305,1.606625,0.000322217878
142.0,0.030625,1.606625,0.000322217878
142.0,0.030625,1.607,0.000322217878
142.0,0.0305,1.607,0.000322217878
142.0,0.030625,1.607,0.000322217878
142.0,0.031,1.6075,0.000322217878
143.0,0.02225,1.55475,0.000322157226
143.0,0.022375,1.55425,0.000322157226
143.0,0.022125,1.55425,0.000322157226
143.0,0.021625,1.554125,0.000322157226
143.0,0.022,1.55425,0.000322157226
143.0,0.022375,1.554,0.000322157226
143.0,0.022375,1.55375,0.000322157226
143.0,0.022125,1.554,0.000322157226
143.0,0.022125,1.554,0.000322157226
143.0,0.022,1.554375,0.000322157226
143.0,0.022625,1.554375,0.000322157226
143.0,0.022125,1.554625,0.000322157226
143.0,0.02225,1.554875,0.000322157226
143.0,0.022375,1.55475,0.000322157226
143.0,0.022375,1.555125,0.000322157226
143.0,0.0225,1.555,0.000322157226
143.0,0.02225,1.554875,0.000322157226
143.0,0.022,1.554625,0.000322157226
143.0,0.02225,1.55425,0.000322157226
143.0,0.022,1.55425,0.000322157226
143.0,0.022125,1.554375,0.000322157226
143.0,0.0225,1.554125,0.000322157226
143.0,0.0225,1.554,0.000322157226
143.0,0.02225,1.55425,0.000322157226
143.0,0.02225,1.55425,0.000322157226
143.0,0.02225,1.554375,0.000322157226
143.0,0.022125,1.5545,0.000322157226
143.0,0.02175,1.554375,0.000322157226
143.0,0.02175,1.5545,0.000322157226
143.0,0.02225,1.554625,0.000322157226
143.0,0.02225,1.554875,0.000322157226
143.0,0.02225,1.555125,0.000322157226
143.0,0.022375,1.555125,0.000322157226
143.0,0.022125,1.554875,0.000322157226
143.0,0.022,1.5545,0.000322157226
143.0,0.021875,1.554125,0.000322157226
143.0,0.02175,1.554375,0.000322157226
143.0,0.022,1.5545,0.000322157226
143.0,0.022125,1.55425,0.000322157226
143.0,0.022,1.554,0.000322157226
143.0,0.022,1.554,0.000322157226
143.0,0.022,1.554375,0.000322157226
143.0,0.022125,1.554625,0.000322157226
143.0,0.02225,1.554375,0.000322157226
143.0,0.022,1.554625,0.000322157226
143.0,0.022,1.554875,0.000322157226
143.0,0.022,1.55475,0.000322157226
143.0,0.021875,1.555,0.000322157226
143.0,0.022125,1.555375,0.000322157226
143.0,0.022375,1.5555,0.000322157226
143.0,0.02225,1.554875,0.000322157226
143.0,0.022125,1.554375,0.000322157226
143.0,0.022,1.55425,0.000322157226
143.0,0.022125,1.554375,0.000322157226
143.0,0.022375,1.55425,0.000322157226
143.0,0.022375,1.554125,0.000322157226
143.0,0.022,1.554,0.000322157226
143.0,0.022,1.554,0.000322157226
143.0,0.021875,1.554375,0.000322157226
143.0,0.02225,1.55475,0.000322157226
143.0,0.022,1.5545,0.000322157226
143.0,0.02175,1.55475,0.000322157226
143.0,0.02175,1.554875,0.000322157226
143.0,0.022,1.55475,0.000322157226
143.0,0.022,1.55525,0.000322157226
143.0,0.022125,1.555375,0.000322157226
143.0,0.021875,1.555,0.000322157226
143.0,0.022125,1.5545,0.000322157226
143.0,0.021875,1.554375,0.000322157226
143.0,0.022125,1.554375,0.000322157226
143.0,0.022125,1.55425,0.000322157226
143.0,0.022125,1.554375,0.000322157226
143.0,0.022125,1.554,0.000322157226
143.0,0.022125,1.554,0.000322157226
143.0,0.021875,1.55425,0.000322157226
143.0,0.02175,1.554375,0.000322157226
143.0,0.022125,1.554375,0.000322157226
143.0,0.022,1.554375,0.000322157226
143.0,0.022,1.554625,0.000322157226
143.0,0.021875,1.554625,0.000322157226
143.0,0.021875,1.55475,0.000322157226
143.0,0.02225,1.55525,0.000322157226
143.0,0.022125,1.55525,0.000322157226
143.0,0.02225,1.554875,0.000322157226
143.0,0.02225,1.5545,0.000322157226
143.0,0.0225,1.554125,0.000322157226
143.0,0.022125,1.554375,0.000322157226
143.0,0.021875,1.5545,0.000322157226
143.0,0.022,1.5545,0.000322157226
143.0,0.022,1.5545,0.000322157226
143.0,0.02225,1.553875,0.000322157226
143.0,0.022375,1.55425,0.000322157226
143.0,0.022375,1.5545,0.000322157226
143.0,0.022125,1.5545,0.000322157226
143.0,0.021875,1.554625,0.000322157226
143.0,0.022375,1.554875,0.000322157226
143.0,0.022125,1.554875,0.000322157226
143.0,0.02225,1.554875,0.000322157226
143.0,0.02225,1.55525,0.000322157226
143.0,0.022125,1.55525,0.000322157226
143.0,0.022375,1.55475,0.000322157226
143.0,0.0225,1.554125,0.000322157226
143.0,0.022375,1.554,0.000322157226
143.0,0.022125,1.55425,0.000322157226
143.0,0.022375,1.554375,0.000322157226
143.0,0.022375,1.554375,0.000322157226
143.0,0.0225,1.55425,0.000322157226
143.0,0.022625,1.55425,0.000322157226
143.0,0.022375,1.554625,0.000322157226
143.0,0.021875,1.5545,0.000322157226
143.0,0.021875,1.55475,0.000322157226
143.0,0.02175,1.554625,0.000322157226
143.0,0.021875,1.554875,0.000322157226
143.0,0.022375,1.554875,0.000322157226
143.0,0.022375,1.555125,0.000322157226
143.0,0.022375,1.555,0.000322157226
143.0,0.022375,1.555,0.000322157226
143.0,0.022375,1.554625,0.000322157226
143.0,0.022375,1.554375,0.000322157226
143.0,0.02225,1.554375,0.000322157226
143.0,0.022375,1.5545,0.000322157226
143.0,0.022375,1.5545,0.000322157226
143.0,0.02225,1.554375,0.000322157226
143.0,0.022,1.554,0.000322157226
143.0,0.02225,1.554125,0.000322157226
143.0,0.022375,1.55475,0.000322157226
143.0,0.02225,1.554625,0.000322157226
143.0,0.022,1.5545,0.000322157226
143.0,0.022,1.55475,0.000322157226
143.0,0.022,1.554625,0.000322157226
143.0,0.021875,1.554625,0.000322157226
143.0,0.022,1.555125,0.000322157226
143.0,0.021875,1.555,0.000322157226
143.0,0.022,1.554625,0.000322157226
143.0,0.022,1.55425,0.000322157226
143.0,0.022125,1.554375,0.000322157226
143.0,0.021875,1.554375,0.000322157226
143.0,0.02175,1.554375,0.000322157226
143.0,0.02175,1.5545,0.000322157226
143.0,0.02225,1.55425,0.000322157226
143.0,0.02225,1.554125,0.000322157226
143.0,0.022375,1.554375,0.000322157226
143.0,0.02225,1.5545,0.000322157226
143.0,0.022125,1.5545,0.000322157226
143.0,0.022375,1.554625,0.000322157226
143.0,0.022375,1.55475,0.000322157226
143.0,0.02225,1.554875,0.000322157226
143.0,0.02225,1.55475,0.000322157226
143.0,0.022125,1.555125,0.000322157226
143.0,0.02225,1.555125,0.000322157226
143.0,0.022125,1.554875,0.000322157226
143.0,0.022,1.5545,0.000322157226
143.0,0.022125,1.554375,0.000322157226
143.0,0.021875,1.554375,0.000322157226
143.0,0.021875,1.554375,0.000322157226
143.0,0.021875,1.5545,0.000322157226
143.0,0.022,1.55425,0.000322157226
143.0,0.02225,1.554,0.000322157226
143.0,0.022,1.55425,0.000322157226
143.0,0.022125,1.554375,0.000322157226
143.0,0.02225,1.554375,0.000322157226
143.0,0.022,1.554625,0.000322157226
143.0,0.022375,1.554875,0.000322157226
143.0,0.02225,1.555,0.000322157226
143.0,0.02225,1.555,0.000322157226
143.0,0.022125,1.55525,0.000322157226
143.0,0.02175,1.555125,0.000322157226
143.0,0.022,1.554875,0.000322157226
143.0,0.021875,1.554375,0.000322157226
144.0,0.015375,1.50225,0.000322369015
144.0,0.01525,1.502625,0.000322369015
144.0,0.015125,1.502875,0.000322369015
144.0,0.014875,1.503,0.000322369015
144.0,0.01525,1.503,0.000322369015
144.0,0.015375,1.503,0.000322369015
144.0,0.01525,1.50325,0.000322369015
144.0,0.015125,1.503625,0.000322369015
144.0,0.015125,1.503625,0.000322369015
144.0,0.015375,1.503375,0.000322369015
144.0,0.015625,1.502875,0.000322369015
144.0,0.0155,1.50275,0.000322369015
144.0,0.015125,1.50275,0.000322369015
144.0,0.015125,1.502625,0.000322369015
144.0,0.015375,1.502625,0.000322369015
144.0,0.015375,1.502375,0.000322369015
144.0,0.015375,1.502375,0.000322369015
144.0,0.015125,1.50275,0.000322369015
144.0,0.015,1.50275,0.000322369015
144.0,0.014875,1.502625,0.000322369015
144.0,0.014875,1.503125,0.000322369015
144.0,0.015,1.503,0.000322369015
144.0,0.015125,1.503125,0.000322369015
144.0,0.01525,1.5035,0.000322369015
144.0,0.01525,1.5035,0.000322369015
144.0,0.01525,1.5035,0.000322369015
144.0,0.015625,1.503375,0.000322369015
144.0,0.0155,1.502625,0.000322369015
144.0,0.015625,1.5025,0.000322369015
144.0,0.015125,1.502625,0.000322369015
144.0,0.015125,1.50275,0.000322369015
144.0,0.01525,1.5025,0.000322369015
144.0,0.015,1.50225,0.000322369015
144.0,0.015125,1.50225,0.000322369015
144.0,0.015125,1.503,0.000322369015
144.0,0.014875,1.502875,0.000322369015
144.0,0.015125,1.503,0.000322369015
144.0,0.01525,1.50325,0.000322369015
144.0,0.015125,1.503125,0.000322369015
144.0,0.015375,1.503375,0.000322369015
144.0,0.015375,1.5035,0.000322369015
144.0,0.015375,1.5035,0.000322369015
144.0,0.0155,1.503375,0.000322369015
144.0,0.0155,1.503,0.000322369015
144.0,0.015125,1.502625,0.000322369015
144.0,0.01525,1.502375,0.000322369015
144.0,0.01525,1.502625,0.000322369015
144.0,0.015125,1.50275,0.000322369015
144.0,0.01525,1.502625,0.000322369015
144.0,0.0155,1.502375,0.000322369015
144.0,0.01525,1.50275,0.000322369015
144.0,0.015,1.503,0.000322369015
144.0,0.01525,1.50275,0.000322369015
144.0,0.01525,1.50275,0.000322369015
144.0,0.01525,1.502875,0.000322369015
144.0,0.015125,1.503,0.000322369015
144.0,0.015125,1.50325,0.000322369015
144.0,0.015125,1.50325,0.000322369015
144.0,0.01525,1.503375,0.000322369015
144.0,0.01525,1.503375,0.000322369015
144.0,0.015375,1.503,0.000322369015
144.0,0.015,1.5025,0.000322369015
144.0,0.015,1.50225,0.000322369015
144.0,0.014875,1.5025,0.000322369015
144.0,0.015,1.5025,0.000322369015
144.0,0.0155,1.502375,0.000322369015
144.0,0.015375,1.502125,0.000322369015
144.0,0.015375,1.5025,0.000322369015
144.0,0.01525,1.502875,0.000322369015
144.0,0.015,1.502625,0.000322369015
144.0,0.015,1.502875,0.000322369015
144.0,0.015125,1.503,0.000322369015
144.0,0.015125,1.503125,0.000322369015
144.0,0.015125,1.503125,0.000322369015
144.0,0.015375,1.503375,0.000322369015
144.0,0.015625,1.503625,0.000322369015
144.0,0.0155,1.503125,0.000322369015
144.0,0.015625,1.502625,0.000322369015
144.0,0.0155,1.502375,0.000322369015
144.0,0.01525,1.502625,0.000322369015
144.0,0.015375,1.502625,0.000322369015
144.0,0.015375,1.5025,0.000322369015
144.0,0.01525,1.502375,0.000322369015
144.0,0.01525,1.5025,0.000322369015
144.0,0.015125,1.502875,0.000322369015
144.0,0.015375,1.50275,0.000322369015
144.0,0.015375,1.50275,0.000322369015
144.0,0.015125,1.502875,0.000322369015
144.0,0.0155,1.503,0.000322369015
144.0,0.0155,1.503,0.000322369015
144.0,0.015375,1.503,0.000322369015
144.0,0.015375,1.503375,0.000322369015
144.0,0.0155,1.503375,0.000322369015
144.0,0.015375,1.502875,0.000322369015
144.0,0.01525,1.5025,0.000322369015
144.0,0.0155,1.5025,0.000322369015
144.0,0.0155,1.5025,0.000322369015
144.0,0.015125,1.502875,0.000322369015
144.0,0.01475,1.5025,0.000322369015
144.0,0.015125,1.502125,0.000322369015
144.0,0.0155,1.502625,0.000322369015
144.0,0.0155,1.502875,0.000322369015
144.0,0.015,1.502875,0.000322369015
144.0,0.0145,1.502875,0.000322369015
144.0,0.015,1.502875,0.000322369015
144.0,0.015,1.502875,0.000322369015
144.0,0.015125,1.503,0.000322369015
144.0,0.015,1.503125,0.000322369015
144.0,0.0155,1.503375,0.000322369015
144.0,0.0155,1.503125,0.000322369015
144.0,0.015375,1.50275,0.000322369015
144.0,0.01525,1.502375,0.000322369015
144.0,0.01525,1.5025,0.000322369015
144.0,0.015,1.502625,0.000322369015
144.0,0.015,1.502625,0.000322369015
144.0,0.015,1.5025,0.000322369015
144.0,0.01525,1.502375,0.000322369015
144.0,0.015125,1.50275,0.000322369015
144.0,0.01525,1.502875,0.000322369015
144.0,0.01525,1.502625,0.000322369015
144.0,0.015125,1.502625,0.000322369015
144.0,0.015,1.502625,0.000322369015
144.0,0.015,1.503,0.000322369015
144.0,0.01475,1.502875,0.000322369015
144.0,0.01525,1.503125,0.000322369015
144.0,0.0155,1.5035,0.000322369015
144.0,0.01525,1.503125,0.000322369015
144.0,0.014875,1.5025,0.000322369015
144.0,0.01525,1.502375,0.000322369015
144.0,0.015125,1.50225,0.000322369015
144.0,0.015,1.502375,0.000322369015
144.0,0.015,1.502375,0.000322369015
144.0,0.01525,1.50225,0.000322369015
144.0,0.01525,1.502375,0.000322369015
144.0,0.015,1.50275,0.000322369015
144.0,0.01525,1.502625,0.000322369015
144.0,0.014875,1.502625,0.000322369015
144.0,0.015125,1.502875,0.000322369015
144.0,0.015125,1.502875,0.000322369015
144.0,0.0155,1.503,0.000322369015
144.0,0.0155,1.503125,0.000322369015
144.0,0.015375,1.503125,0.000322369015
144.0,0.01525,1.503,0.000322369015
144.0,0.01475,1.503,0.000322369015
144.0,0.014875,1.5025,0.000322369015
144.0,0.014875,1.502125,0.000322369015
144.0,0.015,1.502375,0.000322369015
144.0,0.015,1.5025,0.000322369015
144.0,0.015125,1.502375,0.000322369015
144.0,0.015375,1.502125,0.000322369015
144.0,0.01525,1.502375,0.000322369015
144.0,0.0155,1.50275,0.000322369015
144.0,0.01525,1.5025,0.000322369015
144.0,0.015125,1.50275,0.000322369015
144.0,0.015125,1.50275,0.000322369015
144.0,0.01525,1.502875,0.000322369015
144.0,0.015125,1.50275,0.000322369015
144.0,0.015375,1.503,0.000322369015
144.0,0.015125,1.50325,0.000322369015
144.0,0.01525,1.502875,0.000322369015
144.0,0.015125,1.502375,0.000322369015
144.0,0.015125,1.502375,0.000322369015
144.0,0.015125,1.502375,0.000322369015
144.0,0.015,1.5025,0.000322369015
144.0,0.01525,1.5025,0.000322369015
144.0,0.01525,1.502125,0.000322369015
144.0,0.015,1.50225,0.000322369015
144.0,0.015125,1.5025,0.000322369015
144.0,0.01525,1.5025,0.000322369015
145.0,0.010625,1.451125,0.000322220149
145.0,0.0105,1.451125,0.000322220149
145.0,0.01075,1.451125,0.000322220149
145.0,0.010875,1.45075,0.000322220149
145.0,0.01075,1.450875,0.000322220149
145.0,0.01075,1.4515,0.000322220149
145.0,0.01075,1.45125,0.000322220149
145.0,0.0105,1.451375,0.000322220149
145.0,0.0105,1.451375,0.000322220149
145.0,0.0105,1.451625,0.000322220149
145.0,0.010625,1.4515,0.000322220149
145.0,0.01075,1.4515,0.000322220149
145.0,0.011,1.45175,0.000322220149
145.0,0.01075,1.451875,0.000322220149
145.0,0.010625,1.45175,0.000322220149
145.0,0.0105,1.451,0.000322220149
145.0,0.0105,1.450875,0.000322220149
145.0,0.010625,1.45125,0.000322220149
145.0,0.0105,1.45125,0.000322220149
145.0,0.0105,1.451,0.000322220149
145.0,0.010875,1.45075,0.000322220149
145.0,0.010875,1.451,0.000322220149
145.0,0.010625,1.45125,0.000322220149
145.0,0.010625,1.4515,0.000322220149
145.0,0.010625,1.4515,0.000322220149
145.0,0.010375,1.451625,0.000322220149
145.0,0.0105,1.451625,0.000322220149
145.0,0.0105,1.451625,0.000322220149
145.0,0.010625,1.451625,0.000322220149
145.0,0.01075,1.451875,0.000322220149
145.0,0.01075,1.451875,0.000322220149
145.0,0.010875,1.4515,0.000322220149
145.0,0.01075,1.451375,0.000322220149
145.0,0.0105,1.451,0.000322220149
145.0,0.010625,1.451125,0.000322220149
145.0,0.010375,1.451125,0.000322220149
145.0,0.0105,1.451,0.000322220149
145.0,0.0105,1.45075,0.000322220149
145.0,0.010875,1.451125,0.000322220149
145.0,0.01075,1.45125,0.000322220149
145.0,0.01075,1.451375,0.000322220149
145.0,0.010375,1.451375,0.000322220149
145.0,0.01,1.451375,0.000322220149
145.0,0.010375,1.451625,0.000322220149
145.0,0.010125,1.45175,0.000322220149
145.0,0.01025,1.451875,0.000322220149
145.0,0.01075,1.452125,0.000322220149
145.0,0.010625,1.452,0.000322220149
145.0,0.010375,1.451375,0.000322220149
145.0,0.0105,1.451,0.000322220149
145.0,0.010375,1.451125,0.000322220149
145.0,0.010375,1.451375,0.000322220149
145.0,0.010375,1.451125,0.000322220149
145.0,0.010625,1.451,0.000322220149
145.0,0.01075,1.450875,0.000322220149
145.0,0.01075,1.451375,0.000322220149
145.0,0.010875,1.4515,0.000322220149
145.0,0.010875,1.4515,0.000322220149
145.0,0.010625,1.4515,0.000322220149
145.0,0.0105,1.45175,0.000322220149
145.0,0.0105,1.451625,0.000322220149
145.0,0.01025,1.45175,0.000322220149
145.0,0.0105,1.452,0.000322220149
145.0,0.0105,1.452375,0.000322220149
145.0,0.0105,1.452125,0.000322220149
145.0,0.010625,1.451625,0.000322220149
145.0,0.0105,1.451,0.000322220149
145.0,0.010375,1.451125,0.000322220149
145.0,0.0105,1.451125,0.000322220149
145.0,0.010625,1.451125,0.000322220149
145.0,0.01075,1.450875,0.000322220149
145.0,0.0105,1.451,0.000322220149
145.0,0.0105,1.4515,0.000322220149
145.0,0.0105,1.4515,0.000322220149
145.0,0.0105,1.45125,0.000322220149
145.0,0.0105,1.451375,0.000322220149
145.0,0.0105,1.451625,0.000322220149
145.0,0.0105,1.451625,0.000322220149
145.0,0.010375,1.45175,0.000322220149
145.0,0.010625,1.452125,0.000322220149
145.0,0.0105,1.452,0.000322220149
145.0,0.011,1.45175,0.000322220149
145.0,0.01075,1.451125,0.000322220149
145.0,0.010875,1.451125,0.000322220149
145.0,0.0105,1.45125,0.000322220149
145.0,0.0105,1.451375,0.000322220149
145.0,0.010875,1.451125,0.000322220149
145.0,0.01075,1.451,0.000322220149
145.0,0.010625,1.45125,0.000322220149
145.0,0.010625,1.45125,0.000322220149
145.0,0.010625,1.451375,0.000322220149
145.0,0.010625,1.451625,0.000322220149
145.0,0.010375,1.45175,0.000322220149
145.0,0.01075,1.451875,0.000322220149
145.0,0.010625,1.451875,0.000322220149
145.0,0.01025,1.452,0.000322220149
145.0,0.010625,1.452125,0.000322220149
145.0,0.0105,1.452,0.000322220149
145.0,0.0105,1.45175,0.000322220149
145.0,0.010875,1.45125,0.000322220149
145.0,0.011125,1.451375,0.000322220149
145.0,0.0105,1.45125,0.000322220149
145.0,0.010375,1.45125,0.000322220149
145.0,0.01025,1.451125,0.000322220149
145.0,0.0105,1.450875,0.000322220149
145.0,0.0105,1.450875,0.000322220149
145.0,0.01025,1.45125,0.000322220149
145.0,0.01025,1.451625,0.000322220149
145.0,0.010625,1.451375,0.000322220149
145.0,0.010625,1.451875,0.000322220149
145.0,0.0105,1.45175,0.000322220149
145.0,0.01025,1.451875,0.000322220149
145.0,0.010375,1.452125,0.000322220149
145.0,0.010625,1.45225,0.000322220149
145.0,0.010625,1.452375,0.000322220149
145.0,0.010625,1.45175,0.000322220149
145.0,0.0105,1.451125,0.000322220149
145.0,0.010375,1.45125,0.000322220149
145.0,0.0105,1.4515,0.000322220149
145.0,0.0105,1.4515,0.000322220149
145.0,0.01025,1.451125,0.000322220149
145.0,0.01025,1.451125,0.000322220149
145.0,0.010375,1.451125,0.000322220149
145.0,0.01025,1.4515,0.000322220149
145.0,0.01025,1.4515,0.000322220149
145.0,0.010625,1.451625,0.000322220149
145.0,0.010625,1.451875,0.000322220149
145.0,0.0105,1.451875,0.000322220149
145.0,0.010625,1.451875,0.000322220149
145.0,0.010625,1.452125,0.000322220149
145.0,0.010625,1.45225,0.000322220149
145.0,0.010625,1.452,0.000322220149
145.0,0.010875,1.4515,0.000322220149
145.0,0.010625,1.45125,0.000322220149
145.0,0.01025,1.451375,0.000322220149
145.0,0.010375,1.451375,0.000322220149
145.0,0.010625,1.45125,0.000322220149
145.0,0.010625,1.451125,0.000322220149
145.0,0.010625,1.451125,0.000322220149
145.0,0.0105,1.4515,0.000322220149
145.0,0.010375,1.451875,0.000322220149
145.0,0.01025,1.45175,0.000322220149
145.0,0.010375,1.45175,0.000322220149
145.0,0.010625,1.45175,0.000322220149
145.0,0.0105,1.451875,0.000322220149
145.0,0.010375,1.452,0.000322220149
145.0,0.01025,1.452375,0.000322220149
145.0,0.01025,1.452,0.000322220149
145.0,0.010375,1.45175,0.000322220149
145.0,0.01075,1.4515,0.000322220149
145.0,0.01075,1.451375,0.000322220149
145.0,0.010625,1.4515,0.000322220149
145.0,0.01075,1.451625,0.000322220149
145.0,0.010625,1.451375,0.000322220149
145.0,0.010625,1.451375,0.000322220149
145.0,0.0105,1.45125,0.000322220149
145.0,0.0105,1.4515,0.000322220149
145.0,0.010875,1.451625,0.000322220149
145.0,0.010625,1.4515,0.000322220149
145.0,0.010625,1.451875,0.000322220149
145.0,0.010375,1.452,0.000322220149
145.0,0.01025,1.45175,0.000322220149
145.0,0.010625,1.452,0.000322220149
145.0,0.010625,1.4525,0.000322220149
145.0,0.010625,1.45225,0.000322220149
145.0,0.010625,1.451625,0.000322220149
145.0,0.010375,1.451375,0.000322220149
145.0,0.010375,1.451375,0.000322220149
145.0,0.01025,1.451625,0.000322220149
146.0,0.0075,1.40125,0.00032212818
146.0,0.0075,1.400875,0.00032212818
146.0,0.0075,1.4005,0.00032212818
146.0,0.0075,1.40025,0.00032212818
146.0,0.007375,1.400375,0.00032212818
146.0,0.0075,1.4005,0.00032212818
146.0,0.007625,1.400375,0.00032212818
146.0,0.0075,1.400125,0.00032212818
146.0,0.0075,1.400125,0.00032212818
146.0,0.008,1.400375,0.00032212818
146.0,0.00775,1.400375,0.00032212818
146.0,0.00775,1.400625,0.00032212818
146.0,0.007375,1.400875,0.00032212818
146.0,0.0075,1.40075,0.00032212818
146.0,0.00725,1.40075,0.00032212818
146.0,0.00725,1.401,0.00032212818
146.0,0.007125,1.40125,0.00032212818
146.0,0.0075,1.400875,0.00032212818
146.0,0.007625,1.40075,0.00032212818
146.0,0.00775,1.400125,0.00032212818
146.0,0.007625,1.400125,0.00032212818
146.0,0.0075,1.40025,0.00032212818
146.0,0.00775,1.4005,0.00032212818
146.0,0.00775,1.400125,0.00032212818
146.0,0.00775,1.400125,0.00032212818
146.0,0.007625,1.400125,0.00032212818
146.0,0.007625,1.4005,0.00032212818
146.0,0.007375,1.4005,0.00032212818
146.0,0.00725,1.400625,0.00032212818
146.0,0.007125,1.40075,0.00032212818
146.0,0.007625,1.400875,0.00032212818
146.0,0.0075,1.400875,0.00032212818
146.0,0.00775,1.40125,0.00032212818
146.0,0.007875,1.401125,0.00032212818
146.0,0.007625,1.401,0.00032212818
146.0,0.007125,1.4005,0.00032212818
146.0,0.007625,1.400375,0.00032212818
146.0,0.007375,1.400375,0.00032212818
146.0,0.007125,1.4005,0.00032212818
146.0,0.007375,1.400375,0.00032212818
146.0,0.007375,1.40025,0.00032212818
146.0,0.0075,1.40025,0.00032212818
146.0,0.007375,1.40025,0.00032212818
146.0,0.0075,1.400625,0.00032212818
146.0,0.007125,1.40075,0.00032212818
146.0,0.00725,1.40075,0.00032212818
146.0,0.007125,1.400875,0.00032212818
146.0,0.007125,1.40075,0.00032212818
146.0,0.007375,1.401,0.00032212818
146.0,0.0075,1.401375,0.00032212818
146.0,0.0075,1.40125,0.00032212818
146.0,0.00725,1.400875,0.00032212818
146.0,0.00725,1.4005,0.00032212818
146.0,0.007,1.4005,0.00032212818
146.0,0.007125,1.4005,0.00032212818
146.0,0.007375,1.400375,0.00032212818
146.0,0.007375,1.400125,0.00032212818
146.0,0.007375,1.400125,0.00032212818
146.0,0.007375,1.4,0.00032212818
146.0,0.007375,1.40025,0.00032212818
146.0,0.007125,1.400625,0.00032212818
146.0,0.007125,1.400625,0.00032212818
146.0,0.00725,1.400875,0.00032212818
146.0,0.0075,1.400875,0.00032212818
146.0,0.007625,1.40075,0.00032212818
146.0,0.007375,1.400875,0.00032212818
146.0,0.007125,1.401,0.00032212818
146.0,0.00725,1.401125,0.00032212818
146.0,0.007375,1.40075,0.00032212818
146.0,0.00725,1.4005,0.00032212818
146.0,0.00725,1.4005,0.00032212818
146.0,0.007125,1.400375,0.00032212818
146.0,0.007625,1.40025,0.00032212818
146.0,0.007625,1.40025,0.00032212818
146.0,0.00775,1.400125,0.00032212818
146.0,0.0075,1.400125,0.00032212818
146.0,0.007125,1.4005,0.00032212818
146.0,0.00725,1.4005,0.00032212818
146.0,0.006875,1.400625,0.00032212818
146.0,0.007125,1.400875,0.00032212818
146.0,0.007625,1.401,0.00032212818
146.0,0.0075,1.401,0.00032212818
146.0,0.00725,1.40125,0.00032212818
146.0,0.007625,1.401125,0.00032212818
146.0,0.007625,1.400875,0.00032212818
146.0,0.007625,1.40075,0.00032212818
146.0,0.007625,1.400375,0.00032212818
146.0,0.007625,1.400375,0.00032212818
146.0,0.0075,1.400625,0.00032212818
146.0,0.0075,1.400625,0.00032212818
146.0,0.00775,1.400375,0.00032212818
146.0,0.007625,1.400125,0.00032212818
146.0,0.007625,1.400375,0.00032212818
146.0,0.0075,1.40075,0.00032212818
146.0,0.00725,1.40075,0.00032212818
146.0,0.007125,1.400875,0.00032212818
146.0,0.007125,1.401,0.00032212818
146.0,0.00725,1.401,0.00032212818
146.0,0.0075,1.400875,0.00032212818
146.0,0.00775,1.401125,0.00032212818
146.0,0.007875,1.401,0.00032212818
146.0,0.007875,1.400875,0.00032212818
146.0,0.00775,1.4005,0.00032212818
146.0,0.007625,1.40025,0.00032212818
146.0,0.007375,1.40025,0.00032212818
146.0,0.007375,1.40025,0.00032212818
146.0,0.00725,1.4005,0.00032212818
146.0,0.00725,1.400375,0.00032212818
146.0,0.007375,1.400375,0.00032212818
146.0,0.0075,1.400625,0.00032212818
146.0,0.0075,1.40075,0.00032212818
146.0,0.00725,1.400625,0.00032212818
146.0,0.007375,1.40075,0.00032212818
146.0,0.007375,1.401,0.00032212818
146.0,0.0075,1.400875,0.00032212818
146.0,0.007625,1.40125,0.00032212818
146.0,0.0075,1.40125,0.00032212818
146.0,0.007375,1.401125,0.00032212818
146.0,0.0075,1.40075,0.00032212818
146.0,0.007625,1.4005,0.00032212818
146.0,0.00775,1.4005,0.00032212818
146.0,0.00775,1.400375,0.00032212818
146.0,0.007375,1.400375,0.00032212818
146.0,0.007375,1.40025,0.00032212818
146.0,0.00725,1.40025,0.00032212818
146.0,0.007625,1.400125,0.00032212818
146.0,0.00775,1.400625,0.00032212818
146.0,0.007625,1.400625,0.00032212818
146.0,0.007375,1.40075,0.00032212818
146.0,0.00725,1.400875,0.00032212818
146.0,0.007375,1.40075,0.00032212818
146.0,0.007375,1.401,0.00032212818
146.0,0.0075,1.401125,0.00032212818
146.0,0.008,1.401125,0.00032212818
146.0,0.007875,1.400875,0.00032212818
146.0,0.008,1.400625,0.00032212818
146.0,0.007875,1.40025,0.00032212818
146.0,0.007875,1.40025,0.00032212818
146.0,0.007375,1.40025,0.00032212818
146.0,0.007375,1.400375,0.00032212818
146.0,0.0075,1.400125,0.00032212818
146.0,0.007375,1.399875,0.00032212818
146.0,0.00775,1.40025,0.00032212818
146.0,0.007625,1.4005,0.00032212818
146.0,0.0075,1.400625,0.00032212818
146.0,0.00725,1.40075,0.00032212818
146.0,0.0075,1.400875,0.00032212818
146.0,0.00775,1.400625,0.00032212818
146.0,0.0075,1.400875,0.00032212818
146.0,0.00775,1.40125,0.00032212818
146.0,0.00775,1.401125,0.00032212818
146.0,0.0075,1.400625,0.00032212818
146.0,0.0075,1.400375,0.00032212818
146.0,0.007875,1.400375,0.00032212818
146.0,0.007875,1.400375,0.00032212818
146.0,0.00775,1.4005,0.00032212818
146.0,0.007625,1.4005,0.00032212818
146.0,0.007625,1.400375,0.00032212818
146.0,0.00725,1.400125,0.00032212818
146.0,0.00725,1.400375,0.00032212818
146.0,0.007375,1.400875,0.00032212818
146.0,0.0075,1.400625,0.00032212818
146.0,0.00725,1.400625,0.00032212818
146.0,0.0075,1.400875,0.00032212818
146.0,0.007625,1.400875,0.00032212818
146.0,0.0075,1.401,0.00032212818
146.0,0.007375,1.401125,0.00032212818
146.0,0.007375,1.400875,0.00032212818
146.0,0.0075,1.400625,0.00032212818
147.0,0.006875,1.34775,0.000322379463
147.0,0.006625,1.34825,0.000322379463
147.0,0.006625,1.348375,0.000322379463
147.0,0.0065,1.348375,0.000322379463
147.0,0.006625,1.348625,0.000322379463
147.0,0.006875,1.348875,0.000322379463
147.0,0.006875,1.348625,0.000322379463
147.0,0.00675,1.349,0.000322379463
147.0,0.00675,1.349,0.000322379463
147.0,0.00675,1.34925,0.000322379463
147.0,0.007125,1.349125,0.000322379463
147.0,0.007,1.3485,0.000322379463
147.0,0.007,1.34825,0.000322379463
147.0,0.007,1.34825,0.000322379463
147.0,0.00675,1.34825,0.000322379463
147.0,0.006875,1.348125,0.000322379463
147.0,0.006875,1.348,0.000322379463
147.0,0.007,1.348,0.000322379463
147.0,0.006875,1.348125,0.000322379463
147.0,0.006375,1.348375,0.000322379463
147.0,0.00625,1.34825,0.000322379463
147.0,0.006375,1.3485,0.000322379463
147.0,0.0065,1.348625,0.000322379463
147.0,0.0065,1.348625,0.000322379463
147.0,0.0065,1.348875,0.000322379463
147.0,0.00675,1.348875,0.000322379463
147.0,0.006625,1.348875,0.000322379463
147.0,0.0065,1.348875,0.000322379463
147.0,0.006875,1.3485,0.000322379463
147.0,0.00675,1.34825,0.000322379463
147.0,0.006875,1.348125,0.000322379463
147.0,0.006875,1.348,0.000322379463
147.0,0.007,1.34825,0.000322379463
147.0,0.00725,1.347875,0.000322379463
147.0,0.007,1.348,0.000322379463
147.0,0.007,1.34825,0.000322379463
147.0,0.006625,1.348375,0.000322379463
147.0,0.00675,1.3485,0.000322379463
147.0,0.00675,1.348625,0.000322379463
147.0,0.006625,1.348625,0.000322379463
147.0,0.006625,1.34875,0.000322379463
147.0,0.006625,1.34875,0.000322379463
147.0,0.006625,1.349125,0.000322379463
147.0,0.0065,1.349,0.000322379463
147.0,0.006875,1.348625,0.000322379463
147.0,0.007125,1.34825,0.000322379463
147.0,0.007,1.348,0.000322379463
147.0,0.0065,1.348375,0.000322379463
147.0,0.0065,1.348375,0.000322379463
147.0,0.006625,1.34825,0.000322379463
147.0,0.0065,1.348125,0.000322379463
147.0,0.007,1.348375,0.000322379463
147.0,0.007,1.348625,0.000322379463
147.0,0.006625,1.348625,0.000322379463
147.0,0.00625,1.348625,0.000322379463
147.0,0.006625,1.34875,0.000322379463
147.0,0.0065,1.3485,0.000322379463
147.0,0.0065,1.3485,0.000322379463
147.0,0.00675,1.34875,0.000322379463
147.0,0.006625,1.349,0.000322379463
147.0,0.00675,1.348875,0.000322379463
147.0,0.006625,1.34875,0.000322379463
147.0,0.00675,1.3485,0.000322379463
147.0,0.006625,1.34825,0.000322379463
147.0,0.006375,1.34825,0.000322379463
147.0,0.00675,1.348375,0.000322379463
147.0,0.006875,1.348,0.000322379463
147.0,0.007,1.34775,0.000322379463
147.0,0.006875,1.348125,0.000322379463
147.0,0.006625,1.348375,0.000322379463
147.0,0.006625,1.34825,0.000322379463
147.0,0.00675,1.3485,0.000322379463
147.0,0.006625,1.3485,0.000322379463
147.0,0.006625,1.3485,0.000322379463
147.0,0.007,1.3485,0.000322379463
147.0,0.007125,1.349,0.000322379463
147.0,0.006875,1.34925,0.000322379463
147.0,0.00675,1.34875,0.000322379463
147.0,0.006875,1.348,0.000322379463
147.0,0.006875,1.348125,0.000322379463
147.0,0.00675,1.34825,0.000322379463
147.0,0.006625,1.34825,0.000322379463
147.0,0.006625,1.348125,0.000322379463
147.0,0.00675,1.348,0.000322379463
147.0,0.006625,1.348,0.000322379463
147.0,0.006375,1.34825,0.000322379463
147.0,0.00675,1.348375,0.000322379463
147.0,0.0065,1.348375,0.000322379463
147.0,0.0065,1.3485,0.000322379463
147.0,0.0065,1.3485,0.000322379463
147.0,0.00675,1.34875,0.000322379463
147.0,0.006875,1.348625,0.000322379463
147.0,0.007,1.348875,0.000322379463
147.0,0.00675,1.349,0.000322379463
147.0,0.006875,1.34875,0.000322379463
147.0,0.00675,1.348,0.000322379463
147.0,0.0065,1.347875,0.000322379463
147.0,0.00625,1.348125,0.000322379463
147.0,0.006625,1.348125,0.000322379463
147.0,0.0065,1.348,0.000322379463
147.0,0.00675,1.34775,0.000322379463
147.0,0.00675,1.348125,0.000322379463
147.0,0.0065,1.348125,0.000322379463
147.0,0.006625,1.34825,0.000322379463
147.0,0.00675,1.3485,0.000322379463
147.0,0.00675,1.3485,0.000322379463
147.0,0.00675,1.34875,0.000322379463
147.0,0.00675,1.3485,0.000322379463
147.0,0.006625,1.348625,0.000322379463
147.0,0.00675,1.348875,0.000322379463
147.0,0.006625,1.348875,0.000322379463
147.0,0.006625,1.3485,0.000322379463
147.0,0.006625,1.348125,0.000322379463
147.0,0.00675,1.348,0.000322379463
147.0,0.006625,1.34825,0.000322379463
147.0,0.00675,1.348125,0.000322379463
147.0,0.007125,1.347875,0.000322379463
147.0,0.006875,1.348,0.000322379463
147.0,0.007,1.34825,0.000322379463
147.0,0.00675,1.348125,0.000322379463
147.0,0.00625,1.348375,0.000322379463
147.0,0.00625,1.348375,0.000322379463
147.0,0.0065,1.3485,0.000322379463
147.0,0.00675,1.3485,0.000322379463
147.0,0.00675,1.348375,0.000322379463
147.0,0.006625,1.348875,0.000322379463
147.0,0.006625,1.34875,0.000322379463
147.0,0.00675,1.348625,0.000322379463
147.0,0.006875,1.34825,0.000322379463
147.0,0.007,1.348,0.000322379463
147.0,0.007,1.348125,0.000322379463
147.0,0.00675,1.348,0.000322379463
147.0,0.006875,1.34825,0.000322379463
147.0,0.006875,1.348,0.000322379463
147.0,0.006875,1.348,0.000322379463
147.0,0.00675,1.348375,0.000322379463
147.0,0.006875,1.348375,0.000322379463
147.0,0.00675,1.3485,0.000322379463
147.0,0.00675,1.3485,0.000322379463
147.0,0.006625,1.3485,0.000322379463
147.0,0.006375,1.3485,0.000322379463
147.0,0.006625,1.3485,0.000322379463
147.0,0.006875,1.34875,0.000322379463
147.0,0.007125,1.34875,0.000322379463
147.0,0.007125,1.348375,0.000322379463
147.0,0.006875,1.348,0.000322379463
147.0,0.006875,1.347875,0.000322379463
147.0,0.00675,1.348125,0.000322379463
147.0,0.00675,1.348,0.000322379463
147.0,0.006875,1.348,0.000322379463
147.0,0.007,1.34775,0.000322379463
147.0,0.00675,1.347875,0.000322379463
147.0,0.007,1.34825,0.000322379463
147.0,0.006875,1.34825,0.000322379463
147.0,0.006875,1.34825,0.000322379463
147.0,0.00675,1.348375,0.000322379463
147.0,0.00675,1.3485,0.000322379463
147.0,0.006375,1.3485,0.000322379463
147.0,0.00625,1.3485,0.000322379463
147.0,0.00675,1.348625,0.000322379463
147.0,0.007125,1.34875,0.000322379463
147.0,0.00675,1.348375,0.000322379463
147.0,0.006375,1.348,0.000322379463
147.0,0.00675,1.348,0.000322379463
147.0,0.00675,1.348125,0.000322379463
147.0,0.00675,1.348125,0.000322379463
147.0,0.00675,1.347875,0.000322379463
147.0,0.0065,1.348,0.000322379463
147.0,0.0065,1.348125,0.000322379463
148.0,0.0075,1.295625,0.000322215812
148.0,0.0075,1.2955,0.000322215812
148.0,0.007375,1.295625,0.000322215812
148.0,0.00725,1.295375,0.000322215812
148.0,0.0075,1.29525,0.000322215812
148.0,0.007375,1.295375,0.000322215812
148.0,0.007375,1.295625,0.000322215812
148.0,0.007625,1.295875,0.000322215812
148.0,0.007625,1.295875,0.000322215812
148.0,0.00775,1.296125,0.000322215812
148.0,0.00775,1.296,0.000322215812
148.0,0.007625,1.296,0.000322215812
148.0,0.007875,1.296375,0.000322215812
148.0,0.008,1.296375,0.000322215812
148.0,0.008,1.296,0.000322215812
148.0,0.00775,1.295625,0.000322215812
148.0,0.00775,1.295375,0.000322215812
148.0,0.0075,1.295375,0.000322215812
148.0,0.0075,1.2955,0.000322215812
148.0,0.007625,1.29525,0.000322215812
148.0,0.008,1.295375,0.000322215812
148.0,0.008125,1.2955,0.000322215812
148.0,0.007625,1.295625,0.000322215812
148.0,0.007375,1.29575,0.000322215812
148.0,0.0075,1.29575,0.000322215812
148.0,0.0075,1.295875,0.000322215812
148.0,0.007875,1.29575,0.000322215812
148.0,0.007625,1.295875,0.000322215812
148.0,0.007625,1.296,0.000322215812
148.0,0.007875,1.2965,0.000322215812
148.0,0.008375,1.29625,0.000322215812
148.0,0.00825,1.295875,0.000322215812
148.0,0.00775,1.2955,0.000322215812
148.0,0.007625,1.29525,0.000322215812
148.0,0.007125,1.295375,0.000322215812
148.0,0.0075,1.295375,0.000322215812
148.0,0.007625,1.295125,0.000322215812
148.0,0.007625,1.295125,0.000322215812
148.0,0.007875,1.2955,0.000322215812
148.0,0.007875,1.2955,0.000322215812
148.0,0.007625,1.2955,0.000322215812
148.0,0.007625,1.2955,0.000322215812
148.0,0.00775,1.296,0.000322215812
148.0,0.00775,1.296125,0.000322215812
148.0,0.007875,1.296,0.000322215812
148.0,0.007625,1.29625,0.000322215812
148.0,0.00775,1.29625,0.000322215812
148.0,0.008,1.296,0.000322215812
148.0,0.00775,1.295625,0.000322215812
148.0,0.0075,1.295375,0.000322215812
148.0,0.007625,1.2955,0.000322215812
148.0,0.007625,1.29575,0.000322215812
148.0,0.007625,1.295625,0.000322215812
148.0,0.007375,1.295375,0.000322215812
148.0,0.007625,1.295375,0.000322215812
148.0,0.0075,1.295625,0.000322215812
148.0,0.0075,1.295625,0.000322215812
148.0,0.0075,1.295625,0.000322215812
148.0,0.007625,1.29575,0.000322215812
148.0,0.007625,1.296,0.000322215812
148.0,0.00775,1.295875,0.000322215812
148.0,0.007875,1.295875,0.000322215812
148.0,0.00775,1.29625,0.000322215812
148.0,0.008,1.2965,0.000322215812
148.0,0.00775,1.296,0.000322215812
148.0,0.007875,1.295375,0.000322215812
148.0,0.007625,1.295375,0.000322215812
148.0,0.007125,1.2955,0.000322215812
148.0,0.007625,1.295625,0.000322215812
148.0,0.007875,1.2955,0.000322215812
148.0,0.007875,1.29525,0.000322215812
148.0,0.00775,1.2955,0.000322215812
148.0,0.007625,1.295625,0.000322215812
148.0,0.007625,1.295625,0.000322215812
148.0,0.00725,1.2955,0.000322215812
148.0,0.00725,1.295625,0.000322215812
148.0,0.00775,1.295875,0.000322215812
148.0,0.00775,1.295875,0.000322215812
148.0,0.007875,1.296,0.000322215812
148.0,0.00775,1.296375,0.000322215812
148.0,0.0075,1.29625,0.000322215812
148.0,0.00775,1.29575,0.000322215812
148.0,0.008,1.2955,0.000322215812
148.0,0.00775,1.2955,0.000322215812
148.0,0.00775,1.2955,0.000322215812
148.0,0.007625,1.295625,0.000322215812
148.0,0.007625,1.29525,0.000322215812
148.0,0.0075,1.295125,0.000322215812
148.0,0.0075,1.295625,0.000322215812
148.0,0.0075,1.295625,0.000322215812
148.0,0.00775,1.295875,0.000322215812
148.0,0.0075,1.29575,0.000322215812
148.0,0.007625,1.296,0.000322215812
148.0,0.00725,1.295875,0.000322215812
148.0,0.007375,1.29575,0.000322215812
148.0,0.007625,1.29625,0.000322215812
148.0,0.00775,1.296375,0.000322215812
148.0,0.007375,1.29625,0.000322215812
148.0,0.007125,1.29575,0.000322215812
148.0,0.007625,1.2955,0.000322215812
148.0,0.007375,1.295375,0.000322215812
148.0,0.0075,1.295625,0.000322215812
148.0,0.00725,1.2955,0.000322215812
148.0,0.007625,1.295375,0.000322215812
148.0,0.007625,1.29525,0.000322215812
148.0,0.007625,1.29525,0.000322215812
148.0,0.00775,1.2955,0.000322215812
148.0,0.007875,1.2955,0.000322215812
148.0,0.007625,1.295625,0.000322215812
148.0,0.007375,1.296,0.000322215812
148.0,0.007,1.296,0.000322215812
148.0,0.007625,1.296,0.000322215812
148.0,0.008125,1.29625,0.000322215812
148.0,0.007875,1.296375,0.000322215812
148.0,0.0075,1.296125,0.000322215812
148.0,0.007625,1.295625,0.000322215812
148.0,0.007875,1.295375,0.000322215812
148.0,0.00775,1.295375,0.000322215812
148.0,0.007625,1.2955,0.000322215812
148.0,0.00725,1.2955,0.000322215812
148.0,0.007375,1.29525,0.000322215812
148.0,0.0075,1.29525,0.000322215812
148.0,0.0075,1.295375,0.000322215812
148.0,0.007375,1.295625,0.000322215812
148.0,0.007625,1.295625,0.000322215812
148.0,0.007625,1.2955,0.000322215812
148.0,0.00775,1.295875,0.000322215812
148.0,0.007625,1.29575,0.000322215812
148.0,0.007375,1.296,0.000322215812
148.0,0.007375,1.296125,0.000322215812
148.0,0.007875,1.29625,0.000322215812
148.0,0.007625,1.295875,0.000322215812
148.0,0.0075,1.295375,0.000322215812
148.0,0.007375,1.295125,0.000322215812
148.0,0.007375,1.2955,0.000322215812
148.0,0.00775,1.295625,0.000322215812
148.0,0.007875,1.29525,0.000322215812
148.0,0.008,1.295125,0.000322215812
148.0,0.008,1.295125,0.000322215812
148.0,0.007875,1.2955,0.000322215812
148.0,0.007625,1.295875,0.000322215812
148.0,0.0075,1.296,0.000322215812
148.0,0.00775,1.296,0.000322215812
148.0,0.00775,1.296,0.000322215812
148.0,0.0075,1.296,0.000322215812
148.0,0.0075,1.29625,0.000322215812
148.0,0.007625,1.2965,0.000322215812
148.0,0.00775,1.296375,0.000322215812
148.0,0.00775,1.295875,0.000322215812
148.0,0.007875,1.2955,0.000322215812
148.0,0.00775,1.295625,0.000322215812
148.0,0.00725,1.295625,0.000322215812
148.0,0.007375,1.295625,0.000322215812
148.0,0.007625,1.2955,0.000322215812
148.0,0.007625,1.2955,0.000322215812
148.0,0.00775,1.295625,0.000322215812
148.0,0.007875,1.295875,0.000322215812
148.0,0.007625,1.29575,0.000322215812
148.0,0.007625,1.295625,0.000322215812
148.0,0.007375,1.29575,0.000322215812
148.0,0.0075,1.296,0.000322215812
148.0,0.00725,1.296,0.000322215812
148.0,0.007375,1.296375,0.000322215812
148.0,0.007875,1.296125,0.000322215812
148.0,0.0075,1.296,0.000322215812
148.0,0.007375,1.295625,0.000322215812
148.0,0.0075,1.2955,0.000322215812
148.0,0.0075,1.2955,0.000322215812
148.0,0.00775,1.295625,0.000322215812
149.0,0.01075,1.244625,0.000322315522
149.0,0.01075,1.244875,0.000322315522
149.0,0.01075,1.24475,0.000322315522
149.0,0.011,1.244875,0.000322315522
149.0,0.01125,1.245125,0.000322315522
149.0,0.01125,1.245125,0.000322315522
149.0,0.011375,1.244875,0.000322315522
149.0,0.011125,1.244625,0.000322315522
149.0,0.011125,1.244625,0.000322315522
149.0,0.01075,1.2445,0.000322315522
149.0,0.010375,1.2445,0.000322315522
149.0,0.010625,1.244625,0.000322315522
149.0,0.010625,1.2445,0.000322315522
149.0,0.010875,1.244375,0.000322315522
149.0,0.01075,1.244625,0.000322315522
149.0,0.010375,1.24475,0.000322315522
149.0,0.01025,1.2445,0.000322315522
149.0,0.010375,1.24475,0.000322315522
149.0,0.01075,1.244875,0.000322315522
149.0,0.01075,1.24475,0.000322315522
149.0,0.010875,1.244875,0.000322315522
149.0,0.011,1.245125,0.000322315522
149.0,0.011,1.245,0.000322315522
149.0,0.010875,1.244875,0.000322315522
149.0,0.010875,1.244875,0.000322315522
149.0,0.01075,1.24425,0.000322315522
149.0,0.010625,1.244625,0.000322315522
149.0,0.0105,1.2445,0.000322315522
149.0,0.0105,1.2445,0.000322315522
149.0,0.01075,1.244375,0.000322315522
149.0,0.010875,1.244375,0.000322315522
149.0,0.010625,1.244375,0.000322315522
149.0,0.01075,1.24475,0.000322315522
149.0,0.010375,1.244625,0.000322315522
149.0,0.0105,1.244875,0.000322315522
149.0,0.010375,1.24475,0.000322315522
149.0,0.010625,1.24475,0.000322315522
149.0,0.011,1.245,0.000322315522
149.0,0.011,1.245125,0.000322315522
149.0,0.01125,1.244875,0.000322315522
149.0,0.011125,1.244875,0.000322315522
149.0,0.011125,1.244625,0.000322315522
149.0,0.011125,1.244625,0.000322315522
149.0,0.011,1.2445,0.000322315522
149.0,0.01075,1.244625,0.000322315522
149.0,0.011125,1.2445,0.000322315522
149.0,0.011,1.24425,0.000322315522
149.0,0.011125,1.244375,0.000322315522
149.0,0.011125,1.244875,0.000322315522
149.0,0.010875,1.245,0.000322315522
149.0,0.010875,1.24475,0.000322315522
149.0,0.01075,1.245125,0.000322315522
149.0,0.011,1.244875,0.000322315522
149.0,0.01075,1.245,0.000322315522
149.0,0.010625,1.245125,0.000322315522
149.0,0.011,1.245375,0.000322315522
149.0,0.010875,1.245125,0.000322315522
149.0,0.010875,1.245125,0.000322315522
149.0,0.010875,1.244625,0.000322315522
149.0,0.010875,1.2445,0.000322315522
149.0,0.010625,1.24475,0.000322315522
149.0,0.010625,1.244625,0.000322315522
149.0,0.0105,1.2445,0.000322315522
149.0,0.01075,1.244125,0.000322315522
149.0,0.010875,1.2445,0.000322315522
149.0,0.01075,1.244875,0.000322315522
149.0,0.010875,1.24475,0.000322315522
149.0,0.010875,1.244875,0.000322315522
149.0,0.010875,1.244875,0.000322315522
149.0,0.010625,1.245,0.000322315522
149.0,0.010875,1.245125,0.000322315522
149.0,0.010875,1.245375,0.000322315522
149.0,0.010625,1.245125,0.000322315522
149.0,0.010625,1.245125,0.000322315522
149.0,0.0105,1.244875,0.000322315522
149.0,0.010625,1.2445,0.000322315522
149.0,0.01075,1.2445,0.000322315522
149.0,0.010625,1.244625,0.000322315522
149.0,0.010625,1.2445,0.000322315522
149.0,0.010875,1.2445,0.000322315522
149.0,0.011,1.24425,0.000322315522
149.0,0.011,1.244625,0.000322315522
149.0,0.010625,1.24475,0.000322315522
149.0,0.0105,1.24475,0.000322315522
149.0,0.0105,1.245,0.000322315522
149.0,0.010375,1.244875,0.000322315522
149.0,0.01025,1.24475,0.000322315522
149.0,0.010375,1.245,0.000322315522
149.0,0.010375,1.2455,0.000322315522
149.0,0.010375,1.2455,0.000322315522
149.0,0.011,1.24525,0.000322315522
149.0,0.010875,1.24475,0.000322315522
149.0,0.010875,1.244375,0.000322315522
149.0,0.011,1.2445,0.000322315522
149.0,0.01075,1.244625,0.000322315522
149.0,0.01075,1.244625,0.000322315522
149.0,0.01075,1.244375,0.000322315522
149.0,0.010875,1.24425,0.000322315522
149.0,0.011,1.244375,0.000322315522
149.0,0.010625,1.244625,0.000322315522
149.0,0.010375,1.2445,0.000322315522
149.0,0.0105,1.24475,0.000322315522
149.0,0.010625,1.244875,0.000322315522
149.0,0.010625,1.245,0.000322315522
149.0,0.010875,1.24525,0.000322315522
149.0,0.010875,1.24525,0.000322315522
149.0,0.011,1.245375,0.000322315522
149.0,0.011,1.245,0.000322315522
149.0,0.01075,1.24475,0.000322315522
149.0,0.010625,1.244625,0.000322315522
149.0,0.010625,1.2445,0.000322315522
149.0,0.01075,1.2445,0.000322315522
149.0,0.010875,1.244375,0.000322315522
149.0,0.011,1.244375,0.000322315522
149.0,0.010875,1.244375,0.000322315522
149.0,0.0105,1.2445,0.000322315522
149.0,0.010875,1.244625,0.000322315522
149.0,0.010875,1.244875,0.000322315522
149.0,0.010875,1.245125,0.000322315522
149.0,0.0105,1.245,0.000322315522
149.0,0.0105,1.245,0.000322315522
149.0,0.0105,1.245,0.000322315522
149.0,0.010875,1.24525,0.000322315522
149.0,0.010875,1.245125,0.000322315522
149.0,0.010875,1.244875,0.000322315522
149.0,0.011,1.244375,0.000322315522
149.0,0.011,1.2445,0.000322315522
149.0,0.01075,1.2445,0.000322315522
149.0,0.010875,1.244375,0.000322315522
149.0,0.011,1.24425,0.000322315522
149.0,0.010875,1.244,0.000322315522
149.0,0.011,1.244625,0.000322315522
149.0,0.010875,1.244875,0.000322315522
149.0,0.01075,1.244875,0.000322315522
149.0,0.0105,1.244875,0.000322315522
149.0,0.010625,1.245,0.000322315522
149.0,0.01025,1.244875,0.000322315522
149.0,0.01025,1.244875,0.000322315522
149.0,0.010625,1.245125,0.000322315522
149.0,0.01075,1.24525,0.000322315522
149.0,0.010875,1.245125,0.000322315522
149.0,0.010625,1.244625,0.000322315522
149.0,0.01075,1.2445,0.000322315522
149.0,0.01075,1.244625,0.000322315522
149.0,0.010375,1.244625,0.000322315522
149.0,0.010875,1.24475,0.000322315522
149.0,0.011,1.2445,0.000322315522
149.0,0.010875,1.244375,0.000322315522
149.0,0.011,1.244625,0.000322315522
149.0,0.01075,1.244625,0.000322315522
149.0,0.01075,1.244625,0.000322315522
149.0,0.01075,1.244875,0.000322315522
149.0,0.010625,1.244875,0.000322315522
149.0,0.01075,1.244875,0.000322315522
149.0,0.01075,1.245125,0.000322315522
149.0,0.01075,1.24525,0.000322315522
149.0,0.01075,1.2455,0.000322315522
149.0,0.01075,1.245125,0.000322315522
149.0,0.010625,1.244625,0.000322315522
149.0,0.011125,1.2445,0.000322315522
149.0,0.010875,1.244375,0.000322315522
149.0,0.01075,1.244625,0.000322315522
149.0,0.011125,1.244625,0.000322315522
149.0,0.010875,1.244625,0.000322315522
149.0,0.010875,1.2445,0.000322315522
149.0,0.0105,1.24475,0.000322315522
149.0,0.0105,1.24475,0.000322315522
149.0,0.0105,1.245,0.000322315522
149.0,0.0105,1.245,0.000322315522
150.0,0.015625,1.19425,0.00032216878
150.0,0.015375,1.19425,0.00032216878
150.0,0.0155,1.194125,0.00032216878
150.0,0.015375,1.193875,0.00032216878
150.0,0.015375,1.193875,0.00032216878
150.0,0.01525,1.19425,0.00032216878
150.0,0.01525,1.19425,0.00032216878
150.0,0.01525,1.194375,0.00032216878
150.0,0.01525,1.194375,0.00032216878
150.0,0.015375,1.1945,0.00032216878
150.0,0.0155,1.194375,0.00032216878
150.0,0.015625,1.1945,0.00032216878
150.0,0.015625,1.19475,0.00032216878
150.0,0.01575,1.19475,0.00032216878
150.0,0.016,1.1945,0.00032216878
150.0,0.015875,1.194375,0.00032216878
150.0,0.01575,1.19425,0.00032216878
150.0,0.015875,1.19425,0.00032216878
150.0,0.015625,1.194375,0.00032216878
150.0,0.015875,1.19425,0.00032216878
150.0,0.01575,1.194,0.00032216878
150.0,0.016125,1.194125,0.00032216878
150.0,0.01575,1.194375,0.00032216878
150.0,0.016,1.19425,0.00032216878
150.0,0.016,1.1945,0.00032216878
150.0,0.015875,1.1945,0.00032216878
150.0,0.01575,1.194625,0.00032216878
150.0,0.015625,1.194625,0.00032216878
150.0,0.0155,1.194625,0.00032216878
150.0,0.015375,1.194875,0.00032216878
150.0,0.0155,1.194875,0.00032216878
150.0,0.01525,1.194625,0.00032216878
150.0,0.01575,1.19425,0.00032216878
150.0,0.015625,1.194125,0.00032216878
150.0,0.01525,1.194375,0.00032216878
150.0,0.015625,1.19425,0.00032216878
150.0,0.015625,1.194125,0.00032216878
150.0,0.01575,1.193875,0.00032216878
150.0,0.0155,1.194,0.00032216878
150.0,0.015375,1.194375,0.00032216878
150.0,0.015375,1.19425,0.00032216878
150.0,0.015375,1.19425,0.00032216878
150.0,0.01525,1.194375,0.00032216878
150.0,0.015125,1.194625,0.00032216878
150.0,0.01525,1.194375,0.00032216878
150.0,0.0155,1.194625,0.00032216878
150.0,0.015625,1.194875,0.00032216878
150.0,0.015875,1.194625,0.00032216878
150.0,0.015875,1.194375,0.00032216878
150.0,0.015875,1.194,0.00032216878
150.0,0.015875,1.194,0.00032216878
150.0,0.015375,1.19425,0.00032216878
150.0,0.0155,1.19425,0.00032216878
150.0,0.0155,1.194125,0.00032216878
150.0,0.01575,1.194125,0.00032216878
150.0,0.015875,1.19425,0.00032216878
150.0,0.015125,1.194375,0.00032216878
150.0,0.015125,1.194375,0.00032216878
150.0,0.015,1.194375,0.00032216878
150.0,0.015125,1.194625,0.00032216878
150.0,0.015125,1.194625,0.00032216878
150.0,0.0155,1.194625,0.00032216878
150.0,0.01575,1.19475,0.00032216878
150.0,0.0155,1.194875,0.00032216878
150.0,0.015625,1.19475,0.00032216878
150.0,0.015625,1.194125,0.00032216878
150.0,0.015375,1.193875,0.00032216878
150.0,0.015375,1.19425,0.00032216878
150.0,0.015,1.194125,0.00032216878
150.0,0.015125,1.194,0.00032216878
150.0,0.015625,1.194,0.00032216878
150.0,0.01575,1.194125,0.00032216878
150.0,0.015625,1.194375,0.00032216878
150.0,0.015625,1.194375,0.00032216878
150.0,0.01525,1.19425,0.00032216878
150.0,0.01525,1.194375,0.00032216878
150.0,0.01525,1.194625,0.00032216878
150.0,0.01525,1.194625,0.00032216878
150.0,0.01525,1.194625,0.00032216878
150.0,0.0155,1.19475,0.00032216878
150.0,0.015875,1.19475,0.00032216878
150.0,0.015875,1.19475,0.00032216878
150.0,0.01575,1.194375,0.00032216878
150.0,0.015875,1.19425,0.00032216878
150.0,0.015625,1.194125,0.00032216878
150.0,0.015625,1.19425,0.00032216878
150.0,0.0155,1.194,0.00032216878
150.0,0.015875,1.193875,0.00032216878
150.0,0.016,1.194125,0.00032216878
150.0,0.016,1.194125,0.00032216878
150.0,0.015875,1.194375,0.00032216878
150.0,0.015625,1.194375,0.00032216878
150.0,0.01525,1.1945,0.00032216878
150.0,0.015125,1.194625,0.00032216878
150.0,0.01525,1.1945,0.00032216878
150.0,0.015875,1.194625,0.00032216878
150.0,0.016,1.194875,0.00032216878
150.0,0.015625,1.194625,0.00032216878
150.0,0.015625,1.194375,0.00032216878
150.0,0.015625,1.194125,0.00032216878
150.0,0.01525,1.19425,0.00032216878
150.0,0.015375,1.194375,0.00032216878
150.0,0.0155,1.194375,0.00032216878
150.0,0.01575,1.194,0.00032216878
150.0,0.015625,1.193875,0.00032216878
150.0,0.015625,1.193875,0.00032216878
150.0,0.015375,1.194125,0.00032216878
150.0,0.01575,1.19425,0.00032216878
150.0,0.0155,1.19425,0.00032216878
150.0,0.0155,1.194375,0.00032216878
150.0,0.0155,1.194375,0.00032216878
150.0,0.0155,1.1945,0.00032216878
150.0,0.01575,1.194875,0.00032216878
150.0,0.01575,1.19475,0.00032216878
150.0,0.016,1.1945,0.00032216878
150.0,0.01575,1.194375,0.00032216878
150.0,0.01575,1.19425,0.00032216878
150.0,0.0155,1.194125,0.00032216878
150.0,0.015125,1.19425,0.00032216878
150.0,0.01525,1.194125,0.00032216878
150.0,0.015625,1.193875,0.00032216878
150.0,0.015625,1.193875,0.00032216878
150.0,0.015625,1.193875,0.00032216878
150.0,0.015375,1.19425,0.00032216878
150.0,0.015375,1.194375,0.00032216878
150.0,0.015625,1.1945,0.00032216878
150.0,0.015625,1.194625,0.00032216878
150.0,0.0155,1.194625,0.00032216878
150.0,0.0155,1.194625,0.00032216878
150.0,0.015625,1.194875,0.00032216878
150.0,0.015625,1.194875,0.00032216878
150.0,0.015875,1.194625,0.00032216878
150.0,0.015875,1.19425,0.00032216878
150.0,0.016125,1.194125,0.00032216878
150.0,0.015625,1.19425,0.00032216878
150.0,0.01575,1.194125,0.00032216878
150.0,0.015625,1.194,0.00032216878
150.0,0.015625,1.193875,0.00032216878
150.0,0.015375,1.193875,0.00032216878
150.0,0.015625,1.194,0.00032216878
150.0,0.015625,1.19425,0.00032216878
150.0,0.015375,1.194375,0.00032216878
150.0,0.0155,1.1945,0.00032216878
150.0,0.01575,1.194625,0.00032216878
150.0,0.0155,1.194625,0.00032216878
150.0,0.016125,1.19475,0.00032216878
150.0,0.015875,1.195,0.00032216878
150.0,0.016,1.194875,0.00032216878
150.0,0.015875,1.19475,0.00032216878
150.0,0.015875,1.194125,0.00032216878
150.0,0.01575,1.194125,0.00032216878
150.0,0.0155,1.19425,0.00032216878
150.0,0.01575,1.194125,0.00032216878
150.0,0.015875,1.194,0.00032216878
150.0,0.015875,1.194,0.00032216878
150.0,0.01575,1.194125,0.00032216878
150.0,0.015625,1.194375,0.00032216878
150.0,0.01575,1.19425,0.00032216878
150.0,0.015625,1.19425,0.00032216878
150.0,0.01575,1.1945,0.00032216878
150.0,0.015625,1.194625,0.00032216878
150.0,0.015375,1.1945,0.00032216878
150.0,0.0155,1.19475,0.00032216878
150.0,0.015875,1.195,0.00032216878
150.0,0.015875,1.194625,0.00032216878
150.0,0.01575,1.19425,0.00032216878
150.0,0.01525,1.19425,0.00032216878
150.0,0.015625,1.194125,0.00032216878
150.0,0.015625,1.194375,0.00032216878
151.0,0.022875,1.143125,0.000322150183
151.0,0.022875,1.143,0.000322150183
151.0,0.0225,1.143125,0.000322150183
151.0,0.022625,1.143125,0.000322150183
151.0,0.023,1.143125,0.000322150183
151.0,0.023,1.143125,0.000322150183
151.0,0.022625,1.14325,0.000322150183
151.0,0.0225,1.1435,0.000322150183
151.0,0.0225,1.1435,0.000322150183
151.0,0.02275,1.1435,0.000322150183
151.0,0.023,1.143625,0.000322150183
151.0,0.02275,1.143625,0.000322150183
151.0,0.022875,1.1435,0.000322150183
151.0,0.022875,1.143875,0.000322150183
151.0,0.023125,1.144125,0.000322150183
151.0,0.022875,1.144,0.000322150183
151.0,0.022625,1.1435,0.000322150183
151.0,0.0225,1.14325,0.000322150183
151.0,0.02275,1.14325,0.000322150183
151.0,0.02275,1.143375,0.000322150183
151.0,0.0225,1.14325,0.000322150183
151.0,0.022375,1.142875,0.000322150183
151.0,0.0225,1.143125,0.000322150183
151.0,0.022625,1.1435,0.000322150183
151.0,0.022625,1.1435,0.000322150183
151.0,0.022625,1.1435,0.000322150183
151.0,0.0225,1.143375,0.000322150183
151.0,0.0225,1.14375,0.000322150183
151.0,0.02275,1.143625,0.000322150183
151.0,0.023,1.14375,0.000322150183
151.0,0.022875,1.144125,0.000322150183
151.0,0.022875,1.144125,0.000322150183
151.0,0.023125,1.143875,0.000322150183
151.0,0.023,1.1435,0.000322150183
151.0,0.023125,1.14325,0.000322150183
151.0,0.02275,1.143125,0.000322150183
151.0,0.022625,1.143375,0.000322150183
151.0,0.022375,1.14325,0.000322150183
151.0,0.022,1.143125,0.000322150183
151.0,0.022375,1.143375,0.000322150183
151.0,0.0225,1.143625,0.000322150183
151.0,0.0225,1.143625,0.000322150183
151.0,0.022625,1.143375,0.000322150183
151.0,0.022375,1.143625,0.000322150183
151.0,0.0225,1.143625,0.000322150183
151.0,0.022375,1.143625,0.000322150183
151.0,0.022375,1.14375,0.000322150183
151.0,0.02275,1.143875,0.000322150183
151.0,0.023125,1.143875,0.000322150183
151.0,0.023,1.1435,0.000322150183
151.0,0.0225,1.143125,0.000322150183
151.0,0.02275,1.14325,0.000322150183
151.0,0.0225,1.14325,0.000322150183
151.0,0.02275,1.14325,0.000322150183
151.0,0.023,1.143125,0.000322150183
151.0,0.022875,1.143125,0.000322150183
151.0,0.0225,1.14325,0.000322150183
151.0,0.0225,1.14325,0.000322150183
151.0,0.022375,1.1435,0.000322150183
151.0,0.022375,1.143625,0.000322150183
151.0,0.022375,1.143875,0.000322150183
151.0,0.02275,1.143625,0.000322150183
151.0,0.022625,1.143625,0.000322150183
151.0,0.0225,1.144,0.000322150183
151.0,0.022875,1.144,0.000322150183
151.0,0.023,1.143625,0.000322150183
151.0,0.02275,1.14325,0.000322150183
151.0,0.023,1.14325,0.000322150183
151.0,0.023,1.143375,0.000322150183
151.0,0.022875,1.143375,0.000322150183
151.0,0.022875,1.14325,0.000322150183
151.0,0.02275,1.142875,0.000322150183
151.0,0.02275,1.143,0.000322150183
151.0,0.02275,1.143,0.000322150183
151.0,0.02275,1.14325,0.000322150183
151.0,0.022625,1.143625,0.000322150183
151.0,0.022625,1.1435,0.000322150183
151.0,0.022375,1.14375,0.000322150183
151.0,0.02225,1.14375,0.000322150183
151.0,0.0225,1.143625,0.000322150183
151.0,0.022375,1.144,0.000322150183
151.0,0.022875,1.143875,0.000322150183
151.0,0.022875,1.143625,0.000322150183
151.0,0.022875,1.14325,0.000322150183
151.0,0.023125,1.14325,0.000322150183
151.0,0.02275,1.143375,0.000322150183
151.0,0.022625,1.143375,0.000322150183
151.0,0.022875,1.143125,0.000322150183
151.0,0.023,1.143,0.000322150183
151.0,0.023,1.143,0.000322150183
151.0,0.022875,1.143375,0.000322150183
151.0,0.02275,1.143625,0.000322150183
151.0,0.02225,1.143375,0.000322150183
151.0,0.02225,1.14375,0.000322150183
151.0,0.02275,1.14375,0.000322150183
151.0,0.02275,1.1435,0.000322150183
151.0,0.022375,1.14375,0.000322150183
151.0,0.0225,1.144,0.000322150183
151.0,0.022625,1.14375,0.000322150183
151.0,0.022625,1.14375,0.000322150183
151.0,0.02275,1.143375,0.000322150183
151.0,0.02275,1.143375,0.000322150183
151.0,0.02275,1.143375,0.000322150183
151.0,0.023125,1.1435,0.000322150183
151.0,0.022875,1.14325,0.000322150183
151.0,0.022875,1.14325,0.000322150183
151.0,0.023,1.14325,0.000322150183
151.0,0.023,1.143375,0.000322150183
151.0,0.022875,1.143375,0.000322150183
151.0,0.022625,1.143625,0.000322150183
151.0,0.022625,1.143625,0.000322150183
151.0,0.022375,1.143625,0.000322150183
151.0,0.0225,1.1435,0.000322150183
151.0,0.0225,1.14375,0.000322150183
151.0,0.02275,1.143875,0.000322150183
151.0,0.022625,1.143875,0.000322150183
151.0,0.022875,1.143625,0.000322150183
151.0,0.023125,1.14325,0.000322150183
151.0,0.022875,1.143375,0.000322150183
151.0,0.022625,1.143375,0.000322150183
151.0,0.022875,1.143125,0.000322150183
151.0,0.022875,1.142875,0.000322150183
151.0,0.023125,1.142875,0.000322150183
151.0,0.023125,1.143,0.000322150183
151.0,0.02275,1.143375,0.000322150183
151.0,0.022625,1.143375,0.000322150183
151.0,0.022625,1.1435,0.000322150183
151.0,0.022875,1.14375,0.000322150183
151.0,0.022625,1.143625,0.000322150183
151.0,0.022875,1.143625,0.000322150183
151.0,0.02275,1.144125,0.000322150183
151.0,0.022625,1.14425,0.000322150183
151.0,0.02275,1.143875,0.000322150183
151.0,0.023,1.14325,0.000322150183
151.0,0.022875,1.143125,0.000322150183
151.0,0.022875,1.1435,0.000322150183
151.0,0.023,1.1435,0.000322150183
151.0,0.023,1.14325,0.000322150183
151.0,0.022875,1.14325,0.000322150183
151.0,0.022875,1.14275,0.000322150183
151.0,0.022625,1.14325,0.000322150183
151.0,0.023125,1.143625,0.000322150183
151.0,0.02275,1.143375,0.000322150183
151.0,0.023,1.1435,0.000322150183
151.0,0.022875,1.1435,0.000322150183
151.0,0.02275,1.143625,0.000322150183
151.0,0.022625,1.143875,0.000322150183
151.0,0.0225,1.144,0.000322150183
151.0,0.02275,1.144,0.000322150183
151.0,0.02275,1.143875,0.000322150183
151.0,0.02275,1.143375,0.000322150183
151.0,0.022625,1.14325,0.000322150183
151.0,0.0225,1.14325,0.000322150183
151.0,0.022875,1.143125,0.000322150183
151.0,0.022875,1.143125,0.000322150183
151.0,0.022875,1.143125,0.000322150183
151.0,0.022875,1.142875,0.000322150183
151.0,0.023,1.14325,0.000322150183
151.0,0.022875,1.14375,0.000322150183
151.0,0.023,1.1435,0.000322150183
151.0,0.0225,1.143625,0.000322150183
151.0,0.02275,1.143625,0.000322150183
151.0,0.022875,1.143625,0.000322150183
151.0,0.02275,1.143875,0.000322150183
151.0,0.0225,1.14425,0.000322150183
151.0,0.022625,1.144125,0.000322150183
151.0,0.02275,1.143375,0.000322150183
151.0,0.022875,1.14325,0.000322150183
151.0,0.0225,1.14325,0.000322150183
152.0,0.0315,1.092,0.000322309701
152.0,0.0315,1.092125,0.000322309701
152.0,0.031625,1.09225,0.000322309701
152.0,0.0315,1.09225,0.000322309701
152.0,0.031125,1.092375,0.000322309701
152.0,0.031,1.092625,0.000322309701
152.0,0.03125,1.092625,0.000322309701
152.0,0.031,1.092625,0.000322309701
152.0,0.031,1.092625,0.000322309701
152.0,0.031375,1.092625,0.000322309701
152.0,0.031375,1.093,0.000322309701
152.0,0.031375,1.092625,0.000322309701
152.0,0.03175,1.09225,0.000322309701
152.0,0.032,1.092125,0.000322309701
152.0,0.0315,1.092375,0.000322309701
152.0,0.031,1.092375,0.000322309701
152.0,0.031375,1.09225,0.000322309701
152.0,0.031875,1.092125,0.000322309701
152.0,0.032,1.092125,0.000322309701
152.0,0.03175,1.092125,0.000322309701
152.0,0.0315,1.092375,0.000322309701
152.0,0.031125,1.092375,0.000322309701
152.0,0.0315,1.0925,0.000322309701
152.0,0.03175,1.092375,0.000322309701
152.0,0.03175,1.0925,0.000322309701
152.0,0.0315,1.0925,0.000322309701
152.0,0.031375,1.092875,0.000322309701
152.0,0.031625,1.09275,0.000322309701
152.0,0.031875,1.092375,0.000322309701
152.0,0.031625,1.09225,0.000322309701
152.0,0.03125,1.092125,0.000322309701
152.0,0.031125,1.09225,0.000322309701
152.0,0.031375,1.09225,0.000322309701
152.0,0.0315,1.092125,0.000322309701
152.0,0.031625,1.092,0.000322309701
152.0,0.031625,1.092125,0.000322309701
152.0,0.0315,1.0925,0.000322309701
152.0,0.031375,1.0925,0.000322309701
152.0,0.031375,1.0925,0.000322309701
152.0,0.031375,1.09275,0.000322309701
152.0,0.031125,1.09275,0.000322309701
152.0,0.031125,1.09275,0.000322309701
152.0,0.031,1.092875,0.000322309701
152.0,0.03175,1.093,0.000322309701
152.0,0.031625,1.09275,0.000322309701
152.0,0.031375,1.092625,0.000322309701
152.0,0.03125,1.092125,0.000322309701
152.0,0.031125,1.09225,0.000322309701
152.0,0.031,1.092125,0.000322309701
152.0,0.03125,1.092375,0.000322309701
152.0,0.0315,1.092375,0.000322309701
152.0,0.031625,1.092,0.000322309701
152.0,0.03175,1.092,0.000322309701
152.0,0.0315,1.09225,0.000322309701
152.0,0.0315,1.092375,0.000322309701
152.0,0.031625,1.092625,0.000322309701
152.0,0.0315,1.092625,0.000322309701
152.0,0.0315,1.092625,0.000322309701
152.0,0.03175,1.0925,0.000322309701
152.0,0.031625,1.09275,0.000322309701
152.0,0.03125,1.09275,0.000322309701
152.0,0.031625,1.092625,0.000322309701
152.0,0.031625,1.092375,0.000322309701
152.0,0.031625,1.09225,0.000322309701
152.0,0.031375,1.092125,0.000322309701
152.0,0.031375,1.09225,0.000322309701
152.0,0.031625,1.092125,0.000322309701
152.0,0.031625,1.092125,0.000322309701
152.0,0.03175,1.092,0.000322309701
152.0,0.031875,1.09225,0.000322309701
152.0,0.031625,1.09225,0.000322309701
152.0,0.0315,1.092375,0.000322309701
152.0,0.031625,1.0925,0.000322309701
152.0,0.031625,1.0925,0.000322309701
152.0,0.0315,1.092625,0.000322309701
152.0,0.031625,1.0925,0.000322309701
152.0,0.031375,1.09275,0.000322309701
152.0,0.031375,1.092875,0.000322309701
152.0,0.0315,1.09275,0.000322309701
152.0,0.031125,1.09225,0.000322309701
152.0,0.03125,1.092125,0.000322309701
152.0,0.031125,1.09225,0.000322309701
152.0,0.031375,1.092125,0.000322309701
152.0,0.031375,1.092125,0.000322309701
152.0,0.0315,1.091875,0.000322309701
152.0,0.031875,1.092,0.000322309701
152.0,0.031625,1.092375,0.000322309701
152.0,0.0315,1.092375,0.000322309701
152.0,0.03125,1.0925,0.000322309701
152.0,0.03125,1.0925,0.000322309701
152.0,0.031375,1.092625,0.000322309701
152.0,0.031375,1.092375,0.000322309701
152.0,0.031125,1.092625,0.000322309701
152.0,0.031375,1.092875,0.000322309701
152.0,0.032,1.092875,0.000322309701
152.0,0.031875,1.092375,0.000322309701
152.0,0.031625,1.092,0.000322309701
152.0,0.031625,1.092,0.000322309701
152.0,0.031375,1.092125,0.000322309701
152.0,0.031625,1.092125,0.000322309701
152.0,0.031625,1.091875,0.000322309701
152.0,0.03125,1.091875,0.000322309701
152.0,0.031125,1.092,0.000322309701
152.0,0.031375,1.09225,0.000322309701
152.0,0.03125,1.09225,0.000322309701
152.0,0.03125,1.09225,0.000322309701
152.0,0.0315,1.0925,0.000322309701
152.0,0.031625,1.092375,0.000322309701
152.0,0.031375,1.092125,0.000322309701
152.0,0.03125,1.0925,0.000322309701
152.0,0.031375,1.092625,0.000322309701
152.0,0.0315,1.092625,0.000322309701
152.0,0.031625,1.0925,0.000322309701
152.0,0.03175,1.09225,0.000322309701
152.0,0.031625,1.092125,0.000322309701
152.0,0.03175,1.092125,0.000322309701
152.0,0.0315,1.092125,0.000322309701
152.0,0.031375,1.09175,0.000322309701
152.0,0.03125,1.091875,0.000322309701
152.0,0.031375,1.09225,0.000322309701
152.0,0.0315,1.092375,0.000322309701
152.0,0.0315,1.092375,0.000322309701
152.0,0.0315,1.09225,0.000322309701
152.0,0.031625,1.092375,0.000322309701
152.0,0.03175,1.092375,0.000322309701
152.0,0.031625,1.0925,0.000322309701
152.0,0.031625,1.092625,0.000322309701
152.0,0.031875,1.092625,0.000322309701
152.0,0.03175,1.0925,0.000322309701
152.0,0.032,1.09225,0.000322309701
152.0,0.03175,1.092,0.000322309701
152.0,0.031625,1.091875,0.000322309701
152.0,0.03175,1.092,0.000322309701
152.0,0.031625,1.091875,0.000322309701
152.0,0.031875,1.09175,0.000322309701
152.0,0.032125,1.092,0.000322309701
152.0,0.03175,1.09225,0.000322309701
152.0,0.03175,1.092375,0.000322309701
152.0,0.0315,1.092375,0.000322309701
152.0,0.0315,1.092375,0.000322309701
152.0,0.031375,1.092375,0.000322309701
152.0,0.031625,1.092375,0.000322309701
152.0,0.031625,1.0925,0.000322309701
152.0,0.031625,1.09275,0.000322309701
152.0,0.0315,1.092625,0.000322309701
152.0,0.0315,1.0925,0.000322309701
152.0,0.031375,1.092125,0.000322309701
152.0,0.031375,1.092,0.000322309701
152.0,0.030875,1.092,0.000322309701
152.0,0.031375,1.092125,0.000322309701
152.0,0.0315,1.092,0.000322309701
152.0,0.031625,1.092,0.000322309701
152.0,0.03175,1.092125,0.000322309701
152.0,0.031375,1.09225,0.000322309701
152.0,0.031375,1.09225,0.000322309701
152.0,0.0315,1.092125,0.000322309701
152.0,0.031375,1.092375,0.000322309701
152.0,0.0315,1.092125,0.000322309701
152.0,0.031125,1.092125,0.000322309701
152.0,0.03125,1.092375,0.000322309701
152.0,0.031625,1.092625,0.000322309701
152.0,0.031375,1.092625,0.000322309701
152.0,0.031625,1.092375,0.000322309701
152.0,0.031625,1.092,0.000322309701
152.0,0.031625,1.091875,0.000322309701
152.0,0.0315,1.092,0.000322309701
152.0,0.0315,1.091875,0.000322309701
152.0,0.03125,1.091875,0.000322309701
152.0,0.031375,1.091875,0.000322309701
153.0,0.042625,1.041375,0.000322118576
153.0,0.042625,1.041375,0.000322118576
153.0,0.042625,1.041375,0.000322118576
153.0,0.042875,1.041375,0.000322118576
153.0,0.042875,1.041,0.000322118576
153.0,0.042875,1.041125,0.000322118576
153.0,0.04275,1.04125,0.000322118576
153.0,0.042625,1.0415,0.000322118576
153.0,0.042625,1.0415,0.000322118576
153.0,0.042375,1.041625,0.000322118576
153.0,0.0425,1.041625,0.000322118576
153.0,0.04275,1.04175,0.000322118576
153.0,0.0425,1.04175,0.000322118576
153.0,0.04275,1.042,0.000322118576
153.0,0.04275,1.042,0.000322118576
153.0,0.04275,1.042125,0.000322118576
153.0,0.04275,1.04175,0.000322118576
153.0,0.042875,1.041375,0.000322118576
153.0,0.04275,1.041375,0.000322118576
153.0,0.0425,1.0415,0.000322118576
153.0,0.042375,1.0415,0.000322118576
153.0,0.0425,1.041375,0.000322118576
153.0,0.04225,1.04125,0.000322118576
153.0,0.0425,1.041625,0.000322118576
153.0,0.0425,1.041625,0.000322118576
153.0,0.042625,1.04175,0.000322118576
153.0,0.04225,1.042,0.000322118576
153.0,0.042375,1.04175,0.000322118576
153.0,0.0425,1.04175,0.000322118576
153.0,0.04275,1.04175,0.000322118576
153.0,0.04275,1.042,0.000322118576
153.0,0.042875,1.041875,0.000322118576
153.0,0.043,1.04175,0.000322118576
153.0,0.04275,1.041625,0.000322118576
153.0,0.042875,1.041375,0.000322118576
153.0,0.042625,1.041375,0.000322118576
153.0,0.042625,1.041375,0.000322118576
153.0,0.0425,1.041375,0.000322118576
153.0,0.042625,1.04125,0.000322118576
153.0,0.0425,1.0415,0.000322118576
153.0,0.0425,1.0415,0.000322118576
153.0,0.0425,1.041625,0.000322118576
153.0,0.042625,1.0415,0.000322118576
153.0,0.042125,1.041625,0.000322118576
153.0,0.04225,1.04175,0.000322118576
153.0,0.042625,1.041625,0.000322118576
153.0,0.042625,1.041875,0.000322118576
153.0,0.042875,1.042125,0.000322118576
153.0,0.043,1.042,0.000322118576
153.0,0.042875,1.041875,0.000322118576
153.0,0.042375,1.0415,0.000322118576
153.0,0.042625,1.0415,0.000322118576
153.0,0.0425,1.041375,0.000322118576
153.0,0.042625,1.041375,0.000322118576
153.0,0.042625,1.041125,0.000322118576
153.0,0.04275,1.041,0.000322118576
153.0,0.042625,1.041375,0.000322118576
153.0,0.042625,1.041375,0.000322118576
153.0,0.042625,1.041625,0.000322118576
153.0,0.042625,1.041625,0.000322118576
153.0,0.042375,1.041875,0.000322118576
153.0,0.0425,1.041875,0.000322118576
153.0,0.042375,1.04175,0.000322118576
153.0,0.04225,1.042,0.000322118576
153.0,0.0425,1.042125,0.000322118576
153.0,0.042625,1.042,0.000322118576
153.0,0.0425,1.04175,0.000322118576
153.0,0.042625,1.041375,0.000322118576
153.0,0.042625,1.0415,0.000322118576
153.0,0.042625,1.0415,0.000322118576
153.0,0.04275,1.0415,0.000322118576
153.0,0.042625,1.04125,0.000322118576
153.0,0.042625,1.04125,0.000322118576
153.0,0.042625,1.04125,0.000322118576
153.0,0.042625,1.041625,0.000322118576
153.0,0.04225,1.0415,0.000322118576
153.0,0.0425,1.0415,0.000322118576
153.0,0.04275,1.041625,0.000322118576
153.0,0.042625,1.041875,0.000322118576
153.0,0.04225,1.041875,0.000322118576
153.0,0.042625,1.042,0.000322118576
153.0,0.042875,1.042,0.000322118576
153.0,0.042875,1.04175,0.000322118576
153.0,0.0425,1.041375,0.000322118576
153.0,0.042375,1.041375,0.000322118576
153.0,0.042125,1.041375,0.000322118576
153.0,0.042125,1.0415,0.000322118576
153.0,0.042625,1.0415,0.000322118576
153.0,0.042625,1.04125,0.000322118576
153.0,0.042625,1.04125,0.000322118576
153.0,0.042625,1.041375,0.000322118576
153.0,0.04225,1.0415,0.000322118576
153.0,0.04225,1.0415,0.000322118576
153.0,0.04225,1.04175,0.000322118576
153.0,0.042375,1.04175,0.000322118576
153.0,0.0425,1.04175,0.000322118576
153.0,0.0425,1.04175,0.000322118576
153.0,0.042375,1.042,0.000322118576
153.0,0.042375,1.041875,0.000322118576
153.0,0.0425,1.04175,0.000322118576
153.0,0.04275,1.0415,0.000322118576
153.0,0.043,1.0415,0.000322118576
153.0,0.042625,1.041375,0.000322118576
153.0,0.04275,1.041375,0.000322118576
153.0,0.0425,1.041125,0.000322118576
153.0,0.0425,1.041125,0.000322118576
153.0,0.042375,1.041125,0.000322118576
153.0,0.042375,1.04125,0.000322118576
153.0,0.042375,1.0415,0.000322118576
153.0,0.04225,1.041625,0.000322118576
153.0,0.042125,1.041875,0.000322118576
153.0,0.04225,1.042,0.000322118576
153.0,0.042375,1.04175,0.000322118576
153.0,0.04225,1.042125,0.000322118576
153.0,0.042375,1.042125,0.000322118576
153.0,0.0425,1.042,0.000322118576
153.0,0.04275,1.041375,0.000322118576
153.0,0.04275,1.041375,0.000322118576
153.0,0.042625,1.041375,0.000322118576
153.0,0.042375,1.041625,0.000322118576
153.0,0.0425,1.041375,0.000322118576
153.0,0.0425,1.041375,0.000322118576
153.0,0.042625,1.04125,0.000322118576
153.0,0.04275,1.041375,0.000322118576
153.0,0.0425,1.041875,0.000322118576
153.0,0.042625,1.04175,0.000322118576
153.0,0.042375,1.041625,0.000322118576
153.0,0.042125,1.041875,0.000322118576
153.0,0.042375,1.04175,0.000322118576
153.0,0.042,1.04175,0.000322118576
153.0,0.0425,1.042125,0.000322118576
153.0,0.042625,1.042,0.000322118576
153.0,0.042625,1.04175,0.000322118576
153.0,0.04275,1.04175,0.000322118576
153.0,0.042625,1.041625,0.000322118576
153.0,0.042625,1.0415,0.000322118576
153.0,0.042625,1.041625,0.000322118576
153.0,0.042625,1.041625,0.000322118576
153.0,0.042875,1.0415,0.000322118576
153.0,0.043125,1.041375,0.000322118576
153.0,0.043125,1.041625,0.000322118576
153.0,0.0425,1.04175,0.000322118576
153.0,0.042375,1.041875,0.000322118576
153.0,0.042,1.041875,0.000322118576
153.0,0.04225,1.041875,0.000322118576
153.0,0.04225,1.04175,0.000322118576
153.0,0.042375,1.041875,0.000322118576
153.0,0.042375,1.042125,0.000322118576
153.0,0.042625,1.042,0.000322118576
153.0,0.04275,1.041875,0.000322118576
153.0,0.04275,1.041375,0.000322118576
153.0,0.042625,1.04125,0.000322118576
153.0,0.0425,1.041375,0.000322118576
153.0,0.042625,1.0415,0.000322118576
153.0,0.042625,1.0415,0.000322118576
153.0,0.043,1.041375,0.000322118576
153.0,0.042875,1.04125,0.000322118576
153.0,0.04275,1.0415,0.000322118576
153.0,0.0425,1.04175,0.000322118576
153.0,0.04225,1.0415,0.000322118576
153.0,0.042375,1.04175,0.000322118576
153.0,0.042375,1.041625,0.000322118576
153.0,0.042375,1.041625,0.000322118576
153.0,0.0425,1.041875,0.000322118576
153.0,0.0425,1.04225,0.000322118576
153.0,0.043,1.042,0.000322118576
153.0,0.04275,1.041375,0.000322118576
153.0,0.04275,1.041375,0.000322118576
153.0,0.042625,1.0415,0.000322118576
154.0,0.05525,0.992375,0.000322304346
154.0,0.055375,0.9925,0.000322304346
154.0,0.055125,0.9925,0.000322304346
154.0,0.055375,0.9925,0.000322304346
154.0,0.05525,0.9925,0.000322304346
154.0,0.055125,0.992625,0.000322304346
154.0,0.055375,0.99275,0.000322304346
154.0,0.055625,0.993125,0.000322304346
154.0,0.055625,0.993125,0.000322304346
154.0,0.055375,0.992625,0.000322304346
154.0,0.0555,0.992625,0.000322304346
154.0,0.055375,0.99225,0.000322304346
154.0,0.05475,0.99225,0.000322304346
154.0,0.055,0.992125,0.000322304346
154.0,0.055,0.992125,0.000322304346
154.0,0.055125,0.992,0.000322304346
154.0,0.05525,0.99225,0.000322304346
154.0,0.05525,0.9925,0.000322304346
154.0,0.05525,0.992625,0.000322304346
154.0,0.05525,0.9925,0.000322304346
154.0,0.05525,0.9925,0.000322304346
154.0,0.05525,0.992625,0.000322304346
154.0,0.055375,0.992625,0.000322304346
154.0,0.0555,0.99275,0.000322304346
154.0,0.0555,0.993,0.000322304346
154.0,0.055625,0.993,0.000322304346
154.0,0.055625,0.992625,0.000322304346
154.0,0.0555,0.992375,0.000322304346
154.0,0.05525,0.992125,0.000322304346
154.0,0.0555,0.992125,0.000322304346
154.0,0.0555,0.99225,0.000322304346
154.0,0.055375,0.992125,0.000322304346
154.0,0.05525,0.992,0.000322304346
154.0,0.0555,0.992375,0.000322304346
154.0,0.0555,0.9925,0.000322304346
154.0,0.05525,0.99275,0.000322304346
154.0,0.055375,0.9925,0.000322304346
154.0,0.05525,0.992625,0.000322304346
154.0,0.054875,0.9925,0.000322304346
154.0,0.055,0.992625,0.000322304346
154.0,0.055125,0.992875,0.000322304346
154.0,0.055125,0.992875,0.000322304346
154.0,0.055375,0.99275,0.000322304346
154.0,0.05525,0.992125,0.000322304346
154.0,0.05525,0.99225,0.000322304346
154.0,0.0555,0.992125,0.000322304346
154.0,0.055375,0.99225,0.000322304346
154.0,0.05525,0.99225,0.000322304346
154.0,0.05525,0.991875,0.000322304346
154.0,0.055375,0.991875,0.000322304346
154.0,0.055125,0.992,0.000322304346
154.0,0.055375,0.992375,0.000322304346
154.0,0.0555,0.992375,0.000322304346
154.0,0.05525,0.992625,0.000322304346
154.0,0.055375,0.9925,0.000322304346
154.0,0.055375,0.992625,0.000322304346
154.0,0.0555,0.993,0.000322304346
154.0,0.0555,0.993,0.000322304346
154.0,0.05525,0.993,0.000322304346
154.0,0.05525,0.99275,0.000322304346
154.0,0.05525,0.992125,0.000322304346
154.0,0.055625,0.992,0.000322304346
154.0,0.055375,0.99225,0.000322304346
154.0,0.05525,0.992375,0.000322304346
154.0,0.055375,0.992375,0.000322304346
154.0,0.055375,0.992125,0.000322304346
154.0,0.05525,0.992125,0.000322304346
154.0,0.055375,0.9925,0.000322304346
154.0,0.055,0.9925,0.000322304346
154.0,0.055,0.992625,0.000322304346
154.0,0.055,0.9925,0.000322304346
154.0,0.055,0.992625,0.000322304346
154.0,0.05525,0.99275,0.000322304346
154.0,0.05525,0.99275,0.000322304346
154.0,0.05525,0.992875,0.000322304346
154.0,0.0555,0.99275,0.000322304346
154.0,0.0555,0.992625,0.000322304346
154.0,0.055375,0.992375,0.000322304346
154.0,0.0555,0.99225,0.000322304346
154.0,0.055375,0.99225,0.000322304346
154.0,0.0555,0.99225,0.000322304346
154.0,0.0555,0.99225,0.000322304346
154.0,0.055375,0.992125,0.000322304346
154.0,0.055125,0.99225,0.000322304346
154.0,0.055125,0.9925,0.000322304346
154.0,0.054875,0.99225,0.000322304346
154.0,0.054875,0.9925,0.000322304346
154.0,0.055,0.9925,0.000322304346
154.0,0.05525,0.992375,0.000322304346
154.0,0.05525,0.992375,0.000322304346
154.0,0.055375,0.992625,0.000322304346
154.0,0.055125,0.993,0.000322304346
154.0,0.05525,0.993,0.000322304346
154.0,0.055375,0.9925,0.000322304346
154.0,0.055375,0.992125,0.000322304346
154.0,0.05525,0.992125,0.000322304346
154.0,0.0555,0.992125,0.000322304346
154.0,0.0555,0.99225,0.000322304346
154.0,0.055625,0.992125,0.000322304346
154.0,0.0555,0.992125,0.000322304346
154.0,0.05525,0.992375,0.000322304346
154.0,0.05525,0.9925,0.000322304346
154.0,0.055,0.992375,0.000322304346
154.0,0.055,0.992625,0.000322304346
154.0,0.055125,0.992625,0.000322304346
154.0,0.055125,0.992625,0.000322304346
154.0,0.055,0.9925,0.000322304346
154.0,0.05525,0.992875,0.000322304346
154.0,0.05525,0.993,0.000322304346
154.0,0.05525,0.99275,0.000322304346
154.0,0.055125,0.99225,0.000322304346
154.0,0.0555,0.99225,0.000322304346
154.0,0.0555,0.992375,0.000322304346
154.0,0.055125,0.992375,0.000322304346
154.0,0.055,0.99225,0.000322304346
154.0,0.05525,0.992125,0.000322304346
154.0,0.0555,0.992125,0.000322304346
154.0,0.055375,0.992375,0.000322304346
154.0,0.055,0.992375,0.000322304346
154.0,0.054875,0.992375,0.000322304346
154.0,0.054625,0.992625,0.000322304346
154.0,0.054625,0.992625,0.000322304346
154.0,0.054875,0.992625,0.000322304346
154.0,0.055125,0.992625,0.000322304346
154.0,0.05525,0.99275,0.000322304346
154.0,0.055625,0.992875,0.000322304346
154.0,0.05525,0.992625,0.000322304346
154.0,0.055375,0.992375,0.000322304346
154.0,0.055375,0.99225,0.000322304346
154.0,0.055125,0.99225,0.000322304346
154.0,0.055375,0.99225,0.000322304346
154.0,0.055625,0.992,0.000322304346
154.0,0.05575,0.991875,0.000322304346
154.0,0.055625,0.99225,0.000322304346
154.0,0.05525,0.992375,0.000322304346
154.0,0.05525,0.992375,0.000322304346
154.0,0.055125,0.9925,0.000322304346
154.0,0.055125,0.9925,0.000322304346
154.0,0.055125,0.9925,0.000322304346
154.0,0.054875,0.992375,0.000322304346
154.0,0.055,0.99275,0.000322304346
154.0,0.05525,0.992875,0.000322304346
154.0,0.055375,0.99275,0.000322304346
154.0,0.0555,0.992625,0.000322304346
154.0,0.0555,0.99225,0.000322304346
154.0,0.055375,0.992125,0.000322304346
154.0,0.0555,0.99225,0.000322304346
154.0,0.0555,0.992125,0.000322304346
154.0,0.055625,0.992,0.000322304346
154.0,0.055875,0.992,0.000322304346
154.0,0.055125,0.992125,0.000322304346
154.0,0.055,0.99225,0.000322304346
154.0,0.054875,0.99225,0.000322304346
154.0,0.054875,0.9925,0.000322304346
154.0,0.054875,0.9925,0.000322304346
154.0,0.055375,0.9925,0.000322304346
154.0,0.0555,0.992375,0.000322304346
154.0,0.055375,0.992875,0.000322304346
154.0,0.055625,0.993,0.000322304346
154.0,0.055625,0.99275,0.000322304346
154.0,0.055375,0.992375,0.000322304346
154.0,0.055375,0.99225,0.000322304346
154.0,0.0555,0.992125,0.000322304346
154.0,0.05525,0.992125,0.000322304346
154.0,0.055125,0.992,0.000322304346
154.0,0.055125,0.992,0.000322304346
154.0,0.055375,0.991875,0.000322304346
154.0,0.055625,0.9925,0.000322304346
154.0,0.055,0.9925,0.000322304346
155.0,0.07,0.94425,0.000322318781
155.0,0.07,0.94425,0.000322318781
155.0,0.06975,0.9445,0.000322318781
155.0,0.06975,0.944625,0.000322318781
155.0,0.07,0.94475,0.000322318781
155.0,0.069875,0.944625,0.000322318781
155.0,0.070375,0.944875,0.000322318781
155.0,0.07025,0.945,0.000322318781
155.0,0.07025,0.945,0.000322318781
155.0,0.070125,0.944875,0.000322318781
155.0,0.070125,0.9445,0.000322318781
155.0,0.070375,0.94425,0.000322318781
155.0,0.06975,0.944375,0.000322318781
155.0,0.0695,0.944375,0.000322318781
155.0,0.07,0.944375,0.000322318781
155.0,0.069875,0.944125,0.000322318781
155.0,0.07,0.94425,0.000322318781
155.0,0.069875,0.944625,0.000322318781
155.0,0.06975,0.944375,0.000322318781
155.0,0.07,0.944625,0.000322318781
155.0,0.070125,0.94475,0.000322318781
155.0,0.06975,0.944625,0.000322318781
155.0,0.069875,0.944875,0.000322318781
155.0,0.069875,0.945,0.000322318781
155.0,0.069875,0.945,0.000322318781
155.0,0.07,0.945,0.000322318781
155.0,0.070125,0.944625,0.000322318781
155.0,0.070375,0.9445,0.000322318781
155.0,0.070125,0.94425,0.000322318781
155.0,0.069875,0.944375,0.000322318781
155.0,0.069875,0.944625,0.000322318781
155.0,0.0695,0.944375,0.000322318781
155.0,0.06975,0.944,0.000322318781
155.0,0.070125,0.944375,0.000322318781
155.0,0.070125,0.944625,0.000322318781
155.0,0.069875,0.94475,0.000322318781
155.0,0.069875,0.94475,0.000322318781
155.0,0.069875,0.944875,0.000322318781
155.0,0.06975,0.944625,0.000322318781
155.0,0.07,0.945,0.000322318781
155.0,0.06975,0.945125,0.000322318781
155.0,0.06975,0.945125,0.000322318781
155.0,0.06975,0.944875,0.000322318781
155.0,0.069625,0.944625,0.000322318781
155.0,0.07,0.944375,0.000322318781
155.0,0.07,0.944375,0.000322318781
155.0,0.0695,0.944375,0.000322318781
155.0,0.07,0.944375,0.000322318781
155.0,0.070125,0.944125,0.000322318781
155.0,0.07,0.944125,0.000322318781
155.0,0.07,0.944625,0.000322318781
155.0,0.070125,0.944625,0.000322318781
155.0,0.070125,0.9445,0.000322318781
155.0,0.069875,0.94475,0.000322318781
155.0,0.0695,0.94475,0.000322318781
155.0,0.06975,0.944625,0.000322318781
155.0,0.07,0.945125,0.000322318781
155.0,0.07,0.945125,0.000322318781
155.0,0.07025,0.945125,0.000322318781
155.0,0.070375,0.94475,0.000322318781
155.0,0.07025,0.94475,0.000322318781
155.0,0.069875,0.9445,0.000322318781
155.0,0.07,0.9445,0.000322318781
155.0,0.06975,0.9445,0.000322318781
155.0,0.069875,0.944375,0.000322318781
155.0,0.07,0.944375,0.000322318781
155.0,0.07,0.944375,0.000322318781
155.0,0.06975,0.9445,0.000322318781
155.0,0.069875,0.9445,0.000322318781
155.0,0.06975,0.94475,0.000322318781
155.0,0.06975,0.944875,0.000322318781
155.0,0.069625,0.944875,0.000322318781
155.0,0.06975,0.944875,0.000322318781
155.0,0.06975,0.944875,0.000322318781
155.0,0.07,0.945125,0.000322318781
155.0,0.07025,0.945125,0.000322318781
155.0,0.07025,0.94475,0.000322318781
155.0,0.070375,0.944375,0.000322318781
155.0,0.070125,0.94425,0.000322318781
155.0,0.07,0.944375,0.000322318781
155.0,0.0695,0.94425,0.000322318781
155.0,0.069875,0.94425,0.000322318781
155.0,0.07,0.944375,0.000322318781
155.0,0.069875,0.944375,0.000322318781
155.0,0.07,0.944625,0.000322318781
155.0,0.0695,0.9445,0.000322318781
155.0,0.06975,0.9445,0.000322318781
155.0,0.06975,0.944625,0.000322318781
155.0,0.069875,0.944625,0.000322318781
155.0,0.069875,0.944625,0.000322318781
155.0,0.069875,0.9445,0.000322318781
155.0,0.070125,0.945,0.000322318781
155.0,0.07025,0.94475,0.000322318781
155.0,0.07,0.94475,0.000322318781
155.0,0.06975,0.9445,0.000322318781
155.0,0.06975,0.9445,0.000322318781
155.0,0.069625,0.9445,0.000322318781
155.0,0.069875,0.944375,0.000322318781
155.0,0.07025,0.944125,0.000322318781
155.0,0.070125,0.944125,0.000322318781
155.0,0.070125,0.944625,0.000322318781
155.0,0.070125,0.9445,0.000322318781
155.0,0.06975,0.944625,0.000322318781
155.0,0.06975,0.94475,0.000322318781
155.0,0.070125,0.944875,0.000322318781
155.0,0.070125,0.944875,0.000322318781
155.0,0.07025,0.944875,0.000322318781
155.0,0.070125,0.945,0.000322318781
155.0,0.07025,0.945125,0.000322318781
155.0,0.070125,0.945,0.000322318781
155.0,0.069875,0.944625,0.000322318781
155.0,0.07,0.9445,0.000322318781
155.0,0.06975,0.944375,0.000322318781
155.0,0.069875,0.944625,0.000322318781
155.0,0.06975,0.944375,0.000322318781
155.0,0.069875,0.944125,0.000322318781
155.0,0.06975,0.94425,0.000322318781
155.0,0.06975,0.944375,0.000322318781
155.0,0.069875,0.944625,0.000322318781
155.0,0.069875,0.944625,0.000322318781
155.0,0.07,0.94475,0.000322318781
155.0,0.07,0.94475,0.000322318781
155.0,0.07,0.94475,0.000322318781
155.0,0.06975,0.944875,0.000322318781
155.0,0.069875,0.94525,0.000322318781
155.0,0.069875,0.945125,0.000322318781
155.0,0.06975,0.94475,0.000322318781
155.0,0.06975,0.944375,0.000322318781
155.0,0.069875,0.944375,0.000322318781
155.0,0.07,0.944375,0.000322318781
155.0,0.07,0.944375,0.000322318781
155.0,0.070125,0.944375,0.000322318781
155.0,0.07025,0.94425,0.000322318781
155.0,0.07,0.944375,0.000322318781
155.0,0.070125,0.944625,0.000322318781
155.0,0.070125,0.944625,0.000322318781
155.0,0.069625,0.945,0.000322318781
155.0,0.069625,0.944875,0.000322318781
155.0,0.069625,0.944875,0.000322318781
155.0,0.06975,0.94475,0.000322318781
155.0,0.069875,0.945,0.000322318781
155.0,0.069875,0.94525,0.000322318781
155.0,0.070125,0.945125,0.000322318781
155.0,0.070125,0.944625,0.000322318781
155.0,0.070375,0.944625,0.000322318781
155.0,0.070125,0.9445,0.000322318781
155.0,0.06975,0.9445,0.000322318781
155.0,0.07,0.944625,0.000322318781
155.0,0.07025,0.944375,0.000322318781
155.0,0.07025,0.94425,0.000322318781
155.0,0.070375,0.944625,0.000322318781
155.0,0.070125,0.944625,0.000322318781
155.0,0.07,0.944625,0.000322318781
155.0,0.06975,0.94475,0.000322318781
155.0,0.06975,0.94475,0.000322318781
155.0,0.070125,0.944875,0.000322318781
155.0,0.069875,0.944875,0.000322318781
155.0,0.070125,0.945,0.000322318781
155.0,0.070125,0.944875,0.000322318781
155.0,0.070125,0.945,0.000322318781
155.0,0.070125,0.94475,0.000322318781
155.0,0.069875,0.94425,0.000322318781
155.0,0.069625,0.94425,0.000322318781
155.0,0.06975,0.944375,0.000322318781
155.0,0.07,0.944375,0.000322318781
155.0,0.070125,0.94425,0.000322318781
155.0,0.07025,0.944125,0.000322318781
155.0,0.07,0.94425,0.000322318781
155.0,0.07,0.944375,0.000322318781
156.0,0.086625,0.8965,0.000322238047
156.0,0.08675,0.89625,0.000322238047
156.0,0.08675,0.89625,0.000322238047
156.0,0.0865,0.896625,0.000322238047
156.0,0.08625,0.896625,0.000322238047
156.0,0.08625,0.89675,0.000322238047
156.0,0.0865,0.896875,0.000322238047
156.0,0.086625,0.89675,0.000322238047
156.0,0.086625,0.89675,0.000322238047
156.0,0.0865,0.89675,0.000322238047
156.0,0.086875,0.897,0.000322238047
156.0,0.086625,0.89725,0.000322238047
156.0,0.08625,0.897,0.000322238047
156.0,0.086375,0.896625,0.000322238047
156.0,0.08625,0.89625,0.000322238047
156.0,0.08625,0.896375,0.000322238047
156.0,0.08625,0.896375,0.000322238047
156.0,0.0865,0.8965,0.000322238047
156.0,0.087,0.896375,0.000322238047
156.0,0.087,0.8965,0.000322238047
156.0,0.086625,0.896625,0.000322238047
156.0,0.08625,0.896375,0.000322238047
156.0,0.086125,0.896625,0.000322238047
156.0,0.086125,0.897,0.000322238047
156.0,0.086125,0.897,0.000322238047
156.0,0.086375,0.89675,0.000322238047
156.0,0.086375,0.896875,0.000322238047
156.0,0.086125,0.897,0.000322238047
156.0,0.08675,0.897125,0.000322238047
156.0,0.08675,0.896875,0.000322238047
156.0,0.08675,0.896625,0.000322238047
156.0,0.086625,0.8965,0.000322238047
156.0,0.086625,0.8965,0.000322238047
156.0,0.086625,0.896625,0.000322238047
156.0,0.086375,0.896375,0.000322238047
156.0,0.0865,0.896,0.000322238047
156.0,0.087,0.8965,0.000322238047
156.0,0.086875,0.896625,0.000322238047
156.0,0.0865,0.896625,0.000322238047
156.0,0.0865,0.89675,0.000322238047
156.0,0.0865,0.89675,0.000322238047
156.0,0.086375,0.89675,0.000322238047
156.0,0.08625,0.896875,0.000322238047
156.0,0.086625,0.897125,0.000322238047
156.0,0.0865,0.897125,0.000322238047
156.0,0.0865,0.897,0.000322238047
156.0,0.086125,0.8965,0.000322238047
156.0,0.086375,0.8965,0.000322238047
156.0,0.08625,0.8965,0.000322238047
156.0,0.086375,0.8965,0.000322238047
156.0,0.086375,0.8965,0.000322238047
156.0,0.086375,0.896375,0.000322238047
156.0,0.08675,0.8965,0.000322238047
156.0,0.086625,0.896625,0.000322238047
156.0,0.086625,0.896625,0.000322238047
156.0,0.086375,0.8965,0.000322238047
156.0,0.0865,0.896625,0.000322238047
156.0,0.0865,0.896625,0.000322238047
156.0,0.08675,0.896875,0.000322238047
156.0,0.086375,0.896875,0.000322238047
156.0,0.08675,0.897,0.000322238047
156.0,0.08675,0.897125,0.000322238047
156.0,0.08625,0.897125,0.000322238047
156.0,0.0865,0.89675,0.000322238047
156.0,0.086625,0.896375,0.000322238047
156.0,0.086375,0.896375,0.000322238047
156.0,0.0865,0.8965,0.000322238047
156.0,0.086625,0.8965,0.000322238047
156.0,0.086625,0.896375,0.000322238047
156.0,0.086625,0.896375,0.000322238047
156.0,0.08675,0.896625,0.000322238047
156.0,0.0865,0.896625,0.000322238047
156.0,0.086375,0.89675,0.000322238047
156.0,0.086375,0.89675,0.000322238047
156.0,0.086625,0.89675,0.000322238047
156.0,0.086375,0.896625,0.000322238047
156.0,0.08625,0.896875,0.000322238047
156.0,0.0865,0.897,0.000322238047
156.0,0.086625,0.89675,0.000322238047
156.0,0.086625,0.896625,0.000322238047
156.0,0.08675,0.8965,0.000322238047
156.0,0.086625,0.8965,0.000322238047
156.0,0.086875,0.896625,0.000322238047
156.0,0.08675,0.896375,0.000322238047
156.0,0.0865,0.8965,0.000322238047
156.0,0.08675,0.89625,0.000322238047
156.0,0.0865,0.896625,0.000322238047
156.0,0.0865,0.896625,0.000322238047
156.0,0.08625,0.89675,0.000322238047
156.0,0.08625,0.89675,0.000322238047
156.0,0.086375,0.896875,0.000322238047
156.0,0.0865,0.89675,0.000322238047
156.0,0.086125,0.89675,0.000322238047
156.0,0.086375,0.897,0.000322238047
156.0,0.08675,0.89725,0.000322238047
156.0,0.086875,0.896875,0.000322238047
156.0,0.086625,0.896375,0.000322238047
156.0,0.086625,0.89625,0.000322238047
156.0,0.086625,0.896375,0.000322238047
156.0,0.08675,0.896625,0.000322238047
156.0,0.086625,0.8965,0.000322238047
156.0,0.08675,0.896125,0.000322238047
156.0,0.0865,0.89625,0.000322238047
156.0,0.086375,0.8965,0.000322238047
156.0,0.0865,0.896625,0.000322238047
156.0,0.0865,0.896625,0.000322238047
156.0,0.08675,0.896625,0.000322238047
156.0,0.0865,0.89675,0.000322238047
156.0,0.08625,0.89675,0.000322238047
156.0,0.086375,0.896875,0.000322238047
156.0,0.0865,0.896875,0.000322238047
156.0,0.0865,0.897,0.000322238047
156.0,0.08675,0.897125,0.000322238047
156.0,0.086875,0.8965,0.000322238047
156.0,0.08675,0.89625,0.000322238047
156.0,0.0865,0.8965,0.000322238047
156.0,0.086625,0.8965,0.000322238047
156.0,0.08675,0.8965,0.000322238047
156.0,0.0865,0.896375,0.000322238047
156.0,0.086125,0.896375,0.000322238047
156.0,0.086375,0.8965,0.000322238047
156.0,0.086375,0.8965,0.000322238047
156.0,0.086375,0.8965,0.000322238047
156.0,0.08625,0.896625,0.000322238047
156.0,0.08625,0.896875,0.000322238047
156.0,0.08625,0.896875,0.000322238047
156.0,0.0865,0.897125,0.000322238047
156.0,0.08675,0.8975,0.000322238047
156.0,0.086625,0.897,0.000322238047
156.0,0.0865,0.896875,0.000322238047
156.0,0.0865,0.8965,0.000322238047
156.0,0.0865,0.896375,0.000322238047
156.0,0.086375,0.896625,0.000322238047
156.0,0.086125,0.896625,0.000322238047
156.0,0.086375,0.8965,0.000322238047
156.0,0.08625,0.896375,0.000322238047
156.0,0.086375,0.896375,0.000322238047
156.0,0.086375,0.896375,0.000322238047
156.0,0.0865,0.89675,0.000322238047
156.0,0.086375,0.896875,0.000322238047
156.0,0.08625,0.896625,0.000322238047
156.0,0.0865,0.896875,0.000322238047
156.0,0.086125,0.89675,0.000322238047
156.0,0.086375,0.897125,0.000322238047
156.0,0.086625,0.897375,0.000322238047
156.0,0.08625,0.896875,0.000322238047
156.0,0.08675,0.896375,0.000322238047
156.0,0.086875,0.896625,0.000322238047
156.0,0.086625,0.896625,0.000322238047
156.0,0.086625,0.8965,0.000322238047
156.0,0.0865,0.896375,0.000322238047
156.0,0.0865,0.896375,0.000322238047
156.0,0.08625,0.896375,0.000322238047
156.0,0.08625,0.8965,0.000322238047
156.0,0.08625,0.8965,0.000322238047
156.0,0.086375,0.89675,0.000322238047
156.0,0.0865,0.89675,0.000322238047
156.0,0.0865,0.89675,0.000322238047
156.0,0.086625,0.896625,0.000322238047
156.0,0.086625,0.896625,0.000322238047
156.0,0.086375,0.896875,0.000322238047
156.0,0.0865,0.897125,0.000322238047
156.0,0.0865,0.896875,0.000322238047
156.0,0.0865,0.896625,0.000322238047
156.0,0.086375,0.896375,0.000322238047
156.0,0.086375,0.896375,0.000322238047
156.0,0.08625,0.896625,0.000322238047
156.0,0.08675,0.8965,0.000322238047
156.0,0.086875,0.896375,0.000322238047
157.0,0.105375,0.849,0.000322112552
157.0,0.105375,0.849,0.000322112552
157.0,0.105125,0.849125,0.000322112552
157.0,0.10525,0.849,0.000322112552
157.0,0.105,0.849,0.000322112552
157.0,0.105,0.84925,0.000322112552
157.0,0.105125,0.849375,0.000322112552
157.0,0.105375,0.849375,0.000322112552
157.0,0.105375,0.849375,0.000322112552
157.0,0.105125,0.849375,0.000322112552
157.0,0.105375,0.849625,0.000322112552
157.0,0.105375,0.849625,0.000322112552
157.0,0.10525,0.8495,0.000322112552
157.0,0.105,0.849625,0.000322112552
157.0,0.10525,0.849625,0.000322112552
157.0,0.1055,0.8495,0.000322112552
157.0,0.105125,0.84925,0.000322112552
157.0,0.10525,0.849,0.000322112552
157.0,0.10525,0.849125,0.000322112552
157.0,0.105625,0.84925,0.000322112552
157.0,0.1055,0.849,0.000322112552
157.0,0.10525,0.848875,0.000322112552
157.0,0.105125,0.849,0.000322112552
157.0,0.104875,0.849,0.000322112552
157.0,0.10475,0.84925,0.000322112552
157.0,0.10475,0.84925,0.000322112552
157.0,0.105,0.849375,0.000322112552
157.0,0.105375,0.8495,0.000322112552
157.0,0.1055,0.8495,0.000322112552
157.0,0.105375,0.849375,0.000322112552
157.0,0.1055,0.84975,0.000322112552
157.0,0.10525,0.849625,0.000322112552
157.0,0.105375,0.849625,0.000322112552
157.0,0.105625,0.849125,0.000322112552
157.0,0.105375,0.849,0.000322112552
157.0,0.10475,0.849125,0.000322112552
157.0,0.105125,0.84925,0.000322112552
157.0,0.105125,0.849,0.000322112552
157.0,0.105125,0.848875,0.000322112552
157.0,0.105125,0.849125,0.000322112552
157.0,0.10525,0.84925,0.000322112552
157.0,0.10525,0.84925,0.000322112552
157.0,0.10525,0.8495,0.000322112552
157.0,0.105125,0.8495,0.000322112552
157.0,0.105375,0.849625,0.000322112552
157.0,0.10525,0.849625,0.000322112552
157.0,0.105125,0.84975,0.000322112552
157.0,0.105125,0.84975,0.000322112552
157.0,0.105375,0.849625,0.000322112552
157.0,0.105375,0.849625,0.000322112552
157.0,0.105125,0.849375,0.000322112552
157.0,0.10525,0.849125,0.000322112552
157.0,0.105,0.849125,0.000322112552
157.0,0.105125,0.849125,0.000322112552
157.0,0.105125,0.848875,0.000322112552
157.0,0.105,0.84875,0.000322112552
157.0,0.105125,0.849,0.000322112552
157.0,0.105125,0.849,0.000322112552
157.0,0.105125,0.849125,0.000322112552
157.0,0.105,0.849375,0.000322112552
157.0,0.10475,0.8495,0.000322112552
157.0,0.105,0.8495,0.000322112552
157.0,0.105,0.849375,0.000322112552
157.0,0.105125,0.849625,0.000322112552
157.0,0.105,0.849875,0.000322112552
157.0,0.105375,0.849625,0.000322112552
157.0,0.105375,0.849375,0.000322112552
157.0,0.105375,0.84925,0.000322112552
157.0,0.1055,0.849,0.000322112552
157.0,0.105375,0.849125,0.000322112552
157.0,0.1055,0.849125,0.000322112552
157.0,0.10575,0.849125,0.000322112552
157.0,0.10575,0.849,0.000322112552
157.0,0.10575,0.849,0.000322112552
157.0,0.1055,0.849375,0.000322112552
157.0,0.105125,0.8495,0.000322112552
157.0,0.105125,0.8495,0.000322112552
157.0,0.105125,0.849625,0.000322112552
157.0,0.105125,0.849625,0.000322112552
157.0,0.10525,0.849625,0.000322112552
157.0,0.105625,0.84975,0.000322112552
157.0,0.1055,0.85,0.000322112552
157.0,0.10525,0.849625,0.000322112552
157.0,0.105375,0.849125,0.000322112552
157.0,0.105,0.849125,0.000322112552
157.0,0.10475,0.84925,0.000322112552
157.0,0.104875,0.849375,0.000322112552
157.0,0.10525,0.849125,0.000322112552
157.0,0.105125,0.849,0.000322112552
157.0,0.105125,0.849,0.000322112552
157.0,0.10525,0.849125,0.000322112552
157.0,0.1055,0.849125,0.000322112552
157.0,0.10525,0.849375,0.000322112552
157.0,0.105125,0.849375,0.000322112552
157.0,0.105,0.8495,0.000322112552
157.0,0.10525,0.8495,0.000322112552
157.0,0.105625,0.849625,0.000322112552
157.0,0.105625,0.84975,0.000322112552
157.0,0.105625,0.84975,0.000322112552
157.0,0.105625,0.8495,0.000322112552
157.0,0.10575,0.849375,0.000322112552
157.0,0.1055,0.84925,0.000322112552
157.0,0.105375,0.849125,0.000322112552
157.0,0.1055,0.84925,0.000322112552
157.0,0.1055,0.849125,0.000322112552
157.0,0.1055,0.849125,0.000322112552
157.0,0.1055,0.849,0.000322112552
157.0,0.1055,0.849375,0.000322112552
157.0,0.105625,0.8495,0.000322112552
157.0,0.105125,0.8495,0.000322112552
157.0,0.104875,0.849625,0.000322112552
157.0,0.105,0.849625,0.000322112552
157.0,0.1055,0.8495,0.000322112552
157.0,0.105375,0.849875,0.000322112552
157.0,0.105375,0.85,0.000322112552
157.0,0.105625,0.849625,0.000322112552
157.0,0.105875,0.849125,0.000322112552
157.0,0.105625,0.849125,0.000322112552
157.0,0.10525,0.849125,0.000322112552
157.0,0.105,0.84925,0.000322112552
157.0,0.10525,0.84925,0.000322112552
157.0,0.10525,0.84925,0.000322112552
157.0,0.10525,0.849,0.000322112552
157.0,0.105375,0.849,0.000322112552
157.0,0.10525,0.849125,0.000322112552
157.0,0.105125,0.849125,0.000322112552
157.0,0.104625,0.84925,0.000322112552
157.0,0.105,0.8495,0.000322112552
157.0,0.104875,0.8495,0.000322112552
157.0,0.10525,0.849625,0.000322112552
157.0,0.10525,0.8495,0.000322112552
157.0,0.1055,0.849875,0.000322112552
157.0,0.105875,0.849625,0.000322112552
157.0,0.10575,0.849125,0.000322112552
157.0,0.105625,0.84925,0.000322112552
157.0,0.10525,0.84925,0.000322112552
157.0,0.105625,0.84925,0.000322112552
157.0,0.10575,0.84925,0.000322112552
157.0,0.10575,0.84925,0.000322112552
157.0,0.10575,0.849125,0.000322112552
157.0,0.105875,0.849125,0.000322112552
157.0,0.1055,0.84925,0.000322112552
157.0,0.1055,0.849375,0.000322112552
157.0,0.105125,0.8495,0.000322112552
157.0,0.105,0.8495,0.000322112552
157.0,0.105,0.8495,0.000322112552
157.0,0.1055,0.849625,0.000322112552
157.0,0.105625,0.84975,0.000322112552
157.0,0.105625,0.84975,0.000322112552
157.0,0.105625,0.8495,0.000322112552
157.0,0.1055,0.849125,0.000322112552
157.0,0.1055,0.849375,0.000322112552
157.0,0.10525,0.849125,0.000322112552
157.0,0.1055,0.849125,0.000322112552
157.0,0.1055,0.849125,0.000322112552
157.0,0.105625,0.849125,0.000322112552
157.0,0.105625,0.848875,0.000322112552
157.0,0.105625,0.849375,0.000322112552
157.0,0.105625,0.849375,0.000322112552
157.0,0.10525,0.84925,0.000322112552
157.0,0.105375,0.84975,0.000322112552
157.0,0.1055,0.8495,0.000322112552
157.0,0.10525,0.8495,0.000322112552
157.0,0.105,0.849625,0.000322112552
157.0,0.105,0.849875,0.000322112552
157.0,0.105,0.849875,0.000322112552
157.0,0.1055,0.8495,0.000322112552
157.0,0.105375,0.84925,0.000322112552
157.0,0.1055,0.84925,0.000322112552
158.0,0.126,0.802125,0.000322302163
158.0,0.125875,0.80225,0.000322302163
158.0,0.12575,0.80225,0.000322302163
158.0,0.125625,0.8025,0.000322302163
158.0,0.125375,0.802625,0.000322302163
158.0,0.1255,0.8025,0.000322302163
158.0,0.125875,0.80275,0.000322302163
158.0,0.125875,0.80275,0.000322302163
158.0,0.125875,0.80275,0.000322302163
158.0,0.12575,0.80275,0.000322302163
158.0,0.125875,0.8025,0.000322302163
158.0,0.125625,0.80225,0.000322302163
158.0,0.125875,0.802125,0.000322302163
158.0,0.1255,0.802375,0.000322302163
158.0,0.12575,0.80225,0.000322302163
158.0,0.125625,0.802125,0.000322302163
158.0,0.125625,0.802,0.000322302163
158.0,0.125625,0.802375,0.000322302163
158.0,0.1255,0.8025,0.000322302163
158.0,0.126,0.802375,0.000322302163
158.0,0.125875,0.8025,0.000322302163
158.0,0.125875,0.802625,0.000322302163
158.0,0.125875,0.8025,0.000322302163
158.0,0.126,0.802875,0.000322302163
158.0,0.126125,0.802875,0.000322302163
158.0,0.126125,0.802875,0.000322302163
158.0,0.125875,0.802875,0.000322302163
158.0,0.12575,0.80275,0.000322302163
158.0,0.126125,0.80225,0.000322302163
158.0,0.126,0.802,0.000322302163
158.0,0.1255,0.802125,0.000322302163
158.0,0.126,0.802375,0.000322302163
158.0,0.125875,0.802125,0.000322302163
158.0,0.126,0.80225,0.000322302163
158.0,0.12575,0.802375,0.000322302163
158.0,0.125625,0.802625,0.000322302163
158.0,0.125625,0.80275,0.000322302163
158.0,0.125375,0.80275,0.000322302163
158.0,0.125625,0.8025,0.000322302163
158.0,0.12575,0.80275,0.000322302163
158.0,0.12575,0.802875,0.000322302163
158.0,0.12575,0.802875,0.000322302163
158.0,0.125875,0.802875,0.000322302163
158.0,0.126125,0.8025,0.000322302163
158.0,0.126,0.802375,0.000322302163
158.0,0.12625,0.80225,0.000322302163
158.0,0.125875,0.802375,0.000322302163
158.0,0.12575,0.8025,0.000322302163
158.0,0.125875,0.80225,0.000322302163
158.0,0.125875,0.802125,0.000322302163
158.0,0.12575,0.802375,0.000322302163
158.0,0.125875,0.802375,0.000322302163
158.0,0.125875,0.802375,0.000322302163
158.0,0.1255,0.8025,0.000322302163
158.0,0.125375,0.8025,0.000322302163
158.0,0.125625,0.8025,0.000322302163
158.0,0.125375,0.802625,0.000322302163
158.0,0.125375,0.802625,0.000322302163
158.0,0.126125,0.803,0.000322302163
158.0,0.126,0.803,0.000322302163
158.0,0.12575,0.802625,0.000322302163
158.0,0.125875,0.80225,0.000322302163
158.0,0.12625,0.802375,0.000322302163
158.0,0.125875,0.802375,0.000322302163
158.0,0.12575,0.8025,0.000322302163
158.0,0.12575,0.802125,0.000322302163
158.0,0.12625,0.802125,0.000322302163
158.0,0.126375,0.8025,0.000322302163
158.0,0.12575,0.8025,0.000322302163
158.0,0.1255,0.80225,0.000322302163
158.0,0.125375,0.802625,0.000322302163
158.0,0.1255,0.80275,0.000322302163
158.0,0.125625,0.802625,0.000322302163
158.0,0.125625,0.802625,0.000322302163
158.0,0.125875,0.802875,0.000322302163
158.0,0.125875,0.803,0.000322302163
158.0,0.12575,0.802875,0.000322302163
158.0,0.12575,0.80275,0.000322302163
158.0,0.126,0.802375,0.000322302163
158.0,0.12575,0.802375,0.000322302163
158.0,0.125375,0.802375,0.000322302163
158.0,0.125875,0.802375,0.000322302163
158.0,0.126,0.802125,0.000322302163
158.0,0.126,0.80225,0.000322302163
158.0,0.125625,0.8025,0.000322302163
158.0,0.1255,0.80225,0.000322302163
158.0,0.1255,0.8025,0.000322302163
158.0,0.125375,0.802625,0.000322302163
158.0,0.12575,0.802625,0.000322302163
158.0,0.12575,0.802625,0.000322302163
158.0,0.125875,0.802625,0.000322302163
158.0,0.125875,0.802875,0.000322302163
158.0,0.125625,0.803,0.000322302163
158.0,0.125875,0.80275,0.000322302163
158.0,0.125875,0.8025,0.000322302163
158.0,0.126,0.802375,0.000322302163
158.0,0.12575,0.80225,0.000322302163
158.0,0.12525,0.802375,0.000322302163
158.0,0.125875,0.80225,0.000322302163
158.0,0.125875,0.80225,0.000322302163
158.0,0.125875,0.80225,0.000322302163
158.0,0.125625,0.802375,0.000322302163
158.0,0.125625,0.802625,0.000322302163
158.0,0.12575,0.802625,0.000322302163
158.0,0.12575,0.802625,0.000322302163
158.0,0.12575,0.802625,0.000322302163
158.0,0.126,0.802625,0.000322302163
158.0,0.125875,0.802625,0.000322302163
158.0,0.125875,0.802875,0.000322302163
158.0,0.126125,0.802875,0.000322302163
158.0,0.12625,0.802875,0.000322302163
158.0,0.126125,0.8025,0.000322302163
158.0,0.126125,0.802375,0.000322302163
158.0,0.125875,0.802375,0.000322302163
158.0,0.12625,0.80225,0.000322302163
158.0,0.12575,0.802375,0.000322302163
158.0,0.125625,0.80225,0.000322302163
158.0,0.12575,0.802375,0.000322302163
158.0,0.125625,0.802625,0.000322302163
158.0,0.12575,0.8025,0.000322302163
158.0,0.1255,0.802625,0.000322302163
158.0,0.125875,0.802625,0.000322302163
158.0,0.125875,0.80275,0.000322302163
158.0,0.125875,0.8025,0.000322302163
158.0,0.126125,0.802625,0.000322302163
158.0,0.12625,0.803,0.000322302163
158.0,0.126125,0.802625,0.000322302163
158.0,0.125625,0.802375,0.000322302163
158.0,0.125875,0.802125,0.000322302163
158.0,0.1255,0.802125,0.000322302163
158.0,0.1255,0.80225,0.000322302163
158.0,0.1255,0.80225,0.000322302163
158.0,0.125625,0.80225,0.000322302163
158.0,0.125875,0.802125,0.000322302163
158.0,0.125875,0.802625,0.000322302163
158.0,0.12575,0.8025,0.000322302163
158.0,0.125625,0.80225,0.000322302163
158.0,0.125375,0.802375,0.000322302163
158.0,0.125375,0.802375,0.000322302163
158.0,0.1255,0.8025,0.000322302163
158.0,0.12575,0.802625,0.000322302163
158.0,0.12575,0.802875,0.000322302163
158.0,0.125875,0.803125,0.000322302163
158.0,0.126125,0.80275,0.000322302163
158.0,0.12625,0.802625,0.000322302163
158.0,0.126125,0.8025,0.000322302163
158.0,0.126125,0.80225,0.000322302163
158.0,0.12575,0.802375,0.000322302163
158.0,0.12625,0.802375,0.000322302163
158.0,0.126,0.802125,0.000322302163
158.0,0.126,0.80225,0.000322302163
158.0,0.125875,0.8025,0.000322302163
158.0,0.1255,0.802625,0.000322302163
158.0,0.1255,0.802625,0.000322302163
158.0,0.1255,0.802625,0.000322302163
158.0,0.125625,0.802625,0.000322302163
158.0,0.125625,0.8025,0.000322302163
158.0,0.125625,0.80275,0.000322302163
158.0,0.12575,0.803,0.000322302163
158.0,0.126,0.802875,0.000322302163
158.0,0.126,0.802625,0.000322302163
158.0,0.12625,0.80225,0.000322302163
158.0,0.125875,0.802375,0.000322302163
158.0,0.125875,0.802375,0.000322302163
158.0,0.12575,0.802375,0.000322302163
158.0,0.125625,0.802375,0.000322302163
158.0,0.1255,0.80225,0.000322302163
158.0,0.1255,0.8025,0.000322302163
158.0,0.12525,0.8025,0.000322302163
159.0,0.1485,0.756875,0.000322061853
159.0,0.1485,0.756875,0.000322061853
159.0,0.1485,0.756625,0.000322061853
159.0,0.148625,0.756375,0.000322061853
159.0,0.14875,0.7565,0.000322061853
159.0,0.1485,0.756375,0.000322061853
159.0,0.147875,0.7565,0.000322061853
159.0,0.14825,0.756375,0.000322061853
159.0,0.14825,0.756375,0.000322061853
159.0,0.14875,0.756375,0.000322061853
159.0,0.14875,0.75625,0.000322061853
159.0,0.14875,0.7565,0.000322061853
159.0,0.1485,0.756625,0.000322061853
159.0,0.1485,0.756625,0.000322061853
159.0,0.1485,0.756875,0.000322061853
159.0,0.148125,0.75675,0.000322061853
159.0,0.148,0.756875,0.000322061853
159.0,0.14825,0.756875,0.000322061853
159.0,0.14825,0.757,0.000322061853
159.0,0.148625,0.75675,0.000322061853
159.0,0.149,0.75675,0.000322061853
159.0,0.148625,0.7565,0.000322061853
159.0,0.148375,0.7565,0.000322061853
159.0,0.1485,0.756625,0.000322061853
159.0,0.1485,0.756375,0.000322061853
159.0,0.148875,0.756375,0.000322061853
159.0,0.148875,0.756125,0.000322061853
159.0,0.149,0.756375,0.000322061853
159.0,0.14875,0.756625,0.000322061853
159.0,0.14825,0.75675,0.000322061853
159.0,0.147875,0.756875,0.000322061853
159.0,0.148375,0.756875,0.000322061853
159.0,0.148625,0.75675,0.000322061853
159.0,0.1485,0.756625,0.000322061853
159.0,0.148375,0.75725,0.000322061853
159.0,0.148625,0.757,0.000322061853
159.0,0.148875,0.756875,0.000322061853
159.0,0.148625,0.756375,0.000322061853
159.0,0.148625,0.756375,0.000322061853
159.0,0.148625,0.756375,0.000322061853
159.0,0.14875,0.7565,0.000322061853
159.0,0.14875,0.7565,0.000322061853
159.0,0.14875,0.7565,0.000322061853
159.0,0.148625,0.756375,0.000322061853
159.0,0.148625,0.756625,0.000322061853
159.0,0.1485,0.75675,0.000322061853
159.0,0.14825,0.756625,0.000322061853
159.0,0.148125,0.756625,0.000322061853
159.0,0.148,0.756625,0.000322061853
159.0,0.14825,0.7565,0.000322061853
159.0,0.1485,0.756875,0.000322061853
159.0,0.14875,0.757125,0.000322061853
159.0,0.14875,0.756875,0.000322061853
159.0,0.148625,0.756625,0.000322061853
159.0,0.149,0.756375,0.000322061853
159.0,0.148625,0.756625,0.000322061853
159.0,0.1485,0.7565,0.000322061853
159.0,0.1485,0.7565,0.000322061853
159.0,0.1485,0.756375,0.000322061853
159.0,0.148625,0.756375,0.000322061853
159.0,0.1485,0.7565,0.000322061853
159.0,0.14875,0.756625,0.000322061853
159.0,0.1485,0.75675,0.000322061853
159.0,0.148375,0.7565,0.000322061853
159.0,0.14825,0.756875,0.000322061853
159.0,0.148125,0.756625,0.000322061853
159.0,0.148375,0.756625,0.000322061853
159.0,0.1485,0.756875,0.000322061853
159.0,0.14875,0.757125,0.000322061853
159.0,0.1485,0.756875,0.000322061853
159.0,0.148625,0.75675,0.000322061853
159.0,0.1485,0.75675,0.000322061853
159.0,0.148375,0.7565,0.000322061853
159.0,0.148375,0.7565,0.000322061853
159.0,0.14825,0.7565,0.000322061853
159.0,0.1485,0.756375,0.000322061853
159.0,0.1485,0.756125,0.000322061853
159.0,0.14875,0.756125,0.000322061853
159.0,0.148875,0.756625,0.000322061853
159.0,0.148625,0.7565,0.000322061853
159.0,0.148375,0.75675,0.000322061853
159.0,0.14825,0.75675,0.000322061853
159.0,0.14775,0.756875,0.000322061853
159.0,0.14825,0.756875,0.000322061853
159.0,0.14875,0.757,0.000322061853
159.0,0.14875,0.756875,0.000322061853
159.0,0.148375,0.75675,0.000322061853
159.0,0.148375,0.7565,0.000322061853
159.0,0.148875,0.756375,0.000322061853
159.0,0.148875,0.756375,0.000322061853
159.0,0.148625,0.7565,0.000322061853
159.0,0.148625,0.7565,0.000322061853
159.0,0.148375,0.75625,0.000322061853
159.0,0.1485,0.756,0.000322061853
159.0,0.148625,0.756375,0.000322061853
159.0,0.148625,0.7565,0.000322061853
159.0,0.148375,0.756625,0.000322061853
159.0,0.148375,0.75675,0.000322061853
159.0,0.14825,0.75675,0.000322061853
159.0,0.148125,0.756875,0.000322061853
159.0,0.148375,0.756875,0.000322061853
159.0,0.1485,0.757,0.000322061853
159.0,0.148625,0.756875,0.000322061853
159.0,0.1485,0.756625,0.000322061853
159.0,0.148375,0.7565,0.000322061853
159.0,0.148375,0.7565,0.000322061853
159.0,0.148125,0.756375,0.000322061853
159.0,0.1485,0.7565,0.000322061853
159.0,0.14875,0.7565,0.000322061853
159.0,0.148875,0.75625,0.000322061853
159.0,0.148875,0.756375,0.000322061853
159.0,0.14875,0.756375,0.000322061853
159.0,0.149,0.7565,0.000322061853
159.0,0.1485,0.75675,0.000322061853
159.0,0.148375,0.756875,0.000322061853
159.0,0.148125,0.756625,0.000322061853
159.0,0.1485,0.75675,0.000322061853
159.0,0.1485,0.757,0.000322061853
159.0,0.148375,0.757,0.000322061853
159.0,0.14825,0.75675,0.000322061853
159.0,0.148375,0.7565,0.000322061853
159.0,0.148375,0.756625,0.000322061853
159.0,0.148625,0.756625,0.000322061853
159.0,0.1485,0.7565,0.000322061853
159.0,0.148625,0.7565,0.000322061853
159.0,0.1485,0.756375,0.000322061853
159.0,0.14875,0.75625,0.000322061853
159.0,0.149,0.75625,0.000322061853
159.0,0.148625,0.756375,0.000322061853
159.0,0.148625,0.75675,0.000322061853
159.0,0.148375,0.75675,0.000322061853
159.0,0.1485,0.756875,0.000322061853
159.0,0.148625,0.75675,0.000322061853
159.0,0.14875,0.756875,0.000322061853
159.0,0.148625,0.757125,0.000322061853
159.0,0.1485,0.756875,0.000322061853
159.0,0.14875,0.757,0.000322061853
159.0,0.14875,0.756625,0.000322061853
159.0,0.14875,0.756625,0.000322061853
159.0,0.14875,0.75625,0.000322061853
159.0,0.14875,0.7565,0.000322061853
159.0,0.148625,0.7565,0.000322061853
159.0,0.14875,0.756375,0.000322061853
159.0,0.14825,0.756125,0.000322061853
159.0,0.148375,0.756625,0.000322061853
159.0,0.1485,0.75675,0.000322061853
159.0,0.14825,0.75675,0.000322061853
159.0,0.148125,0.75675,0.000322061853
159.0,0.148125,0.75675,0.000322061853
159.0,0.148625,0.7565,0.000322061853
159.0,0.14825,0.75675,0.000322061853
159.0,0.148375,0.756875,0.000322061853
159.0,0.148875,0.756875,0.000322061853
159.0,0.148625,0.75675,0.000322061853
159.0,0.148625,0.75675,0.000322061853
159.0,0.148125,0.7565,0.000322061853
159.0,0.14825,0.756625,0.000322061853
159.0,0.148375,0.7565,0.000322061853
159.0,0.148375,0.7565,0.000322061853
159.0,0.148875,0.756125,0.000322061853
159.0,0.148625,0.75625,0.000322061853
159.0,0.148375,0.7565,0.000322061853
159.0,0.148,0.756375,0.000322061853
159.0,0.148125,0.7565,0.000322061853
159.0,0.148375,0.756625,0.000322061853
159.0,0.14825,0.756625,0.000322061853
159.0,0.1485,0.756625,0.000322061853
159.0,0.14875,0.756875,0.000322061853
159.0,0.148875,0.757125,0.000322061853
160.0,0.172375,0.7125,0.000322221575
160.0,0.172125,0.7125,0.000322221575
160.0,0.17225,0.7125,0.000322221575
160.0,0.172,0.712375,0.000322221575
160.0,0.172,0.71275,0.000322221575
160.0,0.172375,0.71275,0.000322221575
160.0,0.1725,0.71275,0.000322221575
160.0,0.172375,0.712375,0.000322221575
160.0,0.172375,0.712375,0.000322221575
160.0,0.172375,0.71225,0.000322221575
160.0,0.172625,0.712,0.000322221575
160.0,0.17275,0.712125,0.000322221575
160.0,0.1725,0.712375,0.000322221575
160.0,0.172375,0.712125,0.000322221575
160.0,0.172375,0.712125,0.000322221575
160.0,0.171875,0.712125,0.000322221575
160.0,0.172,0.712375,0.000322221575
160.0,0.172125,0.7125,0.000322221575
160.0,0.17225,0.7125,0.000322221575
160.0,0.17275,0.712375,0.000322221575
160.0,0.172625,0.712375,0.000322221575
160.0,0.17225,0.712625,0.000322221575
160.0,0.17225,0.71275,0.000322221575
160.0,0.1725,0.712625,0.000322221575
160.0,0.1725,0.71225,0.000322221575
160.0,0.172375,0.71225,0.000322221575
160.0,0.1725,0.712125,0.000322221575
160.0,0.17225,0.712125,0.000322221575
160.0,0.172625,0.71225,0.000322221575
160.0,0.173,0.712125,0.000322221575
160.0,0.17275,0.712,0.000322221575
160.0,0.172625,0.71225,0.000322221575
160.0,0.1725,0.7125,0.000322221575
160.0,0.17225,0.712375,0.000322221575
160.0,0.172,0.7125,0.000322221575
160.0,0.172375,0.71275,0.000322221575
160.0,0.172375,0.7125,0.000322221575
160.0,0.172125,0.7125,0.000322221575
160.0,0.1725,0.712625,0.000322221575
160.0,0.172375,0.71275,0.000322221575
160.0,0.172375,0.712625,0.000322221575
160.0,0.1725,0.712625,0.000322221575
160.0,0.172375,0.712375,0.000322221575
160.0,0.172375,0.712375,0.000322221575
160.0,0.1725,0.71225,0.000322221575
160.0,0.172375,0.712375,0.000322221575
160.0,0.17275,0.71225,0.000322221575
160.0,0.172625,0.712125,0.000322221575
160.0,0.17275,0.71225,0.000322221575
160.0,0.1725,0.712375,0.000322221575
160.0,0.172375,0.712375,0.000322221575
160.0,0.17225,0.712625,0.000322221575
160.0,0.17225,0.712625,0.000322221575
160.0,0.172375,0.7125,0.000322221575
160.0,0.1725,0.712625,0.000322221575
160.0,0.172875,0.712625,0.000322221575
160.0,0.17275,0.71275,0.000322221575
160.0,0.17275,0.71275,0.000322221575
160.0,0.173,0.712375,0.000322221575
160.0,0.17275,0.712125,0.000322221575
160.0,0.1725,0.712125,0.000322221575
160.0,0.17225,0.71225,0.000322221575
160.0,0.172375,0.71225,0.000322221575
160.0,0.1725,0.712,0.000322221575
160.0,0.17275,0.711875,0.000322221575
160.0,0.172625,0.712125,0.000322221575
160.0,0.172375,0.7125,0.000322221575
160.0,0.17225,0.7125,0.000322221575
160.0,0.172375,0.7125,0.000322221575
160.0,0.172375,0.7125,0.000322221575
160.0,0.172375,0.7125,0.000322221575
160.0,0.172,0.71275,0.000322221575
160.0,0.172625,0.712875,0.000322221575
160.0,0.172625,0.712875,0.000322221575
160.0,0.172625,0.71275,0.000322221575
160.0,0.172375,0.71275,0.000322221575
160.0,0.1725,0.712375,0.000322221575
160.0,0.172125,0.71225,0.000322221575
160.0,0.1725,0.712375,0.000322221575
160.0,0.172875,0.71225,0.000322221575
160.0,0.17275,0.712,0.000322221575
160.0,0.172625,0.712,0.000322221575
160.0,0.172625,0.71225,0.000322221575
160.0,0.172375,0.7125,0.000322221575
160.0,0.1725,0.712625,0.000322221575
160.0,0.17275,0.7125,0.000322221575
160.0,0.172625,0.7125,0.000322221575
160.0,0.17225,0.7125,0.000322221575
160.0,0.17225,0.71275,0.000322221575
160.0,0.17225,0.71275,0.000322221575
160.0,0.172125,0.712625,0.000322221575
160.0,0.172375,0.712625,0.000322221575
160.0,0.172375,0.712625,0.000322221575
160.0,0.172375,0.712375,0.000322221575
160.0,0.172625,0.712375,0.000322221575
160.0,0.17275,0.71225,0.000322221575
160.0,0.172625,0.712125,0.000322221575
160.0,0.1725,0.712,0.000322221575
160.0,0.172375,0.712125,0.000322221575
160.0,0.172625,0.712125,0.000322221575
160.0,0.172375,0.712375,0.000322221575
160.0,0.172,0.7125,0.000322221575
160.0,0.172375,0.7125,0.000322221575
160.0,0.172375,0.712375,0.000322221575
160.0,0.172375,0.712625,0.000322221575
160.0,0.172375,0.712625,0.000322221575
160.0,0.172625,0.712875,0.000322221575
160.0,0.172625,0.712625,0.000322221575
160.0,0.172625,0.712375,0.000322221575
160.0,0.17275,0.712125,0.000322221575
160.0,0.1725,0.712125,0.000322221575
160.0,0.172,0.71225,0.000322221575
160.0,0.17225,0.71225,0.000322221575
160.0,0.17225,0.712,0.000322221575
160.0,0.172625,0.711875,0.000322221575
160.0,0.17275,0.71225,0.000322221575
160.0,0.172375,0.712375,0.000322221575
160.0,0.172,0.712625,0.000322221575
160.0,0.172125,0.7125,0.000322221575
160.0,0.172,0.7125,0.000322221575
160.0,0.172125,0.7125,0.000322221575
160.0,0.172125,0.7125,0.000322221575
160.0,0.1725,0.71275,0.000322221575
160.0,0.17275,0.71275,0.000322221575
160.0,0.172875,0.7125,0.000322221575
160.0,0.172625,0.712375,0.000322221575
160.0,0.1725,0.71225,0.000322221575
160.0,0.172375,0.712125,0.000322221575
160.0,0.1725,0.71225,0.000322221575
160.0,0.172625,0.712125,0.000322221575
160.0,0.172625,0.712,0.000322221575
160.0,0.172375,0.71225,0.000322221575
160.0,0.17225,0.712375,0.000322221575
160.0,0.172125,0.712375,0.000322221575
160.0,0.172375,0.7125,0.000322221575
160.0,0.17225,0.712875,0.000322221575
160.0,0.17225,0.712625,0.000322221575
160.0,0.17225,0.712375,0.000322221575
160.0,0.172375,0.712375,0.000322221575
160.0,0.17275,0.712625,0.000322221575
160.0,0.17275,0.712625,0.000322221575
160.0,0.172625,0.712625,0.000322221575
160.0,0.172625,0.7125,0.000322221575
160.0,0.172625,0.712125,0.000322221575
160.0,0.17275,0.712,0.000322221575
160.0,0.172625,0.712125,0.000322221575
160.0,0.172875,0.712,0.000322221575
160.0,0.1725,0.712,0.000322221575
160.0,0.1725,0.71225,0.000322221575
160.0,0.172625,0.71275,0.000322221575
160.0,0.1725,0.712375,0.000322221575
160.0,0.17225,0.7125,0.000322221575
160.0,0.172125,0.7125,0.000322221575
160.0,0.171875,0.7125,0.000322221575
160.0,0.171875,0.7125,0.000322221575
160.0,0.172375,0.712625,0.000322221575
160.0,0.1725,0.71275,0.000322221575
160.0,0.172625,0.712625,0.000322221575
160.0,0.1725,0.712375,0.000322221575
160.0,0.172625,0.71225,0.000322221575
160.0,0.172625,0.712125,0.000322221575
160.0,0.1725,0.71225,0.000322221575
160.0,0.17275,0.712125,0.000322221575
160.0,0.17275,0.712,0.000322221575
160.0,0.1725,0.712125,0.000322221575
160.0,0.172375,0.7125,0.000322221575
160.0,0.1725,0.7125,0.000322221575
160.0,0.17225,0.71225,0.000322221575
160.0,0.17225,0.712375,0.000322221575
161.0,0.19875,0.6685,0.000322060543
161.0,0.19875,0.66825,0.000322060543
161.0,0.1985,0.66825,0.000322060543
161.0,0.198875,0.668375,0.000322060543
161.0,0.19875,0.66825,0.000322060543
161.0,0.198875,0.668125,0.000322060543
161.0,0.19875,0.668375,0.000322060543
161.0,0.19875,0.6685,0.000322060543
161.0,0.19875,0.6685,0.000322060543
161.0,0.198625,0.6685,0.000322060543
161.0,0.198375,0.668625,0.000322060543
161.0,0.198375,0.668625,0.000322060543
161.0,0.198625,0.66875,0.000322060543
161.0,0.19875,0.668875,0.000322060543
161.0,0.198625,0.669,0.000322060543
161.0,0.19875,0.66875,0.000322060543
161.0,0.19875,0.668375,0.000322060543
161.0,0.19875,0.668125,0.000322060543
161.0,0.198625,0.668375,0.000322060543
161.0,0.198625,0.66825,0.000322060543
161.0,0.198625,0.668375,0.000322060543
161.0,0.198625,0.668125,0.000322060543
161.0,0.19825,0.66825,0.000322060543
161.0,0.198,0.668625,0.000322060543
161.0,0.198,0.6685,0.000322060543
161.0,0.19825,0.6685,0.000322060543
161.0,0.19825,0.6685,0.000322060543
161.0,0.198375,0.668875,0.000322060543
161.0,0.198375,0.66875,0.000322060543
161.0,0.198875,0.668625,0.000322060543
161.0,0.19925,0.66875,0.000322060543
161.0,0.19925,0.668875,0.000322060543
161.0,0.199,0.6685,0.000322060543
161.0,0.198875,0.668375,0.000322060543
161.0,0.199,0.66825,0.000322060543
161.0,0.198375,0.66825,0.000322060543
161.0,0.198125,0.668375,0.000322060543
161.0,0.198625,0.668375,0.000322060543
161.0,0.19875,0.668375,0.000322060543
161.0,0.198625,0.6685,0.000322060543
161.0,0.19825,0.6685,0.000322060543
161.0,0.19825,0.6685,0.000322060543
161.0,0.198125,0.66875,0.000322060543
161.0,0.198125,0.668625,0.000322060543
161.0,0.19825,0.668625,0.000322060543
161.0,0.1985,0.6685,0.000322060543
161.0,0.1985,0.66875,0.000322060543
161.0,0.198375,0.668875,0.000322060543
161.0,0.198625,0.668625,0.000322060543
161.0,0.198875,0.668625,0.000322060543
161.0,0.199,0.6685,0.000322060543
161.0,0.1985,0.668625,0.000322060543
161.0,0.19825,0.6685,0.000322060543
161.0,0.198625,0.668625,0.000322060543
161.0,0.19875,0.668375,0.000322060543
161.0,0.199125,0.668125,0.000322060543
161.0,0.199,0.668625,0.000322060543
161.0,0.199,0.668625,0.000322060543
161.0,0.19875,0.6685,0.000322060543
161.0,0.198625,0.668375,0.000322060543
161.0,0.198625,0.6685,0.000322060543
161.0,0.198625,0.668625,0.000322060543
161.0,0.198625,0.66875,0.000322060543
161.0,0.198625,0.668875,0.000322060543
161.0,0.199,0.669125,0.000322060543
161.0,0.19875,0.669,0.000322060543
161.0,0.198625,0.6685,0.000322060543
161.0,0.19875,0.668375,0.000322060543
161.0,0.19875,0.66825,0.000322060543
161.0,0.1985,0.66825,0.000322060543
161.0,0.1985,0.66825,0.000322060543
161.0,0.199,0.66825,0.000322060543
161.0,0.198625,0.66825,0.000322060543
161.0,0.198625,0.66825,0.000322060543
161.0,0.1985,0.668375,0.000322060543
161.0,0.198375,0.668125,0.000322060543
161.0,0.198125,0.6685,0.000322060543
161.0,0.198,0.668625,0.000322060543
161.0,0.19825,0.66875,0.000322060543
161.0,0.198125,0.668625,0.000322060543
161.0,0.198375,0.66875,0.000322060543
161.0,0.198875,0.668625,0.000322060543
161.0,0.198875,0.668625,0.000322060543
161.0,0.199125,0.668625,0.000322060543
161.0,0.199,0.668375,0.000322060543
161.0,0.1985,0.66825,0.000322060543
161.0,0.1985,0.668375,0.000322060543
161.0,0.19875,0.66825,0.000322060543
161.0,0.199,0.668,0.000322060543
161.0,0.199,0.668,0.000322060543
161.0,0.19875,0.668125,0.000322060543
161.0,0.198625,0.668375,0.000322060543
161.0,0.19875,0.668375,0.000322060543
161.0,0.1985,0.6685,0.000322060543
161.0,0.198625,0.668375,0.000322060543
161.0,0.198875,0.6685,0.000322060543
161.0,0.198875,0.668625,0.000322060543
161.0,0.198625,0.668875,0.000322060543
161.0,0.1985,0.668875,0.000322060543
161.0,0.198625,0.668625,0.000322060543
161.0,0.19875,0.668375,0.000322060543
161.0,0.198875,0.668375,0.000322060543
161.0,0.1985,0.6685,0.000322060543
161.0,0.198625,0.668375,0.000322060543
161.0,0.199,0.66825,0.000322060543
161.0,0.199,0.66825,0.000322060543
161.0,0.19875,0.668125,0.000322060543
161.0,0.198625,0.6685,0.000322060543
161.0,0.198625,0.668625,0.000322060543
161.0,0.198625,0.668625,0.000322060543
161.0,0.198625,0.6685,0.000322060543
161.0,0.19875,0.66875,0.000322060543
161.0,0.198625,0.668625,0.000322060543
161.0,0.1985,0.668875,0.000322060543
161.0,0.19875,0.668875,0.000322060543
161.0,0.19875,0.668875,0.000322060543
161.0,0.198625,0.66875,0.000322060543
161.0,0.198875,0.6685,0.000322060543
161.0,0.198625,0.668375,0.000322060543
161.0,0.19875,0.668375,0.000322060543
161.0,0.199,0.668375,0.000322060543
161.0,0.199,0.668125,0.000322060543
161.0,0.198875,0.668125,0.000322060543
161.0,0.199,0.668125,0.000322060543
161.0,0.19875,0.66825,0.000322060543
161.0,0.198625,0.668375,0.000322060543
161.0,0.19825,0.668625,0.000322060543
161.0,0.1985,0.668875,0.000322060543
161.0,0.1985,0.66875,0.000322060543
161.0,0.198375,0.668625,0.000322060543
161.0,0.19875,0.668875,0.000322060543
161.0,0.198625,0.668875,0.000322060543
161.0,0.1985,0.668625,0.000322060543
161.0,0.1985,0.6685,0.000322060543
161.0,0.19875,0.668375,0.000322060543
161.0,0.198625,0.66825,0.000322060543
161.0,0.198625,0.668375,0.000322060543
161.0,0.199,0.66825,0.000322060543
161.0,0.199,0.66825,0.000322060543
161.0,0.19875,0.668125,0.000322060543
161.0,0.19875,0.66825,0.000322060543
161.0,0.19875,0.6685,0.000322060543
161.0,0.19875,0.668375,0.000322060543
161.0,0.19825,0.6685,0.000322060543
161.0,0.19825,0.6685,0.000322060543
161.0,0.198375,0.668375,0.000322060543
161.0,0.1985,0.66875,0.000322060543
161.0,0.198875,0.668875,0.000322060543
161.0,0.19875,0.668625,0.000322060543
161.0,0.198625,0.668625,0.000322060543
161.0,0.199,0.668375,0.000322060543
161.0,0.199,0.66825,0.000322060543
161.0,0.198625,0.66825,0.000322060543
161.0,0.198375,0.66825,0.000322060543
161.0,0.198375,0.66825,0.000322060543
161.0,0.198625,0.668125,0.000322060543
161.0,0.1985,0.66825,0.000322060543
161.0,0.1985,0.668375,0.000322060543
161.0,0.198625,0.668625,0.000322060543
161.0,0.1985,0.66875,0.000322060543
161.0,0.1985,0.66875,0.000322060543
161.0,0.198375,0.668625,0.000322060543
161.0,0.198625,0.6685,0.000322060543
161.0,0.198875,0.66875,0.000322060543
161.0,0.198875,0.668875,0.000322060543
161.0,0.199,0.66875,0.000322060543
161.0,0.199,0.66875,0.000322060543
161.0,0.198625,0.6685,0.000322060543
161.0,0.1985,0.668375,0.000322060543
162.0,0.2265,0.625875,0.000322246284
162.0,0.226125,0.62575,0.000322246284
162.0,0.226125,0.62575,0.000322246284
162.0,0.22625,0.625875,0.000322246284
162.0,0.22625,0.625625,0.000322246284
162.0,0.22625,0.625875,0.000322246284
162.0,0.22625,0.626125,0.000322246284
162.0,0.226625,0.62625,0.000322246284
162.0,0.226625,0.62625,0.000322246284
162.0,0.226875,0.62575,0.000322246284
162.0,0.22675,0.62575,0.000322246284
162.0,0.226875,0.62575,0.000322246284
162.0,0.226375,0.625625,0.000322246284
162.0,0.22625,0.6255,0.000322246284
162.0,0.2265,0.62525,0.000322246284
162.0,0.226625,0.625375,0.000322246284
162.0,0.2265,0.6255,0.000322246284
162.0,0.22625,0.6255,0.000322246284
162.0,0.22625,0.625625,0.000322246284
162.0,0.226375,0.625875,0.000322246284
162.0,0.2265,0.625875,0.000322246284
162.0,0.226125,0.62575,0.000322246284
162.0,0.226125,0.626,0.000322246284
162.0,0.22675,0.626,0.000322246284
162.0,0.22675,0.626,0.000322246284
162.0,0.226875,0.62575,0.000322246284
162.0,0.22675,0.625875,0.000322246284
162.0,0.226375,0.62575,0.000322246284
162.0,0.226375,0.6255,0.000322246284
162.0,0.226625,0.6255,0.000322246284
162.0,0.226625,0.6255,0.000322246284
162.0,0.2265,0.6255,0.000322246284
162.0,0.226625,0.6255,0.000322246284
162.0,0.22675,0.62575,0.000322246284
162.0,0.2265,0.626125,0.000322246284
162.0,0.226125,0.625875,0.000322246284
162.0,0.226,0.626,0.000322246284
162.0,0.226375,0.626,0.000322246284
162.0,0.2265,0.62575,0.000322246284
162.0,0.226625,0.625875,0.000322246284
162.0,0.226625,0.626,0.000322246284
162.0,0.226625,0.626,0.000322246284
162.0,0.226625,0.626,0.000322246284
162.0,0.22675,0.625875,0.000322246284
162.0,0.226625,0.625625,0.000322246284
162.0,0.2265,0.62575,0.000322246284
162.0,0.22625,0.6255,0.000322246284
162.0,0.22625,0.625625,0.000322246284
162.0,0.2265,0.6255,0.000322246284
162.0,0.22625,0.6255,0.000322246284
162.0,0.226375,0.62575,0.000322246284
162.0,0.225875,0.625625,0.000322246284
162.0,0.226125,0.626,0.000322246284
162.0,0.22625,0.626,0.000322246284
162.0,0.226125,0.625875,0.000322246284
162.0,0.226,0.62575,0.000322246284
162.0,0.2265,0.626,0.000322246284
162.0,0.2265,0.626,0.000322246284
162.0,0.22675,0.626,0.000322246284
162.0,0.226625,0.62625,0.000322246284
162.0,0.2265,0.625875,0.000322246284
162.0,0.226625,0.625625,0.000322246284
162.0,0.226625,0.6255,0.000322246284
162.0,0.226375,0.625625,0.000322246284
162.0,0.226375,0.625625,0.000322246284
162.0,0.2265,0.62525,0.000322246284
162.0,0.2265,0.6255,0.000322246284
162.0,0.226625,0.62575,0.000322246284
162.0,0.2265,0.62575,0.000322246284
162.0,0.226375,0.625875,0.000322246284
162.0,0.226625,0.625875,0.000322246284
162.0,0.226625,0.625625,0.000322246284
162.0,0.226625,0.62575,0.000322246284
162.0,0.226625,0.62575,0.000322246284
162.0,0.22675,0.626125,0.000322246284
162.0,0.227,0.626125,0.000322246284
162.0,0.226625,0.62575,0.000322246284
162.0,0.226625,0.625625,0.000322246284
162.0,0.22675,0.6255,0.000322246284
162.0,0.2265,0.625625,0.000322246284
162.0,0.22675,0.625625,0.000322246284
162.0,0.226875,0.625375,0.000322246284
162.0,0.226875,0.62525,0.000322246284
162.0,0.2265,0.6255,0.000322246284
162.0,0.226625,0.625625,0.000322246284
162.0,0.22675,0.62575,0.000322246284
162.0,0.22675,0.625875,0.000322246284
162.0,0.226625,0.625875,0.000322246284
162.0,0.226625,0.625875,0.000322246284
162.0,0.226625,0.625875,0.000322246284
162.0,0.226625,0.625875,0.000322246284
162.0,0.2265,0.626,0.000322246284
162.0,0.226625,0.625875,0.000322246284
162.0,0.226875,0.62575,0.000322246284
162.0,0.226875,0.6255,0.000322246284
162.0,0.226625,0.625625,0.000322246284
162.0,0.2265,0.6255,0.000322246284
162.0,0.226625,0.625625,0.000322246284
162.0,0.226625,0.625375,0.000322246284
162.0,0.226125,0.625375,0.000322246284
162.0,0.2265,0.62575,0.000322246284
162.0,0.226375,0.626,0.000322246284
162.0,0.226125,0.62575,0.000322246284
162.0,0.226625,0.62575,0.000322246284
162.0,0.226625,0.625875,0.000322246284
162.0,0.226625,0.625875,0.000322246284
162.0,0.2265,0.62575,0.000322246284
162.0,0.2265,0.626,0.000322246284
162.0,0.226625,0.62625,0.000322246284
162.0,0.226875,0.626125,0.000322246284
162.0,0.226625,0.62575,0.000322246284
162.0,0.226625,0.625625,0.000322246284
162.0,0.2265,0.6255,0.000322246284
162.0,0.226625,0.62575,0.000322246284
162.0,0.22675,0.625625,0.000322246284
162.0,0.226875,0.6255,0.000322246284
162.0,0.22675,0.625375,0.000322246284
162.0,0.22675,0.62575,0.000322246284
162.0,0.226375,0.625875,0.000322246284
162.0,0.22625,0.62575,0.000322246284
162.0,0.226625,0.62575,0.000322246284
162.0,0.226625,0.625875,0.000322246284
162.0,0.2265,0.625875,0.000322246284
162.0,0.226625,0.625875,0.000322246284
162.0,0.226875,0.626125,0.000322246284
162.0,0.226875,0.626,0.000322246284
162.0,0.2265,0.62575,0.000322246284
162.0,0.226625,0.625625,0.000322246284
162.0,0.226125,0.625625,0.000322246284
162.0,0.22625,0.625375,0.000322246284
162.0,0.226625,0.625375,0.000322246284
162.0,0.226625,0.625375,0.000322246284
162.0,0.226625,0.6255,0.000322246284
162.0,0.226875,0.62575,0.000322246284
162.0,0.2265,0.625875,0.000322246284
162.0,0.226125,0.62575,0.000322246284
162.0,0.226125,0.625625,0.000322246284
162.0,0.226125,0.62575,0.000322246284
162.0,0.22625,0.62575,0.000322246284
162.0,0.2265,0.626,0.000322246284
162.0,0.226625,0.625875,0.000322246284
162.0,0.22675,0.626125,0.000322246284
162.0,0.226875,0.626,0.000322246284
162.0,0.226875,0.62575,0.000322246284
162.0,0.226625,0.625375,0.000322246284
162.0,0.2265,0.62525,0.000322246284
162.0,0.226625,0.6255,0.000322246284
162.0,0.226875,0.6255,0.000322246284
162.0,0.22625,0.625375,0.000322246284
162.0,0.226375,0.6255,0.000322246284
162.0,0.226625,0.62575,0.000322246284
162.0,0.2265,0.62575,0.000322246284
162.0,0.22625,0.62575,0.000322246284
162.0,0.226125,0.625875,0.000322246284
162.0,0.226125,0.625875,0.000322246284
162.0,0.226625,0.62575,0.000322246284
162.0,0.226625,0.62575,0.000322246284
162.0,0.226625,0.625875,0.000322246284
162.0,0.226875,0.625875,0.000322246284
162.0,0.22675,0.625875,0.000322246284
162.0,0.226875,0.625875,0.000322246284
162.0,0.226875,0.6255,0.000322246284
162.0,0.226625,0.6255,0.000322246284
162.0,0.226625,0.625625,0.000322246284
162.0,0.227125,0.625625,0.000322246284
162.0,0.22675,0.625375,0.000322246284
162.0,0.2265,0.625625,0.000322246284
162.0,0.226125,0.625875,0.000322246284
162.0,0.226125,0.62575,0.000322246284
163.0,0.256375,0.58375,0.00032204538
163.0,0.2565,0.584,0.00032204538
163.0,0.2565,0.584125,0.00032204538
163.0,0.256375,0.583875,0.00032204538
163.0,0.256125,0.5835,0.00032204538
163.0,0.256375,0.583625,0.00032204538
163.0,0.256,0.583625,0.00032204538
163.0,0.256375,0.583625,0.00032204538
163.0,0.256375,0.583625,0.00032204538
163.0,0.256625,0.583625,0.00032204538
163.0,0.256375,0.5835,0.00032204538
163.0,0.256375,0.583625,0.00032204538
163.0,0.25625,0.58375,0.00032204538
163.0,0.256125,0.583625,0.00032204538
163.0,0.256,0.58375,0.00032204538
163.0,0.25625,0.583875,0.00032204538
163.0,0.256125,0.58375,0.00032204538
163.0,0.256375,0.583875,0.00032204538
163.0,0.2565,0.584125,0.00032204538
163.0,0.256625,0.584,0.00032204538
163.0,0.256375,0.583875,0.00032204538
163.0,0.256625,0.58375,0.00032204538
163.0,0.25625,0.5835,0.00032204538
163.0,0.256125,0.5835,0.00032204538
163.0,0.256125,0.583625,0.00032204538
163.0,0.256125,0.583625,0.00032204538
163.0,0.25625,0.5835,0.00032204538
163.0,0.256375,0.583625,0.00032204538
163.0,0.256375,0.58375,0.00032204538
163.0,0.256375,0.58375,0.00032204538
163.0,0.256125,0.584,0.00032204538
163.0,0.255875,0.583875,0.00032204538
163.0,0.256375,0.583875,0.00032204538
163.0,0.256125,0.583875,0.00032204538
163.0,0.2565,0.584,0.00032204538
163.0,0.256625,0.584,0.00032204538
163.0,0.256375,0.583875,0.00032204538
163.0,0.256375,0.58375,0.00032204538
163.0,0.2565,0.5835,0.00032204538
163.0,0.256375,0.5835,0.00032204538
163.0,0.256125,0.583625,0.00032204538
163.0,0.256125,0.583625,0.00032204538
163.0,0.25625,0.5835,0.00032204538
163.0,0.25625,0.5835,0.00032204538
163.0,0.25625,0.5835,0.00032204538
163.0,0.2565,0.58375,0.00032204538
163.0,0.25625,0.583875,0.00032204538
163.0,0.256125,0.58375,0.00032204538
163.0,0.256375,0.58375,0.00032204538
163.0,0.2565,0.583875,0.00032204538
163.0,0.25675,0.58375,0.00032204538
163.0,0.25675,0.584125,0.00032204538
163.0,0.257125,0.584,0.00032204538
163.0,0.256625,0.584,0.00032204538
163.0,0.256625,0.583875,0.00032204538
163.0,0.256625,0.583625,0.00032204538
163.0,0.256125,0.583625,0.00032204538
163.0,0.256125,0.583625,0.00032204538
163.0,0.25625,0.583625,0.00032204538
163.0,0.25675,0.58375,0.00032204538
163.0,0.256625,0.5835,0.00032204538
163.0,0.256375,0.583625,0.00032204538
163.0,0.25625,0.58375,0.00032204538
163.0,0.255875,0.583625,0.00032204538
163.0,0.256125,0.58375,0.00032204538
163.0,0.256375,0.58375,0.00032204538
163.0,0.256125,0.58375,0.00032204538
163.0,0.256125,0.583875,0.00032204538
163.0,0.25625,0.584,0.00032204538
163.0,0.256375,0.584,0.00032204538
163.0,0.256125,0.583875,0.00032204538
163.0,0.256375,0.583625,0.00032204538
163.0,0.256125,0.5835,0.00032204538
163.0,0.256125,0.5835,0.00032204538
163.0,0.256,0.5835,0.00032204538
163.0,0.256125,0.583625,0.00032204538
163.0,0.256375,0.5835,0.00032204538
163.0,0.2565,0.583375,0.00032204538
163.0,0.256375,0.5835,0.00032204538
163.0,0.25675,0.58375,0.00032204538
163.0,0.256375,0.58375,0.00032204538
163.0,0.25625,0.583875,0.00032204538
163.0,0.256125,0.58375,0.00032204538
163.0,0.255875,0.58375,0.00032204538
163.0,0.256375,0.583875,0.00032204538
163.0,0.256375,0.584,0.00032204538
163.0,0.25675,0.583875,0.00032204538
163.0,0.257,0.58375,0.00032204538
163.0,0.256625,0.58375,0.00032204538
163.0,0.256625,0.58375,0.00032204538
163.0,0.256625,0.5835,0.00032204538
163.0,0.25625,0.583625,0.00032204538
163.0,0.256375,0.5835,0.00032204538
163.0,0.256375,0.5835,0.00032204538
163.0,0.25675,0.5835,0.00032204538
163.0,0.25625,0.58375,0.00032204538
163.0,0.256125,0.5835,0.00032204538
163.0,0.256125,0.58375,0.00032204538
163.0,0.256375,0.584,0.00032204538
163.0,0.25625,0.584,0.00032204538
163.0,0.256375,0.58375,0.00032204538
163.0,0.2565,0.584,0.00032204538
163.0,0.2565,0.584125,0.00032204538
163.0,0.2565,0.584,0.00032204538
163.0,0.2565,0.58375,0.00032204538
163.0,0.2565,0.58375,0.00032204538
163.0,0.256375,0.5835,0.00032204538
163.0,0.25625,0.5835,0.00032204538
163.0,0.2565,0.583625,0.00032204538
163.0,0.256625,0.5835,0.00032204538
163.0,0.25675,0.5835,0.00032204538
163.0,0.25675,0.5835,0.00032204538
163.0,0.256375,0.583625,0.00032204538
163.0,0.256375,0.583875,0.00032204538
163.0,0.25625,0.583875,0.00032204538
163.0,0.256125,0.583875,0.00032204538
163.0,0.256125,0.58375,0.00032204538
163.0,0.25625,0.584125,0.00032204538
163.0,0.2565,0.584125,0.00032204538
163.0,0.2565,0.58425,0.00032204538
163.0,0.256375,0.584,0.00032204538
163.0,0.2565,0.58375,0.00032204538
163.0,0.2565,0.58375,0.00032204538
163.0,0.256625,0.58375,0.00032204538
163.0,0.25625,0.58375,0.00032204538
163.0,0.25675,0.583625,0.00032204538
163.0,0.256625,0.5835,0.00032204538
163.0,0.2565,0.583375,0.00032204538
163.0,0.25625,0.5835,0.00032204538
163.0,0.256625,0.58375,0.00032204538
163.0,0.25625,0.583875,0.00032204538
163.0,0.256375,0.583875,0.00032204538
163.0,0.2565,0.583875,0.00032204538
163.0,0.2565,0.584125,0.00032204538
163.0,0.25675,0.584125,0.00032204538
163.0,0.256375,0.584125,0.00032204538
163.0,0.25625,0.583875,0.00032204538
163.0,0.25625,0.5835,0.00032204538
163.0,0.25625,0.5835,0.00032204538
163.0,0.25625,0.58325,0.00032204538
163.0,0.25625,0.583375,0.00032204538
163.0,0.256125,0.583625,0.00032204538
163.0,0.256875,0.58375,0.00032204538
163.0,0.2565,0.583625,0.00032204538
163.0,0.25625,0.5835,0.00032204538
163.0,0.256375,0.583875,0.00032204538
163.0,0.256375,0.58375,0.00032204538
163.0,0.2565,0.58375,0.00032204538
163.0,0.256375,0.583875,0.00032204538
163.0,0.2565,0.584,0.00032204538
163.0,0.256375,0.583875,0.00032204538
163.0,0.256625,0.584125,0.00032204538
163.0,0.256625,0.584,0.00032204538
163.0,0.256625,0.58375,0.00032204538
163.0,0.256625,0.58375,0.00032204538
163.0,0.2565,0.583625,0.00032204538
163.0,0.256625,0.5835,0.00032204538
163.0,0.2565,0.583625,0.00032204538
163.0,0.256625,0.583625,0.00032204538
163.0,0.25675,0.5835,0.00032204538
163.0,0.256625,0.583375,0.00032204538
163.0,0.2565,0.583375,0.00032204538
163.0,0.256125,0.5835,0.00032204538
163.0,0.25575,0.583625,0.00032204538
163.0,0.256125,0.58375,0.00032204538
163.0,0.25625,0.583875,0.00032204538
163.0,0.25625,0.584,0.00032204538
163.0,0.256125,0.584,0.00032204538
163.0,0.2565,0.584,0.00032204538
164.0,0.288,0.542875,0.00032221133
164.0,0.288,0.543,0.00032221133
164.0,0.288,0.543125,0.00032221133
164.0,0.287875,0.543,0.00032221133
164.0,0.287875,0.54325,0.00032221133
164.0,0.287625,0.543375,0.00032221133
164.0,0.2875,0.54325,0.00032221133
164.0,0.28775,0.543375,0.00032221133
164.0,0.28775,0.543375,0.00032221133
164.0,0.288,0.543375,0.00032221133
164.0,0.288125,0.543375,0.00032221133
164.0,0.288125,0.543375,0.00032221133
164.0,0.288125,0.543125,0.00032221133
164.0,0.288,0.543125,0.00032221133
164.0,0.287875,0.542875,0.00032221133
164.0,0.287875,0.543,0.00032221133
164.0,0.288,0.543,0.00032221133
164.0,0.287875,0.542875,0.00032221133
164.0,0.288,0.542875,0.00032221133
164.0,0.28825,0.543125,0.00032221133
164.0,0.288,0.54325,0.00032221133
164.0,0.287875,0.543375,0.00032221133
164.0,0.287875,0.54325,0.00032221133
164.0,0.288125,0.54325,0.00032221133
164.0,0.288125,0.54325,0.00032221133
164.0,0.288,0.54325,0.00032221133
164.0,0.288125,0.543375,0.00032221133
164.0,0.288125,0.5435,0.00032221133
164.0,0.288125,0.543125,0.00032221133
164.0,0.28825,0.542875,0.00032221133
164.0,0.28825,0.543,0.00032221133
164.0,0.28825,0.543,0.00032221133
164.0,0.28825,0.542875,0.00032221133
164.0,0.288,0.54275,0.00032221133
164.0,0.28825,0.542875,0.00032221133
164.0,0.288125,0.543,0.00032221133
164.0,0.287875,0.54325,0.00032221133
164.0,0.288125,0.54325,0.00032221133
164.0,0.28775,0.54325,0.00032221133
164.0,0.28775,0.54325,0.00032221133
164.0,0.2875,0.543125,0.00032221133
164.0,0.2875,0.543125,0.00032221133
164.0,0.287875,0.54325,0.00032221133
164.0,0.287875,0.543375,0.00032221133
164.0,0.288,0.5435,0.00032221133
164.0,0.288125,0.543375,0.00032221133
164.0,0.288125,0.543125,0.00032221133
164.0,0.288,0.543,0.00032221133
164.0,0.28775,0.542875,0.00032221133
164.0,0.28775,0.54275,0.00032221133
164.0,0.288,0.54275,0.00032221133
164.0,0.287875,0.542875,0.00032221133
164.0,0.287875,0.543125,0.00032221133
164.0,0.28775,0.543375,0.00032221133
164.0,0.287875,0.54325,0.00032221133
164.0,0.288125,0.543375,0.00032221133
164.0,0.288,0.543375,0.00032221133
164.0,0.288,0.543375,0.00032221133
164.0,0.287625,0.54325,0.00032221133
164.0,0.287875,0.5435,0.00032221133
164.0,0.288125,0.543375,0.00032221133
164.0,0.28825,0.54325,0.00032221133
164.0,0.288,0.543,0.00032221133
164.0,0.288125,0.543125,0.00032221133
164.0,0.28825,0.543,0.00032221133
164.0,0.288125,0.54275,0.00032221133
164.0,0.28825,0.542875,0.00032221133
164.0,0.28775,0.542875,0.00032221133
164.0,0.287625,0.543125,0.00032221133
164.0,0.28775,0.54325,0.00032221133
164.0,0.2875,0.54325,0.00032221133
164.0,0.2875,0.54325,0.00032221133
164.0,0.287625,0.54325,0.00032221133
164.0,0.287625,0.54325,0.00032221133
164.0,0.288125,0.54325,0.00032221133
164.0,0.28825,0.543125,0.00032221133
164.0,0.287875,0.5435,0.00032221133
164.0,0.287875,0.543375,0.00032221133
164.0,0.288,0.54325,0.00032221133
164.0,0.28825,0.543,0.00032221133
164.0,0.288,0.542875,0.00032221133
164.0,0.287875,0.543,0.00032221133
164.0,0.288125,0.543,0.00032221133
164.0,0.288125,0.542875,0.00032221133
164.0,0.288125,0.542875,0.00032221133
164.0,0.287625,0.542625,0.00032221133
164.0,0.288,0.543,0.00032221133
164.0,0.288,0.543125,0.00032221133
164.0,0.288125,0.543375,0.00032221133
164.0,0.288125,0.543375,0.00032221133
164.0,0.287625,0.54325,0.00032221133
164.0,0.2875,0.543125,0.00032221133
164.0,0.28775,0.54325,0.00032221133
164.0,0.288,0.543625,0.00032221133
164.0,0.28775,0.5435,0.00032221133
164.0,0.287875,0.54325,0.00032221133
164.0,0.28825,0.542875,0.00032221133
164.0,0.28825,0.542875,0.00032221133
164.0,0.288,0.543125,0.00032221133
164.0,0.28825,0.54325,0.00032221133
164.0,0.28825,0.543,0.00032221133
164.0,0.288375,0.542875,0.00032221133
164.0,0.287875,0.543125,0.00032221133
164.0,0.287625,0.543,0.00032221133
164.0,0.287625,0.543375,0.00032221133
164.0,0.287625,0.543375,0.00032221133
164.0,0.287875,0.5435,0.00032221133
164.0,0.287875,0.54325,0.00032221133
164.0,0.2875,0.54325,0.00032221133
164.0,0.287875,0.543375,0.00032221133
164.0,0.28825,0.5435,0.00032221133
164.0,0.288,0.54325,0.00032221133
164.0,0.28825,0.54325,0.00032221133
164.0,0.288,0.543375,0.00032221133
164.0,0.287625,0.543125,0.00032221133
164.0,0.287875,0.543,0.00032221133
164.0,0.288375,0.543,0.00032221133
164.0,0.288375,0.542875,0.00032221133
164.0,0.2875,0.543,0.00032221133
164.0,0.28725,0.54325,0.00032221133
164.0,0.287625,0.54325,0.00032221133
164.0,0.287625,0.543375,0.00032221133
164.0,0.287875,0.543375,0.00032221133
164.0,0.288,0.5435,0.00032221133
164.0,0.287875,0.54325,0.00032221133
164.0,0.288,0.54325,0.00032221133
164.0,0.28825,0.5435,0.00032221133
164.0,0.288625,0.5435,0.00032221133
164.0,0.28825,0.5435,0.00032221133
164.0,0.288375,0.54325,0.00032221133
164.0,0.28825,0.542875,0.00032221133
164.0,0.288,0.543,0.00032221133
164.0,0.288,0.543,0.00032221133
164.0,0.288125,0.543,0.00032221133
164.0,0.287875,0.542875,0.00032221133
164.0,0.287875,0.543,0.00032221133
164.0,0.28825,0.54325,0.00032221133
164.0,0.288125,0.54325,0.00032221133
164.0,0.288125,0.54325,0.00032221133
164.0,0.288,0.54325,0.00032221133
164.0,0.288,0.54325,0.00032221133
164.0,0.288125,0.543125,0.00032221133
164.0,0.288,0.543375,0.00032221133
164.0,0.28825,0.543625,0.00032221133
164.0,0.288125,0.5435,0.00032221133
164.0,0.287875,0.54325,0.00032221133
164.0,0.28775,0.543125,0.00032221133
164.0,0.28775,0.543125,0.00032221133
164.0,0.2875,0.54325,0.00032221133
164.0,0.288125,0.54325,0.00032221133
164.0,0.288125,0.543,0.00032221133
164.0,0.288125,0.543,0.00032221133
164.0,0.28825,0.54325,0.00032221133
164.0,0.288125,0.54325,0.00032221133
164.0,0.288125,0.54325,0.00032221133
164.0,0.288125,0.543,0.00032221133
164.0,0.288125,0.54325,0.00032221133
164.0,0.287875,0.543375,0.00032221133
164.0,0.287625,0.543375,0.00032221133
164.0,0.2875,0.543625,0.00032221133
164.0,0.28775,0.543625,0.00032221133
164.0,0.288125,0.5435,0.00032221133
164.0,0.288375,0.54325,0.00032221133
164.0,0.288125,0.543125,0.00032221133
164.0,0.287875,0.543,0.00032221133
164.0,0.287875,0.543125,0.00032221133
164.0,0.288125,0.543125,0.00032221133
164.0,0.28825,0.543,0.00032221133
164.0,0.288375,0.543125,0.00032221133
165.0,0.320875,0.504375,0.000322141364
165.0,0.32075,0.504375,0.000322141364
165.0,0.320875,0.504375,0.000322141364
165.0,0.321,0.5045,0.000322141364
165.0,0.321125,0.504375,0.000322141364
165.0,0.321,0.5045,0.000322141364
165.0,0.32075,0.50425,0.000322141364
165.0,0.321125,0.504125,0.000322141364
165.0,0.321125,0.504125,0.000322141364
165.0,0.320875,0.504125,0.000322141364
165.0,0.320625,0.503875,0.000322141364
165.0,0.3205,0.504,0.000322141364
165.0,0.321,0.504,0.000322141364
165.0,0.321,0.504,0.000322141364
165.0,0.320875,0.504125,0.000322141364
165.0,0.320625,0.50425,0.000322141364
165.0,0.320625,0.504125,0.000322141364
165.0,0.320375,0.504375,0.000322141364
165.0,0.320625,0.504375,0.000322141364
165.0,0.321,0.504,0.000322141364
165.0,0.321125,0.50425,0.000322141364
165.0,0.321,0.504375,0.000322141364
165.0,0.32075,0.50425,0.000322141364
165.0,0.32125,0.50425,0.000322141364
165.0,0.321125,0.50425,0.000322141364
165.0,0.321125,0.504125,0.000322141364
165.0,0.321,0.503875,0.000322141364
165.0,0.320875,0.504,0.000322141364
165.0,0.321,0.504,0.000322141364
165.0,0.321,0.504,0.000322141364
165.0,0.321,0.504,0.000322141364
165.0,0.321125,0.50425,0.000322141364
165.0,0.32075,0.5045,0.000322141364
165.0,0.320625,0.504375,0.000322141364
165.0,0.321125,0.50425,0.000322141364
165.0,0.321125,0.50425,0.000322141364
165.0,0.321125,0.50425,0.000322141364
165.0,0.321,0.504375,0.000322141364
165.0,0.32125,0.5045,0.000322141364
165.0,0.32075,0.504375,0.000322141364
165.0,0.320625,0.50425,0.000322141364
165.0,0.320625,0.50425,0.000322141364
165.0,0.32125,0.504,0.000322141364
165.0,0.3215,0.504,0.000322141364
165.0,0.321,0.504,0.000322141364
165.0,0.321,0.503875,0.000322141364
165.0,0.321125,0.503875,0.000322141364
165.0,0.32125,0.504125,0.000322141364
165.0,0.320875,0.504375,0.000322141364
165.0,0.32025,0.50425,0.000322141364
165.0,0.32075,0.5045,0.000322141364
165.0,0.32125,0.504375,0.000322141364
165.0,0.321,0.504375,0.000322141364
165.0,0.321,0.504375,0.000322141364
165.0,0.32125,0.504375,0.000322141364
165.0,0.321125,0.504375,0.000322141364
165.0,0.321125,0.50425,0.000322141364
165.0,0.321125,0.50425,0.000322141364
165.0,0.321,0.50425,0.000322141364
165.0,0.320875,0.504,0.000322141364
165.0,0.3205,0.504,0.000322141364
165.0,0.320625,0.504125,0.000322141364
165.0,0.321,0.504,0.000322141364
165.0,0.321125,0.504125,0.000322141364
165.0,0.320875,0.504125,0.000322141364
165.0,0.32075,0.504,0.000322141364
165.0,0.321,0.504,0.000322141364
165.0,0.321,0.50425,0.000322141364
165.0,0.321,0.50425,0.000322141364
165.0,0.32075,0.50425,0.000322141364
165.0,0.32075,0.50425,0.000322141364
165.0,0.321,0.504375,0.000322141364
165.0,0.320875,0.504375,0.000322141364
165.0,0.320875,0.504375,0.000322141364
165.0,0.32075,0.504,0.000322141364
165.0,0.321,0.504125,0.000322141364
165.0,0.321125,0.504125,0.000322141364
165.0,0.320875,0.503875,0.000322141364
165.0,0.321375,0.503875,0.000322141364
165.0,0.321375,0.50375,0.000322141364
165.0,0.32125,0.504,0.000322141364
165.0,0.321125,0.50425,0.000322141364
165.0,0.32075,0.50425,0.000322141364
165.0,0.320625,0.504375,0.000322141364
165.0,0.32075,0.5045,0.000322141364
165.0,0.320875,0.504375,0.000322141364
165.0,0.32075,0.504375,0.000322141364
165.0,0.320875,0.5045,0.000322141364
165.0,0.320875,0.5045,0.000322141364
165.0,0.320875,0.5045,0.000322141364
165.0,0.321,0.50425,0.000322141364
165.0,0.321,0.504,0.000322141364
165.0,0.321125,0.504,0.000322141364
165.0,0.320875,0.504125,0.000322141364
165.0,0.32075,0.504125,0.000322141364
165.0,0.321,0.504,0.000322141364
165.0,0.32125,0.504,0.000322141364
165.0,0.32125,0.503875,0.000322141364
165.0,0.32125,0.504375,0.000322141364
165.0,0.321125,0.50425,0.000322141364
165.0,0.320875,0.504375,0.000322141364
165.0,0.320875,0.504375,0.000322141364
165.0,0.321125,0.50425,0.000322141364
165.0,0.32125,0.5045,0.000322141364
165.0,0.32125,0.504375,0.000322141364
165.0,0.32125,0.504375,0.000322141364
165.0,0.321375,0.50425,0.000322141364
165.0,0.321125,0.504375,0.000322141364
165.0,0.321,0.50425,0.000322141364
165.0,0.321125,0.504375,0.000322141364
165.0,0.321125,0.504125,0.000322141364
165.0,0.32125,0.504,0.000322141364
165.0,0.32125,0.503875,0.000322141364
165.0,0.321125,0.503875,0.000322141364
165.0,0.321,0.504125,0.000322141364
165.0,0.321,0.504125,0.000322141364
165.0,0.321,0.50425,0.000322141364
165.0,0.321,0.504375,0.000322141364
165.0,0.320875,0.504375,0.000322141364
165.0,0.321,0.504375,0.000322141364
165.0,0.321125,0.504375,0.000322141364
165.0,0.32125,0.504375,0.000322141364
165.0,0.32125,0.5045,0.000322141364
165.0,0.321375,0.5045,0.000322141364
165.0,0.32125,0.5045,0.000322141364
165.0,0.32125,0.504,0.000322141364
165.0,0.320875,0.504,0.000322141364
165.0,0.320625,0.503875,0.000322141364
165.0,0.321,0.504,0.000322141364
165.0,0.320875,0.503875,0.000322141364
165.0,0.321,0.503875,0.000322141364
165.0,0.321,0.504125,0.000322141364
165.0,0.321,0.50425,0.000322141364
165.0,0.32125,0.50425,0.000322141364
165.0,0.321,0.504375,0.000322141364
165.0,0.320875,0.504375,0.000322141364
165.0,0.320875,0.504375,0.000322141364
165.0,0.321,0.504375,0.000322141364
165.0,0.321,0.5045,0.000322141364
165.0,0.320875,0.50425,0.000322141364
165.0,0.321,0.504125,0.000322141364
165.0,0.321,0.50425,0.000322141364
165.0,0.321375,0.504,0.000322141364
165.0,0.32125,0.504,0.000322141364
165.0,0.321375,0.504125,0.000322141364
165.0,0.321375,0.504,0.000322141364
165.0,0.321375,0.503875,0.000322141364
165.0,0.321125,0.504,0.000322141364
165.0,0.32075,0.5045,0.000322141364
165.0,0.320875,0.504,0.000322141364
165.0,0.3205,0.50425,0.000322141364
165.0,0.320625,0.504375,0.000322141364
165.0,0.32075,0.504375,0.000322141364
165.0,0.3205,0.504375,0.000322141364
165.0,0.3205,0.504375,0.000322141364
165.0,0.321,0.504375,0.000322141364
165.0,0.321125,0.50425,0.000322141364
165.0,0.321125,0.5045,0.000322141364
165.0,0.32125,0.50425,0.000322141364
165.0,0.321125,0.504,0.000322141364
165.0,0.320625,0.504125,0.000322141364
165.0,0.320875,0.504,0.000322141364
165.0,0.3215,0.504,0.000322141364
165.0,0.321375,0.50375,0.000322141364
165.0,0.321,0.50375,0.000322141364
165.0,0.320625,0.503875,0.000322141364
165.0,0.320875,0.503875,0.000322141364
165.0,0.321,0.504125,0.000322141364
165.0,0.321,0.50425,0.000322141364
166.0,0.355875,0.465375,0.000322211796
166.0,0.355875,0.465625,0.000322211796
166.0,0.355625,0.46575,0.000322211796
166.0,0.355625,0.465625,0.000322211796
166.0,0.3555,0.46575,0.000322211796
166.0,0.355875,0.466,0.000322211796
166.0,0.356,0.465875,0.000322211796
166.0,0.35575,0.466,0.000322211796
166.0,0.35575,0.466,0.000322211796
166.0,0.356,0.466125,0.000322211796
166.0,0.35625,0.466,0.000322211796
166.0,0.356375,0.466,0.000322211796
166.0,0.35625,0.465875,0.000322211796
166.0,0.356,0.46575,0.000322211796
166.0,0.35575,0.465625,0.000322211796
166.0,0.35575,0.46575,0.000322211796
166.0,0.356,0.465625,0.000322211796
166.0,0.35575,0.4655,0.000322211796
166.0,0.3555,0.46575,0.000322211796
166.0,0.356,0.46575,0.000322211796
166.0,0.356,0.46575,0.000322211796
166.0,0.35575,0.465875,0.000322211796
166.0,0.355875,0.465875,0.000322211796
166.0,0.355875,0.466,0.000322211796
166.0,0.355875,0.466,0.000322211796
166.0,0.355625,0.466,0.000322211796
166.0,0.356125,0.46625,0.000322211796
166.0,0.356375,0.46625,0.000322211796
166.0,0.356125,0.466125,0.000322211796
166.0,0.356125,0.46575,0.000322211796
166.0,0.356,0.4655,0.000322211796
166.0,0.355875,0.46575,0.000322211796
166.0,0.35575,0.46575,0.000322211796
166.0,0.355625,0.4655,0.000322211796
166.0,0.35575,0.465625,0.000322211796
166.0,0.355875,0.46575,0.000322211796
166.0,0.35575,0.466,0.000322211796
166.0,0.355625,0.465875,0.000322211796
166.0,0.355875,0.466,0.000322211796
166.0,0.355875,0.466,0.000322211796
166.0,0.355875,0.466,0.000322211796
166.0,0.355875,0.466,0.000322211796
166.0,0.355875,0.466125,0.000322211796
166.0,0.355875,0.46625,0.000322211796
166.0,0.356125,0.466125,0.000322211796
166.0,0.356125,0.465875,0.000322211796
166.0,0.356125,0.46575,0.000322211796
166.0,0.355875,0.465625,0.000322211796
166.0,0.355625,0.465625,0.000322211796
166.0,0.356125,0.46575,0.000322211796
166.0,0.356375,0.46575,0.000322211796
166.0,0.35625,0.465625,0.000322211796
166.0,0.35625,0.465875,0.000322211796
166.0,0.35625,0.466,0.000322211796
166.0,0.356125,0.466,0.000322211796
166.0,0.355875,0.466,0.000322211796
166.0,0.35575,0.466,0.000322211796
166.0,0.35575,0.466,0.000322211796
166.0,0.355875,0.465875,0.000322211796
166.0,0.355875,0.46625,0.000322211796
166.0,0.356,0.466375,0.000322211796
166.0,0.356,0.466,0.000322211796
166.0,0.355875,0.465875,0.000322211796
166.0,0.355875,0.465625,0.000322211796
166.0,0.355625,0.46575,0.000322211796
166.0,0.35575,0.465625,0.000322211796
166.0,0.355875,0.46575,0.000322211796
166.0,0.35575,0.46575,0.000322211796
166.0,0.356125,0.465625,0.000322211796
166.0,0.356125,0.46575,0.000322211796
166.0,0.356,0.46575,0.000322211796
166.0,0.356125,0.465625,0.000322211796
166.0,0.35575,0.466,0.000322211796
166.0,0.35575,0.466,0.000322211796
166.0,0.355625,0.466,0.000322211796
166.0,0.355875,0.466125,0.000322211796
166.0,0.356,0.46625,0.000322211796
166.0,0.356125,0.466125,0.000322211796
166.0,0.35575,0.466,0.000322211796
166.0,0.35575,0.46575,0.000322211796
166.0,0.3555,0.4655,0.000322211796
166.0,0.355625,0.4655,0.000322211796
166.0,0.356,0.46575,0.000322211796
166.0,0.3565,0.46575,0.000322211796
166.0,0.356125,0.465625,0.000322211796
166.0,0.355875,0.466,0.000322211796
166.0,0.355875,0.466,0.000322211796
166.0,0.356125,0.466,0.000322211796
166.0,0.35575,0.466,0.000322211796
166.0,0.35575,0.466,0.000322211796
166.0,0.3555,0.465875,0.000322211796
166.0,0.355375,0.466,0.000322211796
166.0,0.355625,0.466,0.000322211796
166.0,0.35575,0.466125,0.000322211796
166.0,0.355875,0.466,0.000322211796
166.0,0.35575,0.465875,0.000322211796
166.0,0.355875,0.46575,0.000322211796
166.0,0.3555,0.46575,0.000322211796
166.0,0.35575,0.46575,0.000322211796
166.0,0.355875,0.46575,0.000322211796
166.0,0.356125,0.46575,0.000322211796
166.0,0.3565,0.46575,0.000322211796
166.0,0.356,0.46575,0.000322211796
166.0,0.356125,0.465875,0.000322211796
166.0,0.355875,0.465875,0.000322211796
166.0,0.355875,0.465875,0.000322211796
166.0,0.355875,0.466,0.000322211796
166.0,0.35575,0.466,0.000322211796
166.0,0.355875,0.466,0.000322211796
166.0,0.35575,0.466125,0.000322211796
166.0,0.356,0.466125,0.000322211796
166.0,0.356125,0.466,0.000322211796
166.0,0.356,0.465875,0.000322211796
166.0,0.35575,0.465625,0.000322211796
166.0,0.35575,0.4655,0.000322211796
166.0,0.356125,0.465625,0.000322211796
166.0,0.35625,0.46575,0.000322211796
166.0,0.35625,0.4655,0.000322211796
166.0,0.35575,0.46575,0.000322211796
166.0,0.355625,0.465875,0.000322211796
166.0,0.3555,0.465875,0.000322211796
166.0,0.3555,0.466,0.000322211796
166.0,0.355875,0.466,0.000322211796
166.0,0.356,0.466,0.000322211796
166.0,0.3555,0.466,0.000322211796
166.0,0.35575,0.466,0.000322211796
166.0,0.356125,0.466125,0.000322211796
166.0,0.35625,0.46625,0.000322211796
166.0,0.355875,0.466125,0.000322211796
166.0,0.355625,0.465625,0.000322211796
166.0,0.355625,0.465625,0.000322211796
166.0,0.355625,0.465625,0.000322211796
166.0,0.355875,0.465875,0.000322211796
166.0,0.356,0.465875,0.000322211796
166.0,0.355875,0.465625,0.000322211796
166.0,0.355625,0.46575,0.000322211796
166.0,0.355375,0.465875,0.000322211796
166.0,0.355375,0.46575,0.000322211796
166.0,0.355625,0.46575,0.000322211796
166.0,0.3555,0.466125,0.000322211796
166.0,0.355625,0.466125,0.000322211796
166.0,0.355625,0.466,0.000322211796
166.0,0.355625,0.466125,0.000322211796
166.0,0.355375,0.46625,0.000322211796
166.0,0.355875,0.466,0.000322211796
166.0,0.356,0.465875,0.000322211796
166.0,0.355875,0.465875,0.000322211796
166.0,0.355625,0.46575,0.000322211796
166.0,0.3555,0.46575,0.000322211796
166.0,0.356125,0.465625,0.000322211796
166.0,0.356125,0.465625,0.000322211796
166.0,0.356,0.4655,0.000322211796
166.0,0.355625,0.465625,0.000322211796
166.0,0.355875,0.46575,0.000322211796
166.0,0.355875,0.46575,0.000322211796
166.0,0.355875,0.465875,0.000322211796
166.0,0.35575,0.466125,0.000322211796
166.0,0.35575,0.466,0.000322211796
166.0,0.35575,0.466,0.000322211796
166.0,0.355875,0.46625,0.000322211796
166.0,0.356,0.46625,0.000322211796
166.0,0.356125,0.466,0.000322211796
166.0,0.356,0.466,0.000322211796
166.0,0.356125,0.465875,0.000322211796
166.0,0.356,0.46575,0.000322211796
166.0,0.356,0.465625,0.000322211796
166.0,0.356,0.46575,0.000322211796
166.0,0.356125,0.46575,0.000322211796
166.0,0.356125,0.4655,0.000322211796
167.0,0.392625,0.42825,0.000322070002
167.0,0.392625,0.428375,0.000322070002
167.0,0.392875,0.42825,0.000322070002
167.0,0.392875,0.428,0.000322070002
167.0,0.39275,0.42825,0.000322070002
167.0,0.392875,0.4285,0.000322070002
167.0,0.392625,0.428625,0.000322070002
167.0,0.3925,0.42875,0.000322070002
167.0,0.3925,0.42875,0.000322070002
167.0,0.3925,0.4285,0.000322070002
167.0,0.3925,0.428625,0.000322070002
167.0,0.392375,0.4285,0.000322070002
167.0,0.392875,0.428875,0.000322070002
167.0,0.393125,0.428875,0.000322070002
167.0,0.392875,0.428875,0.000322070002
167.0,0.392375,0.4285,0.000322070002
167.0,0.39275,0.428375,0.000322070002
167.0,0.392875,0.428375,0.000322070002
167.0,0.39275,0.42825,0.000322070002
167.0,0.392625,0.42825,0.000322070002
167.0,0.39275,0.428125,0.000322070002
167.0,0.393,0.428375,0.000322070002
167.0,0.393,0.42825,0.000322070002
167.0,0.392625,0.4285,0.000322070002
167.0,0.392625,0.4285,0.000322070002
167.0,0.392375,0.42875,0.000322070002
167.0,0.3925,0.42875,0.000322070002
167.0,0.392625,0.428625,0.000322070002
167.0,0.39275,0.42875,0.000322070002
167.0,0.39275,0.429125,0.000322070002
167.0,0.392875,0.428875,0.000322070002
167.0,0.392875,0.4285,0.000322070002
167.0,0.393,0.428375,0.000322070002
167.0,0.392625,0.428375,0.000322070002
167.0,0.392625,0.4285,0.000322070002
167.0,0.39275,0.428375,0.000322070002
167.0,0.392375,0.42825,0.000322070002
167.0,0.3925,0.42825,0.000322070002
167.0,0.39225,0.428375,0.000322070002
167.0,0.39225,0.428625,0.000322070002
167.0,0.39225,0.42875,0.000322070002
167.0,0.39225,0.42875,0.000322070002
167.0,0.392625,0.42875,0.000322070002
167.0,0.39275,0.42875,0.000322070002
167.0,0.393,0.428625,0.000322070002
167.0,0.392875,0.42875,0.000322070002
167.0,0.393125,0.429,0.000322070002
167.0,0.393,0.42875,0.000322070002
167.0,0.39225,0.4285,0.000322070002
167.0,0.3925,0.428375,0.000322070002
167.0,0.392625,0.42825,0.000322070002
167.0,0.392625,0.428375,0.000322070002
167.0,0.392875,0.42825,0.000322070002
167.0,0.39275,0.42825,0.000322070002
167.0,0.392875,0.42825,0.000322070002
167.0,0.393,0.4285,0.000322070002
167.0,0.392625,0.428375,0.000322070002
167.0,0.392625,0.428375,0.000322070002
167.0,0.392375,0.42875,0.000322070002
167.0,0.3925,0.42875,0.000322070002
167.0,0.392375,0.428625,0.000322070002
167.0,0.392375,0.42875,0.000322070002
167.0,0.392375,0.428875,0.000322070002
167.0,0.392625,0.428625,0.000322070002
167.0,0.392875,0.428875,0.000322070002
167.0,0.39275,0.42875,0.000322070002
167.0,0.39275,0.428625,0.000322070002
167.0,0.39275,0.4285,0.000322070002
167.0,0.393,0.4285,0.000322070002
167.0,0.393,0.428375,0.000322070002
167.0,0.393125,0.428375,0.000322070002
167.0,0.393,0.428625,0.000322070002
167.0,0.392625,0.428625,0.000322070002
167.0,0.392625,0.428625,0.000322070002
167.0,0.39225,0.428625,0.000322070002
167.0,0.392375,0.42875,0.000322070002
167.0,0.392125,0.428625,0.000322070002
167.0,0.39225,0.428625,0.000322070002
167.0,0.39225,0.42875,0.000322070002
167.0,0.3925,0.428625,0.000322070002
167.0,0.392375,0.42875,0.000322070002
167.0,0.392625,0.428375,0.000322070002
167.0,0.392875,0.428125,0.000322070002
167.0,0.392875,0.428375,0.000322070002
167.0,0.392375,0.4285,0.000322070002
167.0,0.39225,0.428375,0.000322070002
167.0,0.392625,0.42825,0.000322070002
167.0,0.392625,0.42825,0.000322070002
167.0,0.392375,0.428375,0.000322070002
167.0,0.392375,0.428375,0.000322070002
167.0,0.392375,0.428375,0.000322070002
167.0,0.39225,0.4285,0.000322070002
167.0,0.39225,0.428875,0.000322070002
167.0,0.39225,0.428625,0.000322070002
167.0,0.392625,0.428625,0.000322070002
167.0,0.392875,0.428875,0.000322070002
167.0,0.393125,0.429,0.000322070002
167.0,0.39275,0.42875,0.000322070002
167.0,0.392875,0.4285,0.000322070002
167.0,0.393,0.428625,0.000322070002
167.0,0.392625,0.4285,0.000322070002
167.0,0.392875,0.4285,0.000322070002
167.0,0.393125,0.4285,0.000322070002
167.0,0.39325,0.428375,0.000322070002
167.0,0.392625,0.42825,0.000322070002
167.0,0.392625,0.42825,0.000322070002
167.0,0.392125,0.4285,0.000322070002
167.0,0.3925,0.4285,0.000322070002
167.0,0.39275,0.428625,0.000322070002
167.0,0.392625,0.428625,0.000322070002
167.0,0.392375,0.428625,0.000322070002
167.0,0.392375,0.428625,0.000322070002
167.0,0.392875,0.42875,0.000322070002
167.0,0.393125,0.42875,0.000322070002
167.0,0.392875,0.428625,0.000322070002
167.0,0.393,0.428375,0.000322070002
167.0,0.393,0.428375,0.000322070002
167.0,0.392625,0.428375,0.000322070002
167.0,0.392375,0.4285,0.000322070002
167.0,0.39275,0.428375,0.000322070002
167.0,0.393,0.42825,0.000322070002
167.0,0.393,0.42825,0.000322070002
167.0,0.39275,0.4285,0.000322070002
167.0,0.392875,0.4285,0.000322070002
167.0,0.39275,0.428625,0.000322070002
167.0,0.39275,0.42875,0.000322070002
167.0,0.392625,0.42875,0.000322070002
167.0,0.392375,0.428625,0.000322070002
167.0,0.392375,0.42875,0.000322070002
167.0,0.3925,0.428875,0.000322070002
167.0,0.392625,0.428625,0.000322070002
167.0,0.39275,0.428625,0.000322070002
167.0,0.393,0.428375,0.000322070002
167.0,0.392875,0.428375,0.000322070002
167.0,0.3925,0.4285,0.000322070002
167.0,0.392875,0.4285,0.000322070002
167.0,0.39325,0.4285,0.000322070002
167.0,0.39325,0.42825,0.000322070002
167.0,0.392875,0.42825,0.000322070002
167.0,0.392625,0.4285,0.000322070002
167.0,0.3925,0.428625,0.000322070002
167.0,0.39225,0.42875,0.000322070002
167.0,0.392375,0.4285,0.000322070002
167.0,0.392375,0.428625,0.000322070002
167.0,0.392375,0.428625,0.000322070002
167.0,0.392875,0.429,0.000322070002
167.0,0.392875,0.429125,0.000322070002
167.0,0.392875,0.428875,0.000322070002
167.0,0.392875,0.4285,0.000322070002
167.0,0.393,0.428625,0.000322070002
167.0,0.392875,0.428625,0.000322070002
167.0,0.392875,0.4285,0.000322070002
167.0,0.39275,0.428375,0.000322070002
167.0,0.39275,0.428375,0.000322070002
167.0,0.39275,0.428375,0.000322070002
167.0,0.392875,0.4285,0.000322070002
167.0,0.392625,0.428625,0.000322070002
167.0,0.392625,0.428625,0.000322070002
167.0,0.39275,0.428625,0.000322070002
167.0,0.39275,0.42875,0.000322070002
167.0,0.3925,0.4285,0.000322070002
167.0,0.392375,0.428625,0.000322070002
167.0,0.392875,0.42875,0.000322070002
167.0,0.392875,0.42875,0.000322070002
167.0,0.392875,0.42875,0.000322070002
167.0,0.393125,0.4285,0.000322070002
167.0,0.393,0.428375,0.000322070002
167.0,0.3925,0.42825,0.000322070002
167.0,0.392375,0.4285,0.000322070002
168.0,0.430875,0.392375,0.000322152366
168.0,0.431125,0.392375,0.000322152366
168.0,0.431,0.392625,0.000322152366
168.0,0.43075,0.3925,0.000322152366
168.0,0.4305,0.392625,0.000322152366
168.0,0.430625,0.392625,0.000322152366
168.0,0.430625,0.39275,0.000322152366
168.0,0.430375,0.39275,0.000322152366
168.0,0.430375,0.39275,0.000322152366
168.0,0.431,0.393,0.000322152366
168.0,0.43125,0.393,0.000322152366
168.0,0.431,0.39275,0.000322152366
168.0,0.43075,0.3925,0.000322152366
168.0,0.431125,0.3925,0.000322152366
168.0,0.430875,0.3925,0.000322152366
168.0,0.430625,0.3925,0.000322152366
168.0,0.4305,0.3925,0.000322152366
168.0,0.431,0.3925,0.000322152366
168.0,0.431,0.3925,0.000322152366
168.0,0.430875,0.39275,0.000322152366
168.0,0.43075,0.392625,0.000322152366
168.0,0.430375,0.392625,0.000322152366
168.0,0.43025,0.39275,0.000322152366
168.0,0.43075,0.392875,0.000322152366
168.0,0.430625,0.392875,0.000322152366
168.0,0.430625,0.392875,0.000322152366
168.0,0.43075,0.392875,0.000322152366
168.0,0.431125,0.392875,0.000322152366
168.0,0.431,0.39275,0.000322152366
168.0,0.43075,0.392625,0.000322152366
168.0,0.431,0.392625,0.000322152366
168.0,0.431125,0.392375,0.000322152366
168.0,0.430875,0.3925,0.000322152366
168.0,0.431125,0.392625,0.000322152366
168.0,0.43125,0.392375,0.000322152366
168.0,0.431,0.3925,0.000322152366
168.0,0.430875,0.3925,0.000322152366
168.0,0.431,0.392625,0.000322152366
168.0,0.431,0.39275,0.000322152366
168.0,0.431125,0.39275,0.000322152366
168.0,0.431125,0.392625,0.000322152366
168.0,0.431125,0.392625,0.000322152366
168.0,0.43075,0.392875,0.000322152366
168.0,0.431125,0.392875,0.000322152366
168.0,0.43125,0.393,0.000322152366
168.0,0.43125,0.392875,0.000322152366
168.0,0.430875,0.392875,0.000322152366
168.0,0.431,0.392625,0.000322152366
168.0,0.43075,0.3925,0.000322152366
168.0,0.430625,0.3925,0.000322152366
168.0,0.43075,0.3925,0.000322152366
168.0,0.431,0.3925,0.000322152366
168.0,0.430625,0.39225,0.000322152366
168.0,0.430875,0.3925,0.000322152366
168.0,0.430875,0.3925,0.000322152366
168.0,0.43075,0.3925,0.000322152366
168.0,0.431125,0.39275,0.000322152366
168.0,0.431125,0.39275,0.000322152366
168.0,0.431,0.39275,0.000322152366
168.0,0.431,0.392875,0.000322152366
168.0,0.431,0.393,0.000322152366
168.0,0.4315,0.393,0.000322152366
168.0,0.43125,0.392625,0.000322152366
168.0,0.431,0.3925,0.000322152366
168.0,0.430625,0.3925,0.000322152366
168.0,0.43075,0.392375,0.000322152366
168.0,0.43125,0.392375,0.000322152366
168.0,0.431125,0.3925,0.000322152366
168.0,0.43075,0.3925,0.000322152366
168.0,0.430625,0.392625,0.000322152366
168.0,0.430625,0.392625,0.000322152366
168.0,0.4305,0.39275,0.000322152366
168.0,0.430875,0.392875,0.000322152366
168.0,0.430875,0.392875,0.000322152366
168.0,0.430875,0.39275,0.000322152366
168.0,0.43075,0.39275,0.000322152366
168.0,0.430875,0.392875,0.000322152366
168.0,0.431125,0.392875,0.000322152366
168.0,0.430875,0.39275,0.000322152366
168.0,0.43075,0.3925,0.000322152366
168.0,0.43075,0.392375,0.000322152366
168.0,0.43075,0.3925,0.000322152366
168.0,0.4305,0.3925,0.000322152366
168.0,0.431125,0.3925,0.000322152366
168.0,0.431375,0.3925,0.000322152366
168.0,0.431,0.392375,0.000322152366
168.0,0.430875,0.392625,0.000322152366
168.0,0.43075,0.39275,0.000322152366
168.0,0.430875,0.392875,0.000322152366
168.0,0.430875,0.392875,0.000322152366
168.0,0.430875,0.39275,0.000322152366
168.0,0.431125,0.39275,0.000322152366
168.0,0.430875,0.392625,0.000322152366
168.0,0.430875,0.392875,0.000322152366
168.0,0.430625,0.392875,0.000322152366
168.0,0.43075,0.392875,0.000322152366
168.0,0.43075,0.3925,0.000322152366
168.0,0.430875,0.39225,0.000322152366
168.0,0.4305,0.3925,0.000322152366
168.0,0.430875,0.3925,0.000322152366
168.0,0.431125,0.392375,0.000322152366
168.0,0.431,0.3925,0.000322152366
168.0,0.430875,0.3925,0.000322152366
168.0,0.431,0.392375,0.000322152366
168.0,0.431,0.392625,0.000322152366
168.0,0.431,0.392625,0.000322152366
168.0,0.43075,0.3925,0.000322152366
168.0,0.4305,0.39275,0.000322152366
168.0,0.43075,0.392625,0.000322152366
168.0,0.431,0.392875,0.000322152366
168.0,0.430875,0.392875,0.000322152366
168.0,0.43075,0.392625,0.000322152366
168.0,0.43075,0.3925,0.000322152366
168.0,0.431,0.392375,0.000322152366
168.0,0.431,0.392375,0.000322152366
168.0,0.431,0.3925,0.000322152366
168.0,0.431125,0.392375,0.000322152366
168.0,0.431375,0.392375,0.000322152366
168.0,0.43125,0.392375,0.000322152366
168.0,0.431125,0.392625,0.000322152366
168.0,0.430875,0.3925,0.000322152366
168.0,0.43075,0.3925,0.000322152366
168.0,0.43075,0.39275,0.000322152366
168.0,0.430625,0.392875,0.000322152366
168.0,0.430875,0.39275,0.000322152366
168.0,0.431,0.392625,0.000322152366
168.0,0.431125,0.392625,0.000322152366
168.0,0.431375,0.392875,0.000322152366
168.0,0.431125,0.39275,0.000322152366
168.0,0.431125,0.393,0.000322152366
168.0,0.431,0.39275,0.000322152366
168.0,0.431,0.3925,0.000322152366
168.0,0.430875,0.392375,0.000322152366
168.0,0.431125,0.3925,0.000322152366
168.0,0.43125,0.3925,0.000322152366
168.0,0.43125,0.3925,0.000322152366
168.0,0.431125,0.39275,0.000322152366
168.0,0.431125,0.39275,0.000322152366
168.0,0.431125,0.3925,0.000322152366
168.0,0.431,0.39275,0.000322152366
168.0,0.430625,0.392625,0.000322152366
168.0,0.430375,0.39275,0.000322152366
168.0,0.43025,0.392875,0.000322152366
168.0,0.430375,0.393,0.000322152366
168.0,0.43075,0.393,0.000322152366
168.0,0.430875,0.393125,0.000322152366
168.0,0.431,0.39275,0.000322152366
168.0,0.431125,0.392625,0.000322152366
168.0,0.431,0.392375,0.000322152366
168.0,0.431,0.3925,0.000322152366
168.0,0.431,0.3925,0.000322152366
168.0,0.43125,0.3925,0.000322152366
168.0,0.430875,0.392625,0.000322152366
168.0,0.430625,0.392625,0.000322152366
168.0,0.430625,0.392625,0.000322152366
168.0,0.4305,0.39275,0.000322152366
168.0,0.430375,0.39275,0.000322152366
168.0,0.431,0.392625,0.000322152366
168.0,0.430875,0.39275,0.000322152366
168.0,0.4305,0.39275,0.000322152366
168.0,0.43075,0.392875,0.000322152366
168.0,0.431,0.392875,0.000322152366
168.0,0.430875,0.39275,0.000322152366
168.0,0.43125,0.392625,0.000322152366
168.0,0.430875,0.392625,0.000322152366
168.0,0.430875,0.3925,0.000322152366
168.0,0.431125,0.392625,0.000322152366
168.0,0.431375,0.3925,0.000322152366
168.0,0.43125,0.392375,0.000322152366
169.0,0.470875,0.357875,0.00032208534
169.0,0.471,0.35775,0.00032208534
169.0,0.47125,0.357875,0.00032208534
169.0,0.47125,0.357625,0.00032208534
169.0,0.47075,0.3575,0.00032208534
169.0,0.4705,0.358,0.00032208534
169.0,0.470625,0.358,0.00032208534
169.0,0.47075,0.358125,0.00032208534
169.0,0.47075,0.358,0.00032208534
169.0,0.470875,0.358,0.00032208534
169.0,0.471,0.357875,0.00032208534
169.0,0.47125,0.358125,0.00032208534
169.0,0.471125,0.35825,0.00032208534
169.0,0.47075,0.358125,0.00032208534
169.0,0.47075,0.358,0.00032208534
169.0,0.471125,0.35775,0.00032208534
169.0,0.471,0.35775,0.00032208534
169.0,0.471125,0.357875,0.00032208534
169.0,0.47125,0.35775,0.00032208534
169.0,0.47125,0.35775,0.00032208534
169.0,0.47125,0.357625,0.00032208534
169.0,0.471125,0.358,0.00032208534
169.0,0.471,0.358,0.00032208534
169.0,0.471125,0.358125,0.00032208534
169.0,0.471125,0.35825,0.00032208534
169.0,0.47075,0.35825,0.00032208534
169.0,0.470375,0.358,0.00032208534
169.0,0.470625,0.358,0.00032208534
169.0,0.471125,0.35825,0.00032208534
169.0,0.471375,0.35825,0.00032208534
169.0,0.471375,0.358,0.00032208534
169.0,0.471125,0.357875,0.00032208534
169.0,0.4715,0.357875,0.00032208534
169.0,0.47125,0.357875,0.00032208534
169.0,0.4715,0.357875,0.00032208534
169.0,0.47125,0.35775,0.00032208534
169.0,0.4715,0.357875,0.00032208534
169.0,0.471125,0.357875,0.00032208534
169.0,0.470625,0.35825,0.00032208534
169.0,0.470625,0.358125,0.00032208534
169.0,0.470625,0.358,0.00032208534
169.0,0.471,0.358,0.00032208534
169.0,0.471,0.358125,0.00032208534
169.0,0.471,0.357875,0.00032208534
169.0,0.471125,0.358,0.00032208534
169.0,0.471,0.35825,0.00032208534
169.0,0.471125,0.35825,0.00032208534
169.0,0.47125,0.358,0.00032208534
169.0,0.47125,0.357875,0.00032208534
169.0,0.47125,0.35775,0.00032208534
169.0,0.471125,0.358,0.00032208534
169.0,0.47125,0.35775,0.00032208534
169.0,0.47125,0.35775,0.00032208534
169.0,0.471,0.35775,0.00032208534
169.0,0.4705,0.35775,0.00032208534
169.0,0.470375,0.3575,0.00032208534
169.0,0.4705,0.357875,0.00032208534
169.0,0.4705,0.357875,0.00032208534
169.0,0.47075,0.35825,0.00032208534
169.0,0.471,0.358125,0.00032208534
169.0,0.471,0.358,0.00032208534
169.0,0.471,0.358125,0.00032208534
169.0,0.470625,0.35825,0.00032208534
169.0,0.47125,0.35825,0.00032208534
169.0,0.47125,0.358125,0.00032208534
169.0,0.471125,0.357875,0.00032208534
169.0,0.470875,0.35775,0.00032208534
169.0,0.470875,0.357875,0.00032208534
169.0,0.471375,0.357875,0.00032208534
169.0,0.471125,0.357875,0.00032208534
169.0,0.47075,0.357875,0.00032208534
169.0,0.470875,0.357875,0.00032208534
169.0,0.47075,0.357875,0.00032208534
169.0,0.47075,0.357875,0.00032208534
169.0,0.470625,0.358,0.00032208534
169.0,0.471,0.358,0.00032208534
169.0,0.47125,0.358,0.00032208534
169.0,0.470875,0.358,0.00032208534
169.0,0.470625,0.358,0.00032208534
169.0,0.470625,0.358125,0.00032208534
169.0,0.470625,0.358125,0.00032208534
169.0,0.470875,0.357875,0.00032208534
169.0,0.471125,0.35775,0.00032208534
169.0,0.470875,0.35775,0.00032208534
169.0,0.47125,0.357625,0.00032208534
169.0,0.4715,0.357625,0.00032208534
169.0,0.471375,0.357625,0.00032208534
169.0,0.4715,0.35775,0.00032208534
169.0,0.471125,0.357875,0.00032208534
169.0,0.471125,0.357875,0.00032208534
169.0,0.471,0.357875,0.00032208534
169.0,0.470625,0.358,0.00032208534
169.0,0.470375,0.358,0.00032208534
169.0,0.47075,0.358125,0.00032208534
169.0,0.47125,0.358125,0.00032208534
169.0,0.471375,0.35825,0.00032208534
169.0,0.471,0.35825,0.00032208534
169.0,0.470875,0.357875,0.00032208534
169.0,0.471375,0.357625,0.00032208534
169.0,0.47125,0.357625,0.00032208534
169.0,0.471125,0.35775,0.00032208534
169.0,0.47125,0.357875,0.00032208534
169.0,0.47125,0.35775,0.00032208534
169.0,0.471125,0.357625,0.00032208534
169.0,0.471,0.357625,0.00032208534
169.0,0.471,0.358,0.00032208534
169.0,0.471,0.358,0.00032208534
169.0,0.471125,0.357875,0.00032208534
169.0,0.47125,0.358125,0.00032208534
169.0,0.471125,0.358,0.00032208534
169.0,0.471,0.357875,0.00032208534
169.0,0.471125,0.358,0.00032208534
169.0,0.471125,0.358,0.00032208534
169.0,0.471,0.35825,0.00032208534
169.0,0.471125,0.358,0.00032208534
169.0,0.471,0.358,0.00032208534
169.0,0.471,0.357875,0.00032208534
169.0,0.471,0.35775,0.00032208534
169.0,0.471125,0.358,0.00032208534
169.0,0.471125,0.35775,0.00032208534
169.0,0.471,0.35775,0.00032208534
169.0,0.471,0.357875,0.00032208534
169.0,0.470875,0.357875,0.00032208534
169.0,0.470875,0.357875,0.00032208534
169.0,0.470875,0.357875,0.00032208534
169.0,0.471125,0.358,0.00032208534
169.0,0.470875,0.358,0.00032208534
169.0,0.47075,0.357875,0.00032208534
169.0,0.47075,0.358125,0.00032208534
169.0,0.471125,0.35825,0.00032208534
169.0,0.471125,0.358125,0.00032208534
169.0,0.4715,0.358,0.00032208534
169.0,0.471125,0.358125,0.00032208534
169.0,0.471375,0.357875,0.00032208534
169.0,0.471375,0.357875,0.00032208534
169.0,0.4715,0.357875,0.00032208534
169.0,0.4715,0.35775,0.00032208534
169.0,0.4715,0.35775,0.00032208534
169.0,0.47125,0.35775,0.00032208534
169.0,0.47075,0.358,0.00032208534
169.0,0.471,0.357875,0.00032208534
169.0,0.471,0.358,0.00032208534
169.0,0.471,0.358,0.00032208534
169.0,0.470625,0.357875,0.00032208534
169.0,0.470875,0.357875,0.00032208534
169.0,0.47125,0.358,0.00032208534
169.0,0.471375,0.358,0.00032208534
169.0,0.471,0.357875,0.00032208534
169.0,0.471125,0.357875,0.00032208534
169.0,0.471,0.357875,0.00032208534
169.0,0.470625,0.357875,0.00032208534
169.0,0.47075,0.358,0.00032208534
169.0,0.471125,0.358,0.00032208534
169.0,0.4715,0.357875,0.00032208534
169.0,0.4715,0.357875,0.00032208534
169.0,0.4715,0.35775,0.00032208534
169.0,0.47075,0.357875,0.00032208534
169.0,0.470375,0.357875,0.00032208534
169.0,0.4705,0.358125,0.00032208534
169.0,0.4705,0.357875,0.00032208534
169.0,0.470625,0.358,0.00032208534
169.0,0.47075,0.358125,0.00032208534
169.0,0.471,0.35825,0.00032208534
169.0,0.470875,0.358125,0.00032208534
169.0,0.471125,0.358,0.00032208534
169.0,0.471375,0.357875,0.00032208534
169.0,0.471125,0.357625,0.00032208534
169.0,0.470875,0.35775,0.00032208534
169.0,0.47125,0.357875,0.00032208534
170.0,0.5115,0.325375,0.000322171865
170.0,0.5115,0.32525,0.000322171865
170.0,0.511625,0.3255,0.000322171865
170.0,0.51175,0.325375,0.000322171865
170.0,0.511625,0.325375,0.000322171865
170.0,0.511875,0.3255,0.000322171865
170.0,0.51175,0.325625,0.000322171865
170.0,0.511875,0.325625,0.000322171865
170.0,0.511875,0.325625,0.000322171865
170.0,0.511875,0.3255,0.000322171865
170.0,0.512125,0.32525,0.000322171865
170.0,0.511875,0.325,0.000322171865
170.0,0.51175,0.325,0.000322171865
170.0,0.511875,0.325125,0.000322171865
170.0,0.512375,0.32525,0.000322171865
170.0,0.51225,0.325125,0.000322171865
170.0,0.511625,0.325375,0.000322171865
170.0,0.51175,0.3255,0.000322171865
170.0,0.511875,0.325375,0.000322171865
170.0,0.511875,0.32525,0.000322171865
170.0,0.51175,0.325375,0.000322171865
170.0,0.511875,0.325375,0.000322171865
170.0,0.511875,0.3255,0.000322171865
170.0,0.512,0.32525,0.000322171865
170.0,0.512,0.32525,0.000322171865
170.0,0.512,0.325375,0.000322171865
170.0,0.512,0.3255,0.000322171865
170.0,0.51225,0.325375,0.000322171865
170.0,0.512125,0.325125,0.000322171865
170.0,0.511625,0.325125,0.000322171865
170.0,0.51175,0.325,0.000322171865
170.0,0.51225,0.324875,0.000322171865
170.0,0.512,0.32525,0.000322171865
170.0,0.512,0.325375,0.000322171865
170.0,0.511875,0.325375,0.000322171865
170.0,0.511625,0.3255,0.000322171865
170.0,0.51175,0.3255,0.000322171865
170.0,0.511625,0.3255,0.000322171865
170.0,0.511625,0.3255,0.000322171865
170.0,0.511625,0.325625,0.000322171865
170.0,0.512,0.32575,0.000322171865
170.0,0.512,0.32575,0.000322171865
170.0,0.512125,0.325625,0.000322171865
170.0,0.511875,0.325625,0.000322171865
170.0,0.51175,0.32525,0.000322171865
170.0,0.5115,0.325125,0.000322171865
170.0,0.51175,0.32525,0.000322171865
170.0,0.512125,0.325125,0.000322171865
170.0,0.512125,0.325125,0.000322171865
170.0,0.511625,0.32525,0.000322171865
170.0,0.512,0.325375,0.000322171865
170.0,0.511875,0.325375,0.000322171865
170.0,0.511875,0.32525,0.000322171865
170.0,0.511625,0.32525,0.000322171865
170.0,0.5115,0.325375,0.000322171865
170.0,0.5115,0.3255,0.000322171865
170.0,0.511875,0.3255,0.000322171865
170.0,0.511875,0.3255,0.000322171865
170.0,0.512,0.325625,0.000322171865
170.0,0.512,0.325375,0.000322171865
170.0,0.511875,0.325125,0.000322171865
170.0,0.5115,0.325,0.000322171865
170.0,0.511375,0.325125,0.000322171865
170.0,0.51175,0.325125,0.000322171865
170.0,0.511875,0.32525,0.000322171865
170.0,0.512,0.3255,0.000322171865
170.0,0.512125,0.32525,0.000322171865
170.0,0.511875,0.325125,0.000322171865
170.0,0.5115,0.325375,0.000322171865
170.0,0.51175,0.3255,0.000322171865
170.0,0.511875,0.3255,0.000322171865
170.0,0.51175,0.325375,0.000322171865
170.0,0.512,0.325625,0.000322171865
170.0,0.512,0.325625,0.000322171865
170.0,0.512125,0.3255,0.000322171865
170.0,0.511625,0.325375,0.000322171865
170.0,0.5115,0.325375,0.000322171865
170.0,0.51175,0.32525,0.000322171865
170.0,0.5115,0.325,0.000322171865
170.0,0.511875,0.325125,0.000322171865
170.0,0.512125,0.325125,0.000322171865
170.0,0.512,0.325125,0.000322171865
170.0,0.512125,0.325125,0.000322171865
170.0,0.511875,0.325125,0.000322171865
170.0,0.51175,0.32525,0.000322171865
170.0,0.5115,0.325125,0.000322171865
170.0,0.5115,0.325375,0.000322171865
170.0,0.51175,0.32525,0.000322171865
170.0,0.51175,0.325375,0.000322171865
170.0,0.51175,0.325375,0.000322171865
170.0,0.51175,0.325625,0.000322171865
170.0,0.512,0.325625,0.000322171865
170.0,0.51175,0.3255,0.000322171865
170.0,0.512,0.32525,0.000322171865
170.0,0.51175,0.32525,0.000322171865
170.0,0.5115,0.325125,0.000322171865
170.0,0.512,0.32525,0.000322171865
170.0,0.51225,0.325125,0.000322171865
170.0,0.51175,0.324875,0.000322171865
170.0,0.51125,0.3255,0.000322171865
170.0,0.511625,0.325375,0.000322171865
170.0,0.511375,0.32525,0.000322171865
170.0,0.511625,0.325375,0.000322171865
170.0,0.5115,0.325375,0.000322171865
170.0,0.511375,0.32525,0.000322171865
170.0,0.511375,0.32525,0.000322171865
170.0,0.511625,0.3255,0.000322171865
170.0,0.51175,0.3255,0.000322171865
170.0,0.51175,0.325375,0.000322171865
170.0,0.51175,0.32525,0.000322171865
170.0,0.512,0.32525,0.000322171865
170.0,0.51175,0.325125,0.000322171865
170.0,0.51175,0.325125,0.000322171865
170.0,0.512,0.325125,0.000322171865
170.0,0.512375,0.325,0.000322171865
170.0,0.512125,0.325,0.000322171865
170.0,0.512,0.325375,0.000322171865
170.0,0.512125,0.32525,0.000322171865
170.0,0.511625,0.325375,0.000322171865
170.0,0.511375,0.3255,0.000322171865
170.0,0.511375,0.3255,0.000322171865
170.0,0.511375,0.3255,0.000322171865
170.0,0.511625,0.325375,0.000322171865
170.0,0.51175,0.325375,0.000322171865
170.0,0.511625,0.3255,0.000322171865
170.0,0.512,0.325375,0.000322171865
170.0,0.512125,0.32525,0.000322171865
170.0,0.51225,0.32525,0.000322171865
170.0,0.511625,0.32525,0.000322171865
170.0,0.5115,0.325375,0.000322171865
170.0,0.511875,0.32525,0.000322171865
170.0,0.511625,0.32525,0.000322171865
170.0,0.511875,0.32525,0.000322171865
170.0,0.511625,0.32525,0.000322171865
170.0,0.5115,0.325375,0.000322171865
170.0,0.5115,0.3255,0.000322171865
170.0,0.511625,0.3255,0.000322171865
170.0,0.511875,0.3255,0.000322171865
170.0,0.511875,0.325375,0.000322171865
170.0,0.511875,0.325375,0.000322171865
170.0,0.511625,0.325625,0.000322171865
170.0,0.511625,0.3255,0.000322171865
170.0,0.511875,0.3255,0.000322171865
170.0,0.512,0.32525,0.000322171865
170.0,0.5115,0.32525,0.000322171865
170.0,0.511625,0.32525,0.000322171865
170.0,0.512125,0.325375,0.000322171865
170.0,0.512125,0.325125,0.000322171865
170.0,0.512125,0.325125,0.000322171865
170.0,0.512,0.325125,0.000322171865
170.0,0.511875,0.3255,0.000322171865
170.0,0.511875,0.325375,0.000322171865
170.0,0.511625,0.32575,0.000322171865
170.0,0.512,0.3255,0.000322171865
170.0,0.512,0.3255,0.000322171865
170.0,0.511875,0.32525,0.000322171865
170.0,0.5115,0.325375,0.000322171865
170.0,0.511625,0.325625,0.000322171865
170.0,0.512125,0.32575,0.000322171865
170.0,0.512,0.3255,0.000322171865
170.0,0.512,0.325375,0.000322171865
170.0,0.51175,0.325,0.000322171865
170.0,0.51175,0.32525,0.000322171865
170.0,0.512,0.32525,0.000322171865
170.0,0.512125,0.325,0.000322171865
170.0,0.512,0.32525,0.000322171865
170.0,0.511625,0.32525,0.000322171865
170.0,0.511375,0.3255,0.000322171865
170.0,0.511375,0.325375,0.000322171865
171.0,0.554375,0.293625,0.000322064327
171.0,0.5545,0.2935,0.000322064327
171.0,0.5545,0.2935,0.000322064327
171.0,0.554625,0.293625,0.000322064327
171.0,0.554625,0.293625,0.000322064327
171.0,0.55425,0.293875,0.000322064327
171.0,0.55425,0.293875,0.000322064327
171.0,0.554375,0.293875,0.000322064327
171.0,0.554375,0.293875,0.000322064327
171.0,0.554625,0.29375,0.000322064327
171.0,0.5545,0.29375,0.000322064327
171.0,0.554375,0.294125,0.000322064327
171.0,0.5545,0.293875,0.000322064327
171.0,0.55475,0.294125,0.000322064327
171.0,0.554625,0.29375,0.000322064327
171.0,0.55475,0.293625,0.000322064327
171.0,0.5545,0.293625,0.000322064327
171.0,0.5545,0.293625,0.000322064327
171.0,0.554875,0.293625,0.000322064327
171.0,0.554875,0.2935,0.000322064327
171.0,0.554875,0.2935,0.000322064327
171.0,0.5545,0.29375,0.000322064327
171.0,0.55425,0.293625,0.000322064327
171.0,0.554125,0.29375,0.000322064327
171.0,0.554125,0.29375,0.000322064327
171.0,0.55425,0.293875,0.000322064327
171.0,0.554375,0.29375,0.000322064327
171.0,0.554375,0.29375,0.000322064327
171.0,0.554625,0.293875,0.000322064327
171.0,0.554375,0.29375,0.000322064327
171.0,0.5545,0.293875,0.000322064327
171.0,0.5545,0.293625,0.000322064327
171.0,0.5545,0.293625,0.000322064327
171.0,0.5545,0.293625,0.000322064327
171.0,0.5545,0.293625,0.000322064327
171.0,0.554375,0.29375,0.000322064327
171.0,0.554375,0.2935,0.000322064327
171.0,0.5545,0.293625,0.000322064327
171.0,0.554375,0.294,0.000322064327
171.0,0.554375,0.293875,0.000322064327
171.0,0.55425,0.29375,0.000322064327
171.0,0.55425,0.29375,0.000322064327
171.0,0.554125,0.294,0.000322064327
171.0,0.554,0.293875,0.000322064327
171.0,0.554125,0.293875,0.000322064327
171.0,0.5545,0.294125,0.000322064327
171.0,0.5545,0.294125,0.000322064327
171.0,0.555,0.294,0.000322064327
171.0,0.554875,0.293625,0.000322064327
171.0,0.554625,0.293625,0.000322064327
171.0,0.554375,0.2935,0.000322064327
171.0,0.554625,0.29375,0.000322064327
171.0,0.554875,0.293625,0.000322064327
171.0,0.554875,0.2935,0.000322064327
171.0,0.55475,0.293625,0.000322064327
171.0,0.554375,0.29375,0.000322064327
171.0,0.554,0.29375,0.000322064327
171.0,0.554,0.29375,0.000322064327
171.0,0.55425,0.29375,0.000322064327
171.0,0.55475,0.29375,0.000322064327
171.0,0.55425,0.29375,0.000322064327
171.0,0.554375,0.293875,0.000322064327
171.0,0.55425,0.294125,0.000322064327
171.0,0.554625,0.294,0.000322064327
171.0,0.55475,0.29375,0.000322064327
171.0,0.55475,0.29375,0.000322064327
171.0,0.5545,0.293625,0.000322064327
171.0,0.554125,0.293625,0.000322064327
171.0,0.5545,0.2935,0.000322064327
171.0,0.554625,0.293625,0.000322064327
171.0,0.5545,0.29375,0.000322064327
171.0,0.554375,0.293625,0.000322064327
171.0,0.554375,0.293625,0.000322064327
171.0,0.554375,0.293625,0.000322064327
171.0,0.554375,0.29375,0.000322064327
171.0,0.55425,0.293875,0.000322064327
171.0,0.554125,0.293875,0.000322064327
171.0,0.554125,0.294,0.000322064327
171.0,0.554125,0.294125,0.000322064327
171.0,0.554375,0.29425,0.000322064327
171.0,0.5545,0.294125,0.000322064327
171.0,0.5545,0.293875,0.000322064327
171.0,0.55475,0.2935,0.000322064327
171.0,0.5545,0.293625,0.000322064327
171.0,0.554375,0.29375,0.000322064327
171.0,0.55425,0.29375,0.000322064327
171.0,0.554375,0.29375,0.000322064327
171.0,0.55425,0.293625,0.000322064327
171.0,0.554625,0.29375,0.000322064327
171.0,0.554625,0.29375,0.000322064327
171.0,0.554375,0.29375,0.000322064327
171.0,0.554375,0.293875,0.000322064327
171.0,0.5545,0.29375,0.000322064327
171.0,0.554375,0.293875,0.000322064327
171.0,0.5545,0.293875,0.000322064327
171.0,0.554625,0.294125,0.000322064327
171.0,0.55475,0.293875,0.000322064327
171.0,0.554625,0.29375,0.000322064327
171.0,0.5545,0.293625,0.000322064327
171.0,0.554375,0.29375,0.000322064327
171.0,0.5545,0.2935,0.000322064327
171.0,0.5545,0.2935,0.000322064327
171.0,0.5545,0.2935,0.000322064327
171.0,0.5545,0.293375,0.000322064327
171.0,0.554625,0.293375,0.000322064327
171.0,0.554625,0.293375,0.000322064327
171.0,0.55475,0.29375,0.000322064327
171.0,0.554375,0.293875,0.000322064327
171.0,0.5545,0.294,0.000322064327
171.0,0.5545,0.293875,0.000322064327
171.0,0.5545,0.29375,0.000322064327
171.0,0.554375,0.293875,0.000322064327
171.0,0.554875,0.294,0.000322064327
171.0,0.555,0.293875,0.000322064327
171.0,0.554625,0.293625,0.000322064327
171.0,0.554375,0.29375,0.000322064327
171.0,0.554,0.29375,0.000322064327
171.0,0.554,0.293875,0.000322064327
171.0,0.55475,0.293625,0.000322064327
171.0,0.55475,0.2935,0.000322064327
171.0,0.55425,0.29375,0.000322064327
171.0,0.55425,0.29375,0.000322064327
171.0,0.554,0.293625,0.000322064327
171.0,0.554125,0.293625,0.000322064327
171.0,0.55425,0.293875,0.000322064327
171.0,0.554125,0.294,0.000322064327
171.0,0.554,0.294,0.000322064327
171.0,0.554125,0.29375,0.000322064327
171.0,0.554375,0.294,0.000322064327
171.0,0.5545,0.294,0.000322064327
171.0,0.5545,0.294,0.000322064327
171.0,0.554625,0.293875,0.000322064327
171.0,0.5545,0.293625,0.000322064327
171.0,0.554125,0.293375,0.000322064327
171.0,0.55425,0.2935,0.000322064327
171.0,0.5545,0.2935,0.000322064327
171.0,0.554625,0.293625,0.000322064327
171.0,0.554375,0.293875,0.000322064327
171.0,0.554375,0.293875,0.000322064327
171.0,0.554,0.293875,0.000322064327
171.0,0.554,0.293875,0.000322064327
171.0,0.554,0.29375,0.000322064327
171.0,0.554375,0.294,0.000322064327
171.0,0.554125,0.293875,0.000322064327
171.0,0.554125,0.293875,0.000322064327
171.0,0.55425,0.294,0.000322064327
171.0,0.554625,0.293875,0.000322064327
171.0,0.554875,0.29375,0.000322064327
171.0,0.554875,0.293625,0.000322064327
171.0,0.5545,0.293625,0.000322064327
171.0,0.55425,0.293625,0.000322064327
171.0,0.554375,0.2935,0.000322064327
171.0,0.55475,0.293625,0.000322064327
171.0,0.554625,0.29375,0.000322064327
171.0,0.554625,0.29375,0.000322064327
171.0,0.554125,0.293875,0.000322064327
171.0,0.554,0.29375,0.000322064327
171.0,0.554625,0.294,0.000322064327
171.0,0.5545,0.294,0.000322064327
171.0,0.554125,0.293875,0.000322064327
171.0,0.553875,0.29375,0.000322064327
171.0,0.554375,0.293875,0.000322064327
171.0,0.554875,0.294,0.000322064327
171.0,0.554625,0.29375,0.000322064327
171.0,0.55475,0.293875,0.000322064327
171.0,0.554875,0.29375,0.000322064327
171.0,0.554625,0.29375,0.000322064327
171.0,0.55425,0.293625,0.000322064327
171.0,0.554375,0.293625,0.000322064327
172.0,0.59825,0.263625,0.000322132284
172.0,0.598375,0.26375,0.000322132284
172.0,0.598625,0.2635,0.000322132284
172.0,0.598625,0.2635,0.000322132284
172.0,0.5985,0.263625,0.000322132284
172.0,0.598375,0.26375,0.000322132284
172.0,0.598875,0.26375,0.000322132284
172.0,0.599,0.263625,0.000322132284
172.0,0.599,0.263625,0.000322132284
172.0,0.599,0.2635,0.000322132284
172.0,0.598875,0.26325,0.000322132284
172.0,0.598625,0.26325,0.000322132284
172.0,0.59875,0.2635,0.000322132284
172.0,0.598875,0.263375,0.000322132284
172.0,0.598875,0.2635,0.000322132284
172.0,0.59875,0.2635,0.000322132284
172.0,0.598375,0.263625,0.000322132284
172.0,0.59875,0.263625,0.000322132284
172.0,0.5985,0.263875,0.000322132284
172.0,0.598375,0.26375,0.000322132284
172.0,0.598375,0.263625,0.000322132284
172.0,0.5985,0.2635,0.000322132284
172.0,0.598625,0.263625,0.000322132284
172.0,0.598625,0.2635,0.000322132284
172.0,0.598625,0.2635,0.000322132284
172.0,0.598875,0.263375,0.000322132284
172.0,0.59875,0.263625,0.000322132284
172.0,0.598375,0.263375,0.000322132284
172.0,0.598375,0.2635,0.000322132284
172.0,0.598375,0.263625,0.000322132284
172.0,0.59875,0.263375,0.000322132284
172.0,0.598625,0.26325,0.000322132284
172.0,0.598375,0.2635,0.000322132284
172.0,0.598,0.26375,0.000322132284
172.0,0.59825,0.263875,0.000322132284
172.0,0.5985,0.26375,0.000322132284
172.0,0.59875,0.26375,0.000322132284
172.0,0.598375,0.26375,0.000322132284
172.0,0.5985,0.263875,0.000322132284
172.0,0.598625,0.263875,0.000322132284
172.0,0.598625,0.26375,0.000322132284
172.0,0.598625,0.26375,0.000322132284
172.0,0.599,0.263625,0.000322132284
172.0,0.599,0.2635,0.000322132284
172.0,0.59875,0.2635,0.000322132284
172.0,0.599,0.2635,0.000322132284
172.0,0.599,0.263375,0.000322132284
172.0,0.599,0.263375,0.000322132284
172.0,0.598625,0.263625,0.000322132284
172.0,0.59875,0.26375,0.000322132284
172.0,0.5985,0.26375,0.000322132284
172.0,0.5985,0.263625,0.000322132284
172.0,0.598625,0.263625,0.000322132284
172.0,0.598625,0.2635,0.000322132284
172.0,0.598875,0.263625,0.000322132284
172.0,0.598875,0.26375,0.000322132284
172.0,0.59875,0.263625,0.000322132284
172.0,0.59875,0.263625,0.000322132284
172.0,0.598625,0.263625,0.000322132284
172.0,0.5985,0.2635,0.000322132284
172.0,0.598625,0.263375,0.000322132284
172.0,0.598875,0.2635,0.000322132284
172.0,0.598875,0.263375,0.000322132284
172.0,0.59875,0.26325,0.000322132284
172.0,0.598625,0.263375,0.000322132284
172.0,0.59875,0.26375,0.000322132284
172.0,0.5985,0.26375,0.000322132284
172.0,0.59825,0.263625,0.000322132284
172.0,0.5985,0.26375,0.000322132284
172.0,0.598375,0.263625,0.000322132284
172.0,0.5985,0.26375,0.000322132284
172.0,0.5985,0.26375,0.000322132284
172.0,0.598875,0.263875,0.000322132284
172.0,0.598875,0.263875,0.000322132284
172.0,0.59875,0.26375,0.000322132284
172.0,0.5985,0.263875,0.000322132284
172.0,0.598625,0.263375,0.000322132284
172.0,0.598125,0.26325,0.000322132284
172.0,0.598375,0.2635,0.000322132284
172.0,0.59875,0.263375,0.000322132284
172.0,0.598375,0.2635,0.000322132284
172.0,0.598625,0.2635,0.000322132284
172.0,0.598625,0.2635,0.000322132284
172.0,0.5985,0.263375,0.000322132284
172.0,0.59875,0.2635,0.000322132284
172.0,0.598625,0.26375,0.000322132284
172.0,0.5985,0.263625,0.000322132284
172.0,0.598,0.263875,0.000322132284
172.0,0.598125,0.26375,0.000322132284
172.0,0.598125,0.26375,0.000322132284
172.0,0.5985,0.26375,0.000322132284
172.0,0.5985,0.263625,0.000322132284
172.0,0.59875,0.263625,0.000322132284
172.0,0.59825,0.2635,0.000322132284
172.0,0.59825,0.2635,0.000322132284
172.0,0.59875,0.263625,0.000322132284
172.0,0.599,0.263625,0.000322132284
172.0,0.59875,0.263375,0.000322132284
172.0,0.59825,0.263375,0.000322132284
172.0,0.598375,0.263625,0.000322132284
172.0,0.598625,0.263625,0.000322132284
172.0,0.598375,0.26375,0.000322132284
172.0,0.59825,0.26375,0.000322132284
172.0,0.59825,0.2635,0.000322132284
172.0,0.598375,0.263625,0.000322132284
172.0,0.598375,0.263625,0.000322132284
172.0,0.59825,0.263625,0.000322132284
172.0,0.598625,0.263625,0.000322132284
172.0,0.59875,0.263625,0.000322132284
172.0,0.599,0.263375,0.000322132284
172.0,0.59875,0.263375,0.000322132284
172.0,0.598625,0.2635,0.000322132284
172.0,0.598625,0.2635,0.000322132284
172.0,0.598375,0.2635,0.000322132284
172.0,0.598625,0.263625,0.000322132284
172.0,0.598875,0.263625,0.000322132284
172.0,0.59875,0.26375,0.000322132284
172.0,0.59875,0.26375,0.000322132284
172.0,0.59875,0.26375,0.000322132284
172.0,0.5985,0.26375,0.000322132284
172.0,0.5985,0.263625,0.000322132284
172.0,0.5985,0.263625,0.000322132284
172.0,0.598625,0.26375,0.000322132284
172.0,0.59875,0.263625,0.000322132284
172.0,0.59825,0.263875,0.000322132284
172.0,0.59825,0.263625,0.000322132284
172.0,0.598625,0.263625,0.000322132284
172.0,0.598625,0.263375,0.000322132284
172.0,0.598625,0.263375,0.000322132284
172.0,0.598875,0.26325,0.000322132284
172.0,0.599,0.263375,0.000322132284
172.0,0.599125,0.263625,0.000322132284
172.0,0.598625,0.263625,0.000322132284
172.0,0.598375,0.263625,0.000322132284
172.0,0.59825,0.263625,0.000322132284
172.0,0.598625,0.263625,0.000322132284
172.0,0.5985,0.263625,0.000322132284
172.0,0.59875,0.2635,0.000322132284
172.0,0.59875,0.2635,0.000322132284
172.0,0.59875,0.26375,0.000322132284
172.0,0.59875,0.263625,0.000322132284
172.0,0.598625,0.26375,0.000322132284
172.0,0.598875,0.2635,0.000322132284
172.0,0.598875,0.26325,0.000322132284
172.0,0.5985,0.263375,0.000322132284
172.0,0.5985,0.263375,0.000322132284
172.0,0.598875,0.2635,0.000322132284
172.0,0.59875,0.2635,0.000322132284
172.0,0.598875,0.26375,0.000322132284
172.0,0.59875,0.263875,0.000322132284
172.0,0.5985,0.26375,0.000322132284
172.0,0.598125,0.263625,0.000322132284
172.0,0.598375,0.263625,0.000322132284
172.0,0.598375,0.2635,0.000322132284
172.0,0.598375,0.2635,0.000322132284
172.0,0.59825,0.26375,0.000322132284
172.0,0.5985,0.263875,0.000322132284
172.0,0.59875,0.264,0.000322132284
172.0,0.599125,0.263875,0.000322132284
172.0,0.599,0.26375,0.000322132284
172.0,0.5985,0.263625,0.000322132284
172.0,0.59825,0.2635,0.000322132284
172.0,0.598625,0.263625,0.000322132284
172.0,0.59825,0.2635,0.000322132284
172.0,0.598375,0.263375,0.000322132284
172.0,0.59875,0.263375,0.000322132284
172.0,0.59875,0.263625,0.000322132284
172.0,0.598625,0.2635,0.000322132284
172.0,0.598875,0.26375,0.000322132284
173.0,0.644375,0.234875,0.000321956351
173.0,0.644375,0.234625,0.000321956351
173.0,0.6445,0.234625,0.000321956351
173.0,0.644375,0.23475,0.000321956351
173.0,0.644875,0.234625,0.000321956351
173.0,0.645125,0.2345,0.000321956351
173.0,0.644875,0.2345,0.000321956351
173.0,0.644625,0.23475,0.000321956351
173.0,0.644625,0.23475,0.000321956351
173.0,0.644125,0.234875,0.000321956351
173.0,0.644125,0.234875,0.000321956351
173.0,0.644,0.234875,0.000321956351
173.0,0.64375,0.23475,0.000321956351
173.0,0.644125,0.234875,0.000321956351
173.0,0.644625,0.235,0.000321956351
173.0,0.644375,0.235,0.000321956351
173.0,0.644,0.23475,0.000321956351
173.0,0.644375,0.2345,0.000321956351
173.0,0.644375,0.2345,0.000321956351
173.0,0.6445,0.234625,0.000321956351
173.0,0.644625,0.234625,0.000321956351
173.0,0.64475,0.234625,0.000321956351
173.0,0.644375,0.2345,0.000321956351
173.0,0.644,0.234625,0.000321956351
173.0,0.643625,0.234625,0.000321956351
173.0,0.643625,0.234625,0.000321956351
173.0,0.64375,0.234375,0.000321956351
173.0,0.644125,0.234625,0.000321956351
173.0,0.644,0.23475,0.000321956351
173.0,0.644125,0.23475,0.000321956351
173.0,0.644,0.23475,0.000321956351
173.0,0.644125,0.235125,0.000321956351
173.0,0.644625,0.235,0.000321956351
173.0,0.644625,0.234875,0.000321956351
173.0,0.64475,0.23475,0.000321956351
173.0,0.644625,0.23475,0.000321956351
173.0,0.644375,0.2345,0.000321956351
173.0,0.6445,0.234625,0.000321956351
173.0,0.64475,0.23425,0.000321956351
173.0,0.644875,0.2345,0.000321956351
173.0,0.6445,0.234625,0.000321956351
173.0,0.6445,0.234625,0.000321956351
173.0,0.64425,0.234625,0.000321956351
173.0,0.644125,0.234625,0.000321956351
173.0,0.644,0.23475,0.000321956351
173.0,0.644,0.23475,0.000321956351
173.0,0.644125,0.23475,0.000321956351
173.0,0.644375,0.234875,0.000321956351
173.0,0.64475,0.235,0.000321956351
173.0,0.644625,0.234875,0.000321956351
173.0,0.6445,0.234625,0.000321956351
173.0,0.64475,0.234625,0.000321956351
173.0,0.6445,0.234625,0.000321956351
173.0,0.644625,0.23475,0.000321956351
173.0,0.644625,0.23475,0.000321956351
173.0,0.644625,0.234625,0.000321956351
173.0,0.64425,0.234625,0.000321956351
173.0,0.64425,0.234625,0.000321956351
173.0,0.644375,0.23475,0.000321956351
173.0,0.644375,0.234875,0.000321956351
173.0,0.64425,0.234875,0.000321956351
173.0,0.644125,0.234875,0.000321956351
173.0,0.644125,0.23475,0.000321956351
173.0,0.644125,0.23475,0.000321956351
173.0,0.644375,0.234875,0.000321956351
173.0,0.644375,0.23475,0.000321956351
173.0,0.64475,0.234625,0.000321956351
173.0,0.644875,0.23475,0.000321956351
173.0,0.64475,0.234625,0.000321956351
173.0,0.6445,0.2345,0.000321956351
173.0,0.64425,0.234625,0.000321956351
173.0,0.644625,0.2345,0.000321956351
173.0,0.6445,0.2345,0.000321956351
173.0,0.6445,0.2345,0.000321956351
173.0,0.64425,0.2345,0.000321956351
173.0,0.644375,0.234625,0.000321956351
173.0,0.644,0.234625,0.000321956351
173.0,0.644,0.234625,0.000321956351
173.0,0.6445,0.23475,0.000321956351
173.0,0.64425,0.23475,0.000321956351
173.0,0.644375,0.23475,0.000321956351
173.0,0.6445,0.23475,0.000321956351
173.0,0.644625,0.234625,0.000321956351
173.0,0.644125,0.2345,0.000321956351
173.0,0.64425,0.2345,0.000321956351
173.0,0.644125,0.2345,0.000321956351
173.0,0.644375,0.2345,0.000321956351
173.0,0.644625,0.234625,0.000321956351
173.0,0.64475,0.234625,0.000321956351
173.0,0.64475,0.234625,0.000321956351
173.0,0.644625,0.2345,0.000321956351
173.0,0.6445,0.234625,0.000321956351
173.0,0.644375,0.23475,0.000321956351
173.0,0.644125,0.234875,0.000321956351
173.0,0.644,0.234875,0.000321956351
173.0,0.64425,0.23475,0.000321956351
173.0,0.64375,0.23475,0.000321956351
173.0,0.644125,0.234875,0.000321956351
173.0,0.644125,0.235,0.000321956351
173.0,0.644375,0.234875,0.000321956351
173.0,0.644375,0.234875,0.000321956351
173.0,0.6445,0.2345,0.000321956351
173.0,0.644375,0.2345,0.000321956351
173.0,0.6445,0.234625,0.000321956351
173.0,0.644875,0.234625,0.000321956351
173.0,0.644875,0.234625,0.000321956351
173.0,0.644625,0.234625,0.000321956351
173.0,0.644875,0.2345,0.000321956351
173.0,0.644375,0.234625,0.000321956351
173.0,0.64425,0.234625,0.000321956351
173.0,0.644,0.234625,0.000321956351
173.0,0.6445,0.234875,0.000321956351
173.0,0.6445,0.234875,0.000321956351
173.0,0.64425,0.234625,0.000321956351
173.0,0.644625,0.23475,0.000321956351
173.0,0.6445,0.235,0.000321956351
173.0,0.64475,0.235,0.000321956351
173.0,0.6445,0.23475,0.000321956351
173.0,0.644625,0.2345,0.000321956351
173.0,0.644375,0.2345,0.000321956351
173.0,0.64475,0.234625,0.000321956351
173.0,0.64475,0.234625,0.000321956351
173.0,0.64475,0.234625,0.000321956351
173.0,0.644875,0.2345,0.000321956351
173.0,0.644875,0.2345,0.000321956351
173.0,0.6445,0.234625,0.000321956351
173.0,0.64425,0.23475,0.000321956351
173.0,0.644125,0.23475,0.000321956351
173.0,0.644,0.234875,0.000321956351
173.0,0.644,0.23475,0.000321956351
173.0,0.643875,0.234875,0.000321956351
173.0,0.64425,0.235,0.000321956351
173.0,0.6445,0.235125,0.000321956351
173.0,0.644625,0.234875,0.000321956351
173.0,0.644875,0.23475,0.000321956351
173.0,0.6445,0.2345,0.000321956351
173.0,0.644125,0.234375,0.000321956351
173.0,0.64425,0.234375,0.000321956351
173.0,0.64425,0.234625,0.000321956351
173.0,0.644625,0.234625,0.000321956351
173.0,0.6445,0.234625,0.000321956351
173.0,0.64425,0.2345,0.000321956351
173.0,0.643875,0.23475,0.000321956351
173.0,0.64425,0.234625,0.000321956351
173.0,0.6445,0.23475,0.000321956351
173.0,0.644375,0.23475,0.000321956351
173.0,0.64425,0.23475,0.000321956351
173.0,0.64425,0.235,0.000321956351
173.0,0.644125,0.235,0.000321956351
173.0,0.64425,0.235,0.000321956351
173.0,0.64425,0.23475,0.000321956351
173.0,0.644375,0.23475,0.000321956351
173.0,0.64425,0.234625,0.000321956351
173.0,0.64425,0.234625,0.000321956351
173.0,0.64425,0.234625,0.000321956351
173.0,0.64425,0.23475,0.000321956351
173.0,0.644625,0.234625,0.000321956351
173.0,0.644875,0.23475,0.000321956351
173.0,0.64475,0.234625,0.000321956351
173.0,0.6445,0.234625,0.000321956351
173.0,0.6445,0.23475,0.000321956351
173.0,0.644,0.23475,0.000321956351
173.0,0.64375,0.234875,0.000321956351
173.0,0.644,0.23475,0.000321956351
173.0,0.6445,0.234875,0.000321956351
173.0,0.644375,0.23475,0.000321956351
173.0,0.6445,0.234875,0.000321956351
173.0,0.644625,0.234625,0.000321956351
173.0,0.64475,0.234625,0.000321956351
174.0,0.691,0.20725,0.000322165608
174.0,0.690875,0.2075,0.000322165608
174.0,0.69075,0.2075,0.000322165608
174.0,0.69075,0.207375,0.000322165608
174.0,0.691,0.207375,0.000322165608
174.0,0.690875,0.207375,0.000322165608
174.0,0.69125,0.2075,0.000322165608
174.0,0.691625,0.2075,0.000322165608
174.0,0.691625,0.2075,0.000322165608
174.0,0.6915,0.2075,0.000322165608
174.0,0.691,0.20725,0.000322165608
174.0,0.691,0.207125,0.000322165608
174.0,0.691,0.207125,0.000322165608
174.0,0.69125,0.20725,0.000322165608
174.0,0.691625,0.207125,0.000322165608
174.0,0.691625,0.20725,0.000322165608
174.0,0.6915,0.207375,0.000322165608
174.0,0.69125,0.207375,0.000322165608
174.0,0.69125,0.207375,0.000322165608
174.0,0.691,0.207375,0.000322165608
174.0,0.69075,0.2075,0.000322165608
174.0,0.69075,0.207375,0.000322165608
174.0,0.690875,0.207375,0.000322165608
174.0,0.691,0.2075,0.000322165608
174.0,0.691,0.2075,0.000322165608
174.0,0.690875,0.2075,0.000322165608
174.0,0.691,0.207375,0.000322165608
174.0,0.691,0.207375,0.000322165608
174.0,0.690875,0.207375,0.000322165608
174.0,0.69125,0.207125,0.000322165608
174.0,0.6915,0.207125,0.000322165608
174.0,0.6915,0.207125,0.000322165608
174.0,0.69125,0.207125,0.000322165608
174.0,0.69125,0.207375,0.000322165608
174.0,0.690875,0.20725,0.000322165608
174.0,0.69075,0.207625,0.000322165608
174.0,0.690875,0.2075,0.000322165608
174.0,0.69075,0.2075,0.000322165608
174.0,0.69075,0.207375,0.000322165608
174.0,0.690875,0.207375,0.000322165608
174.0,0.691,0.2075,0.000322165608
174.0,0.691,0.2075,0.000322165608
174.0,0.691,0.207375,0.000322165608
174.0,0.691375,0.2075,0.000322165608
174.0,0.691375,0.2075,0.000322165608
174.0,0.691125,0.20725,0.000322165608
174.0,0.691375,0.20725,0.000322165608
174.0,0.691625,0.207375,0.000322165608
174.0,0.691625,0.207125,0.000322165608
174.0,0.6915,0.207,0.000322165608
174.0,0.691625,0.207375,0.000322165608
174.0,0.69125,0.207375,0.000322165608
174.0,0.690875,0.2075,0.000322165608
174.0,0.690875,0.207375,0.000322165608
174.0,0.691125,0.207375,0.000322165608
174.0,0.691,0.207375,0.000322165608
174.0,0.691,0.207625,0.000322165608
174.0,0.691,0.207625,0.000322165608
174.0,0.69125,0.2075,0.000322165608
174.0,0.691375,0.207375,0.000322165608
174.0,0.69175,0.20725,0.000322165608
174.0,0.691625,0.20725,0.000322165608
174.0,0.691125,0.207125,0.000322165608
174.0,0.691125,0.20725,0.000322165608
174.0,0.691375,0.20725,0.000322165608
174.0,0.691375,0.207375,0.000322165608
174.0,0.691125,0.207375,0.000322165608
174.0,0.69125,0.207375,0.000322165608
174.0,0.69125,0.207625,0.000322165608
174.0,0.691375,0.207625,0.000322165608
174.0,0.691375,0.2075,0.000322165608
174.0,0.691125,0.2075,0.000322165608
174.0,0.69125,0.2075,0.000322165608
174.0,0.69125,0.2075,0.000322165608
174.0,0.691375,0.20775,0.000322165608
174.0,0.69125,0.207375,0.000322165608
174.0,0.691125,0.2075,0.000322165608
174.0,0.691125,0.207375,0.000322165608
174.0,0.691125,0.207375,0.000322165608
174.0,0.690875,0.207125,0.000322165608
174.0,0.69125,0.20725,0.000322165608
174.0,0.691125,0.207,0.000322165608
174.0,0.691125,0.207125,0.000322165608
174.0,0.691,0.207375,0.000322165608
174.0,0.69075,0.207375,0.000322165608
174.0,0.691,0.207375,0.000322165608
174.0,0.691,0.207625,0.000322165608
174.0,0.691125,0.207625,0.000322165608
174.0,0.691375,0.2075,0.000322165608
174.0,0.691375,0.2075,0.000322165608
174.0,0.691125,0.2075,0.000322165608
174.0,0.691,0.207375,0.000322165608
174.0,0.69125,0.207375,0.000322165608
174.0,0.691625,0.207375,0.000322165608
174.0,0.691375,0.20725,0.000322165608
174.0,0.691,0.20725,0.000322165608
174.0,0.691,0.20725,0.000322165608
174.0,0.6915,0.20725,0.000322165608
174.0,0.69175,0.207125,0.000322165608
174.0,0.6915,0.207,0.000322165608
174.0,0.691375,0.207125,0.000322165608
174.0,0.69125,0.207375,0.000322165608
174.0,0.6915,0.207375,0.000322165608
174.0,0.691125,0.207625,0.000322165608
174.0,0.691125,0.207625,0.000322165608
174.0,0.691125,0.207625,0.000322165608
174.0,0.691125,0.207625,0.000322165608
174.0,0.691375,0.2075,0.000322165608
174.0,0.6915,0.2075,0.000322165608
174.0,0.691625,0.2075,0.000322165608
174.0,0.691375,0.20725,0.000322165608
174.0,0.69175,0.20725,0.000322165608
174.0,0.69125,0.207125,0.000322165608
174.0,0.69125,0.207125,0.000322165608
174.0,0.691375,0.207,0.000322165608
174.0,0.691125,0.207,0.000322165608
174.0,0.691125,0.207,0.000322165608
174.0,0.691,0.2075,0.000322165608
174.0,0.69125,0.2075,0.000322165608
174.0,0.6915,0.207375,0.000322165608
174.0,0.69125,0.2075,0.000322165608
174.0,0.69125,0.2075,0.000322165608
174.0,0.691125,0.207375,0.000322165608
174.0,0.691125,0.2075,0.000322165608
174.0,0.691125,0.207625,0.000322165608
174.0,0.69125,0.20775,0.000322165608
174.0,0.691625,0.2075,0.000322165608
174.0,0.691625,0.207375,0.000322165608
174.0,0.691375,0.207,0.000322165608
174.0,0.691125,0.207,0.000322165608
174.0,0.691375,0.207125,0.000322165608
174.0,0.691875,0.207125,0.000322165608
174.0,0.69175,0.207125,0.000322165608
174.0,0.69175,0.20725,0.000322165608
174.0,0.691375,0.20725,0.000322165608
174.0,0.6915,0.2075,0.000322165608
174.0,0.691375,0.2075,0.000322165608
174.0,0.6915,0.2075,0.000322165608
174.0,0.6915,0.2075,0.000322165608
174.0,0.69125,0.20725,0.000322165608
174.0,0.69125,0.2075,0.000322165608
174.0,0.69125,0.2075,0.000322165608
174.0,0.69125,0.2075,0.000322165608
174.0,0.691125,0.20725,0.000322165608
174.0,0.691375,0.20725,0.000322165608
174.0,0.691125,0.207125,0.000322165608
174.0,0.691125,0.207125,0.000322165608
174.0,0.6915,0.207375,0.000322165608
174.0,0.69175,0.20725,0.000322165608
174.0,0.69175,0.20725,0.000322165608
174.0,0.6915,0.20725,0.000322165608
174.0,0.691,0.207375,0.000322165608
174.0,0.690875,0.2075,0.000322165608
174.0,0.691125,0.207625,0.000322165608
174.0,0.691125,0.207625,0.000322165608
174.0,0.6915,0.2075,0.000322165608
174.0,0.691125,0.207375,0.000322165608
174.0,0.69075,0.207625,0.000322165608
174.0,0.691125,0.20775,0.000322165608
174.0,0.6915,0.207875,0.000322165608
174.0,0.691125,0.2075,0.000322165608
174.0,0.691,0.207375,0.000322165608
174.0,0.691,0.20725,0.000322165608
174.0,0.691125,0.20725,0.000322165608
174.0,0.691375,0.207125,0.000322165608
174.0,0.691625,0.207375,0.000322165608
174.0,0.6915,0.2075,0.000322165608
174.0,0.69125,0.2075,0.000322165608
174.0,0.691375,0.2075,0.000322165608
175.0,0.739625,0.181875,0.000321975996
175.0,0.739375,0.1815,0.000321975996
175.0,0.7395,0.181625,0.000321975996
175.0,0.740125,0.1815,0.000321975996
175.0,0.74,0.181625,0.000321975996
175.0,0.7395,0.18175,0.000321975996
175.0,0.739625,0.18175,0.000321975996
175.0,0.73975,0.181625,0.000321975996
175.0,0.73975,0.181625,0.000321975996
175.0,0.739625,0.182,0.000321975996
175.0,0.73975,0.181875,0.000321975996
175.0,0.7395,0.18175,0.000321975996
175.0,0.739375,0.181875,0.000321975996
175.0,0.73975,0.181875,0.000321975996
175.0,0.74,0.18175,0.000321975996
175.0,0.739625,0.1815,0.000321975996
175.0,0.73975,0.18175,0.000321975996
175.0,0.739875,0.181625,0.000321975996
175.0,0.739875,0.181625,0.000321975996
175.0,0.740125,0.181625,0.000321975996
175.0,0.74,0.18175,0.000321975996
175.0,0.73975,0.181875,0.000321975996
175.0,0.739875,0.181875,0.000321975996
175.0,0.74,0.182,0.000321975996
175.0,0.7395,0.182,0.000321975996
175.0,0.7395,0.182,0.000321975996
175.0,0.739375,0.181875,0.000321975996
175.0,0.7395,0.181875,0.000321975996
175.0,0.7395,0.181875,0.000321975996
175.0,0.739625,0.182,0.000321975996
175.0,0.7395,0.181875,0.000321975996
175.0,0.7395,0.181875,0.000321975996
175.0,0.73975,0.18175,0.000321975996
175.0,0.73975,0.18175,0.000321975996
175.0,0.7395,0.181625,0.000321975996
175.0,0.739875,0.18175,0.000321975996
175.0,0.74,0.18175,0.000321975996
175.0,0.74025,0.181625,0.000321975996
175.0,0.74,0.18175,0.000321975996
175.0,0.739625,0.18175,0.000321975996
175.0,0.739625,0.181875,0.000321975996
175.0,0.739625,0.181875,0.000321975996
175.0,0.739875,0.182,0.000321975996
175.0,0.739625,0.182,0.000321975996
175.0,0.739625,0.18175,0.000321975996
175.0,0.739625,0.181875,0.000321975996
175.0,0.739625,0.182125,0.000321975996
175.0,0.739375,0.182,0.000321975996
175.0,0.739375,0.181875,0.000321975996
175.0,0.73975,0.18175,0.000321975996
175.0,0.739625,0.181875,0.000321975996
175.0,0.739625,0.18175,0.000321975996
175.0,0.73975,0.18175,0.000321975996
175.0,0.74025,0.1815,0.000321975996
175.0,0.74025,0.1815,0.000321975996
175.0,0.739875,0.18175,0.000321975996
175.0,0.7395,0.182125,0.000321975996
175.0,0.7395,0.182125,0.000321975996
175.0,0.7395,0.182,0.000321975996
175.0,0.739375,0.182,0.000321975996
175.0,0.739375,0.182,0.000321975996
175.0,0.739375,0.181875,0.000321975996
175.0,0.7395,0.181875,0.000321975996
175.0,0.73975,0.181875,0.000321975996
175.0,0.739625,0.18175,0.000321975996
175.0,0.7395,0.182,0.000321975996
175.0,0.739875,0.182,0.000321975996
175.0,0.739875,0.18175,0.000321975996
175.0,0.7395,0.181625,0.000321975996
175.0,0.7395,0.181625,0.000321975996
175.0,0.739625,0.1815,0.000321975996
175.0,0.739625,0.18175,0.000321975996
175.0,0.739625,0.18175,0.000321975996
175.0,0.739625,0.18175,0.000321975996
175.0,0.739375,0.18175,0.000321975996
175.0,0.7395,0.181875,0.000321975996
175.0,0.739375,0.182,0.000321975996
175.0,0.7395,0.18175,0.000321975996
175.0,0.7395,0.18175,0.000321975996
175.0,0.739625,0.181875,0.000321975996
175.0,0.74025,0.182125,0.000321975996
175.0,0.740125,0.182125,0.000321975996
175.0,0.739625,0.182125,0.000321975996
175.0,0.739625,0.182,0.000321975996
175.0,0.739375,0.18175,0.000321975996
175.0,0.739625,0.1815,0.000321975996
175.0,0.73975,0.181625,0.000321975996
175.0,0.74,0.181625,0.000321975996
175.0,0.739875,0.181625,0.000321975996
175.0,0.739875,0.181625,0.000321975996
175.0,0.73975,0.181875,0.000321975996
175.0,0.739625,0.18175,0.000321975996
175.0,0.7395,0.181875,0.000321975996
175.0,0.73975,0.181875,0.000321975996
175.0,0.73975,0.18175,0.000321975996
175.0,0.7395,0.18175,0.000321975996
175.0,0.73975,0.181875,0.000321975996
175.0,0.739375,0.182125,0.000321975996
175.0,0.739625,0.182125,0.000321975996
175.0,0.739625,0.182,0.000321975996
175.0,0.73975,0.18175,0.000321975996
175.0,0.739625,0.1815,0.000321975996
175.0,0.7395,0.18175,0.000321975996
175.0,0.73975,0.181625,0.000321975996
175.0,0.7395,0.181375,0.000321975996
175.0,0.7395,0.181625,0.000321975996
175.0,0.73975,0.181625,0.000321975996
175.0,0.7395,0.181875,0.000321975996
175.0,0.7395,0.181875,0.000321975996
175.0,0.739375,0.182125,0.000321975996
175.0,0.7395,0.182,0.000321975996
175.0,0.73925,0.182,0.000321975996
175.0,0.739375,0.182,0.000321975996
175.0,0.739625,0.182,0.000321975996
175.0,0.73975,0.181875,0.000321975996
175.0,0.73975,0.18175,0.000321975996
175.0,0.739625,0.18175,0.000321975996
175.0,0.739875,0.1815,0.000321975996
175.0,0.73975,0.181625,0.000321975996
175.0,0.73975,0.18175,0.000321975996
175.0,0.740125,0.18175,0.000321975996
175.0,0.739875,0.181625,0.000321975996
175.0,0.739875,0.181625,0.000321975996
175.0,0.73925,0.181625,0.000321975996
175.0,0.739375,0.18175,0.000321975996
175.0,0.739125,0.1815,0.000321975996
175.0,0.73925,0.181875,0.000321975996
175.0,0.7395,0.181875,0.000321975996
175.0,0.7395,0.18175,0.000321975996
175.0,0.7395,0.181875,0.000321975996
175.0,0.739875,0.181875,0.000321975996
175.0,0.739875,0.182,0.000321975996
175.0,0.73975,0.181875,0.000321975996
175.0,0.739875,0.181625,0.000321975996
175.0,0.7395,0.181625,0.000321975996
175.0,0.739625,0.181625,0.000321975996
175.0,0.74025,0.181625,0.000321975996
175.0,0.740375,0.181875,0.000321975996
175.0,0.740375,0.181875,0.000321975996
175.0,0.739875,0.18175,0.000321975996
175.0,0.73975,0.181625,0.000321975996
175.0,0.739625,0.181875,0.000321975996
175.0,0.739625,0.182,0.000321975996
175.0,0.739625,0.182,0.000321975996
175.0,0.739625,0.18175,0.000321975996
175.0,0.7395,0.182,0.000321975996
175.0,0.73975,0.182,0.000321975996
175.0,0.739875,0.182125,0.000321975996
175.0,0.739625,0.18175,0.000321975996
175.0,0.73975,0.181625,0.000321975996
175.0,0.739625,0.18175,0.000321975996
175.0,0.7395,0.18175,0.000321975996
175.0,0.739875,0.18175,0.000321975996
175.0,0.74,0.1815,0.000321975996
175.0,0.74,0.1815,0.000321975996
175.0,0.739625,0.1815,0.000321975996
175.0,0.739375,0.1815,0.000321975996
175.0,0.7395,0.181625,0.000321975996
175.0,0.739375,0.18175,0.000321975996
175.0,0.7395,0.181875,0.000321975996
175.0,0.73975,0.181875,0.000321975996
175.0,0.73925,0.18175,0.000321975996
175.0,0.739,0.181875,0.000321975996
175.0,0.7395,0.181875,0.000321975996
175.0,0.739875,0.182125,0.000321975996
175.0,0.739875,0.181875,0.000321975996
175.0,0.739625,0.181875,0.000321975996
175.0,0.7395,0.18175,0.000321975996
175.0,0.739625,0.181625,0.000321975996
176.0,0.788875,0.158,0.000321912376
176.0,0.788875,0.157875,0.000321912376
176.0,0.788875,0.15775,0.000321912376
176.0,0.7885,0.157875,0.000321912376
176.0,0.78825,0.15775,0.000321912376
176.0,0.788625,0.15775,0.000321912376
176.0,0.788625,0.157625,0.000321912376
176.0,0.7885,0.15775,0.000321912376
176.0,0.7885,0.15775,0.000321912376
176.0,0.78825,0.158,0.000321912376
176.0,0.78825,0.158125,0.000321912376
176.0,0.788125,0.158,0.000321912376
176.0,0.788375,0.157875,0.000321912376
176.0,0.788375,0.157875,0.000321912376
176.0,0.78825,0.158125,0.000321912376
176.0,0.78825,0.158125,0.000321912376
176.0,0.788625,0.15825,0.000321912376
176.0,0.789,0.158125,0.000321912376
176.0,0.789125,0.157875,0.000321912376
176.0,0.788875,0.157625,0.000321912376
176.0,0.7885,0.157625,0.000321912376
176.0,0.78875,0.15775,0.000321912376
176.0,0.788875,0.157875,0.000321912376
176.0,0.789,0.157875,0.000321912376
176.0,0.789,0.157875,0.000321912376
176.0,0.788875,0.15775,0.000321912376
176.0,0.7885,0.157875,0.000321912376
176.0,0.7885,0.158,0.000321912376
176.0,0.788625,0.15825,0.000321912376
176.0,0.788375,0.157875,0.000321912376
176.0,0.788125,0.157875,0.000321912376
176.0,0.788375,0.158,0.000321912376
176.0,0.78825,0.15825,0.000321912376
176.0,0.789,0.15825,0.000321912376
176.0,0.789,0.158125,0.000321912376
176.0,0.789,0.157875,0.000321912376
176.0,0.788375,0.157875,0.000321912376
176.0,0.788625,0.15775,0.000321912376
176.0,0.789,0.15775,0.000321912376
176.0,0.789,0.15775,0.000321912376
176.0,0.789125,0.15775,0.000321912376
176.0,0.789125,0.15775,0.000321912376
176.0,0.788625,0.158,0.000321912376
176.0,0.788625,0.15775,0.000321912376
176.0,0.78875,0.158,0.000321912376
176.0,0.7885,0.158,0.000321912376
176.0,0.78875,0.158,0.000321912376
176.0,0.788625,0.158,0.000321912376
176.0,0.788375,0.158125,0.000321912376
176.0,0.7885,0.158125,0.000321912376
176.0,0.788625,0.15825,0.000321912376
176.0,0.788375,0.158,0.000321912376
176.0,0.78875,0.157875,0.000321912376
176.0,0.788625,0.15775,0.000321912376
176.0,0.788625,0.157875,0.000321912376
176.0,0.78925,0.158,0.000321912376
176.0,0.789,0.15775,0.000321912376
176.0,0.789,0.15775,0.000321912376
176.0,0.788625,0.157625,0.000321912376
176.0,0.78875,0.158,0.000321912376
176.0,0.7885,0.158,0.000321912376
176.0,0.788625,0.158,0.000321912376
176.0,0.789125,0.158125,0.000321912376
176.0,0.788625,0.158,0.000321912376
176.0,0.788375,0.158,0.000321912376
176.0,0.788875,0.158125,0.000321912376
176.0,0.788875,0.158125,0.000321912376
176.0,0.788875,0.158125,0.000321912376
176.0,0.788875,0.158,0.000321912376
176.0,0.789125,0.158,0.000321912376
176.0,0.7885,0.157875,0.000321912376
176.0,0.7885,0.157875,0.000321912376
176.0,0.788625,0.157625,0.000321912376
176.0,0.788625,0.157625,0.000321912376
176.0,0.788875,0.15775,0.000321912376
176.0,0.788875,0.15775,0.000321912376
176.0,0.7885,0.157875,0.000321912376
176.0,0.7885,0.158,0.000321912376
176.0,0.788875,0.15825,0.000321912376
176.0,0.78875,0.158125,0.000321912376
176.0,0.788375,0.157875,0.000321912376
176.0,0.788375,0.158,0.000321912376
176.0,0.789125,0.158125,0.000321912376
176.0,0.78875,0.158,0.000321912376
176.0,0.788125,0.158,0.000321912376
176.0,0.7885,0.158,0.000321912376
176.0,0.78875,0.157875,0.000321912376
176.0,0.7885,0.15775,0.000321912376
176.0,0.788625,0.15775,0.000321912376
176.0,0.788625,0.15775,0.000321912376
176.0,0.78875,0.157875,0.000321912376
176.0,0.788875,0.157875,0.000321912376
176.0,0.788625,0.158125,0.000321912376
176.0,0.78875,0.158125,0.000321912376
176.0,0.7885,0.158,0.000321912376
176.0,0.78875,0.158125,0.000321912376
176.0,0.788625,0.158,0.000321912376
176.0,0.78825,0.158,0.000321912376
176.0,0.788,0.158,0.000321912376
176.0,0.78875,0.157875,0.000321912376
176.0,0.788875,0.158125,0.000321912376
176.0,0.789,0.158,0.000321912376
176.0,0.789,0.157875,0.000321912376
176.0,0.788625,0.15775,0.000321912376
176.0,0.788875,0.157625,0.000321912376
176.0,0.788875,0.157625,0.000321912376
176.0,0.789125,0.157875,0.000321912376
176.0,0.789375,0.157875,0.000321912376
176.0,0.789125,0.157875,0.000321912376
176.0,0.788875,0.15775,0.000321912376
176.0,0.78875,0.158125,0.000321912376
176.0,0.788625,0.158,0.000321912376
176.0,0.78875,0.158,0.000321912376
176.0,0.788625,0.158,0.000321912376
176.0,0.7885,0.157875,0.000321912376
176.0,0.788625,0.158,0.000321912376
176.0,0.788875,0.158125,0.000321912376
176.0,0.788625,0.158,0.000321912376
176.0,0.788375,0.158,0.000321912376
176.0,0.78875,0.158,0.000321912376
176.0,0.788625,0.157625,0.000321912376
176.0,0.788625,0.157625,0.000321912376
176.0,0.7885,0.157625,0.000321912376
176.0,0.788875,0.157625,0.000321912376
176.0,0.788875,0.157625,0.000321912376
176.0,0.788875,0.15775,0.000321912376
176.0,0.78875,0.158,0.000321912376
176.0,0.788375,0.158,0.000321912376
176.0,0.788,0.158125,0.000321912376
176.0,0.78825,0.158125,0.000321912376
176.0,0.787625,0.157875,0.000321912376
176.0,0.788125,0.158125,0.000321912376
176.0,0.788375,0.158125,0.000321912376
176.0,0.788875,0.158125,0.000321912376
176.0,0.78875,0.157875,0.000321912376
176.0,0.788875,0.157875,0.000321912376
176.0,0.789125,0.157625,0.000321912376
176.0,0.78875,0.157625,0.000321912376
176.0,0.78875,0.157625,0.000321912376
176.0,0.788625,0.15775,0.000321912376
176.0,0.78875,0.15775,0.000321912376
176.0,0.789,0.15775,0.000321912376
176.0,0.789,0.157875,0.000321912376
176.0,0.788625,0.157875,0.000321912376
176.0,0.788625,0.158,0.000321912376
176.0,0.78875,0.158,0.000321912376
176.0,0.789,0.157875,0.000321912376
176.0,0.788375,0.158,0.000321912376
176.0,0.788625,0.157875,0.000321912376
176.0,0.7885,0.158125,0.000321912376
176.0,0.788375,0.158125,0.000321912376
176.0,0.7885,0.157875,0.000321912376
176.0,0.788625,0.157875,0.000321912376
176.0,0.788625,0.158,0.000321912376
176.0,0.788625,0.158,0.000321912376
176.0,0.78875,0.157875,0.000321912376
176.0,0.789,0.15775,0.000321912376
176.0,0.78925,0.157625,0.000321912376
176.0,0.78925,0.15775,0.000321912376
176.0,0.788875,0.158,0.000321912376
176.0,0.7885,0.15825,0.000321912376
176.0,0.7885,0.15825,0.000321912376
176.0,0.7885,0.158125,0.000321912376
176.0,0.788375,0.158,0.000321912376
176.0,0.7885,0.157875,0.000321912376
176.0,0.78875,0.158,0.000321912376
176.0,0.78925,0.158,0.000321912376
176.0,0.788625,0.158,0.000321912376
176.0,0.788375,0.158125,0.000321912376
177.0,0.839125,0.135625,0.000322019012
177.0,0.839,0.135625,0.000322019012
177.0,0.839125,0.135625,0.000322019012
177.0,0.839375,0.13575,0.000322019012
177.0,0.83925,0.1355,0.000322019012
177.0,0.839375,0.135375,0.000322019012
177.0,0.839625,0.13525,0.000322019012
177.0,0.839375,0.13525,0.000322019012
177.0,0.839375,0.13525,0.000322019012
177.0,0.839625,0.135375,0.000322019012
177.0,0.839875,0.135375,0.000322019012
177.0,0.8395,0.13525,0.000322019012
177.0,0.8395,0.135375,0.000322019012
177.0,0.83875,0.13525,0.000322019012
177.0,0.839,0.13525,0.000322019012
177.0,0.83925,0.135375,0.000322019012
177.0,0.839125,0.135625,0.000322019012
177.0,0.839375,0.135375,0.000322019012
177.0,0.838875,0.135625,0.000322019012
177.0,0.839375,0.135625,0.000322019012
177.0,0.839875,0.135625,0.000322019012
177.0,0.83975,0.135625,0.000322019012
177.0,0.839625,0.135625,0.000322019012
177.0,0.8395,0.135625,0.000322019012
177.0,0.8395,0.135625,0.000322019012
177.0,0.8395,0.135375,0.000322019012
177.0,0.83975,0.135125,0.000322019012
177.0,0.83975,0.13525,0.000322019012
177.0,0.83925,0.135375,0.000322019012
177.0,0.83925,0.1355,0.000322019012
177.0,0.83925,0.13575,0.000322019012
177.0,0.83925,0.13575,0.000322019012
177.0,0.8395,0.13575,0.000322019012
177.0,0.839375,0.135625,0.000322019012
177.0,0.83925,0.1355,0.000322019012
177.0,0.839125,0.1355,0.000322019012
177.0,0.839375,0.135625,0.000322019012
177.0,0.839375,0.135625,0.000322019012
177.0,0.839,0.135625,0.000322019012
177.0,0.8395,0.1355,0.000322019012
177.0,0.83975,0.1355,0.000322019012
177.0,0.83975,0.1355,0.000322019012
177.0,0.8395,0.13525,0.000322019012
177.0,0.84,0.135375,0.000322019012
177.0,0.839875,0.135375,0.000322019012
177.0,0.839875,0.135375,0.000322019012
177.0,0.839625,0.135375,0.000322019012
177.0,0.83925,0.1355,0.000322019012
177.0,0.839375,0.135625,0.000322019012
177.0,0.839375,0.135625,0.000322019012
177.0,0.839375,0.13575,0.000322019012
177.0,0.839375,0.135375,0.000322019012
177.0,0.839375,0.1355,0.000322019012
177.0,0.839375,0.135625,0.000322019012
177.0,0.83925,0.1355,0.000322019012
177.0,0.839375,0.135625,0.000322019012
177.0,0.83925,0.1355,0.000322019012
177.0,0.83925,0.1355,0.000322019012
177.0,0.839125,0.135125,0.000322019012
177.0,0.839,0.135375,0.000322019012
177.0,0.839625,0.13525,0.000322019012
177.0,0.839625,0.135375,0.000322019012
177.0,0.8395,0.135375,0.000322019012
177.0,0.839625,0.135375,0.000322019012
177.0,0.8395,0.135375,0.000322019012
177.0,0.839125,0.1355,0.000322019012
177.0,0.838875,0.135625,0.000322019012
177.0,0.83925,0.135625,0.000322019012
177.0,0.839125,0.135625,0.000322019012
177.0,0.839625,0.13575,0.000322019012
177.0,0.84,0.135625,0.000322019012
177.0,0.83975,0.13575,0.000322019012
177.0,0.839625,0.1355,0.000322019012
177.0,0.839625,0.1355,0.000322019012
177.0,0.839625,0.13525,0.000322019012
177.0,0.8395,0.13525,0.000322019012
177.0,0.8395,0.13525,0.000322019012
177.0,0.83925,0.135375,0.000322019012
177.0,0.839,0.135375,0.000322019012
177.0,0.839375,0.135375,0.000322019012
177.0,0.839375,0.135375,0.000322019012
177.0,0.839375,0.135375,0.000322019012
177.0,0.83925,0.135375,0.000322019012
177.0,0.839375,0.13575,0.000322019012
177.0,0.839,0.135625,0.000322019012
177.0,0.839125,0.1355,0.000322019012
177.0,0.83925,0.1355,0.000322019012
177.0,0.839125,0.135625,0.000322019012
177.0,0.83925,0.1355,0.000322019012
177.0,0.83925,0.1355,0.000322019012
177.0,0.839375,0.13525,0.000322019012
177.0,0.839125,0.1355,0.000322019012
177.0,0.839,0.135375,0.000322019012
177.0,0.83925,0.135375,0.000322019012
177.0,0.839375,0.135375,0.000322019012
177.0,0.839625,0.13525,0.000322019012
177.0,0.8395,0.135375,0.000322019012
177.0,0.83925,0.1355,0.000322019012
177.0,0.839,0.135625,0.000322019012
177.0,0.839125,0.1355,0.000322019012
177.0,0.839125,0.1355,0.000322019012
177.0,0.839,0.1355,0.000322019012
177.0,0.83925,0.1355,0.000322019012
177.0,0.83925,0.13575,0.000322019012
177.0,0.83975,0.13575,0.000322019012
177.0,0.83975,0.13575,0.000322019012
177.0,0.83975,0.135625,0.000322019012
177.0,0.83975,0.1355,0.000322019012
177.0,0.839625,0.135375,0.000322019012
177.0,0.839625,0.135375,0.000322019012
177.0,0.839625,0.13525,0.000322019012
177.0,0.83975,0.13525,0.000322019012
177.0,0.839375,0.135375,0.000322019012
177.0,0.839125,0.1355,0.000322019012
177.0,0.839125,0.135625,0.000322019012
177.0,0.83925,0.1355,0.000322019012
177.0,0.83925,0.135375,0.000322019012
177.0,0.83925,0.1355,0.000322019012
177.0,0.83925,0.135375,0.000322019012
177.0,0.839375,0.13575,0.000322019012
177.0,0.839625,0.1355,0.000322019012
177.0,0.839625,0.1355,0.000322019012
177.0,0.83925,0.1355,0.000322019012
177.0,0.83925,0.135625,0.000322019012
177.0,0.839375,0.135375,0.000322019012
177.0,0.83925,0.135375,0.000322019012
177.0,0.83975,0.1355,0.000322019012
177.0,0.839875,0.135375,0.000322019012
177.0,0.83975,0.135375,0.000322019012
177.0,0.839125,0.135375,0.000322019012
177.0,0.839125,0.135625,0.000322019012
177.0,0.839,0.1355,0.000322019012
177.0,0.83925,0.135625,0.000322019012
177.0,0.8395,0.135625,0.000322019012
177.0,0.83925,0.135625,0.000322019012
177.0,0.839375,0.135625,0.000322019012
177.0,0.8395,0.13575,0.000322019012
177.0,0.8395,0.13575,0.000322019012
177.0,0.839875,0.135625,0.000322019012
177.0,0.839625,0.13575,0.000322019012
177.0,0.839625,0.13575,0.000322019012
177.0,0.839875,0.135375,0.000322019012
177.0,0.839625,0.1355,0.000322019012
177.0,0.839375,0.13525,0.000322019012
177.0,0.8395,0.13525,0.000322019012
177.0,0.83975,0.135375,0.000322019012
177.0,0.839375,0.135375,0.000322019012
177.0,0.839,0.1355,0.000322019012
177.0,0.839125,0.1355,0.000322019012
177.0,0.839375,0.13575,0.000322019012
177.0,0.839375,0.135625,0.000322019012
177.0,0.839,0.135625,0.000322019012
177.0,0.83925,0.13575,0.000322019012
177.0,0.839125,0.135875,0.000322019012
177.0,0.839125,0.135875,0.000322019012
177.0,0.83925,0.135875,0.000322019012
177.0,0.839125,0.1355,0.000322019012
177.0,0.839375,0.1355,0.000322019012
177.0,0.839625,0.135375,0.000322019012
177.0,0.8395,0.13525,0.000322019012
177.0,0.839375,0.13525,0.000322019012
177.0,0.839625,0.135375,0.000322019012
177.0,0.83975,0.135375,0.000322019012
177.0,0.83925,0.1355,0.000322019012
177.0,0.83925,0.1355,0.000322019012
177.0,0.83925,0.13575,0.000322019012
177.0,0.839375,0.13575,0.000322019012
177.0,0.839375,0.135625,0.000322019012
177.0,0.83925,0.135375,0.000322019012
178.0,0.891125,0.11475,0.000321911881
178.0,0.89125,0.11475,0.000321911881
178.0,0.891375,0.11475,0.000321911881
178.0,0.8915,0.114625,0.000321911881
178.0,0.891625,0.11475,0.000321911881
178.0,0.89125,0.11475,0.000321911881
178.0,0.891375,0.114875,0.000321911881
178.0,0.891125,0.11475,0.000321911881
178.0,0.891125,0.11475,0.000321911881
178.0,0.89075,0.11475,0.000321911881
178.0,0.891,0.11475,0.000321911881
178.0,0.891125,0.115,0.000321911881
178.0,0.891,0.11475,0.000321911881
178.0,0.891,0.114875,0.000321911881
178.0,0.89125,0.11475,0.000321911881
178.0,0.891125,0.11475,0.000321911881
178.0,0.891375,0.114875,0.000321911881
178.0,0.891625,0.114875,0.000321911881
178.0,0.891625,0.11475,0.000321911881
178.0,0.89125,0.114625,0.000321911881
178.0,0.891375,0.1145,0.000321911881
178.0,0.891375,0.114625,0.000321911881
178.0,0.891375,0.11475,0.000321911881
178.0,0.891625,0.114625,0.000321911881
178.0,0.891625,0.114625,0.000321911881
178.0,0.891125,0.114625,0.000321911881
178.0,0.891125,0.11475,0.000321911881
178.0,0.891,0.11475,0.000321911881
178.0,0.891,0.11475,0.000321911881
178.0,0.890875,0.11475,0.000321911881
178.0,0.891125,0.114875,0.000321911881
178.0,0.8915,0.115125,0.000321911881
178.0,0.891375,0.115,0.000321911881
178.0,0.8915,0.115,0.000321911881
178.0,0.89175,0.114875,0.000321911881
178.0,0.8915,0.114625,0.000321911881
178.0,0.891625,0.1145,0.000321911881
178.0,0.892,0.1145,0.000321911881
178.0,0.8915,0.1145,0.000321911881
178.0,0.891375,0.114625,0.000321911881
178.0,0.891125,0.11475,0.000321911881
178.0,0.891125,0.11475,0.000321911881
178.0,0.891125,0.114875,0.000321911881
178.0,0.89125,0.11475,0.000321911881
178.0,0.891125,0.115,0.000321911881
178.0,0.891,0.114875,0.000321911881
178.0,0.891,0.114875,0.000321911881
178.0,0.89125,0.114875,0.000321911881
178.0,0.89175,0.115125,0.000321911881
178.0,0.891625,0.115,0.000321911881
178.0,0.8915,0.11475,0.000321911881
178.0,0.8915,0.1145,0.000321911881
178.0,0.891375,0.1145,0.000321911881
178.0,0.891625,0.1145,0.000321911881
178.0,0.891875,0.114625,0.000321911881
178.0,0.8915,0.114875,0.000321911881
178.0,0.8915,0.114625,0.000321911881
178.0,0.8915,0.114625,0.000321911881
178.0,0.891375,0.114625,0.000321911881
178.0,0.891,0.11475,0.000321911881
178.0,0.891,0.114875,0.000321911881
178.0,0.891125,0.114875,0.000321911881
178.0,0.89125,0.11475,0.000321911881
178.0,0.891125,0.11475,0.000321911881
178.0,0.89175,0.114625,0.000321911881
178.0,0.891375,0.11475,0.000321911881
178.0,0.891125,0.114875,0.000321911881
178.0,0.891375,0.11475,0.000321911881
178.0,0.891375,0.1145,0.000321911881
178.0,0.891625,0.1145,0.000321911881
178.0,0.892,0.11475,0.000321911881
178.0,0.891625,0.114625,0.000321911881
178.0,0.891625,0.11475,0.000321911881
178.0,0.891625,0.11475,0.000321911881
178.0,0.891375,0.114625,0.000321911881
178.0,0.891125,0.114875,0.000321911881
178.0,0.89125,0.115,0.000321911881
178.0,0.8915,0.114875,0.000321911881
178.0,0.89125,0.11475,0.000321911881
178.0,0.891,0.11475,0.000321911881
178.0,0.89125,0.114875,0.000321911881
178.0,0.89125,0.115,0.000321911881
178.0,0.891625,0.115,0.000321911881
178.0,0.89125,0.115,0.000321911881
178.0,0.89125,0.114875,0.000321911881
178.0,0.891125,0.11475,0.000321911881
178.0,0.891,0.11475,0.000321911881
178.0,0.8915,0.114875,0.000321911881
178.0,0.89175,0.11475,0.000321911881
178.0,0.89175,0.11475,0.000321911881
178.0,0.891625,0.114625,0.000321911881
178.0,0.890875,0.114875,0.000321911881
178.0,0.890875,0.115,0.000321911881
178.0,0.89125,0.114875,0.000321911881
178.0,0.89125,0.115,0.000321911881
178.0,0.89125,0.115,0.000321911881
178.0,0.891,0.114875,0.000321911881
178.0,0.890875,0.115,0.000321911881
178.0,0.89125,0.115125,0.000321911881
178.0,0.8915,0.115125,0.000321911881
178.0,0.89125,0.115,0.000321911881
178.0,0.891625,0.11475,0.000321911881
178.0,0.891625,0.114625,0.000321911881
178.0,0.891625,0.114625,0.000321911881
178.0,0.891875,0.11475,0.000321911881
178.0,0.891875,0.11475,0.000321911881
178.0,0.891875,0.11475,0.000321911881
178.0,0.891375,0.11475,0.000321911881
178.0,0.891,0.11475,0.000321911881
178.0,0.89075,0.115,0.000321911881
178.0,0.89075,0.115,0.000321911881
178.0,0.891,0.114875,0.000321911881
178.0,0.891125,0.114625,0.000321911881
178.0,0.891375,0.114875,0.000321911881
178.0,0.891375,0.114625,0.000321911881
178.0,0.89175,0.11475,0.000321911881
178.0,0.891625,0.11475,0.000321911881
178.0,0.8915,0.114875,0.000321911881
178.0,0.891375,0.114625,0.000321911881
178.0,0.891375,0.1145,0.000321911881
178.0,0.891875,0.114625,0.000321911881
178.0,0.891875,0.114625,0.000321911881
178.0,0.891625,0.114625,0.000321911881
178.0,0.891,0.114625,0.000321911881
178.0,0.891,0.115,0.000321911881
178.0,0.890625,0.11475,0.000321911881
178.0,0.890875,0.11475,0.000321911881
178.0,0.891,0.115,0.000321911881
178.0,0.891125,0.114875,0.000321911881
178.0,0.89125,0.11475,0.000321911881
178.0,0.891,0.114875,0.000321911881
178.0,0.891375,0.115125,0.000321911881
178.0,0.891625,0.115125,0.000321911881
178.0,0.891625,0.114875,0.000321911881
178.0,0.8915,0.11475,0.000321911881
178.0,0.891625,0.11475,0.000321911881
178.0,0.891375,0.114625,0.000321911881
178.0,0.891375,0.11475,0.000321911881
178.0,0.891375,0.11475,0.000321911881
178.0,0.891625,0.114875,0.000321911881
178.0,0.8915,0.11475,0.000321911881
178.0,0.8915,0.11475,0.000321911881
178.0,0.89125,0.11475,0.000321911881
178.0,0.891625,0.114875,0.000321911881
178.0,0.8915,0.115,0.000321911881
178.0,0.891125,0.114875,0.000321911881
178.0,0.891,0.114875,0.000321911881
178.0,0.891625,0.115,0.000321911881
178.0,0.89175,0.11525,0.000321911881
178.0,0.891375,0.11525,0.000321911881
178.0,0.891375,0.115,0.000321911881
178.0,0.891625,0.115,0.000321911881
178.0,0.8915,0.11475,0.000321911881
178.0,0.891375,0.11475,0.000321911881
178.0,0.891375,0.11475,0.000321911881
178.0,0.89175,0.114875,0.000321911881
178.0,0.89175,0.11475,0.000321911881
178.0,0.891375,0.114875,0.000321911881
178.0,0.891,0.114625,0.000321911881
178.0,0.891375,0.114625,0.000321911881
178.0,0.891375,0.11475,0.000321911881
178.0,0.891,0.115,0.000321911881
178.0,0.89125,0.11475,0.000321911881
178.0,0.891125,0.114875,0.000321911881
178.0,0.8915,0.11525,0.000321911881
178.0,0.89175,0.115,0.000321911881
178.0,0.8915,0.114625,0.000321911881
178.0,0.891625,0.114625,0.000321911881
178.0,0.891625,0.11475,0.000321911881
179.0,0.944625,0.095625,0.000322087086
179.0,0.9445,0.095375,0.000322087086
179.0,0.94425,0.095375,0.000322087086
179.0,0.94375,0.09575,0.000322087086
179.0,0.943875,0.095625,0.000322087086
179.0,0.944,0.09575,0.000322087086
179.0,0.944125,0.095625,0.000322087086
179.0,0.94375,0.0955,0.000322087086
179.0,0.94375,0.0955,0.000322087086
179.0,0.943375,0.095625,0.000322087086
179.0,0.943875,0.095875,0.000322087086
179.0,0.944125,0.095875,0.000322087086
179.0,0.944,0.0955,0.000322087086
179.0,0.944125,0.095625,0.000322087086
179.0,0.944375,0.0955,0.000322087086
179.0,0.944375,0.095375,0.000322087086
179.0,0.944375,0.0955,0.000322087086
179.0,0.944375,0.09525,0.000322087086
179.0,0.944375,0.09525,0.000322087086
179.0,0.943875,0.0955,0.000322087086
179.0,0.944,0.095625,0.000322087086
179.0,0.943875,0.095625,0.000322087086
179.0,0.943875,0.095625,0.000322087086
179.0,0.9435,0.095625,0.000322087086
179.0,0.9435,0.09575,0.000322087086
179.0,0.94375,0.09575,0.000322087086
179.0,0.9435,0.095625,0.000322087086
179.0,0.944125,0.095625,0.000322087086
179.0,0.943875,0.095625,0.000322087086
179.0,0.944125,0.095625,0.000322087086
179.0,0.944875,0.0955,0.000322087086
179.0,0.944625,0.095375,0.000322087086
179.0,0.944125,0.09525,0.000322087086
179.0,0.944125,0.0955,0.000322087086
179.0,0.94425,0.095375,0.000322087086
179.0,0.944,0.095375,0.000322087086
179.0,0.944125,0.0955,0.000322087086
179.0,0.94425,0.095625,0.000322087086
179.0,0.94425,0.0955,0.000322087086
179.0,0.944,0.095625,0.000322087086
179.0,0.944125,0.0955,0.000322087086
179.0,0.944125,0.0955,0.000322087086
179.0,0.94375,0.0955,0.000322087086
179.0,0.943875,0.09575,0.000322087086
179.0,0.944,0.096,0.000322087086
179.0,0.943875,0.09575,0.000322087086
179.0,0.944375,0.0955,0.000322087086
179.0,0.9445,0.095375,0.000322087086
179.0,0.94425,0.095375,0.000322087086
179.0,0.944125,0.095375,0.000322087086
179.0,0.944625,0.095375,0.000322087086
179.0,0.94425,0.095375,0.000322087086
179.0,0.944375,0.0955,0.000322087086
179.0,0.94425,0.095625,0.000322087086
179.0,0.944125,0.0955,0.000322087086
179.0,0.944125,0.09575,0.000322087086
179.0,0.944125,0.0955,0.000322087086
179.0,0.944125,0.0955,0.000322087086
179.0,0.944125,0.0955,0.000322087086
179.0,0.944125,0.0955,0.000322087086
179.0,0.944125,0.095625,0.000322087086
179.0,0.94425,0.0955,0.000322087086
179.0,0.94475,0.095375,0.000322087086
179.0,0.944625,0.09525,0.000322087086
179.0,0.94425,0.09525,0.000322087086
179.0,0.944,0.095375,0.000322087086
179.0,0.94425,0.0955,0.000322087086
179.0,0.9445,0.09525,0.000322087086
179.0,0.944125,0.09525,0.000322087086
179.0,0.94375,0.09525,0.000322087086
179.0,0.944,0.095375,0.000322087086
179.0,0.943875,0.095375,0.000322087086
179.0,0.94375,0.0955,0.000322087086
179.0,0.94375,0.0955,0.000322087086
179.0,0.944,0.0955,0.000322087086
179.0,0.943875,0.0955,0.000322087086
179.0,0.944125,0.095625,0.000322087086
179.0,0.9445,0.095625,0.000322087086
179.0,0.944375,0.09575,0.000322087086
179.0,0.944375,0.095625,0.000322087086
179.0,0.944375,0.09525,0.000322087086
179.0,0.94425,0.09525,0.000322087086
179.0,0.94425,0.09525,0.000322087086
179.0,0.94475,0.09525,0.000322087086
179.0,0.944375,0.095375,0.000322087086
179.0,0.9445,0.09525,0.000322087086
179.0,0.944125,0.095375,0.000322087086
179.0,0.944125,0.0955,0.000322087086
179.0,0.944125,0.095625,0.000322087086
179.0,0.944125,0.095625,0.000322087086
179.0,0.943875,0.095875,0.000322087086
179.0,0.943875,0.09575,0.000322087086
179.0,0.944,0.09575,0.000322087086
179.0,0.9445,0.095625,0.000322087086
179.0,0.944375,0.09575,0.000322087086
179.0,0.9445,0.095875,0.000322087086
179.0,0.94425,0.0955,0.000322087086
179.0,0.944125,0.095625,0.000322087086
179.0,0.944125,0.095375,0.000322087086
179.0,0.944375,0.095375,0.000322087086
179.0,0.9445,0.095375,0.000322087086
179.0,0.944375,0.095375,0.000322087086
179.0,0.94425,0.0955,0.000322087086
179.0,0.94425,0.0955,0.000322087086
179.0,0.944125,0.0955,0.000322087086
179.0,0.944125,0.0955,0.000322087086
179.0,0.94425,0.095625,0.000322087086
179.0,0.944125,0.095625,0.000322087086
179.0,0.944,0.095625,0.000322087086
179.0,0.943625,0.095625,0.000322087086
179.0,0.9435,0.095625,0.000322087086
179.0,0.944,0.09575,0.000322087086
179.0,0.943875,0.0955,0.000322087086
179.0,0.943875,0.095375,0.000322087086
179.0,0.944,0.0955,0.000322087086
179.0,0.943875,0.0955,0.000322087086
179.0,0.944,0.09525,0.000322087086
179.0,0.944125,0.09525,0.000322087086
179.0,0.944625,0.095375,0.000322087086
179.0,0.944125,0.095375,0.000322087086
179.0,0.943875,0.095375,0.000322087086
179.0,0.943875,0.095375,0.000322087086
179.0,0.94425,0.095625,0.000322087086
179.0,0.944125,0.095625,0.000322087086
179.0,0.9445,0.09575,0.000322087086
179.0,0.944125,0.0955,0.000322087086
179.0,0.944125,0.095625,0.000322087086
179.0,0.9445,0.09575,0.000322087086
179.0,0.944625,0.095875,0.000322087086
179.0,0.944625,0.09575,0.000322087086
179.0,0.944375,0.095625,0.000322087086
179.0,0.944375,0.0955,0.000322087086
179.0,0.94425,0.095375,0.000322087086
179.0,0.9445,0.0955,0.000322087086
179.0,0.9445,0.09525,0.000322087086
179.0,0.944125,0.0955,0.000322087086
179.0,0.943875,0.0955,0.000322087086
179.0,0.94375,0.0955,0.000322087086
179.0,0.94375,0.0955,0.000322087086
179.0,0.943875,0.095625,0.000322087086
179.0,0.943875,0.095625,0.000322087086
179.0,0.94375,0.095625,0.000322087086
179.0,0.944125,0.0955,0.000322087086
179.0,0.944375,0.0955,0.000322087086
179.0,0.94425,0.0955,0.000322087086
179.0,0.94425,0.09575,0.000322087086
179.0,0.944375,0.09575,0.000322087086
179.0,0.94475,0.0955,0.000322087086
179.0,0.94425,0.095375,0.000322087086
179.0,0.944375,0.0955,0.000322087086
179.0,0.9445,0.095375,0.000322087086
179.0,0.944125,0.095375,0.000322087086
179.0,0.944125,0.09525,0.000322087086
179.0,0.943625,0.095625,0.000322087086
179.0,0.943625,0.095625,0.000322087086
179.0,0.943625,0.0955,0.000322087086
179.0,0.943875,0.095625,0.000322087086
179.0,0.943875,0.095625,0.000322087086
179.0,0.944,0.095625,0.000322087086
179.0,0.94325,0.095375,0.000322087086
179.0,0.944,0.095625,0.000322087086
179.0,0.944,0.095625,0.000322087086
179.0,0.944125,0.09575,0.000322087086
179.0,0.944125,0.095875,0.000322087086
179.0,0.94425,0.095375,0.000322087086
179.0,0.944375,0.09525,0.000322087086
179.0,0.944625,0.095375,0.000322087086
179.0,0.9445,0.0955,0.000322087086
179.0,0.94425,0.095375,0.000322087086
180.0,0.997625,0.0785,0.000321960455
180.0,0.9975,0.078375,0.000321960455
180.0,0.997625,0.078375,0.000321960455
180.0,0.9975,0.078625,0.000321960455
180.0,0.997875,0.07875,0.000321960455
180.0,0.997875,0.078375,0.000321960455
180.0,0.99775,0.078375,0.000321960455
180.0,0.99775,0.078125,0.000321960455
180.0,0.99775,0.078125,0.000321960455
180.0,0.99775,0.078125,0.000321960455
180.0,0.998,0.078125,0.000321960455
180.0,0.99825,0.077875,0.000321960455
180.0,0.99825,0.07825,0.000321960455
180.0,0.997625,0.07825,0.000321960455
180.0,0.99775,0.07825,0.000321960455
180.0,0.99775,0.0785,0.000321960455
180.0,0.99775,0.0785,0.000321960455
180.0,0.997625,0.07825,0.000321960455
180.0,0.99775,0.07825,0.000321960455
180.0,0.998125,0.0785,0.000321960455
180.0,0.997875,0.078375,0.000321960455
180.0,0.9975,0.07825,0.000321960455
180.0,0.997625,0.078375,0.000321960455
180.0,0.997875,0.078375,0.000321960455
180.0,0.997875,0.078375,0.000321960455
180.0,0.997875,0.078125,0.000321960455
180.0,0.99775,0.07825,0.000321960455
180.0,0.997875,0.078125,0.000321960455
180.0,0.998,0.07825,0.000321960455
180.0,0.997875,0.078125,0.000321960455
180.0,0.997125,0.07825,0.000321960455
180.0,0.997,0.078375,0.000321960455
180.0,0.9975,0.0785,0.000321960455
180.0,0.9975,0.0785,0.000321960455
180.0,0.99725,0.0785,0.000321960455
180.0,0.9975,0.078625,0.000321960455
180.0,0.998125,0.0785,0.000321960455
180.0,0.998,0.078625,0.000321960455
180.0,0.998,0.07825,0.000321960455
180.0,0.998375,0.07825,0.000321960455
180.0,0.998,0.07825,0.000321960455
180.0,0.998,0.07825,0.000321960455
180.0,0.998125,0.078375,0.000321960455
180.0,0.9985,0.078375,0.000321960455
180.0,0.998375,0.07825,0.000321960455
180.0,0.997875,0.07825,0.000321960455
180.0,0.9975,0.07825,0.000321960455
180.0,0.997375,0.078625,0.000321960455
180.0,0.9975,0.0785,0.000321960455
180.0,0.997625,0.0785,0.000321960455
180.0,0.997625,0.078375,0.000321960455
180.0,0.99775,0.078375,0.000321960455
180.0,0.997875,0.0785,0.000321960455
180.0,0.998,0.078625,0.000321960455
180.0,0.997875,0.0785,0.000321960455
180.0,0.99775,0.0785,0.000321960455
180.0,0.997625,0.0785,0.000321960455
180.0,0.997625,0.0785,0.000321960455
180.0,0.9975,0.078125,0.000321960455
180.0,0.997875,0.078125,0.000321960455
180.0,0.998375,0.078125,0.000321960455
180.0,0.998375,0.078375,0.000321960455
180.0,0.99775,0.0785,0.000321960455
180.0,0.99775,0.078625,0.000321960455
180.0,0.998125,0.078625,0.000321960455
180.0,0.997875,0.078625,0.000321960455
180.0,0.9975,0.0785,0.000321960455
180.0,0.99725,0.0785,0.000321960455
180.0,0.997375,0.078375,0.000321960455
180.0,0.997625,0.0785,0.000321960455
180.0,0.99825,0.078375,0.000321960455
180.0,0.997875,0.078625,0.000321960455
180.0,0.998,0.078625,0.000321960455
180.0,0.998,0.078625,0.000321960455
180.0,0.997875,0.078375,0.000321960455
180.0,0.997875,0.07825,0.000321960455
180.0,0.998,0.078125,0.000321960455
180.0,0.998125,0.07825,0.000321960455
180.0,0.998,0.07825,0.000321960455
180.0,0.997625,0.07825,0.000321960455
180.0,0.997375,0.078375,0.000321960455
180.0,0.997625,0.078375,0.000321960455
180.0,0.997375,0.078375,0.000321960455
180.0,0.997625,0.078375,0.000321960455
180.0,0.997875,0.078375,0.000321960455
180.0,0.998,0.0785,0.000321960455
180.0,0.998125,0.0785,0.000321960455
180.0,0.997875,0.07875,0.000321960455
180.0,0.997625,0.07875,0.000321960455
180.0,0.997625,0.07875,0.000321960455
180.0,0.998,0.078625,0.000321960455
180.0,0.998125,0.07825,0.000321960455
180.0,0.998,0.078125,0.000321960455
180.0,0.998125,0.078125,0.000321960455
180.0,0.99825,0.078375,0.000321960455
180.0,0.997875,0.07825,0.000321960455
180.0,0.997375,0.07825,0.000321960455
180.0,0.9975,0.07825,0.000321960455
180.0,0.99775,0.078375,0.000321960455
180.0,0.9975,0.078375,0.000321960455
180.0,0.997125,0.07825,0.000321960455
180.0,0.997125,0.078375,0.000321960455
180.0,0.997625,0.078625,0.000321960455
180.0,0.997625,0.078875,0.000321960455
180.0,0.99775,0.0785,0.000321960455
180.0,0.99775,0.0785,0.000321960455
180.0,0.998,0.07825,0.000321960455
180.0,0.99825,0.07825,0.000321960455
180.0,0.998375,0.07825,0.000321960455
180.0,0.998375,0.07825,0.000321960455
180.0,0.99825,0.07825,0.000321960455
180.0,0.99825,0.078125,0.000321960455
180.0,0.9975,0.078125,0.000321960455
180.0,0.99725,0.078625,0.000321960455
180.0,0.9975,0.078625,0.000321960455
180.0,0.997375,0.078625,0.000321960455
180.0,0.9975,0.0785,0.000321960455
180.0,0.9975,0.078375,0.000321960455
180.0,0.9975,0.0785,0.000321960455
180.0,0.998,0.078625,0.000321960455
180.0,0.998,0.078625,0.000321960455
180.0,0.998,0.078625,0.000321960455
180.0,0.997625,0.0785,0.000321960455
180.0,0.99775,0.07825,0.000321960455
180.0,0.99775,0.078125,0.000321960455
180.0,0.997625,0.07825,0.000321960455
180.0,0.997625,0.078375,0.000321960455
180.0,0.998,0.07825,0.000321960455
180.0,0.998125,0.07825,0.000321960455
180.0,0.99775,0.0785,0.000321960455
180.0,0.99775,0.0785,0.000321960455
180.0,0.997875,0.07825,0.000321960455
180.0,0.997625,0.0785,0.000321960455
180.0,0.99775,0.0785,0.000321960455
180.0,0.997375,0.07825,0.000321960455
180.0,0.997375,0.0785,0.000321960455
180.0,0.997625,0.078625,0.000321960455
180.0,0.9975,0.078625,0.000321960455
180.0,0.9975,0.078625,0.000321960455
180.0,0.997625,0.07825,0.000321960455
180.0,0.99775,0.078125,0.000321960455
180.0,0.99775,0.078125,0.000321960455
180.0,0.9975,0.078125,0.000321960455
180.0,0.997875,0.07825,0.000321960455
180.0,0.998375,0.078,0.000321960455
180.0,0.99825,0.07825,0.000321960455
180.0,0.99775,0.078375,0.000321960455
180.0,0.997625,0.0785,0.000321960455
180.0,0.997625,0.0785,0.000321960455
180.0,0.998,0.0785,0.000321960455
180.0,0.997625,0.0785,0.000321960455
180.0,0.997375,0.0785,0.000321960455
180.0,0.997375,0.0785,0.000321960455
180.0,0.997625,0.078375,0.000321960455
180.0,0.997625,0.078375,0.000321960455
180.0,0.99775,0.078375,0.000321960455
180.0,0.99775,0.078375,0.000321960455
180.0,0.997625,0.078375,0.000321960455
180.0,0.997625,0.07825,0.000321960455
180.0,0.9975,0.07825,0.000321960455
180.0,0.998125,0.07825,0.000321960455
180.0,0.998,0.07825,0.000321960455
180.0,0.99775,0.0785,0.000321960455
180.0,0.99725,0.0785,0.000321960455
180.0,0.997375,0.0785,0.000321960455
180.0,0.997625,0.0785,0.000321960455
180.0,0.997625,0.078625,0.000321960455
180.0,0.997625,0.078375,0.000321960455
180.0,0.99775,0.0785,0.000321960455
181.0,1.052,0.06275,0.000321961386
181.0,1.052,0.062625,0.000321961386
181.0,1.05225,0.063,0.000321961386
181.0,1.052375,0.062875,0.000321961386
181.0,1.052625,0.062625,0.000321961386
181.0,1.052625,0.06275,0.000321961386
181.0,1.052375,0.0625,0.000321961386
181.0,1.051875,0.062625,0.000321961386
181.0,1.051875,0.062625,0.000321961386
181.0,1.052125,0.0625,0.000321961386
181.0,1.0525,0.062625,0.000321961386
181.0,1.052375,0.0625,0.000321961386
181.0,1.05225,0.06275,0.000321961386
181.0,1.052125,0.06275,0.000321961386
181.0,1.05175,0.062875,0.000321961386
181.0,1.051875,0.06275,0.000321961386
181.0,1.052375,0.06275,0.000321961386
181.0,1.052125,0.06275,0.000321961386
181.0,1.05175,0.062625,0.000321961386
181.0,1.052,0.062875,0.000321961386
181.0,1.052375,0.063,0.000321961386
181.0,1.05225,0.06275,0.000321961386
181.0,1.0525,0.062625,0.000321961386
181.0,1.05275,0.0625,0.000321961386
181.0,1.05225,0.0625,0.000321961386
181.0,1.05225,0.0625,0.000321961386
181.0,1.052375,0.06225,0.000321961386
181.0,1.052625,0.062375,0.000321961386
181.0,1.05275,0.062375,0.000321961386
181.0,1.052375,0.0625,0.000321961386
181.0,1.05225,0.062375,0.000321961386
181.0,1.052125,0.062625,0.000321961386
181.0,1.05225,0.0625,0.000321961386
181.0,1.052125,0.062625,0.000321961386
181.0,1.051875,0.062625,0.000321961386
181.0,1.052125,0.062625,0.000321961386
181.0,1.052375,0.06275,0.000321961386
181.0,1.05225,0.06275,0.000321961386
181.0,1.052125,0.06275,0.000321961386
181.0,1.0525,0.0625,0.000321961386
181.0,1.0525,0.062375,0.000321961386
181.0,1.0525,0.062375,0.000321961386
181.0,1.052125,0.062375,0.000321961386
181.0,1.052375,0.062375,0.000321961386
181.0,1.0525,0.062375,0.000321961386
181.0,1.05225,0.062625,0.000321961386
181.0,1.052375,0.062875,0.000321961386
181.0,1.0525,0.06275,0.000321961386
181.0,1.052125,0.062625,0.000321961386
181.0,1.052125,0.062625,0.000321961386
181.0,1.05225,0.062625,0.000321961386
181.0,1.052375,0.0625,0.000321961386
181.0,1.05225,0.06275,0.000321961386
181.0,1.052125,0.063,0.000321961386
181.0,1.05275,0.062875,0.000321961386
181.0,1.052375,0.06275,0.000321961386
181.0,1.0525,0.0625,0.000321961386
181.0,1.0525,0.0625,0.000321961386
181.0,1.052375,0.06225,0.000321961386
181.0,1.052625,0.0625,0.000321961386
181.0,1.052875,0.062375,0.000321961386
181.0,1.05275,0.0625,0.000321961386
181.0,1.052625,0.0625,0.000321961386
181.0,1.052,0.062625,0.000321961386
181.0,1.051875,0.06275,0.000321961386
181.0,1.052125,0.06275,0.000321961386
181.0,1.052375,0.062625,0.000321961386
181.0,1.052125,0.062625,0.000321961386
181.0,1.051875,0.06275,0.000321961386
181.0,1.05225,0.06275,0.000321961386
181.0,1.0525,0.062625,0.000321961386
181.0,1.0525,0.06275,0.000321961386
181.0,1.052625,0.062625,0.000321961386
181.0,1.052625,0.062625,0.000321961386
181.0,1.05275,0.0625,0.000321961386
181.0,1.052625,0.062375,0.000321961386
181.0,1.052875,0.0625,0.000321961386
181.0,1.05275,0.062375,0.000321961386
181.0,1.052875,0.062375,0.000321961386
181.0,1.052375,0.062625,0.000321961386
181.0,1.051875,0.06275,0.000321961386
181.0,1.051875,0.0625,0.000321961386
181.0,1.052,0.062625,0.000321961386
181.0,1.052,0.06275,0.000321961386
181.0,1.052,0.062625,0.000321961386
181.0,1.052125,0.06275,0.000321961386
181.0,1.05225,0.062875,0.000321961386
181.0,1.0525,0.062875,0.000321961386
181.0,1.052875,0.062875,0.000321961386
181.0,1.052875,0.062875,0.000321961386
181.0,1.053,0.062375,0.000321961386
181.0,1.052375,0.0625,0.000321961386
181.0,1.0525,0.0625,0.000321961386
181.0,1.052625,0.0625,0.000321961386
181.0,1.052625,0.062625,0.000321961386
181.0,1.052375,0.0625,0.000321961386
181.0,1.052,0.062625,0.000321961386
181.0,1.051875,0.06275,0.000321961386
181.0,1.051875,0.06275,0.000321961386
181.0,1.052125,0.062875,0.000321961386
181.0,1.052,0.062875,0.000321961386
181.0,1.051625,0.062625,0.000321961386
181.0,1.0515,0.062625,0.000321961386
181.0,1.052375,0.062875,0.000321961386
181.0,1.05225,0.06275,0.000321961386
181.0,1.05225,0.06275,0.000321961386
181.0,1.052375,0.062875,0.000321961386
181.0,1.0525,0.06275,0.000321961386
181.0,1.052125,0.062625,0.000321961386
181.0,1.05225,0.062625,0.000321961386
181.0,1.05275,0.0625,0.000321961386
181.0,1.05275,0.062625,0.000321961386
181.0,1.0525,0.062625,0.000321961386
181.0,1.05225,0.06275,0.000321961386
181.0,1.052,0.06275,0.000321961386
181.0,1.052125,0.06275,0.000321961386
181.0,1.05225,0.062625,0.000321961386
181.0,1.052125,0.062625,0.000321961386
181.0,1.05225,0.062625,0.000321961386
181.0,1.05225,0.062875,0.000321961386
181.0,1.0525,0.06275,0.000321961386
181.0,1.052375,0.0625,0.000321961386
181.0,1.052375,0.0625,0.000321961386
181.0,1.052375,0.062375,0.000321961386
181.0,1.052375,0.062375,0.000321961386
181.0,1.052625,0.0625,0.000321961386
181.0,1.05275,0.062375,0.000321961386
181.0,1.052875,0.062375,0.000321961386
181.0,1.05275,0.062625,0.000321961386
181.0,1.0525,0.0625,0.000321961386
181.0,1.05225,0.062625,0.000321961386
181.0,1.052,0.06275,0.000321961386
181.0,1.052375,0.06275,0.000321961386
181.0,1.052125,0.062625,0.000321961386
181.0,1.05175,0.062625,0.000321961386
181.0,1.051875,0.062625,0.000321961386
181.0,1.052125,0.062875,0.000321961386
181.0,1.052375,0.062875,0.000321961386
181.0,1.052375,0.062875,0.000321961386
181.0,1.052625,0.062625,0.000321961386
181.0,1.05275,0.062625,0.000321961386
181.0,1.052625,0.062375,0.000321961386
181.0,1.052625,0.0625,0.000321961386
181.0,1.052875,0.062375,0.000321961386
181.0,1.052625,0.0625,0.000321961386
181.0,1.0525,0.062625,0.000321961386
181.0,1.0525,0.062625,0.000321961386
181.0,1.05225,0.062625,0.000321961386
181.0,1.051875,0.062625,0.000321961386
181.0,1.05175,0.062875,0.000321961386
181.0,1.052,0.062875,0.000321961386
181.0,1.051875,0.06275,0.000321961386
181.0,1.05175,0.063,0.000321961386
181.0,1.052125,0.063,0.000321961386
181.0,1.052125,0.063,0.000321961386
181.0,1.05225,0.063,0.000321961386
181.0,1.052375,0.062625,0.000321961386
181.0,1.0525,0.062375,0.000321961386
181.0,1.052375,0.0625,0.000321961386
181.0,1.0525,0.0625,0.000321961386
181.0,1.053,0.062625,0.000321961386
181.0,1.052875,0.062375,0.000321961386
181.0,1.05275,0.0625,0.000321961386
181.0,1.0525,0.062625,0.000321961386
181.0,1.052125,0.062875,0.000321961386
181.0,1.052,0.062625,0.000321961386
181.0,1.051875,0.06275,0.000321961386
181.0,1.05175,0.06275,0.000321961386
181.0,1.052125,0.0625,0.000321961386
182.0,1.108,0.048625,0.000322043634
182.0,1.108125,0.048625,0.000322043634
182.0,1.10775,0.048625,0.000322043634
182.0,1.107625,0.048625,0.000322043634
182.0,1.10725,0.048625,0.000322043634
182.0,1.10725,0.048875,0.000322043634
182.0,1.107625,0.048875,0.000322043634
182.0,1.1075,0.049,0.000322043634
182.0,1.1075,0.049,0.000322043634
182.0,1.107,0.04875,0.000322043634
182.0,1.107,0.04875,0.000322043634
182.0,1.107375,0.048875,0.000322043634
182.0,1.10775,0.048875,0.000322043634
182.0,1.107375,0.048875,0.000322043634
182.0,1.107625,0.048625,0.000322043634
182.0,1.108,0.0485,0.000322043634
182.0,1.10775,0.048625,0.000322043634
182.0,1.107875,0.048625,0.000322043634
182.0,1.107875,0.048625,0.000322043634
182.0,1.107875,0.048625,0.000322043634
182.0,1.107875,0.0485,0.000322043634
182.0,1.107625,0.048875,0.000322043634
182.0,1.10725,0.04875,0.000322043634
182.0,1.10725,0.048875,0.000322043634
182.0,1.10725,0.04875,0.000322043634
182.0,1.10725,0.04875,0.000322043634
182.0,1.10725,0.048875,0.000322043634
182.0,1.10775,0.048875,0.000322043634
182.0,1.108,0.048875,0.000322043634
182.0,1.107625,0.049,0.000322043634
182.0,1.10725,0.04875,0.000322043634
182.0,1.107625,0.04875,0.000322043634
182.0,1.10725,0.048625,0.000322043634
182.0,1.107625,0.0485,0.000322043634
182.0,1.108125,0.048625,0.000322043634
182.0,1.10825,0.04875,0.000322043634
182.0,1.108,0.04875,0.000322043634
182.0,1.1075,0.04875,0.000322043634
182.0,1.107375,0.04875,0.000322043634
182.0,1.107375,0.04875,0.000322043634
182.0,1.10725,0.049,0.000322043634
182.0,1.10725,0.049,0.000322043634
182.0,1.107,0.04875,0.000322043634
182.0,1.107125,0.048875,0.000322043634
182.0,1.10775,0.049,0.000322043634
182.0,1.1075,0.049,0.000322043634
182.0,1.107625,0.049125,0.000322043634
182.0,1.107625,0.04875,0.000322043634
182.0,1.107375,0.04875,0.000322043634
182.0,1.107375,0.0485,0.000322043634
182.0,1.10825,0.048625,0.000322043634
182.0,1.108,0.048625,0.000322043634
182.0,1.107875,0.04875,0.000322043634
182.0,1.107625,0.049,0.000322043634
182.0,1.107375,0.048875,0.000322043634
182.0,1.107375,0.048875,0.000322043634
182.0,1.1075,0.04875,0.000322043634
182.0,1.1075,0.04875,0.000322043634
182.0,1.107625,0.048875,0.000322043634
182.0,1.10725,0.048875,0.000322043634
182.0,1.10725,0.048875,0.000322043634
182.0,1.107625,0.049,0.000322043634
182.0,1.108125,0.049125,0.000322043634
182.0,1.107875,0.049125,0.000322043634
182.0,1.10775,0.04875,0.000322043634
182.0,1.107375,0.048625,0.000322043634
182.0,1.107625,0.04875,0.000322043634
182.0,1.107875,0.048625,0.000322043634
182.0,1.107875,0.0485,0.000322043634
182.0,1.1075,0.048625,0.000322043634
182.0,1.10725,0.048625,0.000322043634
182.0,1.107,0.048625,0.000322043634
182.0,1.107375,0.04875,0.000322043634
182.0,1.107375,0.04875,0.000322043634
182.0,1.107625,0.049,0.000322043634
182.0,1.107375,0.048875,0.000322043634
182.0,1.10725,0.048875,0.000322043634
182.0,1.1075,0.048875,0.000322043634
182.0,1.10775,0.049,0.000322043634
182.0,1.1075,0.049,0.000322043634
182.0,1.107375,0.048875,0.000322043634
182.0,1.107625,0.048875,0.000322043634
182.0,1.107625,0.048625,0.000322043634
182.0,1.107625,0.04875,0.000322043634
182.0,1.108125,0.04875,0.000322043634
182.0,1.108,0.04875,0.000322043634
182.0,1.107625,0.049,0.000322043634
182.0,1.10725,0.049125,0.000322043634
182.0,1.107125,0.049,0.000322043634
182.0,1.107125,0.049,0.000322043634
182.0,1.1075,0.048875,0.000322043634
182.0,1.10775,0.04875,0.000322043634
182.0,1.107625,0.049,0.000322043634
182.0,1.10725,0.048875,0.000322043634
182.0,1.107125,0.048875,0.000322043634
182.0,1.107125,0.048625,0.000322043634
182.0,1.107375,0.04875,0.000322043634
182.0,1.10775,0.048375,0.000322043634
182.0,1.10775,0.048625,0.000322043634
182.0,1.10775,0.0485,0.000322043634
182.0,1.107625,0.048375,0.000322043634
182.0,1.108125,0.048375,0.000322043634
182.0,1.108125,0.048625,0.000322043634
182.0,1.107375,0.048875,0.000322043634
182.0,1.107125,0.048625,0.000322043634
182.0,1.107125,0.048625,0.000322043634
182.0,1.10725,0.048875,0.000322043634
182.0,1.107625,0.049,0.000322043634
182.0,1.107625,0.048875,0.000322043634
182.0,1.106875,0.04875,0.000322043634
182.0,1.10725,0.048875,0.000322043634
182.0,1.107625,0.048875,0.000322043634
182.0,1.1075,0.049,0.000322043634
182.0,1.107875,0.048875,0.000322043634
182.0,1.107875,0.04875,0.000322043634
182.0,1.10775,0.048625,0.000322043634
182.0,1.107625,0.04875,0.000322043634
182.0,1.10775,0.0485,0.000322043634
182.0,1.10775,0.048625,0.000322043634
182.0,1.107875,0.0485,0.000322043634
182.0,1.107625,0.048875,0.000322043634
182.0,1.107625,0.049,0.000322043634
182.0,1.107375,0.049,0.000322043634
182.0,1.107,0.049125,0.000322043634
182.0,1.107375,0.048875,0.000322043634
182.0,1.1075,0.048875,0.000322043634
182.0,1.10725,0.04875,0.000322043634
182.0,1.10725,0.048625,0.000322043634
182.0,1.1075,0.048625,0.000322043634
182.0,1.107375,0.049,0.000322043634
182.0,1.107375,0.049,0.000322043634
182.0,1.108,0.04875,0.000322043634
182.0,1.10775,0.04875,0.000322043634
182.0,1.108125,0.04875,0.000322043634
182.0,1.108125,0.048625,0.000322043634
182.0,1.108125,0.04875,0.000322043634
182.0,1.10775,0.048875,0.000322043634
182.0,1.10725,0.04875,0.000322043634
182.0,1.10725,0.04875,0.000322043634
182.0,1.107125,0.049,0.000322043634
182.0,1.1075,0.048875,0.000322043634
182.0,1.107625,0.048875,0.000322043634
182.0,1.107125,0.048875,0.000322043634
182.0,1.10725,0.048875,0.000322043634
182.0,1.1075,0.048875,0.000322043634
182.0,1.107625,0.048875,0.000322043634
182.0,1.107625,0.04875,0.000322043634
182.0,1.10775,0.048625,0.000322043634
182.0,1.10775,0.04875,0.000322043634
182.0,1.107375,0.04875,0.000322043634
182.0,1.1075,0.04875,0.000322043634
182.0,1.108125,0.04875,0.000322043634
182.0,1.108,0.048625,0.000322043634
182.0,1.10775,0.04875,0.000322043634
182.0,1.10775,0.04875,0.000322043634
182.0,1.107125,0.048875,0.000322043634
182.0,1.10725,0.048625,0.000322043634
182.0,1.10775,0.048875,0.000322043634
182.0,1.1075,0.048875,0.000322043634
182.0,1.1075,0.048875,0.000322043634
182.0,1.1075,0.048875,0.000322043634
182.0,1.107875,0.04875,0.000322043634
182.0,1.107625,0.048875,0.000322043634
182.0,1.10775,0.048875,0.000322043634
182.0,1.107875,0.049,0.000322043634
182.0,1.107875,0.04875,0.000322043634
182.0,1.107875,0.048625,0.000322043634
182.0,1.108,0.048625,0.000322043634
182.0,1.108375,0.048625,0.000322043634
183.0,1.164,0.036625,0.000321984087
183.0,1.163875,0.036375,0.000321984087
183.0,1.163875,0.036625,0.000321984087
183.0,1.164,0.03675,0.000321984087
183.0,1.16375,0.03675,0.000321984087
183.0,1.163875,0.0365,0.000321984087
183.0,1.164,0.036375,0.000321984087
183.0,1.16425,0.036375,0.000321984087
183.0,1.16425,0.036375,0.000321984087
183.0,1.164,0.03625,0.000321984087
183.0,1.164125,0.03625,0.000321984087
183.0,1.16425,0.036375,0.000321984087
183.0,1.164625,0.036375,0.000321984087
183.0,1.164375,0.036125,0.000321984087
183.0,1.163875,0.036375,0.000321984087
183.0,1.163875,0.036625,0.000321984087
183.0,1.163875,0.0365,0.000321984087
183.0,1.164125,0.036625,0.000321984087
183.0,1.16375,0.036375,0.000321984087
183.0,1.164,0.0365,0.000321984087
183.0,1.164,0.036625,0.000321984087
183.0,1.163875,0.0365,0.000321984087
183.0,1.163875,0.036625,0.000321984087
183.0,1.164125,0.03675,0.000321984087
183.0,1.164125,0.036375,0.000321984087
183.0,1.164375,0.036375,0.000321984087
183.0,1.164375,0.03625,0.000321984087
183.0,1.16425,0.036375,0.000321984087
183.0,1.1645,0.036,0.000321984087
183.0,1.164375,0.036125,0.000321984087
183.0,1.164,0.036375,0.000321984087
183.0,1.1635,0.036375,0.000321984087
183.0,1.16375,0.0365,0.000321984087
183.0,1.163875,0.036625,0.000321984087
183.0,1.164,0.0365,0.000321984087
183.0,1.163625,0.036375,0.000321984087
183.0,1.163875,0.036375,0.000321984087
183.0,1.16425,0.0365,0.000321984087
183.0,1.164375,0.03625,0.000321984087
183.0,1.1645,0.0365,0.000321984087
183.0,1.1645,0.0365,0.000321984087
183.0,1.1645,0.0365,0.000321984087
183.0,1.164375,0.036125,0.000321984087
183.0,1.164375,0.03625,0.000321984087
183.0,1.164625,0.03625,0.000321984087
183.0,1.1645,0.036375,0.000321984087
183.0,1.164375,0.036125,0.000321984087
183.0,1.163625,0.03625,0.000321984087
183.0,1.16375,0.03625,0.000321984087
183.0,1.164,0.036375,0.000321984087
183.0,1.164375,0.036625,0.000321984087
183.0,1.164,0.036375,0.000321984087
183.0,1.164,0.036375,0.000321984087
183.0,1.164375,0.036625,0.000321984087
183.0,1.16425,0.0365,0.000321984087
183.0,1.164,0.0365,0.000321984087
183.0,1.16425,0.0365,0.000321984087
183.0,1.16425,0.0365,0.000321984087
183.0,1.164,0.036375,0.000321984087
183.0,1.16375,0.036125,0.000321984087
183.0,1.164,0.036375,0.000321984087
183.0,1.164375,0.03625,0.000321984087
183.0,1.16425,0.0365,0.000321984087
183.0,1.163875,0.0365,0.000321984087
183.0,1.164,0.0365,0.000321984087
183.0,1.164125,0.036625,0.000321984087
183.0,1.164,0.036625,0.000321984087
183.0,1.16375,0.0365,0.000321984087
183.0,1.163875,0.03625,0.000321984087
183.0,1.164,0.036625,0.000321984087
183.0,1.164125,0.0365,0.000321984087
183.0,1.164,0.036625,0.000321984087
183.0,1.164,0.036375,0.000321984087
183.0,1.164,0.036375,0.000321984087
183.0,1.164375,0.036375,0.000321984087
183.0,1.164,0.036375,0.000321984087
183.0,1.163875,0.036,0.000321984087
183.0,1.16425,0.03625,0.000321984087
183.0,1.16425,0.036125,0.000321984087
183.0,1.16425,0.036375,0.000321984087
183.0,1.164125,0.036375,0.000321984087
183.0,1.163875,0.0365,0.000321984087
183.0,1.164,0.0365,0.000321984087
183.0,1.164,0.036375,0.000321984087
183.0,1.164,0.0365,0.000321984087
183.0,1.163625,0.03625,0.000321984087
183.0,1.163875,0.0365,0.000321984087
183.0,1.16375,0.0365,0.000321984087
183.0,1.16375,0.036625,0.000321984087
183.0,1.16375,0.036625,0.000321984087
183.0,1.16425,0.036625,0.000321984087
183.0,1.164125,0.036375,0.000321984087
183.0,1.163875,0.0365,0.000321984087
183.0,1.164125,0.03625,0.000321984087
183.0,1.1645,0.036375,0.000321984087
183.0,1.164125,0.03625,0.000321984087
183.0,1.164,0.036375,0.000321984087
183.0,1.164,0.036625,0.000321984087
183.0,1.164,0.036625,0.000321984087
183.0,1.16425,0.036625,0.000321984087
183.0,1.16425,0.036375,0.000321984087
183.0,1.164,0.0365,0.000321984087
183.0,1.16375,0.036375,0.000321984087
183.0,1.163875,0.036625,0.000321984087
183.0,1.164,0.0365,0.000321984087
183.0,1.164,0.036375,0.000321984087
183.0,1.16425,0.036375,0.000321984087
183.0,1.164125,0.0365,0.000321984087
183.0,1.164125,0.03625,0.000321984087
183.0,1.163875,0.036375,0.000321984087
183.0,1.16425,0.036125,0.000321984087
183.0,1.164375,0.03625,0.000321984087
183.0,1.1645,0.03625,0.000321984087
183.0,1.164375,0.036375,0.000321984087
183.0,1.163875,0.036375,0.000321984087
183.0,1.16375,0.03625,0.000321984087
183.0,1.163875,0.036375,0.000321984087
183.0,1.163875,0.036375,0.000321984087
183.0,1.164,0.036375,0.000321984087
183.0,1.16425,0.0365,0.000321984087
183.0,1.16425,0.03675,0.000321984087
183.0,1.16425,0.03675,0.000321984087
183.0,1.164375,0.03675,0.000321984087
183.0,1.164125,0.036625,0.000321984087
183.0,1.164,0.03675,0.000321984087
183.0,1.164125,0.036375,0.000321984087
183.0,1.163875,0.03625,0.000321984087
183.0,1.164125,0.03625,0.000321984087
183.0,1.1645,0.036375,0.000321984087
183.0,1.164375,0.0365,0.000321984087
183.0,1.163875,0.036125,0.000321984087
183.0,1.163375,0.03625,0.000321984087
183.0,1.163625,0.0365,0.000321984087
183.0,1.1635,0.0365,0.000321984087
183.0,1.16375,0.036625,0.000321984087
183.0,1.164,0.036375,0.000321984087
183.0,1.16425,0.036625,0.000321984087
183.0,1.16425,0.0365,0.000321984087
183.0,1.16425,0.0365,0.000321984087
183.0,1.16425,0.0365,0.000321984087
183.0,1.16475,0.0365,0.000321984087
183.0,1.164625,0.036375,0.000321984087
183.0,1.1645,0.03625,0.000321984087
183.0,1.164375,0.03625,0.000321984087
183.0,1.164875,0.03625,0.000321984087
183.0,1.16475,0.03625,0.000321984087
183.0,1.16425,0.0365,0.000321984087
183.0,1.163875,0.036375,0.000321984087
183.0,1.16375,0.0365,0.000321984087
183.0,1.164125,0.0365,0.000321984087
183.0,1.164,0.0365,0.000321984087
183.0,1.1635,0.0365,0.000321984087
183.0,1.163375,0.036375,0.000321984087
183.0,1.164125,0.036625,0.000321984087
183.0,1.164125,0.036625,0.000321984087
183.0,1.163875,0.036375,0.000321984087
183.0,1.163625,0.036625,0.000321984087
183.0,1.163625,0.0365,0.000321984087
183.0,1.164,0.036375,0.000321984087
183.0,1.164125,0.03625,0.000321984087
183.0,1.164375,0.03625,0.000321984087
183.0,1.164625,0.03625,0.000321984087
183.0,1.164875,0.036375,0.000321984087
183.0,1.164625,0.036375,0.000321984087
183.0,1.163875,0.0365,0.000321984087
183.0,1.1635,0.036375,0.000321984087
183.0,1.164,0.036625,0.000321984087
183.0,1.163875,0.036625,0.000321984087
183.0,1.163625,0.036375,0.000321984087
184.0,1.22125,0.026125,0.000321894709
184.0,1.221375,0.026125,0.000321894709
184.0,1.22125,0.025875,0.000321894709
184.0,1.221125,0.025875,0.000321894709
184.0,1.2215,0.026,0.000321894709
184.0,1.221625,0.025875,0.000321894709
184.0,1.221125,0.025875,0.000321894709
184.0,1.221125,0.025875,0.000321894709
184.0,1.221125,0.025875,0.000321894709
184.0,1.220875,0.026,0.000321894709
184.0,1.22075,0.025875,0.000321894709
184.0,1.220625,0.026125,0.000321894709
184.0,1.220625,0.026125,0.000321894709
184.0,1.220625,0.025875,0.000321894709
184.0,1.220875,0.026,0.000321894709
184.0,1.221375,0.026125,0.000321894709
184.0,1.22125,0.026125,0.000321894709
184.0,1.221625,0.026125,0.000321894709
184.0,1.221625,0.026,0.000321894709
184.0,1.2215,0.025875,0.000321894709
184.0,1.221625,0.02575,0.000321894709
184.0,1.2215,0.026,0.000321894709
184.0,1.22125,0.025875,0.000321894709
184.0,1.22125,0.026,0.000321894709
184.0,1.22125,0.026,0.000321894709
184.0,1.221,0.025875,0.000321894709
184.0,1.220875,0.025875,0.000321894709
184.0,1.22125,0.026,0.000321894709
184.0,1.221,0.026,0.000321894709
184.0,1.220875,0.026,0.000321894709
184.0,1.221125,0.025875,0.000321894709
184.0,1.2215,0.026,0.000321894709
184.0,1.221375,0.02625,0.000321894709
184.0,1.221375,0.026125,0.000321894709
184.0,1.221625,0.026125,0.000321894709
184.0,1.2215,0.026,0.000321894709
184.0,1.2215,0.02575,0.000321894709
184.0,1.22175,0.025625,0.000321894709
184.0,1.22175,0.025625,0.000321894709
184.0,1.22125,0.02575,0.000321894709
184.0,1.220625,0.02575,0.000321894709
184.0,1.220625,0.02575,0.000321894709
184.0,1.22075,0.026,0.000321894709
184.0,1.220875,0.02625,0.000321894709
184.0,1.221125,0.026125,0.000321894709
184.0,1.22125,0.026,0.000321894709
184.0,1.220875,0.026,0.000321894709
184.0,1.22125,0.026,0.000321894709
184.0,1.221625,0.026125,0.000321894709
184.0,1.221375,0.026375,0.000321894709
184.0,1.2215,0.026125,0.000321894709
184.0,1.22125,0.026125,0.000321894709
184.0,1.221125,0.026,0.000321894709
184.0,1.22125,0.02575,0.000321894709
184.0,1.2215,0.025875,0.000321894709
184.0,1.2215,0.02575,0.000321894709
184.0,1.22175,0.026,0.000321894709
184.0,1.22175,0.026,0.000321894709
184.0,1.22125,0.025875,0.000321894709
184.0,1.220875,0.026125,0.000321894709
184.0,1.220875,0.02625,0.000321894709
184.0,1.220875,0.02625,0.000321894709
184.0,1.22075,0.026125,0.000321894709
184.0,1.221,0.026,0.000321894709
184.0,1.221125,0.026,0.000321894709
184.0,1.221125,0.026,0.000321894709
184.0,1.221,0.026,0.000321894709
184.0,1.22125,0.026,0.000321894709
184.0,1.221375,0.02575,0.000321894709
184.0,1.221375,0.025875,0.000321894709
184.0,1.22125,0.025875,0.000321894709
184.0,1.221625,0.02575,0.000321894709
184.0,1.221375,0.02575,0.000321894709
184.0,1.221375,0.02575,0.000321894709
184.0,1.221375,0.025875,0.000321894709
184.0,1.22075,0.025875,0.000321894709
184.0,1.22075,0.026,0.000321894709
184.0,1.22125,0.026,0.000321894709
184.0,1.2215,0.026125,0.000321894709
184.0,1.221125,0.026,0.000321894709
184.0,1.221125,0.026125,0.000321894709
184.0,1.221375,0.02625,0.000321894709
184.0,1.2215,0.026,0.000321894709
184.0,1.22125,0.02625,0.000321894709
184.0,1.221125,0.026125,0.000321894709
184.0,1.22125,0.025875,0.000321894709
184.0,1.2215,0.02575,0.000321894709
184.0,1.221625,0.025875,0.000321894709
184.0,1.221875,0.025875,0.000321894709
184.0,1.221875,0.025875,0.000321894709
184.0,1.221625,0.02575,0.000321894709
184.0,1.221375,0.025875,0.000321894709
184.0,1.22075,0.026125,0.000321894709
184.0,1.220875,0.026125,0.000321894709
184.0,1.220625,0.026125,0.000321894709
184.0,1.220875,0.026125,0.000321894709
184.0,1.2205,0.026,0.000321894709
184.0,1.220625,0.02625,0.000321894709
184.0,1.221125,0.026375,0.000321894709
184.0,1.220875,0.026125,0.000321894709
184.0,1.221375,0.026125,0.000321894709
184.0,1.2215,0.026,0.000321894709
184.0,1.221375,0.025875,0.000321894709
184.0,1.221625,0.025875,0.000321894709
184.0,1.221875,0.026,0.000321894709
184.0,1.221875,0.026,0.000321894709
184.0,1.221875,0.026125,0.000321894709
184.0,1.221375,0.025875,0.000321894709
184.0,1.220875,0.025875,0.000321894709
184.0,1.22075,0.02625,0.000321894709
184.0,1.221125,0.025875,0.000321894709
184.0,1.221125,0.026125,0.000321894709
184.0,1.220875,0.026125,0.000321894709
184.0,1.220375,0.026,0.000321894709
184.0,1.221,0.026125,0.000321894709
184.0,1.22125,0.026125,0.000321894709
184.0,1.221125,0.026,0.000321894709
184.0,1.22125,0.02575,0.000321894709
184.0,1.221125,0.025875,0.000321894709
184.0,1.221,0.025875,0.000321894709
184.0,1.221125,0.02575,0.000321894709
184.0,1.221125,0.02575,0.000321894709
184.0,1.2215,0.02575,0.000321894709
184.0,1.221375,0.02575,0.000321894709
184.0,1.2215,0.025875,0.000321894709
184.0,1.221125,0.02625,0.000321894709
184.0,1.221125,0.026125,0.000321894709
184.0,1.221125,0.026,0.000321894709
184.0,1.221125,0.026,0.000321894709
184.0,1.220875,0.026,0.000321894709
184.0,1.2205,0.026125,0.000321894709
184.0,1.221,0.026125,0.000321894709
184.0,1.22125,0.02625,0.000321894709
184.0,1.221375,0.026125,0.000321894709
184.0,1.2215,0.02625,0.000321894709
184.0,1.221625,0.025875,0.000321894709
184.0,1.2215,0.025875,0.000321894709
184.0,1.221625,0.02575,0.000321894709
184.0,1.221625,0.02575,0.000321894709
184.0,1.222,0.026,0.000321894709
184.0,1.221875,0.025875,0.000321894709
184.0,1.221375,0.026,0.000321894709
184.0,1.22075,0.025875,0.000321894709
184.0,1.22075,0.026125,0.000321894709
184.0,1.221,0.02625,0.000321894709
184.0,1.22125,0.026,0.000321894709
184.0,1.220875,0.025875,0.000321894709
184.0,1.220875,0.026125,0.000321894709
184.0,1.221625,0.026125,0.000321894709
184.0,1.221625,0.026375,0.000321894709
184.0,1.221375,0.026125,0.000321894709
184.0,1.221375,0.025875,0.000321894709
184.0,1.2215,0.02575,0.000321894709
184.0,1.2215,0.025875,0.000321894709
184.0,1.2215,0.025875,0.000321894709
184.0,1.22175,0.025875,0.000321894709
184.0,1.221625,0.02575,0.000321894709
184.0,1.221625,0.025875,0.000321894709
184.0,1.221375,0.025875,0.000321894709
184.0,1.22125,0.026125,0.000321894709
184.0,1.221375,0.02625,0.000321894709
184.0,1.22125,0.026125,0.000321894709
184.0,1.22075,0.026125,0.000321894709
184.0,1.220375,0.026,0.000321894709
184.0,1.221125,0.02625,0.000321894709
184.0,1.2215,0.02625,0.000321894709
184.0,1.22125,0.02625,0.000321894709
184.0,1.220875,0.026125,0.000321894709
184.0,1.22125,0.025875,0.000321894709
185.0,1.27875,0.0175,0.000321873784
185.0,1.278625,0.017375,0.000321873784
185.0,1.278625,0.0175,0.000321873784
185.0,1.278875,0.01725,0.000321873784
185.0,1.278875,0.01725,0.000321873784
185.0,1.278875,0.01725,0.000321873784
185.0,1.27875,0.017125,0.000321873784
185.0,1.279,0.01725,0.000321873784
185.0,1.279,0.01725,0.000321873784
185.0,1.279125,0.017125,0.000321873784
185.0,1.27875,0.017,0.000321873784
185.0,1.278625,0.01725,0.000321873784
185.0,1.27875,0.0175,0.000321873784
185.0,1.2785,0.017625,0.000321873784
185.0,1.278375,0.017375,0.000321873784
185.0,1.278375,0.01725,0.000321873784
185.0,1.27825,0.017375,0.000321873784
185.0,1.278625,0.0175,0.000321873784
185.0,1.27875,0.017625,0.000321873784
185.0,1.278625,0.0175,0.000321873784
185.0,1.27875,0.017375,0.000321873784
185.0,1.278875,0.017375,0.000321873784
185.0,1.279,0.017125,0.000321873784
185.0,1.279375,0.01725,0.000321873784
185.0,1.279625,0.01725,0.000321873784
185.0,1.279625,0.017125,0.000321873784
185.0,1.27925,0.017125,0.000321873784
185.0,1.279,0.01725,0.000321873784
185.0,1.2785,0.01725,0.000321873784
185.0,1.278625,0.017375,0.000321873784
185.0,1.27875,0.01725,0.000321873784
185.0,1.27875,0.01725,0.000321873784
185.0,1.27875,0.01725,0.000321873784
185.0,1.278875,0.017375,0.000321873784
185.0,1.27875,0.017625,0.000321873784
185.0,1.2785,0.017375,0.000321873784
185.0,1.27875,0.017375,0.000321873784
185.0,1.27925,0.0175,0.000321873784
185.0,1.278875,0.01725,0.000321873784
185.0,1.27875,0.017125,0.000321873784
185.0,1.279375,0.017125,0.000321873784
185.0,1.279375,0.017125,0.000321873784
185.0,1.2795,0.01725,0.000321873784
185.0,1.279375,0.017125,0.000321873784
185.0,1.279,0.017375,0.000321873784
185.0,1.278375,0.01725,0.000321873784
185.0,1.278625,0.017125,0.000321873784
185.0,1.278875,0.017125,0.000321873784
185.0,1.278625,0.017125,0.000321873784
185.0,1.278375,0.01725,0.000321873784
185.0,1.279,0.017375,0.000321873784
185.0,1.279125,0.01725,0.000321873784
185.0,1.279125,0.017375,0.000321873784
185.0,1.279,0.01725,0.000321873784
185.0,1.279125,0.01725,0.000321873784
185.0,1.27875,0.017,0.000321873784
185.0,1.27875,0.017125,0.000321873784
185.0,1.27875,0.017125,0.000321873784
185.0,1.279125,0.01725,0.000321873784
185.0,1.279125,0.017125,0.000321873784
185.0,1.27875,0.01725,0.000321873784
185.0,1.279,0.01725,0.000321873784
185.0,1.27875,0.01725,0.000321873784
185.0,1.278875,0.017375,0.000321873784
185.0,1.27875,0.017375,0.000321873784
185.0,1.278625,0.01725,0.000321873784
185.0,1.27875,0.017125,0.000321873784
185.0,1.279,0.0175,0.000321873784
185.0,1.279,0.017625,0.000321873784
185.0,1.27875,0.0175,0.000321873784
185.0,1.279125,0.017125,0.000321873784
185.0,1.279,0.017125,0.000321873784
185.0,1.2785,0.017125,0.000321873784
185.0,1.2785,0.017125,0.000321873784
185.0,1.27875,0.017,0.000321873784
185.0,1.279375,0.017,0.000321873784
185.0,1.27925,0.017125,0.000321873784
185.0,1.27925,0.017125,0.000321873784
185.0,1.27875,0.017375,0.000321873784
185.0,1.278375,0.0175,0.000321873784
185.0,1.278375,0.017375,0.000321873784
185.0,1.27875,0.0175,0.000321873784
185.0,1.27875,0.01725,0.000321873784
185.0,1.279,0.01725,0.000321873784
185.0,1.279,0.01725,0.000321873784
185.0,1.27875,0.017375,0.000321873784
185.0,1.278375,0.01725,0.000321873784
185.0,1.278875,0.01725,0.000321873784
185.0,1.278875,0.017375,0.000321873784
185.0,1.278875,0.017375,0.000321873784
185.0,1.27875,0.017,0.000321873784
185.0,1.278875,0.017,0.000321873784
185.0,1.279,0.017,0.000321873784
185.0,1.2785,0.017125,0.000321873784
185.0,1.278375,0.01725,0.000321873784
185.0,1.2785,0.0175,0.000321873784
185.0,1.278375,0.017625,0.000321873784
185.0,1.278375,0.0175,0.000321873784
185.0,1.278125,0.01725,0.000321873784
185.0,1.278125,0.01725,0.000321873784
185.0,1.278,0.017375,0.000321873784
185.0,1.27875,0.0175,0.000321873784
185.0,1.278875,0.0175,0.000321873784
185.0,1.279,0.0175,0.000321873784
185.0,1.27875,0.017125,0.000321873784
185.0,1.27875,0.017125,0.000321873784
185.0,1.278875,0.017125,0.000321873784
185.0,1.278875,0.01725,0.000321873784
185.0,1.279,0.017125,0.000321873784
185.0,1.27925,0.017125,0.000321873784
185.0,1.278875,0.01725,0.000321873784
185.0,1.278375,0.017125,0.000321873784
185.0,1.2785,0.017125,0.000321873784
185.0,1.27875,0.017125,0.000321873784
185.0,1.2785,0.01725,0.000321873784
185.0,1.278625,0.017375,0.000321873784
185.0,1.278875,0.017375,0.000321873784
185.0,1.279,0.017375,0.000321873784
185.0,1.279125,0.0175,0.000321873784
185.0,1.279125,0.017375,0.000321873784
185.0,1.279125,0.017375,0.000321873784
185.0,1.279,0.017375,0.000321873784
185.0,1.279,0.01725,0.000321873784
185.0,1.278625,0.017125,0.000321873784
185.0,1.279,0.017,0.000321873784
185.0,1.27925,0.017125,0.000321873784
185.0,1.279,0.017125,0.000321873784
185.0,1.27875,0.017125,0.000321873784
185.0,1.278125,0.01725,0.000321873784
185.0,1.2785,0.017,0.000321873784
185.0,1.27875,0.01725,0.000321873784
185.0,1.278875,0.017375,0.000321873784
185.0,1.278875,0.017375,0.000321873784
185.0,1.27875,0.017375,0.000321873784
185.0,1.278625,0.0175,0.000321873784
185.0,1.278625,0.017375,0.000321873784
185.0,1.2785,0.017375,0.000321873784
185.0,1.278875,0.01725,0.000321873784
185.0,1.278875,0.01725,0.000321873784
185.0,1.278625,0.01725,0.000321873784
185.0,1.278625,0.017,0.000321873784
185.0,1.279125,0.017125,0.000321873784
185.0,1.279125,0.017125,0.000321873784
185.0,1.27925,0.01725,0.000321873784
185.0,1.27875,0.017125,0.000321873784
185.0,1.2785,0.01725,0.000321873784
185.0,1.27875,0.01725,0.000321873784
185.0,1.2785,0.017375,0.000321873784
185.0,1.278625,0.017375,0.000321873784
185.0,1.278375,0.01725,0.000321873784
185.0,1.2785,0.0175,0.000321873784
185.0,1.279125,0.017625,0.000321873784
185.0,1.279,0.0175,0.000321873784
185.0,1.279,0.017375,0.000321873784
185.0,1.279,0.017375,0.000321873784
185.0,1.279125,0.01725,0.000321873784
185.0,1.279,0.01725,0.000321873784
185.0,1.27925,0.017125,0.000321873784
185.0,1.279375,0.017125,0.000321873784
185.0,1.279125,0.017125,0.000321873784
185.0,1.278875,0.017125,0.000321873784
185.0,1.278375,0.017125,0.000321873784
185.0,1.278125,0.017375,0.000321873784
185.0,1.278375,0.01725,0.000321873784
185.0,1.279,0.017375,0.000321873784
185.0,1.27875,0.01725,0.000321873784
185.0,1.278625,0.01725,0.000321873784
185.0,1.278875,0.017375,0.000321873784
185.0,1.279,0.0175,0.000321873784
186.0,1.336625,0.0105,0.000322045613
186.0,1.33675,0.0105,0.000322045613
186.0,1.336625,0.0105,0.000322045613
186.0,1.336125,0.010625,0.000322045613
186.0,1.33625,0.0105,0.000322045613
186.0,1.33625,0.010625,0.000322045613
186.0,1.33625,0.010875,0.000322045613
186.0,1.3365,0.01075,0.000322045613
186.0,1.3365,0.01075,0.000322045613
186.0,1.336,0.010625,0.000322045613
186.0,1.336,0.010625,0.000322045613
186.0,1.33625,0.01075,0.000322045613
186.0,1.336125,0.01075,0.000322045613
186.0,1.336125,0.011,0.000322045613
186.0,1.336125,0.01075,0.000322045613
186.0,1.33625,0.010375,0.000322045613
186.0,1.3365,0.010375,0.000322045613
186.0,1.336375,0.0105,0.000322045613
186.0,1.3365,0.0105,0.000322045613
186.0,1.33625,0.010375,0.000322045613
186.0,1.33575,0.0105,0.000322045613
186.0,1.335625,0.010625,0.000322045613
186.0,1.335625,0.010875,0.000322045613
186.0,1.33625,0.011,0.000322045613
186.0,1.33625,0.011,0.000322045613
186.0,1.336375,0.010625,0.000322045613
186.0,1.336,0.010625,0.000322045613
186.0,1.336125,0.01075,0.000322045613
186.0,1.3365,0.01075,0.000322045613
186.0,1.33625,0.010625,0.000322045613
186.0,1.336375,0.01075,0.000322045613
186.0,1.3365,0.010625,0.000322045613
186.0,1.336125,0.010625,0.000322045613
186.0,1.336375,0.0105,0.000322045613
186.0,1.336875,0.01075,0.000322045613
186.0,1.336625,0.010625,0.000322045613
186.0,1.33625,0.010375,0.000322045613
186.0,1.335625,0.0105,0.000322045613
186.0,1.336125,0.010875,0.000322045613
186.0,1.336125,0.010875,0.000322045613
186.0,1.336125,0.01075,0.000322045613
186.0,1.336125,0.01075,0.000322045613
186.0,1.336,0.0105,0.000322045613
186.0,1.336125,0.010625,0.000322045613
186.0,1.336625,0.01075,0.000322045613
186.0,1.336625,0.010625,0.000322045613
186.0,1.336625,0.0105,0.000322045613
186.0,1.3365,0.010375,0.000322045613
186.0,1.336125,0.0105,0.000322045613
186.0,1.336625,0.010625,0.000322045613
186.0,1.336875,0.0105,0.000322045613
186.0,1.337125,0.0105,0.000322045613
186.0,1.33675,0.0105,0.000322045613
186.0,1.3365,0.010625,0.000322045613
186.0,1.336,0.01075,0.000322045613
186.0,1.335625,0.010875,0.000322045613
186.0,1.33575,0.010875,0.000322045613
186.0,1.33575,0.010875,0.000322045613
186.0,1.336,0.01075,0.000322045613
186.0,1.335875,0.010625,0.000322045613
186.0,1.336375,0.01075,0.000322045613
186.0,1.33675,0.010875,0.000322045613
186.0,1.336375,0.01075,0.000322045613
186.0,1.336,0.010625,0.000322045613
186.0,1.336375,0.010625,0.000322045613
186.0,1.336625,0.0105,0.000322045613
186.0,1.3365,0.0105,0.000322045613
186.0,1.3365,0.010625,0.000322045613
186.0,1.337,0.0105,0.000322045613
186.0,1.337125,0.010375,0.000322045613
186.0,1.3365,0.010625,0.000322045613
186.0,1.336125,0.010625,0.000322045613
186.0,1.336,0.010875,0.000322045613
186.0,1.336,0.010875,0.000322045613
186.0,1.336,0.010875,0.000322045613
186.0,1.33575,0.0105,0.000322045613
186.0,1.336125,0.0105,0.000322045613
186.0,1.336375,0.010625,0.000322045613
186.0,1.336375,0.0105,0.000322045613
186.0,1.336625,0.010625,0.000322045613
186.0,1.3365,0.010625,0.000322045613
186.0,1.336625,0.010625,0.000322045613
186.0,1.3365,0.0105,0.000322045613
186.0,1.336875,0.0105,0.000322045613
186.0,1.337,0.010375,0.000322045613
186.0,1.337125,0.010375,0.000322045613
186.0,1.33675,0.0105,0.000322045613
186.0,1.336375,0.0105,0.000322045613
186.0,1.33625,0.0105,0.000322045613
186.0,1.33625,0.0105,0.000322045613
186.0,1.336125,0.010625,0.000322045613
186.0,1.336,0.010875,0.000322045613
186.0,1.336125,0.010625,0.000322045613
186.0,1.336375,0.010625,0.000322045613
186.0,1.336375,0.01075,0.000322045613
186.0,1.336375,0.01075,0.000322045613
186.0,1.336375,0.01075,0.000322045613
186.0,1.336625,0.010625,0.000322045613
186.0,1.336375,0.010625,0.000322045613
186.0,1.336,0.0105,0.000322045613
186.0,1.3365,0.0105,0.000322045613
186.0,1.337,0.0105,0.000322045613
186.0,1.3365,0.0105,0.000322045613
186.0,1.336,0.0105,0.000322045613
186.0,1.336,0.010625,0.000322045613
186.0,1.336,0.010625,0.000322045613
186.0,1.33625,0.010625,0.000322045613
186.0,1.33625,0.01075,0.000322045613
186.0,1.335875,0.010625,0.000322045613
186.0,1.335875,0.010625,0.000322045613
186.0,1.335875,0.01075,0.000322045613
186.0,1.33625,0.01075,0.000322045613
186.0,1.33625,0.010625,0.000322045613
186.0,1.336375,0.0105,0.000322045613
186.0,1.3365,0.010625,0.000322045613
186.0,1.336375,0.0105,0.000322045613
186.0,1.336875,0.010375,0.000322045613
186.0,1.336875,0.010375,0.000322045613
186.0,1.33675,0.0105,0.000322045613
186.0,1.3365,0.0105,0.000322045613
186.0,1.33625,0.010625,0.000322045613
186.0,1.33625,0.010625,0.000322045613
186.0,1.336,0.01025,0.000322045613
186.0,1.336,0.010375,0.000322045613
186.0,1.335875,0.010625,0.000322045613
186.0,1.335875,0.010625,0.000322045613
186.0,1.335625,0.010625,0.000322045613
186.0,1.336125,0.01075,0.000322045613
186.0,1.33625,0.01075,0.000322045613
186.0,1.33625,0.010375,0.000322045613
186.0,1.33625,0.0105,0.000322045613
186.0,1.33625,0.010375,0.000322045613
186.0,1.33625,0.01025,0.000322045613
186.0,1.336625,0.0105,0.000322045613
186.0,1.337,0.010375,0.000322045613
186.0,1.33725,0.010375,0.000322045613
186.0,1.3365,0.010375,0.000322045613
186.0,1.3365,0.010625,0.000322045613
186.0,1.335875,0.010625,0.000322045613
186.0,1.336125,0.010625,0.000322045613
186.0,1.336375,0.01075,0.000322045613
186.0,1.3365,0.01075,0.000322045613
186.0,1.33625,0.010625,0.000322045613
186.0,1.336375,0.0105,0.000322045613
186.0,1.3365,0.010625,0.000322045613
186.0,1.336625,0.01075,0.000322045613
186.0,1.336375,0.010625,0.000322045613
186.0,1.3365,0.010375,0.000322045613
186.0,1.336625,0.010375,0.000322045613
186.0,1.336375,0.01025,0.000322045613
186.0,1.33675,0.010625,0.000322045613
186.0,1.337125,0.0105,0.000322045613
186.0,1.336875,0.010375,0.000322045613
186.0,1.336875,0.0105,0.000322045613
186.0,1.336375,0.0105,0.000322045613
186.0,1.33625,0.0105,0.000322045613
186.0,1.336125,0.010625,0.000322045613
186.0,1.33625,0.010625,0.000322045613
186.0,1.336,0.010625,0.000322045613
186.0,1.3355,0.010875,0.000322045613
186.0,1.33575,0.0105,0.000322045613
186.0,1.335875,0.010375,0.000322045613
186.0,1.3365,0.0105,0.000322045613
186.0,1.337,0.01075,0.000322045613
186.0,1.336875,0.010625,0.000322045613
186.0,1.336375,0.0105,0.000322045613
186.0,1.336375,0.0105,0.000322045613
186.0,1.33675,0.010625,0.000322045613
186.0,1.337,0.010375,0.000322045613
187.0,1.39525,0.005125,0.000322011882
187.0,1.3955,0.00525,0.000322011882
187.0,1.39525,0.00525,0.000322011882
187.0,1.395375,0.00525,0.000322011882
187.0,1.39525,0.00525,0.000322011882
187.0,1.395125,0.0055,0.000322011882
187.0,1.395375,0.00575,0.000322011882
187.0,1.395375,0.005625,0.000322011882
187.0,1.395375,0.005625,0.000322011882
187.0,1.395,0.005625,0.000322011882
187.0,1.394875,0.005625,0.000322011882
187.0,1.395,0.00575,0.000322011882
187.0,1.395125,0.005625,0.000322011882
187.0,1.394875,0.00575,0.000322011882
187.0,1.39525,0.005375,0.000322011882
187.0,1.39575,0.005125,0.000322011882
187.0,1.395625,0.005125,0.000322011882
187.0,1.3955,0.00525,0.000322011882
187.0,1.395625,0.00525,0.000322011882
187.0,1.395625,0.005375,0.000322011882
187.0,1.3955,0.00525,0.000322011882
187.0,1.395,0.00525,0.000322011882
187.0,1.39475,0.005375,0.000322011882
187.0,1.395125,0.005375,0.000322011882
187.0,1.395125,0.005375,0.000322011882
187.0,1.395375,0.0055,0.000322011882
187.0,1.39475,0.0055,0.000322011882
187.0,1.394625,0.005625,0.000322011882
187.0,1.395125,0.00575,0.000322011882
187.0,1.39525,0.0055,0.000322011882
187.0,1.395125,0.0055,0.000322011882
187.0,1.395625,0.0055,0.000322011882
187.0,1.395375,0.00525,0.000322011882
187.0,1.395625,0.00525,0.000322011882
187.0,1.395875,0.005375,0.000322011882
187.0,1.395875,0.005375,0.000322011882
187.0,1.39525,0.005375,0.000322011882
187.0,1.395,0.005375,0.000322011882
187.0,1.39475,0.005375,0.000322011882
187.0,1.394625,0.005375,0.000322011882
187.0,1.394875,0.005375,0.000322011882
187.0,1.394875,0.005375,0.000322011882
187.0,1.394625,0.005375,0.000322011882
187.0,1.394875,0.005375,0.000322011882
187.0,1.394875,0.0055,0.000322011882
187.0,1.395125,0.005625,0.000322011882
187.0,1.395,0.005625,0.000322011882
187.0,1.39525,0.0055,0.000322011882
187.0,1.395125,0.005375,0.000322011882
187.0,1.39525,0.005125,0.000322011882
187.0,1.396,0.005375,0.000322011882
187.0,1.39575,0.00525,0.000322011882
187.0,1.395875,0.00525,0.000322011882
187.0,1.395375,0.005375,0.000322011882
187.0,1.395125,0.0055,0.000322011882
187.0,1.39525,0.00575,0.000322011882
187.0,1.395,0.0055,0.000322011882
187.0,1.395,0.0055,0.000322011882
187.0,1.395125,0.0055,0.000322011882
187.0,1.394875,0.005375,0.000322011882
187.0,1.39475,0.005375,0.000322011882
187.0,1.395,0.0055,0.000322011882
187.0,1.395375,0.0055,0.000322011882
187.0,1.3955,0.0055,0.000322011882
187.0,1.39575,0.005375,0.000322011882
187.0,1.3955,0.00525,0.000322011882
187.0,1.39575,0.005375,0.000322011882
187.0,1.396,0.005375,0.000322011882
187.0,1.39575,0.005375,0.000322011882
187.0,1.3955,0.00525,0.000322011882
187.0,1.3955,0.00525,0.000322011882
187.0,1.395125,0.005375,0.000322011882
187.0,1.394875,0.0055,0.000322011882
187.0,1.394875,0.0055,0.000322011882
187.0,1.395125,0.0055,0.000322011882
187.0,1.394875,0.0055,0.000322011882
187.0,1.395,0.005375,0.000322011882
187.0,1.3955,0.005625,0.000322011882
187.0,1.395375,0.00575,0.000322011882
187.0,1.39525,0.00575,0.000322011882
187.0,1.395125,0.005625,0.000322011882
187.0,1.395375,0.005375,0.000322011882
187.0,1.395125,0.005125,0.000322011882
187.0,1.395,0.005125,0.000322011882
187.0,1.3955,0.00525,0.000322011882
187.0,1.3955,0.00525,0.000322011882
187.0,1.395625,0.00525,0.000322011882
187.0,1.395,0.00525,0.000322011882
187.0,1.394875,0.0055,0.000322011882
187.0,1.394875,0.0055,0.000322011882
187.0,1.39475,0.005625,0.000322011882
187.0,1.394875,0.0055,0.000322011882
187.0,1.394875,0.005375,0.000322011882
187.0,1.394625,0.005375,0.000322011882
187.0,1.39475,0.005625,0.000322011882
187.0,1.395125,0.005625,0.000322011882
187.0,1.3955,0.005375,0.000322011882
187.0,1.3955,0.0055,0.000322011882
187.0,1.395125,0.005375,0.000322011882
187.0,1.39475,0.00525,0.000322011882
187.0,1.395375,0.005375,0.000322011882
187.0,1.395625,0.005375,0.000322011882
187.0,1.395875,0.005375,0.000322011882
187.0,1.395625,0.0055,0.000322011882
187.0,1.394875,0.0055,0.000322011882
187.0,1.394875,0.0055,0.000322011882
187.0,1.39475,0.0055,0.000322011882
187.0,1.394875,0.0055,0.000322011882
187.0,1.395,0.005625,0.000322011882
187.0,1.394875,0.0055,0.000322011882
187.0,1.394875,0.005375,0.000322011882
187.0,1.395,0.0055,0.000322011882
187.0,1.395375,0.005625,0.000322011882
187.0,1.3955,0.005625,0.000322011882
187.0,1.39575,0.00525,0.000322011882
187.0,1.39575,0.005125,0.000322011882
187.0,1.395375,0.00525,0.000322011882
187.0,1.395375,0.00525,0.000322011882
187.0,1.395375,0.00525,0.000322011882
187.0,1.39525,0.00525,0.000322011882
187.0,1.39475,0.005125,0.000322011882
187.0,1.39475,0.005125,0.000322011882
187.0,1.39475,0.005375,0.000322011882
187.0,1.39475,0.005375,0.000322011882
187.0,1.394875,0.0055,0.000322011882
187.0,1.395125,0.0055,0.000322011882
187.0,1.394875,0.00525,0.000322011882
187.0,1.394875,0.0055,0.000322011882
187.0,1.395125,0.0055,0.000322011882
187.0,1.395125,0.005375,0.000322011882
187.0,1.394875,0.005375,0.000322011882
187.0,1.39525,0.005125,0.000322011882
187.0,1.395125,0.005125,0.000322011882
187.0,1.395375,0.00525,0.000322011882
187.0,1.396125,0.005375,0.000322011882
187.0,1.396,0.00525,0.000322011882
187.0,1.396,0.00525,0.000322011882
187.0,1.395375,0.005375,0.000322011882
187.0,1.395375,0.005375,0.000322011882
187.0,1.394875,0.0055,0.000322011882
187.0,1.395,0.00525,0.000322011882
187.0,1.395375,0.005375,0.000322011882
187.0,1.39525,0.0055,0.000322011882
187.0,1.395,0.005375,0.000322011882
187.0,1.39525,0.005625,0.000322011882
187.0,1.395625,0.005625,0.000322011882
187.0,1.395625,0.005625,0.000322011882
187.0,1.3955,0.005625,0.000322011882
187.0,1.395875,0.00525,0.000322011882
187.0,1.395375,0.00525,0.000322011882
187.0,1.39525,0.00525,0.000322011882
187.0,1.3955,0.00525,0.000322011882
187.0,1.396,0.00525,0.000322011882
187.0,1.39575,0.00525,0.000322011882
187.0,1.39575,0.00525,0.000322011882
187.0,1.39525,0.00525,0.000322011882
187.0,1.395,0.005375,0.000322011882
187.0,1.395375,0.005375,0.000322011882
187.0,1.3955,0.005625,0.000322011882
187.0,1.39525,0.0055,0.000322011882
187.0,1.39475,0.005375,0.000322011882
187.0,1.39525,0.005625,0.000322011882
187.0,1.395625,0.00575,0.000322011882
187.0,1.3955,0.00575,0.000322011882
187.0,1.39525,0.005375,0.000322011882
187.0,1.395375,0.00525,0.000322011882
187.0,1.394875,0.005125,0.000322011882
187.0,1.395375,0.00525,0.000322011882
187.0,1.39575,0.00525,0.000322011882
188.0,1.4545,0.00225,0.000321825792
188.0,1.454625,0.00225,0.000321825792
188.0,1.454625,0.002375,0.000321825792
188.0,1.4545,0.00225,0.000321825792
188.0,1.4545,0.002,0.000321825792
188.0,1.45475,0.002,0.000321825792
188.0,1.455125,0.002125,0.000321825792
188.0,1.454375,0.002,0.000321825792
188.0,1.454375,0.002,0.000321825792
188.0,1.454125,0.001875,0.000321825792
188.0,1.45375,0.002125,0.000321825792
188.0,1.453875,0.002375,0.000321825792
188.0,1.45425,0.002625,0.000321825792
188.0,1.454125,0.0025,0.000321825792
188.0,1.454125,0.00225,0.000321825792
188.0,1.454125,0.002125,0.000321825792
188.0,1.454375,0.0025,0.000321825792
188.0,1.454125,0.002375,0.000321825792
188.0,1.454375,0.002375,0.000321825792
188.0,1.45475,0.002375,0.000321825792
188.0,1.454625,0.002,0.000321825792
188.0,1.454375,0.002,0.000321825792
188.0,1.45475,0.002125,0.000321825792
188.0,1.454875,0.002125,0.000321825792
188.0,1.454875,0.002125,0.000321825792
188.0,1.4545,0.002,0.000321825792
188.0,1.454375,0.00225,0.000321825792
188.0,1.454125,0.00225,0.000321825792
188.0,1.454375,0.00225,0.000321825792
188.0,1.454375,0.00225,0.000321825792
188.0,1.4545,0.00225,0.000321825792
188.0,1.454375,0.002125,0.000321825792
188.0,1.454625,0.00225,0.000321825792
188.0,1.454875,0.0025,0.000321825792
188.0,1.455,0.002375,0.000321825792
188.0,1.45475,0.002375,0.000321825792
188.0,1.454625,0.002375,0.000321825792
188.0,1.454625,0.002125,0.000321825792
188.0,1.45475,0.002125,0.000321825792
188.0,1.45525,0.002,0.000321825792
188.0,1.45525,0.002125,0.000321825792
188.0,1.455,0.002125,0.000321825792
188.0,1.455125,0.002125,0.000321825792
188.0,1.454625,0.00225,0.000321825792
188.0,1.454125,0.00225,0.000321825792
188.0,1.453875,0.00225,0.000321825792
188.0,1.454375,0.00225,0.000321825792
188.0,1.454375,0.00225,0.000321825792
188.0,1.454375,0.00225,0.000321825792
188.0,1.45475,0.002375,0.000321825792
188.0,1.45475,0.0025,0.000321825792
188.0,1.454625,0.0025,0.000321825792
188.0,1.454875,0.0025,0.000321825792
188.0,1.454875,0.002375,0.000321825792
188.0,1.455,0.00225,0.000321825792
188.0,1.45525,0.002,0.000321825792
188.0,1.455375,0.002125,0.000321825792
188.0,1.455375,0.002125,0.000321825792
188.0,1.455,0.00225,0.000321825792
188.0,1.454875,0.00225,0.000321825792
188.0,1.454375,0.00225,0.000321825792
188.0,1.454625,0.00225,0.000321825792
188.0,1.454625,0.002375,0.000321825792
188.0,1.454625,0.002375,0.000321825792
188.0,1.45425,0.00225,0.000321825792
188.0,1.4545,0.002125,0.000321825792
188.0,1.454625,0.002375,0.000321825792
188.0,1.454875,0.002625,0.000321825792
188.0,1.45475,0.0025,0.000321825792
188.0,1.454875,0.00225,0.000321825792
188.0,1.45475,0.00225,0.000321825792
188.0,1.454875,0.002125,0.000321825792
188.0,1.455375,0.00225,0.000321825792
188.0,1.455375,0.00225,0.000321825792
188.0,1.4555,0.002125,0.000321825792
188.0,1.455375,0.002,0.000321825792
188.0,1.45475,0.00225,0.000321825792
188.0,1.454625,0.002375,0.000321825792
188.0,1.454375,0.0025,0.000321825792
188.0,1.454125,0.002375,0.000321825792
188.0,1.45425,0.002375,0.000321825792
188.0,1.45425,0.002375,0.000321825792
188.0,1.454625,0.0025,0.000321825792
188.0,1.45475,0.00275,0.000321825792
188.0,1.45425,0.002625,0.000321825792
188.0,1.45475,0.0025,0.000321825792
188.0,1.455,0.002375,0.000321825792
188.0,1.45475,0.00225,0.000321825792
188.0,1.454625,0.002,0.000321825792
188.0,1.454625,0.002,0.000321825792
188.0,1.45475,0.002125,0.000321825792
188.0,1.455125,0.00225,0.000321825792
188.0,1.455375,0.00225,0.000321825792
188.0,1.455,0.002125,0.000321825792
188.0,1.45425,0.002375,0.000321825792
188.0,1.45425,0.002375,0.000321825792
188.0,1.45475,0.002375,0.000321825792
188.0,1.45425,0.002375,0.000321825792
188.0,1.45375,0.002375,0.000321825792
188.0,1.454125,0.00225,0.000321825792
188.0,1.454875,0.0025,0.000321825792
188.0,1.455125,0.0025,0.000321825792
188.0,1.454875,0.002375,0.000321825792
188.0,1.455,0.00225,0.000321825792
188.0,1.454875,0.00225,0.000321825792
188.0,1.454875,0.00225,0.000321825792
188.0,1.455,0.00225,0.000321825792
188.0,1.45525,0.00225,0.000321825792
188.0,1.4555,0.002125,0.000321825792
188.0,1.454875,0.002125,0.000321825792
188.0,1.454375,0.00225,0.000321825792
188.0,1.454125,0.0025,0.000321825792
188.0,1.453875,0.00225,0.000321825792
188.0,1.454375,0.00225,0.000321825792
188.0,1.45425,0.002125,0.000321825792
188.0,1.454125,0.00225,0.000321825792
188.0,1.454875,0.00225,0.000321825792
188.0,1.454875,0.002125,0.000321825792
188.0,1.4545,0.00225,0.000321825792
188.0,1.455,0.00225,0.000321825792
188.0,1.454875,0.00225,0.000321825792
188.0,1.454875,0.00225,0.000321825792
188.0,1.454625,0.002,0.000321825792
188.0,1.454875,0.00225,0.000321825792
188.0,1.455125,0.00225,0.000321825792
188.0,1.455,0.002125,0.000321825792
188.0,1.45475,0.00225,0.000321825792
188.0,1.4545,0.002375,0.000321825792
188.0,1.454625,0.00225,0.000321825792
188.0,1.454625,0.00225,0.000321825792
188.0,1.45475,0.00225,0.000321825792
188.0,1.454625,0.002375,0.000321825792
188.0,1.45425,0.002375,0.000321825792
188.0,1.454375,0.0025,0.000321825792
188.0,1.454625,0.002375,0.000321825792
188.0,1.45475,0.00225,0.000321825792
188.0,1.454875,0.00225,0.000321825792
188.0,1.454875,0.00225,0.000321825792
188.0,1.4545,0.002125,0.000321825792
188.0,1.454375,0.002,0.000321825792
188.0,1.455,0.00225,0.000321825792
188.0,1.45525,0.00225,0.000321825792
188.0,1.454875,0.002125,0.000321825792
188.0,1.454375,0.00225,0.000321825792
188.0,1.454,0.00225,0.000321825792
188.0,1.454125,0.00225,0.000321825792
188.0,1.45425,0.002375,0.000321825792
188.0,1.45425,0.002375,0.000321825792
188.0,1.453875,0.00225,0.000321825792
188.0,1.45425,0.002375,0.000321825792
188.0,1.454875,0.002625,0.000321825792
188.0,1.45475,0.002375,0.000321825792
188.0,1.45475,0.002375,0.000321825792
188.0,1.454625,0.002375,0.000321825792
188.0,1.454625,0.002375,0.000321825792
188.0,1.454875,0.00225,0.000321825792
188.0,1.45475,0.00225,0.000321825792
188.0,1.455,0.00225,0.000321825792
188.0,1.45475,0.00225,0.000321825792
188.0,1.454625,0.002125,0.000321825792
188.0,1.454125,0.002375,0.000321825792
188.0,1.45425,0.002375,0.000321825792
188.0,1.45425,0.002375,0.000321825792
188.0,1.45425,0.00225,0.000321825792
188.0,1.454125,0.002125,0.000321825792
188.0,1.45375,0.00225,0.000321825792
188.0,1.454125,0.002375,0.000321825792
188.0,1.454625,0.00225,0.000321825792
188.0,1.454875,0.00225,0.000321825792
189.0,1.514625,0.00075,0.000322088628
189.0,1.51425,0.00075,0.000322088628
189.0,1.513875,0.00075,0.000322088628
189.0,1.514125,0.001,0.000322088628
189.0,1.514375,0.000875,0.000322088628
189.0,1.51425,0.000625,0.000322088628
189.0,1.51375,0.000625,0.000322088628
189.0,1.51425,0.000625,0.000322088628
189.0,1.51425,0.000625,0.000322088628
189.0,1.514375,0.000625,0.000322088628
189.0,1.514375,0.000625,0.000322088628
189.0,1.514625,0.00075,0.000322088628
189.0,1.514625,0.000625,0.000322088628
189.0,1.514625,0.0005,0.000322088628
189.0,1.514625,0.0005,0.000322088628
189.0,1.5145,0.000625,0.000322088628
189.0,1.514875,0.0005,0.000322088628
189.0,1.51475,0.0005,0.000322088628
189.0,1.514,0.000625,0.000322088628
189.0,1.513875,0.000625,0.000322088628
189.0,1.513875,0.000625,0.000322088628
189.0,1.51425,0.00075,0.000322088628
189.0,1.514,0.00075,0.000322088628
189.0,1.513875,0.000875,0.000322088628
189.0,1.513875,0.000875,0.000322088628
189.0,1.514,0.001,0.000322088628
189.0,1.514625,0.000875,0.000322088628
189.0,1.5145,0.0005,0.000322088628
189.0,1.5145,0.000625,0.000322088628
189.0,1.51475,0.000625,0.000322088628
189.0,1.5145,0.0005,0.000322088628
189.0,1.514875,0.0005,0.000322088628
189.0,1.514875,0.0005,0.000322088628
189.0,1.515125,0.000375,0.000322088628
189.0,1.51475,0.000625,0.000322088628
189.0,1.51425,0.000625,0.000322088628
189.0,1.514125,0.000625,0.000322088628
189.0,1.51425,0.0005,0.000322088628
189.0,1.514375,0.00075,0.000322088628
189.0,1.514125,0.00075,0.000322088628
189.0,1.513875,0.00075,0.000322088628
189.0,1.513875,0.00075,0.000322088628
189.0,1.51425,0.00075,0.000322088628
189.0,1.5145,0.000875,0.000322088628
189.0,1.514375,0.000875,0.000322088628
189.0,1.51425,0.00075,0.000322088628
189.0,1.5145,0.0005,0.000322088628
189.0,1.514625,0.0005,0.000322088628
189.0,1.515,0.0005,0.000322088628
189.0,1.514875,0.0005,0.000322088628
189.0,1.51475,0.00075,0.000322088628
189.0,1.5145,0.000625,0.000322088628
189.0,1.514,0.0005,0.000322088628
189.0,1.51375,0.0005,0.000322088628
189.0,1.514,0.000625,0.000322088628
189.0,1.514375,0.00075,0.000322088628
189.0,1.51425,0.000875,0.000322088628
189.0,1.51425,0.000875,0.000322088628
189.0,1.514125,0.000875,0.000322088628
189.0,1.514625,0.00075,0.000322088628
189.0,1.514625,0.000625,0.000322088628
189.0,1.5145,0.000625,0.000322088628
189.0,1.514875,0.00075,0.000322088628
189.0,1.514625,0.000625,0.000322088628
189.0,1.514625,0.000625,0.000322088628
189.0,1.51475,0.000625,0.000322088628
189.0,1.514875,0.0005,0.000322088628
189.0,1.51475,0.000375,0.000322088628
189.0,1.514375,0.00075,0.000322088628
189.0,1.51425,0.00075,0.000322088628
189.0,1.514125,0.00075,0.000322088628
189.0,1.514375,0.000875,0.000322088628
189.0,1.514625,0.00075,0.000322088628
189.0,1.514625,0.00075,0.000322088628
189.0,1.514375,0.00075,0.000322088628
189.0,1.514375,0.000875,0.000322088628
189.0,1.5145,0.00075,0.000322088628
189.0,1.5145,0.000875,0.000322088628
189.0,1.514625,0.001,0.000322088628
189.0,1.514375,0.00075,0.000322088628
189.0,1.5145,0.0005,0.000322088628
189.0,1.51475,0.000625,0.000322088628
189.0,1.515,0.000625,0.000322088628
189.0,1.51475,0.000375,0.000322088628
189.0,1.514625,0.000625,0.000322088628
189.0,1.514125,0.000875,0.000322088628
189.0,1.51425,0.000875,0.000322088628
189.0,1.514375,0.000875,0.000322088628
189.0,1.514375,0.00075,0.000322088628
189.0,1.514375,0.00075,0.000322088628
189.0,1.51425,0.000625,0.000322088628
189.0,1.514,0.00075,0.000322088628
189.0,1.514375,0.00075,0.000322088628
189.0,1.5145,0.00075,0.000322088628
189.0,1.514375,0.00075,0.000322088628
189.0,1.5145,0.000625,0.000322088628
189.0,1.51475,0.000625,0.000322088628
189.0,1.51475,0.0005,0.000322088628
189.0,1.515125,0.000625,0.000322088628
189.0,1.515,0.0005,0.000322088628
189.0,1.515125,0.0005,0.000322088628
189.0,1.5145,0.0005,0.000322088628
189.0,1.5145,0.0005,0.000322088628
189.0,1.514375,0.000625,0.000322088628
189.0,1.5145,0.000875,0.000322088628
189.0,1.5145,0.000875,0.000322088628
189.0,1.5145,0.00075,0.000322088628
189.0,1.514125,0.000625,0.000322088628
189.0,1.51425,0.000625,0.000322088628
189.0,1.514375,0.000625,0.000322088628
189.0,1.514375,0.000875,0.000322088628
189.0,1.514375,0.000625,0.000322088628
189.0,1.51425,0.0005,0.000322088628
189.0,1.5145,0.000625,0.000322088628
189.0,1.5145,0.0005,0.000322088628
189.0,1.514875,0.000375,0.000322088628
189.0,1.51475,0.0005,0.000322088628
189.0,1.514875,0.0005,0.000322088628
189.0,1.514375,0.000875,0.000322088628
189.0,1.514,0.000875,0.000322088628
189.0,1.51425,0.000875,0.000322088628
189.0,1.51425,0.000875,0.000322088628
189.0,1.514375,0.001,0.000322088628
189.0,1.51425,0.00075,0.000322088628
189.0,1.51425,0.000875,0.000322088628
189.0,1.51425,0.00075,0.000322088628
189.0,1.514125,0.000875,0.000322088628
189.0,1.514625,0.000875,0.000322088628
189.0,1.514125,0.00075,0.000322088628
189.0,1.5145,0.00075,0.000322088628
189.0,1.514375,0.0005,0.000322088628
189.0,1.514625,0.000375,0.000322088628
189.0,1.514875,0.0005,0.000322088628
189.0,1.514625,0.0005,0.000322088628
189.0,1.514375,0.000625,0.000322088628
189.0,1.51425,0.00075,0.000322088628
189.0,1.51425,0.00075,0.000322088628
189.0,1.514125,0.00075,0.000322088628
189.0,1.514125,0.00075,0.000322088628
189.0,1.514375,0.00075,0.000322088628
189.0,1.5145,0.000625,0.000322088628
189.0,1.51425,0.000625,0.000322088628
189.0,1.51425,0.000875,0.000322088628
189.0,1.514375,0.000875,0.000322088628
189.0,1.514625,0.000625,0.000322088628
189.0,1.51475,0.000875,0.000322088628
189.0,1.514375,0.00075,0.000322088628
189.0,1.51425,0.0005,0.000322088628
189.0,1.5145,0.000375,0.000322088628
189.0,1.51525,0.000375,0.000322088628
189.0,1.51525,0.0005,0.000322088628
189.0,1.5145,0.0005,0.000322088628
189.0,1.51425,0.0005,0.000322088628
189.0,1.514375,0.0005,0.000322088628
189.0,1.514375,0.000375,0.000322088628
189.0,1.514375,0.0005,0.000322088628
189.0,1.51425,0.00075,0.000322088628
189.0,1.514125,0.000625,0.000322088628
189.0,1.5145,0.000625,0.000322088628
189.0,1.515,0.000625,0.000322088628
189.0,1.514625,0.00075,0.000322088628
189.0,1.514875,0.00075,0.000322088628
189.0,1.514625,0.0005,0.000322088628
189.0,1.5145,0.0005,0.000322088628
189.0,1.514375,0.000375,0.000322088628
189.0,1.514375,0.0005,0.000322088628
189.0,1.514875,0.0005,0.000322088628
189.0,1.514625,0.000625,0.000322088628
189.0,1.51425,0.000625,0.000322088628
190.0,1.573875,0.00125,0.000321949745
190.0,1.57375,0.00125,0.000321949745
190.0,1.57375,0.00125,0.000321949745
190.0,1.573875,0.00125,0.000321949745
190.0,1.574,0.00125,0.000321949745
190.0,1.574125,0.001375,0.000321949745
190.0,1.574125,0.00125,0.000321949745
190.0,1.574125,0.001,0.000321949745
190.0,1.574125,0.001,0.000321949745
190.0,1.574,0.001,0.000321949745
190.0,1.574625,0.00125,0.000321949745
190.0,1.574625,0.001125,0.000321949745
190.0,1.574,0.00125,0.000321949745
190.0,1.57375,0.00125,0.000321949745
190.0,1.57375,0.001,0.000321949745
190.0,1.57375,0.001125,0.000321949745
190.0,1.573875,0.00125,0.000321949745
190.0,1.573875,0.00125,0.000321949745
190.0,1.573625,0.001125,0.000321949745
190.0,1.574125,0.00125,0.000321949745
190.0,1.57425,0.001375,0.000321949745
190.0,1.57425,0.00125,0.000321949745
190.0,1.574,0.001,0.000321949745
190.0,1.574375,0.001,0.000321949745
190.0,1.574375,0.001,0.000321949745
190.0,1.573875,0.001,0.000321949745
190.0,1.574125,0.001,0.000321949745
190.0,1.574625,0.000875,0.000321949745
190.0,1.5745,0.001,0.000321949745
190.0,1.573625,0.001,0.000321949745
190.0,1.573875,0.000875,0.000321949745
190.0,1.573875,0.001,0.000321949745
190.0,1.57375,0.00125,0.000321949745
190.0,1.57375,0.001125,0.000321949745
190.0,1.573375,0.001,0.000321949745
190.0,1.573875,0.001125,0.000321949745
190.0,1.574125,0.00125,0.000321949745
190.0,1.57425,0.00125,0.000321949745
190.0,1.5745,0.00125,0.000321949745
190.0,1.574625,0.001125,0.000321949745
190.0,1.574375,0.001125,0.000321949745
190.0,1.574375,0.000875,0.000321949745
190.0,1.574,0.001,0.000321949745
190.0,1.574625,0.001,0.000321949745
190.0,1.574625,0.001,0.000321949745
190.0,1.574375,0.001,0.000321949745
190.0,1.573625,0.000875,0.000321949745
190.0,1.5735,0.00125,0.000321949745
190.0,1.57375,0.00125,0.000321949745
190.0,1.574,0.00125,0.000321949745
190.0,1.57425,0.00125,0.000321949745
190.0,1.573625,0.001125,0.000321949745
190.0,1.57375,0.001125,0.000321949745
190.0,1.574,0.001,0.000321949745
190.0,1.573875,0.001125,0.000321949745
190.0,1.574125,0.00125,0.000321949745
190.0,1.574125,0.001,0.000321949745
190.0,1.574125,0.001,0.000321949745
190.0,1.574375,0.000875,0.000321949745
190.0,1.5745,0.000875,0.000321949745
190.0,1.574625,0.001,0.000321949745
190.0,1.574625,0.001125,0.000321949745
190.0,1.574625,0.001125,0.000321949745
190.0,1.57425,0.001125,0.000321949745
190.0,1.574125,0.001125,0.000321949745
190.0,1.5745,0.001125,0.000321949745
190.0,1.574375,0.001,0.000321949745
190.0,1.57375,0.001125,0.000321949745
190.0,1.573875,0.00125,0.000321949745
190.0,1.57425,0.001125,0.000321949745
190.0,1.574375,0.001,0.000321949745
190.0,1.574375,0.001125,0.000321949745
190.0,1.574625,0.001,0.000321949745
190.0,1.574625,0.001,0.000321949745
190.0,1.574375,0.001125,0.000321949745
190.0,1.574,0.00075,0.000321949745
190.0,1.574375,0.001,0.000321949745
190.0,1.575,0.001125,0.000321949745
190.0,1.574875,0.001125,0.000321949745
190.0,1.57425,0.001,0.000321949745
190.0,1.573875,0.001,0.000321949745
190.0,1.57425,0.001125,0.000321949745
190.0,1.574375,0.001125,0.000321949745
190.0,1.574125,0.00125,0.000321949745
190.0,1.5735,0.00125,0.000321949745
190.0,1.5735,0.001375,0.000321949745
190.0,1.57375,0.0015,0.000321949745
190.0,1.574125,0.001375,0.000321949745
190.0,1.573875,0.001375,0.000321949745
190.0,1.573875,0.001375,0.000321949745
190.0,1.57425,0.001,0.000321949745
190.0,1.573875,0.001,0.000321949745
190.0,1.57375,0.000875,0.000321949745
190.0,1.574125,0.001,0.000321949745
190.0,1.574625,0.001,0.000321949745
190.0,1.574625,0.001,0.000321949745
190.0,1.574125,0.001125,0.000321949745
190.0,1.574125,0.00125,0.000321949745
190.0,1.574125,0.001375,0.000321949745
190.0,1.574125,0.00125,0.000321949745
190.0,1.57425,0.00125,0.000321949745
190.0,1.574,0.001125,0.000321949745
190.0,1.574,0.00125,0.000321949745
190.0,1.57425,0.001125,0.000321949745
190.0,1.574625,0.00125,0.000321949745
190.0,1.574625,0.00125,0.000321949745
190.0,1.574375,0.001125,0.000321949745
190.0,1.574,0.001,0.000321949745
190.0,1.574,0.001,0.000321949745
190.0,1.5745,0.000875,0.000321949745
190.0,1.57475,0.00075,0.000321949745
190.0,1.574875,0.000875,0.000321949745
190.0,1.57475,0.000875,0.000321949745
190.0,1.574,0.001125,0.000321949745
190.0,1.573875,0.00125,0.000321949745
190.0,1.573875,0.001375,0.000321949745
190.0,1.574125,0.00125,0.000321949745
190.0,1.574125,0.00125,0.000321949745
190.0,1.57375,0.00125,0.000321949745
190.0,1.574,0.001375,0.000321949745
190.0,1.574375,0.001375,0.000321949745
190.0,1.574375,0.001375,0.000321949745
190.0,1.574625,0.00125,0.000321949745
190.0,1.574375,0.001375,0.000321949745
190.0,1.5745,0.00125,0.000321949745
190.0,1.574125,0.001125,0.000321949745
190.0,1.57425,0.001,0.000321949745
190.0,1.5745,0.001,0.000321949745
190.0,1.574375,0.001125,0.000321949745
190.0,1.574375,0.001,0.000321949745
190.0,1.574,0.001,0.000321949745
190.0,1.573875,0.001125,0.000321949745
190.0,1.57375,0.001375,0.000321949745
190.0,1.574,0.001375,0.000321949745
190.0,1.574,0.00125,0.000321949745
190.0,1.573875,0.00125,0.000321949745
190.0,1.574125,0.0015,0.000321949745
190.0,1.574125,0.0015,0.000321949745
190.0,1.5745,0.001375,0.000321949745
190.0,1.57425,0.001375,0.000321949745
190.0,1.573875,0.001125,0.000321949745
190.0,1.573875,0.001125,0.000321949745
190.0,1.574125,0.001,0.000321949745
190.0,1.5745,0.00125,0.000321949745
190.0,1.574625,0.00125,0.000321949745
190.0,1.574375,0.001125,0.000321949745
190.0,1.573875,0.001125,0.000321949745
190.0,1.574125,0.001125,0.000321949745
190.0,1.57375,0.00125,0.000321949745
190.0,1.57375,0.001375,0.000321949745
190.0,1.573875,0.001375,0.000321949745
190.0,1.573375,0.00125,0.000321949745
190.0,1.573625,0.001375,0.000321949745
190.0,1.57425,0.0015,0.000321949745
190.0,1.57425,0.0015,0.000321949745
190.0,1.574375,0.00125,0.000321949745
190.0,1.57425,0.001125,0.000321949745
190.0,1.574375,0.00125,0.000321949745
190.0,1.574625,0.00125,0.000321949745
190.0,1.5745,0.001125,0.000321949745
190.0,1.57475,0.001125,0.000321949745
190.0,1.574375,0.001125,0.000321949745
190.0,1.574125,0.00125,0.000321949745
190.0,1.573375,0.001375,0.000321949745
190.0,1.5735,0.001375,0.000321949745
190.0,1.5735,0.00125,0.000321949745
190.0,1.573875,0.001375,0.000321949745
190.0,1.5735,0.00125,0.000321949745
190.0,1.573375,0.00125,0.000321949745
191.0,1.633625,0.003,0.000321999425
191.0,1.634,0.002875,0.000321999425
191.0,1.63425,0.003,0.000321999425
191.0,1.634125,0.003,0.000321999425
191.0,1.6335,0.003125,0.000321999425
191.0,1.63325,0.0035,0.000321999425
191.0,1.633125,0.00325,0.000321999425
191.0,1.633625,0.003125,0.000321999425
191.0,1.633625,0.003125,0.000321999425
191.0,1.633625,0.003,0.000321999425
191.0,1.633125,0.003125,0.000321999425
191.0,1.63375,0.003375,0.000321999425
191.0,1.633625,0.00325,0.000321999425
191.0,1.633625,0.003125,0.000321999425
191.0,1.633875,0.003,0.000321999425
191.0,1.6335,0.003125,0.000321999425
191.0,1.63325,0.003125,0.000321999425
191.0,1.6335,0.00325,0.000321999425
191.0,1.634,0.00325,0.000321999425
191.0,1.63425,0.003,0.000321999425
191.0,1.63375,0.002875,0.000321999425
191.0,1.63325,0.003,0.000321999425
191.0,1.633125,0.003375,0.000321999425
191.0,1.633125,0.00325,0.000321999425
191.0,1.633125,0.00325,0.000321999425
191.0,1.633125,0.00325,0.000321999425
191.0,1.633,0.00325,0.000321999425
191.0,1.633125,0.00325,0.000321999425
191.0,1.63375,0.00325,0.000321999425
191.0,1.633625,0.003125,0.000321999425
191.0,1.633375,0.003,0.000321999425
191.0,1.633125,0.003,0.000321999425
191.0,1.633375,0.003125,0.000321999425
191.0,1.63325,0.003125,0.000321999425
191.0,1.633875,0.003125,0.000321999425
191.0,1.634,0.003125,0.000321999425
191.0,1.63375,0.003,0.000321999425
191.0,1.633625,0.003125,0.000321999425
191.0,1.633125,0.003125,0.000321999425
191.0,1.633125,0.003125,0.000321999425
191.0,1.633375,0.003375,0.000321999425
191.0,1.633375,0.003375,0.000321999425
191.0,1.633375,0.00325,0.000321999425
191.0,1.63325,0.00325,0.000321999425
191.0,1.633375,0.003125,0.000321999425
191.0,1.633625,0.00325,0.000321999425
191.0,1.63375,0.003125,0.000321999425
191.0,1.63375,0.003,0.000321999425
191.0,1.634,0.003,0.000321999425
191.0,1.63375,0.002875,0.000321999425
191.0,1.633625,0.002875,0.000321999425
191.0,1.634125,0.003,0.000321999425
191.0,1.634,0.002875,0.000321999425
191.0,1.63375,0.003125,0.000321999425
191.0,1.633375,0.003125,0.000321999425
191.0,1.633125,0.003125,0.000321999425
191.0,1.63325,0.003125,0.000321999425
191.0,1.63325,0.003125,0.000321999425
191.0,1.633,0.003125,0.000321999425
191.0,1.633125,0.003125,0.000321999425
191.0,1.63275,0.003,0.000321999425
191.0,1.633375,0.003,0.000321999425
191.0,1.6335,0.003125,0.000321999425
191.0,1.6335,0.00325,0.000321999425
191.0,1.634125,0.003375,0.000321999425
191.0,1.634,0.003125,0.000321999425
191.0,1.63375,0.002875,0.000321999425
191.0,1.634,0.003125,0.000321999425
191.0,1.63425,0.00325,0.000321999425
191.0,1.634,0.003125,0.000321999425
191.0,1.63375,0.003125,0.000321999425
191.0,1.63325,0.003125,0.000321999425
191.0,1.63325,0.00325,0.000321999425
191.0,1.63325,0.00325,0.000321999425
191.0,1.63325,0.003375,0.000321999425
191.0,1.633125,0.003375,0.000321999425
191.0,1.633,0.003125,0.000321999425
191.0,1.63325,0.00325,0.000321999425
191.0,1.634125,0.00325,0.000321999425
191.0,1.63375,0.00325,0.000321999425
191.0,1.6335,0.003375,0.000321999425
191.0,1.633375,0.00325,0.000321999425
191.0,1.63325,0.003125,0.000321999425
191.0,1.633625,0.003,0.000321999425
191.0,1.634125,0.002875,0.000321999425
191.0,1.63425,0.00275,0.000321999425
191.0,1.634125,0.002875,0.000321999425
191.0,1.633625,0.003125,0.000321999425
191.0,1.633,0.00325,0.000321999425
191.0,1.633,0.00325,0.000321999425
191.0,1.633,0.003125,0.000321999425
191.0,1.633375,0.003125,0.000321999425
191.0,1.633125,0.00325,0.000321999425
191.0,1.632875,0.003125,0.000321999425
191.0,1.633375,0.00325,0.000321999425
191.0,1.634,0.003375,0.000321999425
191.0,1.633875,0.00325,0.000321999425
191.0,1.6335,0.00325,0.000321999425
191.0,1.633375,0.003125,0.000321999425
191.0,1.6335,0.003,0.000321999425
191.0,1.633875,0.003,0.000321999425
191.0,1.6345,0.003125,0.000321999425
191.0,1.634375,0.003,0.000321999425
191.0,1.634375,0.003125,0.000321999425
191.0,1.63375,0.003125,0.000321999425
191.0,1.63375,0.003125,0.000321999425
191.0,1.633375,0.003125,0.000321999425
191.0,1.633625,0.003375,0.000321999425
191.0,1.63375,0.003375,0.000321999425
191.0,1.633375,0.00325,0.000321999425
191.0,1.633125,0.003,0.000321999425
191.0,1.63375,0.00325,0.000321999425
191.0,1.63375,0.003125,0.000321999425
191.0,1.633625,0.00325,0.000321999425
191.0,1.633875,0.003125,0.000321999425
191.0,1.633875,0.003,0.000321999425
191.0,1.633875,0.003,0.000321999425
191.0,1.634,0.003125,0.000321999425
191.0,1.6345,0.003,0.000321999425
191.0,1.63425,0.002875,0.000321999425
191.0,1.634125,0.003,0.000321999425
191.0,1.634125,0.003,0.000321999425
191.0,1.633625,0.003125,0.000321999425
191.0,1.633375,0.003,0.000321999425
191.0,1.63325,0.00325,0.000321999425
191.0,1.6335,0.00325,0.000321999425
191.0,1.63325,0.00325,0.000321999425
191.0,1.633125,0.00325,0.000321999425
191.0,1.63325,0.00325,0.000321999425
191.0,1.633375,0.003375,0.000321999425
191.0,1.633625,0.003,0.000321999425
191.0,1.634,0.003,0.000321999425
191.0,1.633875,0.003125,0.000321999425
191.0,1.633375,0.003125,0.000321999425
191.0,1.633625,0.003125,0.000321999425
191.0,1.634,0.002875,0.000321999425
191.0,1.633625,0.003125,0.000321999425
191.0,1.6335,0.003,0.000321999425
191.0,1.6335,0.003,0.000321999425
191.0,1.63325,0.00325,0.000321999425
191.0,1.63325,0.00325,0.000321999425
191.0,1.63325,0.00325,0.000321999425
191.0,1.6335,0.003125,0.000321999425
191.0,1.633125,0.003125,0.000321999425
191.0,1.633625,0.003125,0.000321999425
191.0,1.633875,0.003375,0.000321999425
191.0,1.6335,0.00325,0.000321999425
191.0,1.633125,0.003125,0.000321999425
191.0,1.63375,0.003125,0.000321999425
191.0,1.633875,0.002875,0.000321999425
191.0,1.633875,0.003,0.000321999425
191.0,1.63425,0.003,0.000321999425
191.0,1.634125,0.002875,0.000321999425
191.0,1.63375,0.002875,0.000321999425
191.0,1.63375,0.002875,0.000321999425
191.0,1.633375,0.003125,0.000321999425
191.0,1.63325,0.00325,0.000321999425
191.0,1.63325,0.00325,0.000321999425
191.0,1.6335,0.003,0.000321999425
191.0,1.633375,0.00325,0.000321999425
191.0,1.632625,0.003,0.000321999425
191.0,1.632875,0.003375,0.000321999425
191.0,1.633375,0.0035,0.000321999425
191.0,1.63325,0.003375,0.000321999425
191.0,1.633875,0.003375,0.000321999425
191.0,1.63375,0.003,0.000321999425
191.0,1.633875,0.003,0.000321999425
191.0,1.634125,0.003125,0.000321999425
191.0,1.634125,0.003,0.000321999425
192.0,1.69375,0.007125,0.000321950443
192.0,1.693875,0.007125,0.000321950443
192.0,1.69425,0.00725,0.000321950443
192.0,1.694375,0.007125,0.000321950443
192.0,1.69425,0.007,0.000321950443
192.0,1.69375,0.007125,0.000321950443
192.0,1.693375,0.00725,0.000321950443
192.0,1.69325,0.0075,0.000321950443
192.0,1.69325,0.0075,0.000321950443
192.0,1.69375,0.007375,0.000321950443
192.0,1.6935,0.007375,0.000321950443
192.0,1.6935,0.007375,0.000321950443
192.0,1.6935,0.00725,0.000321950443
192.0,1.69375,0.007375,0.000321950443
192.0,1.69375,0.0075,0.000321950443
192.0,1.6935,0.00725,0.000321950443
192.0,1.693625,0.007,0.000321950443
192.0,1.693625,0.007,0.000321950443
192.0,1.693625,0.007125,0.000321950443
192.0,1.694375,0.007125,0.000321950443
192.0,1.694375,0.007125,0.000321950443
192.0,1.693625,0.007125,0.000321950443
192.0,1.6935,0.00725,0.000321950443
192.0,1.693625,0.00725,0.000321950443
192.0,1.693625,0.0075,0.000321950443
192.0,1.69375,0.0075,0.000321950443
192.0,1.693625,0.0075,0.000321950443
192.0,1.69325,0.00725,0.000321950443
192.0,1.693375,0.00725,0.000321950443
192.0,1.693625,0.007375,0.000321950443
192.0,1.6935,0.007375,0.000321950443
192.0,1.693875,0.007625,0.000321950443
192.0,1.694,0.007375,0.000321950443
192.0,1.694,0.007125,0.000321950443
192.0,1.694,0.007125,0.000321950443
192.0,1.694,0.00725,0.000321950443
192.0,1.69425,0.007,0.000321950443
192.0,1.694,0.007,0.000321950443
192.0,1.693625,0.007125,0.000321950443
192.0,1.693125,0.007125,0.000321950443
192.0,1.69325,0.007375,0.000321950443
192.0,1.69325,0.007375,0.000321950443
192.0,1.6935,0.0075,0.000321950443
192.0,1.693375,0.00725,0.000321950443
192.0,1.6935,0.00725,0.000321950443
192.0,1.693625,0.00725,0.000321950443
192.0,1.694,0.007125,0.000321950443
192.0,1.693875,0.00725,0.000321950443
192.0,1.69375,0.007,0.000321950443
192.0,1.694,0.007,0.000321950443
192.0,1.694,0.007,0.000321950443
192.0,1.694,0.007,0.000321950443
192.0,1.694125,0.00725,0.000321950443
192.0,1.693875,0.00725,0.000321950443
192.0,1.694375,0.007125,0.000321950443
192.0,1.69375,0.00725,0.000321950443
192.0,1.69325,0.00725,0.000321950443
192.0,1.69325,0.00725,0.000321950443
192.0,1.69325,0.007125,0.000321950443
192.0,1.69325,0.00725,0.000321950443
192.0,1.69325,0.00725,0.000321950443
192.0,1.693125,0.007125,0.000321950443
192.0,1.69325,0.00725,0.000321950443
192.0,1.693875,0.007375,0.000321950443
192.0,1.693625,0.007375,0.000321950443
192.0,1.694,0.007125,0.000321950443
192.0,1.694125,0.007125,0.000321950443
192.0,1.693875,0.007125,0.000321950443
192.0,1.693875,0.007,0.000321950443
192.0,1.693875,0.007125,0.000321950443
192.0,1.694125,0.007,0.000321950443
192.0,1.69425,0.007,0.000321950443
192.0,1.693625,0.00725,0.000321950443
192.0,1.693625,0.00725,0.000321950443
192.0,1.69375,0.00725,0.000321950443
192.0,1.69375,0.007375,0.000321950443
192.0,1.693625,0.00725,0.000321950443
192.0,1.693375,0.00725,0.000321950443
192.0,1.693125,0.00725,0.000321950443
192.0,1.6935,0.007375,0.000321950443
192.0,1.694,0.007125,0.000321950443
192.0,1.694,0.00725,0.000321950443
192.0,1.694,0.00725,0.000321950443
192.0,1.694125,0.00725,0.000321950443
192.0,1.693875,0.007125,0.000321950443
192.0,1.694125,0.007,0.000321950443
192.0,1.69425,0.007,0.000321950443
192.0,1.694375,0.007,0.000321950443
192.0,1.693875,0.007,0.000321950443
192.0,1.693875,0.007,0.000321950443
192.0,1.693375,0.007125,0.000321950443
192.0,1.69325,0.0075,0.000321950443
192.0,1.69325,0.00725,0.000321950443
192.0,1.6935,0.00725,0.000321950443
192.0,1.693125,0.00725,0.000321950443
192.0,1.693125,0.00725,0.000321950443
192.0,1.693625,0.007375,0.000321950443
192.0,1.693875,0.007375,0.000321950443
192.0,1.693875,0.007375,0.000321950443
192.0,1.6945,0.007125,0.000321950443
192.0,1.694125,0.007125,0.000321950443
192.0,1.693625,0.007,0.000321950443
192.0,1.693875,0.007125,0.000321950443
192.0,1.694375,0.007125,0.000321950443
192.0,1.694125,0.007125,0.000321950443
192.0,1.694125,0.007125,0.000321950443
192.0,1.6935,0.006875,0.000321950443
192.0,1.693,0.006875,0.000321950443
192.0,1.693375,0.007125,0.000321950443
192.0,1.693375,0.00725,0.000321950443
192.0,1.693375,0.007375,0.000321950443
192.0,1.6935,0.007125,0.000321950443
192.0,1.69375,0.00725,0.000321950443
192.0,1.694125,0.00725,0.000321950443
192.0,1.693875,0.007125,0.000321950443
192.0,1.693875,0.00725,0.000321950443
192.0,1.693625,0.007125,0.000321950443
192.0,1.6935,0.007,0.000321950443
192.0,1.693625,0.007,0.000321950443
192.0,1.69425,0.007125,0.000321950443
192.0,1.69425,0.007125,0.000321950443
192.0,1.69425,0.007125,0.000321950443
192.0,1.693875,0.007125,0.000321950443
192.0,1.6935,0.00725,0.000321950443
192.0,1.693125,0.00725,0.000321950443
192.0,1.693125,0.007375,0.000321950443
192.0,1.693375,0.00725,0.000321950443
192.0,1.693125,0.007125,0.000321950443
192.0,1.69325,0.007125,0.000321950443
192.0,1.69375,0.007125,0.000321950443
192.0,1.693875,0.007125,0.000321950443
192.0,1.69375,0.007,0.000321950443
192.0,1.69375,0.007,0.000321950443
192.0,1.694,0.007125,0.000321950443
192.0,1.69375,0.007125,0.000321950443
192.0,1.694125,0.007,0.000321950443
192.0,1.69425,0.007,0.000321950443
192.0,1.69425,0.00725,0.000321950443
192.0,1.69425,0.00725,0.000321950443
192.0,1.69375,0.007375,0.000321950443
192.0,1.693,0.00725,0.000321950443
192.0,1.69325,0.007375,0.000321950443
192.0,1.6935,0.007375,0.000321950443
192.0,1.6935,0.007125,0.000321950443
192.0,1.693125,0.007125,0.000321950443
192.0,1.693125,0.00725,0.000321950443
192.0,1.69375,0.007375,0.000321950443
192.0,1.694375,0.007375,0.000321950443
192.0,1.693875,0.007125,0.000321950443
192.0,1.69375,0.007125,0.000321950443
192.0,1.6935,0.007125,0.000321950443
192.0,1.693875,0.007125,0.000321950443
192.0,1.6945,0.007125,0.000321950443
192.0,1.694625,0.007125,0.000321950443
192.0,1.694625,0.007125,0.000321950443
192.0,1.694625,0.007,0.000321950443
192.0,1.693625,0.007,0.000321950443
192.0,1.693375,0.007375,0.000321950443
192.0,1.6935,0.007375,0.000321950443
192.0,1.69375,0.007375,0.000321950443
192.0,1.693625,0.00725,0.000321950443
192.0,1.6935,0.007125,0.000321950443
192.0,1.693625,0.00725,0.000321950443
192.0,1.693875,0.007375,0.000321950443
192.0,1.69375,0.007375,0.000321950443
192.0,1.69325,0.007375,0.000321950443
192.0,1.693625,0.007125,0.000321950443
192.0,1.693625,0.007,0.000321950443
192.0,1.69375,0.007,0.000321950443
193.0,1.754125,0.012875,0.000322098931
193.0,1.753875,0.012875,0.000322098931
193.0,1.753375,0.012875,0.000322098931
193.0,1.753625,0.01275,0.000322098931
193.0,1.7535,0.013,0.000322098931
193.0,1.753,0.013,0.000322098931
193.0,1.753125,0.01275,0.000322098931
193.0,1.75325,0.012875,0.000322098931
193.0,1.75325,0.012875,0.000322098931
193.0,1.753625,0.012875,0.000322098931
193.0,1.75375,0.012875,0.000322098931
193.0,1.754125,0.012875,0.000322098931
193.0,1.754375,0.01275,0.000322098931
193.0,1.75425,0.012625,0.000322098931
193.0,1.7545,0.01275,0.000322098931
193.0,1.754875,0.012875,0.000322098931
193.0,1.75475,0.012625,0.000322098931
193.0,1.754,0.01275,0.000322098931
193.0,1.75375,0.013,0.000322098931
193.0,1.753625,0.01275,0.000322098931
193.0,1.75375,0.012875,0.000322098931
193.0,1.75375,0.013125,0.000322098931
193.0,1.7535,0.013,0.000322098931
193.0,1.753,0.012625,0.000322098931
193.0,1.753,0.012625,0.000322098931
193.0,1.75375,0.013,0.000322098931
193.0,1.754375,0.013,0.000322098931
193.0,1.75375,0.013,0.000322098931
193.0,1.753875,0.012875,0.000322098931
193.0,1.754125,0.01275,0.000322098931
193.0,1.753625,0.0125,0.000322098931
193.0,1.75425,0.012625,0.000322098931
193.0,1.7545,0.01275,0.000322098931
193.0,1.7545,0.01275,0.000322098931
193.0,1.754125,0.012625,0.000322098931
193.0,1.753625,0.013,0.000322098931
193.0,1.753375,0.013125,0.000322098931
193.0,1.753375,0.013125,0.000322098931
193.0,1.75425,0.013,0.000322098931
193.0,1.754125,0.013,0.000322098931
193.0,1.753625,0.01275,0.000322098931
193.0,1.753625,0.01275,0.000322098931
193.0,1.753875,0.012875,0.000322098931
193.0,1.75375,0.013,0.000322098931
193.0,1.75325,0.012875,0.000322098931
193.0,1.753875,0.012625,0.000322098931
193.0,1.754375,0.01275,0.000322098931
193.0,1.75425,0.01275,0.000322098931
193.0,1.754375,0.01275,0.000322098931
193.0,1.7545,0.01275,0.000322098931
193.0,1.754125,0.0125,0.000322098931
193.0,1.754,0.012625,0.000322098931
193.0,1.754125,0.012625,0.000322098931
193.0,1.754,0.013,0.000322098931
193.0,1.7535,0.013125,0.000322098931
193.0,1.753375,0.012875,0.000322098931
193.0,1.75325,0.012875,0.000322098931
193.0,1.75325,0.012875,0.000322098931
193.0,1.7535,0.012875,0.000322098931
193.0,1.753875,0.013,0.000322098931
193.0,1.753875,0.013,0.000322098931
193.0,1.754,0.012875,0.000322098931
193.0,1.75425,0.01275,0.000322098931
193.0,1.754,0.01275,0.000322098931
193.0,1.75425,0.01275,0.000322098931
193.0,1.754625,0.012625,0.000322098931
193.0,1.754375,0.0125,0.000322098931
193.0,1.754125,0.012625,0.000322098931
193.0,1.75375,0.0125,0.000322098931
193.0,1.753375,0.01275,0.000322098931
193.0,1.754,0.013,0.000322098931
193.0,1.75375,0.013125,0.000322098931
193.0,1.7535,0.013,0.000322098931
193.0,1.7535,0.013,0.000322098931
193.0,1.753125,0.01275,0.000322098931
193.0,1.753375,0.012875,0.000322098931
193.0,1.754,0.012875,0.000322098931
193.0,1.75425,0.013,0.000322098931
193.0,1.7545,0.012875,0.000322098931
193.0,1.754375,0.01275,0.000322098931
193.0,1.754,0.012625,0.000322098931
193.0,1.754125,0.012625,0.000322098931
193.0,1.754375,0.012875,0.000322098931
193.0,1.75425,0.01275,0.000322098931
193.0,1.754125,0.01275,0.000322098931
193.0,1.75375,0.013,0.000322098931
193.0,1.7535,0.01275,0.000322098931
193.0,1.75375,0.013,0.000322098931
193.0,1.753875,0.013125,0.000322098931
193.0,1.753875,0.013125,0.000322098931
193.0,1.753875,0.01275,0.000322098931
193.0,1.7535,0.012875,0.000322098931
193.0,1.7535,0.013,0.000322098931
193.0,1.753875,0.012875,0.000322098931
193.0,1.7535,0.01275,0.000322098931
193.0,1.753625,0.01275,0.000322098931
193.0,1.754125,0.01275,0.000322098931
193.0,1.754,0.01275,0.000322098931
193.0,1.754625,0.01275,0.000322098931
193.0,1.75475,0.01275,0.000322098931
193.0,1.754375,0.0125,0.000322098931
193.0,1.75375,0.012625,0.000322098931
193.0,1.75375,0.013,0.000322098931
193.0,1.753375,0.013,0.000322098931
193.0,1.75375,0.013,0.000322098931
193.0,1.75375,0.013,0.000322098931
193.0,1.75375,0.013,0.000322098931
193.0,1.753625,0.01275,0.000322098931
193.0,1.75375,0.012875,0.000322098931
193.0,1.754125,0.013,0.000322098931
193.0,1.754375,0.013125,0.000322098931
193.0,1.75425,0.012875,0.000322098931
193.0,1.75425,0.013,0.000322098931
193.0,1.754,0.012875,0.000322098931
193.0,1.75425,0.01275,0.000322098931
193.0,1.754875,0.01275,0.000322098931
193.0,1.75475,0.01275,0.000322098931
193.0,1.754,0.0125,0.000322098931
193.0,1.75375,0.0125,0.000322098931
193.0,1.75325,0.01275,0.000322098931
193.0,1.753625,0.012875,0.000322098931
193.0,1.753625,0.012875,0.000322098931
193.0,1.753625,0.012875,0.000322098931
193.0,1.75375,0.012875,0.000322098931
193.0,1.75325,0.012875,0.000322098931
193.0,1.753375,0.01275,0.000322098931
193.0,1.753625,0.013,0.000322098931
193.0,1.754,0.013,0.000322098931
193.0,1.753875,0.012875,0.000322098931
193.0,1.754,0.012875,0.000322098931
193.0,1.754125,0.01275,0.000322098931
193.0,1.754125,0.012625,0.000322098931
193.0,1.75425,0.01275,0.000322098931
193.0,1.754375,0.012625,0.000322098931
193.0,1.753875,0.012625,0.000322098931
193.0,1.7535,0.012625,0.000322098931
193.0,1.75325,0.01275,0.000322098931
193.0,1.75325,0.01275,0.000322098931
193.0,1.75325,0.013,0.000322098931
193.0,1.753625,0.013,0.000322098931
193.0,1.7535,0.012875,0.000322098931
193.0,1.753375,0.012875,0.000322098931
193.0,1.753625,0.012875,0.000322098931
193.0,1.754,0.013125,0.000322098931
193.0,1.753625,0.013,0.000322098931
193.0,1.75375,0.01325,0.000322098931
193.0,1.754125,0.01275,0.000322098931
193.0,1.75425,0.0125,0.000322098931
193.0,1.7545,0.012625,0.000322098931
193.0,1.7545,0.012625,0.000322098931
193.0,1.7545,0.012625,0.000322098931
193.0,1.754125,0.012875,0.000322098931
193.0,1.75375,0.01275,0.000322098931
193.0,1.753625,0.012625,0.000322098931
193.0,1.753625,0.012625,0.000322098931
193.0,1.753625,0.013,0.000322098931
193.0,1.754125,0.013,0.000322098931
193.0,1.75375,0.012875,0.000322098931
193.0,1.75325,0.01275,0.000322098931
193.0,1.753875,0.013,0.000322098931
193.0,1.75425,0.013125,0.000322098931
193.0,1.753875,0.01275,0.000322098931
193.0,1.754125,0.012875,0.000322098931
193.0,1.753875,0.01275,0.000322098931
193.0,1.75425,0.012625,0.000322098931
193.0,1.7545,0.012625,0.000322098931
193.0,1.75475,0.012625,0.000322098931
193.0,1.7545,0.012625,0.000322098931
193.0,1.75375,0.012625,0.000322098931
194.0,1.81375,0.020625,0.000321867468
194.0,1.81425,0.020625,0.000321867468
194.0,1.814125,0.02075,0.000321867468
194.0,1.813875,0.02075,0.000321867468
194.0,1.814125,0.020625,0.000321867468
194.0,1.814125,0.020625,0.000321867468
194.0,1.814,0.020625,0.000321867468
194.0,1.81425,0.0205,0.000321867468
194.0,1.81425,0.0205,0.000321867468
194.0,1.815,0.0205,0.000321867468
194.0,1.81475,0.020375,0.000321867468
194.0,1.813875,0.020625,0.000321867468
194.0,1.813625,0.02075,0.000321867468
194.0,1.813875,0.0205,0.000321867468
194.0,1.814125,0.020625,0.000321867468
194.0,1.814125,0.02075,0.000321867468
194.0,1.813625,0.0205,0.000321867468
194.0,1.81375,0.0205,0.000321867468
194.0,1.814125,0.020625,0.000321867468
194.0,1.814375,0.02075,0.000321867468
194.0,1.8145,0.020625,0.000321867468
194.0,1.814625,0.0205,0.000321867468
194.0,1.814375,0.020375,0.000321867468
194.0,1.814625,0.0205,0.000321867468
194.0,1.814625,0.0205,0.000321867468
194.0,1.815,0.020625,0.000321867468
194.0,1.8155,0.020375,0.000321867468
194.0,1.815,0.020625,0.000321867468
194.0,1.813875,0.020625,0.000321867468
194.0,1.813875,0.020625,0.000321867468
194.0,1.814,0.0205,0.000321867468
194.0,1.81425,0.02075,0.000321867468
194.0,1.813875,0.020625,0.000321867468
194.0,1.81375,0.020625,0.000321867468
194.0,1.81375,0.020625,0.000321867468
194.0,1.814375,0.020625,0.000321867468
194.0,1.814125,0.020625,0.000321867468
194.0,1.814625,0.02075,0.000321867468
194.0,1.814375,0.020375,0.000321867468
194.0,1.813875,0.020375,0.000321867468
194.0,1.81425,0.020375,0.000321867468
194.0,1.81425,0.0205,0.000321867468
194.0,1.814875,0.0205,0.000321867468
194.0,1.814875,0.02025,0.000321867468
194.0,1.8145,0.020375,0.000321867468
194.0,1.813625,0.02075,0.000321867468
194.0,1.81375,0.02075,0.000321867468
194.0,1.813875,0.020625,0.000321867468
194.0,1.8135,0.020625,0.000321867468
194.0,1.813125,0.0205,0.000321867468
194.0,1.813125,0.02075,0.000321867468
194.0,1.813875,0.02075,0.000321867468
194.0,1.813875,0.02075,0.000321867468
194.0,1.813625,0.02075,0.000321867468
194.0,1.81425,0.02075,0.000321867468
194.0,1.814,0.020625,0.000321867468
194.0,1.81375,0.020625,0.000321867468
194.0,1.81375,0.0205,0.000321867468
194.0,1.81425,0.020375,0.000321867468
194.0,1.814625,0.0205,0.000321867468
194.0,1.8145,0.0205,0.000321867468
194.0,1.814,0.020625,0.000321867468
194.0,1.813875,0.0205,0.000321867468
194.0,1.81375,0.020625,0.000321867468
194.0,1.814,0.020625,0.000321867468
194.0,1.813875,0.020625,0.000321867468
194.0,1.813625,0.020375,0.000321867468
194.0,1.813875,0.020625,0.000321867468
194.0,1.814,0.020875,0.000321867468
194.0,1.814,0.020875,0.000321867468
194.0,1.814,0.0205,0.000321867468
194.0,1.814375,0.0205,0.000321867468
194.0,1.814125,0.020375,0.000321867468
194.0,1.814125,0.020375,0.000321867468
194.0,1.81425,0.020375,0.000321867468
194.0,1.81425,0.020375,0.000321867468
194.0,1.814375,0.020375,0.000321867468
194.0,1.814375,0.0205,0.000321867468
194.0,1.814,0.02025,0.000321867468
194.0,1.81375,0.0205,0.000321867468
194.0,1.81375,0.02075,0.000321867468
194.0,1.814125,0.020875,0.000321867468
194.0,1.814,0.020625,0.000321867468
194.0,1.813125,0.0205,0.000321867468
194.0,1.813625,0.020625,0.000321867468
194.0,1.813875,0.020875,0.000321867468
194.0,1.813875,0.020625,0.000321867468
194.0,1.813875,0.020375,0.000321867468
194.0,1.813875,0.020375,0.000321867468
194.0,1.813875,0.020375,0.000321867468
194.0,1.814125,0.0205,0.000321867468
194.0,1.8145,0.0205,0.000321867468
194.0,1.81475,0.0205,0.000321867468
194.0,1.81475,0.02025,0.000321867468
194.0,1.814125,0.020625,0.000321867468
194.0,1.814,0.020875,0.000321867468
194.0,1.813875,0.020875,0.000321867468
194.0,1.813875,0.020625,0.000321867468
194.0,1.814,0.02075,0.000321867468
194.0,1.81375,0.020625,0.000321867468
194.0,1.813375,0.020625,0.000321867468
194.0,1.813875,0.020875,0.000321867468
194.0,1.81425,0.021,0.000321867468
194.0,1.814375,0.020875,0.000321867468
194.0,1.814,0.0205,0.000321867468
194.0,1.814,0.0205,0.000321867468
194.0,1.813875,0.020375,0.000321867468
194.0,1.814,0.0205,0.000321867468
194.0,1.814625,0.0205,0.000321867468
194.0,1.814625,0.0205,0.000321867468
194.0,1.81425,0.0205,0.000321867468
194.0,1.81375,0.0205,0.000321867468
194.0,1.813375,0.020625,0.000321867468
194.0,1.813625,0.0205,0.000321867468
194.0,1.813875,0.0205,0.000321867468
194.0,1.813625,0.02075,0.000321867468
194.0,1.81325,0.0205,0.000321867468
194.0,1.813,0.0205,0.000321867468
194.0,1.813875,0.020625,0.000321867468
194.0,1.81375,0.020875,0.000321867468
194.0,1.8135,0.020625,0.000321867468
194.0,1.8135,0.020625,0.000321867468
194.0,1.814,0.0205,0.000321867468
194.0,1.814125,0.0205,0.000321867468
194.0,1.814125,0.0205,0.000321867468
194.0,1.814625,0.0205,0.000321867468
194.0,1.814375,0.020375,0.000321867468
194.0,1.814125,0.0205,0.000321867468
194.0,1.8135,0.020625,0.000321867468
194.0,1.813375,0.020875,0.000321867468
194.0,1.81375,0.02075,0.000321867468
194.0,1.814125,0.02075,0.000321867468
194.0,1.813875,0.020625,0.000321867468
194.0,1.81325,0.020625,0.000321867468
194.0,1.813625,0.02075,0.000321867468
194.0,1.814375,0.020625,0.000321867468
194.0,1.8145,0.0205,0.000321867468
194.0,1.814125,0.0205,0.000321867468
194.0,1.814125,0.020625,0.000321867468
194.0,1.814,0.0205,0.000321867468
194.0,1.81425,0.02025,0.000321867468
194.0,1.814375,0.020375,0.000321867468
194.0,1.814375,0.0205,0.000321867468
194.0,1.8145,0.020375,0.000321867468
194.0,1.81425,0.020375,0.000321867468
194.0,1.81375,0.0205,0.000321867468
194.0,1.813875,0.02075,0.000321867468
194.0,1.813875,0.020625,0.000321867468
194.0,1.814,0.0205,0.000321867468
194.0,1.814,0.020375,0.000321867468
194.0,1.813625,0.020625,0.000321867468
194.0,1.814125,0.020625,0.000321867468
194.0,1.81425,0.020625,0.000321867468
194.0,1.81425,0.020625,0.000321867468
194.0,1.81425,0.020375,0.000321867468
194.0,1.81425,0.020375,0.000321867468
194.0,1.814,0.020375,0.000321867468
194.0,1.813875,0.0205,0.000321867468
194.0,1.814375,0.020375,0.000321867468
194.0,1.81425,0.0205,0.000321867468
194.0,1.814125,0.0205,0.000321867468
194.0,1.81375,0.02025,0.000321867468
194.0,1.8135,0.020375,0.000321867468
194.0,1.8135,0.0205,0.000321867468
194.0,1.813875,0.020625,0.000321867468
194.0,1.814375,0.020375,0.000321867468
194.0,1.81375,0.0205,0.000321867468
194.0,1.813375,0.020625,0.000321867468
194.0,1.813875,0.020875,0.000321867468
195.0,1.873625,0.029875,0.000321878819
195.0,1.873875,0.02975,0.000321878819
195.0,1.873625,0.029625,0.000321878819
195.0,1.87375,0.02975,0.000321878819
195.0,1.874125,0.029875,0.000321878819
195.0,1.87425,0.02975,0.000321878819
195.0,1.873875,0.03,0.000321878819
195.0,1.87325,0.02975,0.000321878819
195.0,1.87325,0.02975,0.000321878819
195.0,1.873625,0.029875,0.000321878819
195.0,1.873875,0.029875,0.000321878819
195.0,1.873625,0.03,0.000321878819
195.0,1.873125,0.02975,0.000321878819
195.0,1.873125,0.02975,0.000321878819
195.0,1.87325,0.029875,0.000321878819
195.0,1.87375,0.029875,0.000321878819
195.0,1.873875,0.03,0.000321878819
195.0,1.874,0.03,0.000321878819
195.0,1.87375,0.029875,0.000321878819
195.0,1.873625,0.02975,0.000321878819
195.0,1.87375,0.0295,0.000321878819
195.0,1.874375,0.02975,0.000321878819
195.0,1.874625,0.0295,0.000321878819
195.0,1.874375,0.0295,0.000321878819
195.0,1.8735,0.0295,0.000321878819
195.0,1.8735,0.02975,0.000321878819
195.0,1.8735,0.029875,0.000321878819
195.0,1.87325,0.029875,0.000321878819
195.0,1.87325,0.029875,0.000321878819
195.0,1.873125,0.029625,0.000321878819
195.0,1.8735,0.02975,0.000321878819
195.0,1.874125,0.030125,0.000321878819
195.0,1.874125,0.029875,0.000321878819
195.0,1.874,0.029875,0.000321878819
195.0,1.874,0.02975,0.000321878819
195.0,1.873625,0.029625,0.000321878819
195.0,1.874,0.0295,0.000321878819
195.0,1.8745,0.02975,0.000321878819
195.0,1.8745,0.029625,0.000321878819
195.0,1.874625,0.029625,0.000321878819
195.0,1.873875,0.029625,0.000321878819
195.0,1.873875,0.029625,0.000321878819
195.0,1.873625,0.02975,0.000321878819
195.0,1.87375,0.029875,0.000321878819
195.0,1.874,0.03,0.000321878819
195.0,1.873875,0.029875,0.000321878819
195.0,1.873125,0.029875,0.000321878819
195.0,1.873375,0.03,0.000321878819
195.0,1.874,0.030125,0.000321878819
195.0,1.874125,0.03025,0.000321878819
195.0,1.874,0.03,0.000321878819
195.0,1.874125,0.029875,0.000321878819
195.0,1.874,0.02975,0.000321878819
195.0,1.87425,0.02975,0.000321878819
195.0,1.8745,0.02975,0.000321878819
195.0,1.87425,0.02975,0.000321878819
195.0,1.874,0.0295,0.000321878819
195.0,1.874,0.0295,0.000321878819
195.0,1.873375,0.03,0.000321878819
195.0,1.87325,0.03,0.000321878819
195.0,1.873625,0.029875,0.000321878819
195.0,1.874,0.03,0.000321878819
195.0,1.873375,0.029625,0.000321878819
195.0,1.873125,0.02975,0.000321878819
195.0,1.874,0.029875,0.000321878819
195.0,1.874375,0.02975,0.000321878819
195.0,1.873875,0.02975,0.000321878819
195.0,1.874125,0.029625,0.000321878819
195.0,1.874125,0.0295,0.000321878819
195.0,1.874,0.029625,0.000321878819
195.0,1.8745,0.02975,0.000321878819
195.0,1.87475,0.0295,0.000321878819
195.0,1.8745,0.029625,0.000321878819
195.0,1.8745,0.029625,0.000321878819
195.0,1.87425,0.029625,0.000321878819
195.0,1.87375,0.029625,0.000321878819
195.0,1.87375,0.029875,0.000321878819
195.0,1.873875,0.03,0.000321878819
195.0,1.874,0.029875,0.000321878819
195.0,1.87375,0.029875,0.000321878819
195.0,1.873625,0.02975,0.000321878819
195.0,1.873875,0.02975,0.000321878819
195.0,1.87425,0.030125,0.000321878819
195.0,1.874125,0.030125,0.000321878819
195.0,1.873875,0.029875,0.000321878819
195.0,1.87375,0.02975,0.000321878819
195.0,1.874125,0.0295,0.000321878819
195.0,1.874625,0.029625,0.000321878819
195.0,1.8745,0.02975,0.000321878819
195.0,1.8745,0.02975,0.000321878819
195.0,1.874125,0.029625,0.000321878819
195.0,1.873625,0.02975,0.000321878819
195.0,1.8735,0.03,0.000321878819
195.0,1.87375,0.03,0.000321878819
195.0,1.873875,0.03,0.000321878819
195.0,1.873625,0.03,0.000321878819
195.0,1.873375,0.02975,0.000321878819
195.0,1.873625,0.03,0.000321878819
195.0,1.874125,0.03,0.000321878819
195.0,1.873875,0.03,0.000321878819
195.0,1.8735,0.02975,0.000321878819
195.0,1.87375,0.029875,0.000321878819
195.0,1.87375,0.02975,0.000321878819
195.0,1.874,0.02975,0.000321878819
195.0,1.874125,0.02975,0.000321878819
195.0,1.874125,0.02975,0.000321878819
195.0,1.874125,0.029625,0.000321878819
195.0,1.874125,0.029625,0.000321878819
195.0,1.8735,0.029625,0.000321878819
195.0,1.8735,0.029875,0.000321878819
195.0,1.873625,0.03,0.000321878819
195.0,1.8735,0.029875,0.000321878819
195.0,1.873625,0.03,0.000321878819
195.0,1.8735,0.02975,0.000321878819
195.0,1.874,0.029875,0.000321878819
195.0,1.874125,0.03,0.000321878819
195.0,1.873875,0.03,0.000321878819
195.0,1.874125,0.029875,0.000321878819
195.0,1.874125,0.03,0.000321878819
195.0,1.873875,0.029625,0.000321878819
195.0,1.874125,0.029625,0.000321878819
195.0,1.8745,0.029625,0.000321878819
195.0,1.8745,0.029875,0.000321878819
195.0,1.874375,0.02975,0.000321878819
195.0,1.873875,0.02975,0.000321878819
195.0,1.87375,0.02975,0.000321878819
195.0,1.87325,0.029875,0.000321878819
195.0,1.8735,0.03,0.000321878819
195.0,1.87375,0.029875,0.000321878819
195.0,1.873375,0.02975,0.000321878819
195.0,1.873625,0.02975,0.000321878819
195.0,1.87375,0.029875,0.000321878819
195.0,1.87325,0.029875,0.000321878819
195.0,1.873625,0.03,0.000321878819
195.0,1.874125,0.029875,0.000321878819
195.0,1.874125,0.029875,0.000321878819
195.0,1.873875,0.02975,0.000321878819
195.0,1.87425,0.029625,0.000321878819
195.0,1.87425,0.029625,0.000321878819
195.0,1.87475,0.02975,0.000321878819
195.0,1.874625,0.02975,0.000321878819
195.0,1.873875,0.02975,0.000321878819
195.0,1.873875,0.029875,0.000321878819
195.0,1.87375,0.029875,0.000321878819
195.0,1.873875,0.02975,0.000321878819
195.0,1.87375,0.03,0.000321878819
195.0,1.87325,0.03,0.000321878819
195.0,1.873625,0.029625,0.000321878819
195.0,1.873875,0.029625,0.000321878819
195.0,1.874,0.03,0.000321878819
195.0,1.87425,0.02975,0.000321878819
195.0,1.8745,0.029875,0.000321878819
195.0,1.874,0.029625,0.000321878819
195.0,1.87375,0.029625,0.000321878819
195.0,1.87375,0.029625,0.000321878819
195.0,1.874375,0.02975,0.000321878819
195.0,1.874125,0.02975,0.000321878819
195.0,1.874,0.02975,0.000321878819
195.0,1.873625,0.02975,0.000321878819
195.0,1.873625,0.0295,0.000321878819
195.0,1.873625,0.029875,0.000321878819
195.0,1.873875,0.03,0.000321878819
195.0,1.87375,0.029625,0.000321878819
195.0,1.8735,0.029625,0.000321878819
195.0,1.873375,0.029875,0.000321878819
195.0,1.874,0.03,0.000321878819
195.0,1.874125,0.02975,0.000321878819
195.0,1.874,0.02975,0.000321878819
195.0,1.87425,0.02975,0.000321878819
196.0,1.93225,0.041125,0.000321845466
196.0,1.9325,0.041,0.000321845466
196.0,1.9325,0.041,0.000321845466
196.0,1.932625,0.041,0.000321845466
196.0,1.932375,0.040875,0.000321845466
196.0,1.93225,0.040625,0.000321845466
196.0,1.932625,0.040875,0.000321845466
196.0,1.93325,0.040625,0.000321845466
196.0,1.93325,0.040625,0.000321845466
196.0,1.933125,0.04075,0.000321845466
196.0,1.932625,0.04075,0.000321845466
196.0,1.932125,0.041,0.000321845466
196.0,1.93225,0.041,0.000321845466
196.0,1.932,0.041,0.000321845466
196.0,1.932125,0.040875,0.000321845466
196.0,1.932125,0.041,0.000321845466
196.0,1.931625,0.041,0.000321845466
196.0,1.932625,0.041125,0.000321845466
196.0,1.932625,0.041125,0.000321845466
196.0,1.932375,0.041,0.000321845466
196.0,1.93225,0.041125,0.000321845466
196.0,1.93225,0.04075,0.000321845466
196.0,1.93225,0.04075,0.000321845466
196.0,1.933125,0.040625,0.000321845466
196.0,1.933125,0.040875,0.000321845466
196.0,1.933375,0.040875,0.000321845466
196.0,1.933125,0.04075,0.000321845466
196.0,1.932375,0.041,0.000321845466
196.0,1.932,0.040875,0.000321845466
196.0,1.932,0.04075,0.000321845466
196.0,1.932125,0.04075,0.000321845466
196.0,1.93175,0.041,0.000321845466
196.0,1.931875,0.040875,0.000321845466
196.0,1.932,0.041125,0.000321845466
196.0,1.932375,0.040875,0.000321845466
196.0,1.9325,0.041,0.000321845466
196.0,1.93225,0.040875,0.000321845466
196.0,1.93275,0.041,0.000321845466
196.0,1.933,0.040875,0.000321845466
196.0,1.933125,0.040875,0.000321845466
196.0,1.933125,0.04075,0.000321845466
196.0,1.933375,0.04075,0.000321845466
196.0,1.9335,0.040875,0.000321845466
196.0,1.932875,0.040625,0.000321845466
196.0,1.931875,0.040625,0.000321845466
196.0,1.9315,0.04075,0.000321845466
196.0,1.931875,0.041125,0.000321845466
196.0,1.932,0.041,0.000321845466
196.0,1.931875,0.040875,0.000321845466
196.0,1.932,0.040875,0.000321845466
196.0,1.932375,0.041,0.000321845466
196.0,1.932875,0.04125,0.000321845466
196.0,1.93225,0.041,0.000321845466
196.0,1.932125,0.040875,0.000321845466
196.0,1.932125,0.04075,0.000321845466
196.0,1.9325,0.040875,0.000321845466
196.0,1.933,0.04075,0.000321845466
196.0,1.933,0.04075,0.000321845466
196.0,1.933125,0.04075,0.000321845466
196.0,1.932875,0.04075,0.000321845466
196.0,1.93225,0.040875,0.000321845466
196.0,1.932125,0.040875,0.000321845466
196.0,1.93225,0.041,0.000321845466
196.0,1.932625,0.040875,0.000321845466
196.0,1.932375,0.041,0.000321845466
196.0,1.931875,0.040875,0.000321845466
196.0,1.931875,0.041125,0.000321845466
196.0,1.93225,0.041,0.000321845466
196.0,1.932625,0.041,0.000321845466
196.0,1.932125,0.041,0.000321845466
196.0,1.932375,0.041,0.000321845466
196.0,1.93225,0.04075,0.000321845466
196.0,1.932375,0.04075,0.000321845466
196.0,1.932375,0.04075,0.000321845466
196.0,1.933125,0.040625,0.000321845466
196.0,1.933375,0.04075,0.000321845466
196.0,1.933,0.04075,0.000321845466
196.0,1.932125,0.040875,0.000321845466
196.0,1.93175,0.040875,0.000321845466
196.0,1.93225,0.040875,0.000321845466
196.0,1.9325,0.040875,0.000321845466
196.0,1.932,0.041,0.000321845466
196.0,1.931875,0.040875,0.000321845466
196.0,1.93225,0.041,0.000321845466
196.0,1.932625,0.041,0.000321845466
196.0,1.932625,0.040875,0.000321845466
196.0,1.932625,0.040625,0.000321845466
196.0,1.932625,0.04075,0.000321845466
196.0,1.93275,0.04075,0.000321845466
196.0,1.93275,0.04075,0.000321845466
196.0,1.933,0.040625,0.000321845466
196.0,1.933125,0.040625,0.000321845466
196.0,1.932625,0.040375,0.000321845466
196.0,1.932375,0.040625,0.000321845466
196.0,1.932125,0.04075,0.000321845466
196.0,1.932125,0.041,0.000321845466
196.0,1.932375,0.041,0.000321845466
196.0,1.932125,0.040875,0.000321845466
196.0,1.932,0.04075,0.000321845466
196.0,1.931875,0.040875,0.000321845466
196.0,1.93225,0.040875,0.000321845466
196.0,1.9325,0.041,0.000321845466
196.0,1.932375,0.041,0.000321845466
196.0,1.9325,0.041,0.000321845466
196.0,1.93225,0.040875,0.000321845466
196.0,1.93225,0.040875,0.000321845466
196.0,1.932125,0.040875,0.000321845466
196.0,1.93225,0.04075,0.000321845466
196.0,1.932875,0.041,0.000321845466
196.0,1.932625,0.041,0.000321845466
196.0,1.932375,0.040875,0.000321845466
196.0,1.93225,0.041,0.000321845466
196.0,1.9325,0.041125,0.000321845466
196.0,1.932625,0.04125,0.000321845466
196.0,1.93225,0.041125,0.000321845466
196.0,1.931875,0.041,0.000321845466
196.0,1.932125,0.041125,0.000321845466
196.0,1.93225,0.041125,0.000321845466
196.0,1.932375,0.041,0.000321845466
196.0,1.9325,0.04125,0.000321845466
196.0,1.9325,0.040875,0.000321845466
196.0,1.9325,0.04075,0.000321845466
196.0,1.9325,0.04075,0.000321845466
196.0,1.932375,0.04075,0.000321845466
196.0,1.933125,0.040875,0.000321845466
196.0,1.9335,0.04075,0.000321845466
196.0,1.93275,0.04075,0.000321845466
196.0,1.932,0.04075,0.000321845466
196.0,1.931875,0.041,0.000321845466
196.0,1.931875,0.041,0.000321845466
196.0,1.932,0.041,0.000321845466
196.0,1.932625,0.040875,0.000321845466
196.0,1.932,0.040875,0.000321845466
196.0,1.932,0.041,0.000321845466
196.0,1.932125,0.041125,0.000321845466
196.0,1.932375,0.040875,0.000321845466
196.0,1.932625,0.040875,0.000321845466
196.0,1.932625,0.040875,0.000321845466
196.0,1.932625,0.040875,0.000321845466
196.0,1.932375,0.040875,0.000321845466
196.0,1.9325,0.04075,0.000321845466
196.0,1.933125,0.04075,0.000321845466
196.0,1.933,0.0405,0.000321845466
196.0,1.9325,0.040625,0.000321845466
196.0,1.93225,0.04075,0.000321845466
196.0,1.932375,0.041,0.000321845466
196.0,1.93225,0.041,0.000321845466
196.0,1.93225,0.041,0.000321845466
196.0,1.932125,0.041,0.000321845466
196.0,1.932,0.041,0.000321845466
196.0,1.932375,0.041,0.000321845466
196.0,1.932875,0.041,0.000321845466
196.0,1.93275,0.041125,0.000321845466
196.0,1.93275,0.04075,0.000321845466
196.0,1.93275,0.04075,0.000321845466
196.0,1.933125,0.04075,0.000321845466
196.0,1.93275,0.040625,0.000321845466
196.0,1.933,0.04075,0.000321845466
196.0,1.933,0.040625,0.000321845466
196.0,1.93275,0.040625,0.000321845466
196.0,1.932125,0.040625,0.000321845466
196.0,1.932125,0.041,0.000321845466
196.0,1.93225,0.040875,0.000321845466
196.0,1.93225,0.041,0.000321845466
196.0,1.931875,0.040875,0.000321845466
196.0,1.93175,0.040875,0.000321845466
196.0,1.932,0.040875,0.000321845466
196.0,1.932375,0.041,0.000321845466
196.0,1.932,0.040875,0.000321845466
197.0,1.99175,0.05375,0.000321864209
197.0,1.992375,0.053625,0.000321864209
197.0,1.99225,0.0535,0.000321864209
197.0,1.992,0.0535,0.000321864209
197.0,1.992625,0.053625,0.000321864209
197.0,1.992625,0.0535,0.000321864209
197.0,1.992125,0.053375,0.000321864209
197.0,1.991625,0.053625,0.000321864209
197.0,1.991625,0.053625,0.000321864209
197.0,1.9915,0.05375,0.000321864209
197.0,1.9915,0.05375,0.000321864209
197.0,1.991625,0.05375,0.000321864209
197.0,1.991625,0.05375,0.000321864209
197.0,1.9915,0.053625,0.000321864209
197.0,1.99175,0.053625,0.000321864209
197.0,1.99175,0.054,0.000321864209
197.0,1.9915,0.054,0.000321864209
197.0,1.991625,0.054,0.000321864209
197.0,1.991875,0.05375,0.000321864209
197.0,1.992,0.05375,0.000321864209
197.0,1.992125,0.053375,0.000321864209
197.0,1.992875,0.053625,0.000321864209
197.0,1.992875,0.0535,0.000321864209
197.0,1.992125,0.053375,0.000321864209
197.0,1.99175,0.053375,0.000321864209
197.0,1.99175,0.0535,0.000321864209
197.0,1.991875,0.053625,0.000321864209
197.0,1.99225,0.053875,0.000321864209
197.0,1.992,0.05375,0.000321864209
197.0,1.99175,0.05375,0.000321864209
197.0,1.9915,0.0535,0.000321864209
197.0,1.99175,0.05375,0.000321864209
197.0,1.992,0.05375,0.000321864209
197.0,1.992125,0.053875,0.000321864209
197.0,1.99225,0.053875,0.000321864209
197.0,1.99225,0.05375,0.000321864209
197.0,1.992,0.0535,0.000321864209
197.0,1.992375,0.053375,0.000321864209
197.0,1.9925,0.0535,0.000321864209
197.0,1.992375,0.05325,0.000321864209
197.0,1.992125,0.05325,0.000321864209
197.0,1.992125,0.053375,0.000321864209
197.0,1.99175,0.0535,0.000321864209
197.0,1.99175,0.0535,0.000321864209
197.0,1.99175,0.05375,0.000321864209
197.0,1.991375,0.05375,0.000321864209
197.0,1.99125,0.05375,0.000321864209
197.0,1.991375,0.053875,0.000321864209
197.0,1.991375,0.053875,0.000321864209
197.0,1.992125,0.053625,0.000321864209
197.0,1.992125,0.053625,0.000321864209
197.0,1.992375,0.0535,0.000321864209
197.0,1.992375,0.053375,0.000321864209
197.0,1.99225,0.0535,0.000321864209
197.0,1.992375,0.0535,0.000321864209
197.0,1.992625,0.0535,0.000321864209
197.0,1.992375,0.053625,0.000321864209
197.0,1.992375,0.053625,0.000321864209
197.0,1.991875,0.05375,0.000321864209
197.0,1.991375,0.053625,0.000321864209
197.0,1.99175,0.05375,0.000321864209
197.0,1.991625,0.053875,0.000321864209
197.0,1.992,0.053875,0.000321864209
197.0,1.99175,0.053625,0.000321864209
197.0,1.991625,0.05375,0.000321864209
197.0,1.992,0.054,0.000321864209
197.0,1.992,0.054,0.000321864209
197.0,1.991625,0.053875,0.000321864209
197.0,1.992,0.0535,0.000321864209
197.0,1.992,0.053375,0.000321864209
197.0,1.992,0.05375,0.000321864209
197.0,1.992375,0.053625,0.000321864209
197.0,1.992625,0.0535,0.000321864209
197.0,1.992625,0.0535,0.000321864209
197.0,1.991875,0.05375,0.000321864209
197.0,1.991375,0.053625,0.000321864209
197.0,1.99125,0.0535,0.000321864209
197.0,1.991625,0.0535,0.000321864209
197.0,1.992,0.053625,0.000321864209
197.0,1.991625,0.0535,0.000321864209
197.0,1.99175,0.0535,0.000321864209
197.0,1.991875,0.05375,0.000321864209
197.0,1.991875,0.053875,0.000321864209
197.0,1.992,0.05375,0.000321864209
197.0,1.992,0.05375,0.000321864209
197.0,1.992,0.05375,0.000321864209
197.0,1.992,0.053625,0.000321864209
197.0,1.9925,0.0535,0.000321864209
197.0,1.992625,0.053375,0.000321864209
197.0,1.992625,0.053375,0.000321864209
197.0,1.992375,0.0535,0.000321864209
197.0,1.9925,0.05375,0.000321864209
197.0,1.991875,0.0535,0.000321864209
197.0,1.9915,0.053625,0.000321864209
197.0,1.991875,0.053625,0.000321864209
197.0,1.99175,0.05375,0.000321864209
197.0,1.9915,0.05375,0.000321864209
197.0,1.991375,0.05375,0.000321864209
197.0,1.9915,0.053875,0.000321864209
197.0,1.992,0.054,0.000321864209
197.0,1.992125,0.053875,0.000321864209
197.0,1.992125,0.05375,0.000321864209
197.0,1.992,0.05375,0.000321864209
197.0,1.991625,0.053375,0.000321864209
197.0,1.9925,0.0535,0.000321864209
197.0,1.9925,0.0535,0.000321864209
197.0,1.992625,0.053375,0.000321864209
197.0,1.992375,0.053625,0.000321864209
197.0,1.992,0.053625,0.000321864209
197.0,1.9915,0.05375,0.000321864209
197.0,1.9915,0.053875,0.000321864209
197.0,1.991625,0.05375,0.000321864209
197.0,1.991875,0.05375,0.000321864209
197.0,1.991625,0.053625,0.000321864209
197.0,1.992,0.053625,0.000321864209
197.0,1.992,0.053625,0.000321864209
197.0,1.99225,0.053625,0.000321864209
197.0,1.992125,0.0535,0.000321864209
197.0,1.99225,0.053625,0.000321864209
197.0,1.992,0.053625,0.000321864209
197.0,1.992375,0.053625,0.000321864209
197.0,1.992625,0.053625,0.000321864209
197.0,1.992625,0.053625,0.000321864209
197.0,1.99275,0.053375,0.000321864209
197.0,1.9925,0.053625,0.000321864209
197.0,1.99175,0.053625,0.000321864209
197.0,1.991625,0.053625,0.000321864209
197.0,1.99175,0.05375,0.000321864209
197.0,1.99175,0.05375,0.000321864209
197.0,1.99175,0.05375,0.000321864209
197.0,1.991875,0.053625,0.000321864209
197.0,1.991875,0.05375,0.000321864209
197.0,1.992,0.054,0.000321864209
197.0,1.992,0.053875,0.000321864209
197.0,1.992,0.053625,0.000321864209
197.0,1.992125,0.053625,0.000321864209
197.0,1.99225,0.0535,0.000321864209
197.0,1.99225,0.0535,0.000321864209
197.0,1.99225,0.053625,0.000321864209
197.0,1.992375,0.053625,0.000321864209
197.0,1.99275,0.0535,0.000321864209
197.0,1.9925,0.053625,0.000321864209
197.0,1.99175,0.05375,0.000321864209
197.0,1.991375,0.054,0.000321864209
197.0,1.991875,0.054,0.000321864209
197.0,1.991625,0.05375,0.000321864209
197.0,1.991625,0.053625,0.000321864209
197.0,1.99175,0.053625,0.000321864209
197.0,1.992,0.05375,0.000321864209
197.0,1.992125,0.053875,0.000321864209
197.0,1.991875,0.05375,0.000321864209
197.0,1.992125,0.053625,0.000321864209
197.0,1.992375,0.0535,0.000321864209
197.0,1.991875,0.0535,0.000321864209
197.0,1.991875,0.0535,0.000321864209
197.0,1.992375,0.0535,0.000321864209
197.0,1.99225,0.0535,0.000321864209
197.0,1.992125,0.053375,0.000321864209
197.0,1.992125,0.0535,0.000321864209
197.0,1.991875,0.0535,0.000321864209
197.0,1.991625,0.053875,0.000321864209
197.0,1.991625,0.053625,0.000321864209
197.0,1.991625,0.053625,0.000321864209
197.0,1.991125,0.05375,0.000321864209
197.0,1.9915,0.053625,0.000321864209
197.0,1.991625,0.053625,0.000321864209
197.0,1.99175,0.053875,0.000321864209
197.0,1.99175,0.05375,0.000321864209
197.0,1.991875,0.053625,0.000321864209
198.0,2.0515,0.068375,0.000322076929
198.0,2.051375,0.06825,0.000322076929
198.0,2.05075,0.06825,0.000322076929
198.0,2.0505,0.0685,0.000322076929
198.0,2.05075,0.068375,0.000322076929
198.0,2.050625,0.0685,0.000322076929
198.0,2.05025,0.0685,0.000322076929
198.0,2.050125,0.068375,0.000322076929
198.0,2.050125,0.068375,0.000322076929
198.0,2.0505,0.0685,0.000322076929
198.0,2.050875,0.06875,0.000322076929
198.0,2.05075,0.0685,0.000322076929
198.0,2.050875,0.068375,0.000322076929
198.0,2.05125,0.068375,0.000322076929
198.0,2.05075,0.068125,0.000322076929
198.0,2.050625,0.068125,0.000322076929
198.0,2.05125,0.06825,0.000322076929
198.0,2.051375,0.068125,0.000322076929
198.0,2.051,0.0685,0.000322076929
198.0,2.0505,0.068375,0.000322076929
198.0,2.050375,0.068375,0.000322076929
198.0,2.051125,0.0685,0.000322076929
198.0,2.05075,0.0685,0.000322076929
198.0,2.05025,0.068375,0.000322076929
198.0,2.05025,0.068375,0.000322076929
198.0,2.050375,0.068625,0.000322076929
198.0,2.05075,0.0685,0.000322076929
198.0,2.051,0.068625,0.000322076929
198.0,2.051,0.068625,0.000322076929
198.0,2.051125,0.0685,0.000322076929
198.0,2.05125,0.068375,0.000322076929
198.0,2.051125,0.06825,0.000322076929
198.0,2.051125,0.06825,0.000322076929
198.0,2.051,0.06825,0.000322076929
198.0,2.050875,0.068375,0.000322076929
198.0,2.0505,0.068375,0.000322076929
198.0,2.050375,0.068625,0.000322076929
198.0,2.0505,0.0685,0.000322076929
198.0,2.050625,0.068375,0.000322076929
198.0,2.050875,0.0685,0.000322076929
198.0,2.050875,0.068375,0.000322076929
198.0,2.0505,0.068375,0.000322076929
198.0,2.050625,0.0685,0.000322076929
198.0,2.051125,0.068625,0.000322076929
198.0,2.051125,0.068625,0.000322076929
198.0,2.051,0.068125,0.000322076929
198.0,2.05125,0.068125,0.000322076929
198.0,2.051125,0.068125,0.000322076929
198.0,2.051,0.06825,0.000322076929
198.0,2.05125,0.068375,0.000322076929
198.0,2.051625,0.068375,0.000322076929
198.0,2.05125,0.06825,0.000322076929
198.0,2.050625,0.0685,0.000322076929
198.0,2.05,0.0685,0.000322076929
198.0,2.0505,0.0685,0.000322076929
198.0,2.0505,0.068375,0.000322076929
198.0,2.0505,0.068375,0.000322076929
198.0,2.0505,0.068375,0.000322076929
198.0,2.0505,0.068375,0.000322076929
198.0,2.050375,0.0685,0.000322076929
198.0,2.050375,0.068625,0.000322076929
198.0,2.0505,0.06825,0.000322076929
198.0,2.050875,0.068125,0.000322076929
198.0,2.051375,0.06825,0.000322076929
198.0,2.051125,0.06825,0.000322076929
198.0,2.051125,0.06825,0.000322076929
198.0,2.0515,0.06825,0.000322076929
198.0,2.051125,0.06825,0.000322076929
198.0,2.051,0.068375,0.000322076929
198.0,2.05075,0.06825,0.000322076929
198.0,2.05075,0.06825,0.000322076929
198.0,2.05075,0.068375,0.000322076929
198.0,2.05075,0.0685,0.000322076929
198.0,2.05075,0.0685,0.000322076929
198.0,2.050375,0.06825,0.000322076929
198.0,2.050375,0.0685,0.000322076929
198.0,2.051,0.0685,0.000322076929
198.0,2.051125,0.06875,0.000322076929
198.0,2.051,0.0685,0.000322076929
198.0,2.050875,0.06825,0.000322076929
198.0,2.050875,0.068125,0.000322076929
198.0,2.05075,0.06825,0.000322076929
198.0,2.051375,0.068375,0.000322076929
198.0,2.051625,0.06825,0.000322076929
198.0,2.051375,0.06825,0.000322076929
198.0,2.050875,0.06825,0.000322076929
198.0,2.0505,0.06825,0.000322076929
198.0,2.05075,0.068375,0.000322076929
198.0,2.051,0.068625,0.000322076929
198.0,2.051,0.068625,0.000322076929
198.0,2.05075,0.068625,0.000322076929
198.0,2.05025,0.0685,0.000322076929
198.0,2.050375,0.0685,0.000322076929
198.0,2.051,0.0685,0.000322076929
198.0,2.051,0.068375,0.000322076929
198.0,2.05075,0.068375,0.000322076929
198.0,2.051,0.068375,0.000322076929
198.0,2.05125,0.068375,0.000322076929
198.0,2.051125,0.06825,0.000322076929
198.0,2.051625,0.06825,0.000322076929
198.0,2.051375,0.06825,0.000322076929
198.0,2.051,0.06825,0.000322076929
198.0,2.0505,0.06825,0.000322076929
198.0,2.05,0.068375,0.000322076929
198.0,2.05025,0.0685,0.000322076929
198.0,2.05025,0.0685,0.000322076929
198.0,2.0505,0.068375,0.000322076929
198.0,2.050625,0.068375,0.000322076929
198.0,2.050375,0.068375,0.000322076929
198.0,2.0505,0.068375,0.000322076929
198.0,2.05075,0.0685,0.000322076929
198.0,2.050875,0.068625,0.000322076929
198.0,2.051,0.068625,0.000322076929
198.0,2.05125,0.0685,0.000322076929
198.0,2.05075,0.068375,0.000322076929
198.0,2.050625,0.06825,0.000322076929
198.0,2.051125,0.068125,0.000322076929
198.0,2.051,0.06825,0.000322076929
198.0,2.05075,0.06825,0.000322076929
198.0,2.05075,0.068375,0.000322076929
198.0,2.050625,0.0685,0.000322076929
198.0,2.050625,0.0685,0.000322076929
198.0,2.050625,0.0685,0.000322076929
198.0,2.050875,0.068375,0.000322076929
198.0,2.0505,0.06825,0.000322076929
198.0,2.05025,0.068375,0.000322076929
198.0,2.051,0.0685,0.000322076929
198.0,2.05125,0.0685,0.000322076929
198.0,2.051,0.068375,0.000322076929
198.0,2.050875,0.068375,0.000322076929
198.0,2.051,0.068375,0.000322076929
198.0,2.050875,0.068125,0.000322076929
198.0,2.05125,0.06825,0.000322076929
198.0,2.051625,0.06825,0.000322076929
198.0,2.051125,0.06825,0.000322076929
198.0,2.0505,0.06825,0.000322076929
198.0,2.0505,0.06825,0.000322076929
198.0,2.0505,0.0685,0.000322076929
198.0,2.050375,0.0685,0.000322076929
198.0,2.050625,0.0685,0.000322076929
198.0,2.050625,0.0685,0.000322076929
198.0,2.050375,0.0685,0.000322076929
198.0,2.050625,0.068625,0.000322076929
198.0,2.05125,0.068625,0.000322076929
198.0,2.05125,0.068625,0.000322076929
198.0,2.051,0.068375,0.000322076929
198.0,2.05125,0.068375,0.000322076929
198.0,2.05125,0.068125,0.000322076929
198.0,2.05125,0.068125,0.000322076929
198.0,2.0515,0.06825,0.000322076929
198.0,2.051375,0.068375,0.000322076929
198.0,2.051125,0.0685,0.000322076929
198.0,2.050875,0.0685,0.000322076929
198.0,2.050375,0.0685,0.000322076929
198.0,2.050375,0.0685,0.000322076929
198.0,2.0505,0.068375,0.000322076929
198.0,2.05075,0.068375,0.000322076929
198.0,2.050375,0.068375,0.000322076929
198.0,2.050125,0.068375,0.000322076929
198.0,2.0505,0.0685,0.000322076929
198.0,2.050625,0.0685,0.000322076929
198.0,2.05075,0.068625,0.000322076929
198.0,2.05075,0.068625,0.000322076929
198.0,2.05125,0.0685,0.000322076929
198.0,2.051,0.0685,0.000322076929
198.0,2.051125,0.06825,0.000322076929
198.0,2.051125,0.068375,0.000322076929
198.0,2.05125,0.06825,0.000322076929
198.0,2.05075,0.068125,0.000322076929
199.0,2.1095,0.085,0.000321867003
199.0,2.109875,0.085,0.000321867003
199.0,2.11,0.084625,0.000321867003
199.0,2.109625,0.0845,0.000321867003
199.0,2.110375,0.0845,0.000321867003
199.0,2.11075,0.084625,0.000321867003
199.0,2.110375,0.0845,0.000321867003
199.0,2.10975,0.08475,0.000321867003
199.0,2.10975,0.08475,0.000321867003
199.0,2.1095,0.084875,0.000321867003
199.0,2.1095,0.085,0.000321867003
199.0,2.109625,0.084625,0.000321867003
199.0,2.10975,0.084875,0.000321867003
199.0,2.109375,0.084625,0.000321867003
199.0,2.109125,0.084875,0.000321867003
199.0,2.109625,0.08475,0.000321867003
199.0,2.10975,0.084875,0.000321867003
199.0,2.109625,0.084875,0.000321867003
199.0,2.109625,0.0845,0.000321867003
199.0,2.109625,0.0845,0.000321867003
199.0,2.109625,0.084375,0.000321867003
199.0,2.110125,0.0845,0.000321867003
199.0,2.110375,0.0845,0.000321867003
199.0,2.11025,0.084625,0.000321867003
199.0,2.10975,0.084625,0.000321867003
199.0,2.10975,0.0845,0.000321867003
199.0,2.109125,0.084875,0.000321867003
199.0,2.10925,0.084625,0.000321867003
199.0,2.109375,0.08475,0.000321867003
199.0,2.109625,0.08475,0.000321867003
199.0,2.1095,0.0845,0.000321867003
199.0,2.1095,0.08475,0.000321867003
199.0,2.109625,0.085,0.000321867003
199.0,2.109875,0.084875,0.000321867003
199.0,2.109875,0.0845,0.000321867003
199.0,2.109875,0.0845,0.000321867003
199.0,2.109875,0.0845,0.000321867003
199.0,2.11,0.0845,0.000321867003
199.0,2.110625,0.0845,0.000321867003
199.0,2.11075,0.0845,0.000321867003
199.0,2.110125,0.084625,0.000321867003
199.0,2.110125,0.084625,0.000321867003
199.0,2.1095,0.08475,0.000321867003
199.0,2.1095,0.08475,0.000321867003
199.0,2.109625,0.084875,0.000321867003
199.0,2.11,0.084875,0.000321867003
199.0,2.109625,0.084625,0.000321867003
199.0,2.109375,0.084625,0.000321867003
199.0,2.1095,0.084875,0.000321867003
199.0,2.1095,0.084875,0.000321867003
199.0,2.10975,0.0845,0.000321867003
199.0,2.10975,0.0845,0.000321867003
199.0,2.110125,0.08475,0.000321867003
199.0,2.11,0.0845,0.000321867003
199.0,2.11025,0.0845,0.000321867003
199.0,2.110625,0.0845,0.000321867003
199.0,2.1105,0.084625,0.000321867003
199.0,2.1105,0.084625,0.000321867003
199.0,2.109875,0.084875,0.000321867003
199.0,2.10925,0.08475,0.000321867003
199.0,2.109375,0.084875,0.000321867003
199.0,2.109375,0.08475,0.000321867003
199.0,2.1095,0.085,0.000321867003
199.0,2.109125,0.084875,0.000321867003
199.0,2.108875,0.08475,0.000321867003
199.0,2.10925,0.084875,0.000321867003
199.0,2.109875,0.084875,0.000321867003
199.0,2.11025,0.084875,0.000321867003
199.0,2.109875,0.08475,0.000321867003
199.0,2.10975,0.084625,0.000321867003
199.0,2.109875,0.084625,0.000321867003
199.0,2.109875,0.084625,0.000321867003
199.0,2.110375,0.0845,0.000321867003
199.0,2.110375,0.0845,0.000321867003
199.0,2.110125,0.0845,0.000321867003
199.0,2.10925,0.0845,0.000321867003
199.0,2.109,0.084875,0.000321867003
199.0,2.109125,0.08475,0.000321867003
199.0,2.1095,0.084625,0.000321867003
199.0,2.10925,0.08475,0.000321867003
199.0,2.109125,0.084625,0.000321867003
199.0,2.109125,0.08475,0.000321867003
199.0,2.109875,0.085,0.000321867003
199.0,2.10975,0.085,0.000321867003
199.0,2.10975,0.08475,0.000321867003
199.0,2.109625,0.084625,0.000321867003
199.0,2.10975,0.084375,0.000321867003
199.0,2.109875,0.084375,0.000321867003
199.0,2.1105,0.0845,0.000321867003
199.0,2.1105,0.0845,0.000321867003
199.0,2.110625,0.0845,0.000321867003
199.0,2.110375,0.084375,0.000321867003
199.0,2.109625,0.084625,0.000321867003
199.0,2.1095,0.08475,0.000321867003
199.0,2.109375,0.084625,0.000321867003
199.0,2.109875,0.08475,0.000321867003
199.0,2.11,0.08475,0.000321867003
199.0,2.1095,0.084375,0.000321867003
199.0,2.109625,0.084875,0.000321867003
199.0,2.109625,0.084875,0.000321867003
199.0,2.109625,0.08475,0.000321867003
199.0,2.1095,0.084625,0.000321867003
199.0,2.11,0.08475,0.000321867003
199.0,2.10975,0.084625,0.000321867003
199.0,2.11,0.0845,0.000321867003
199.0,2.11,0.0845,0.000321867003
199.0,2.110375,0.0845,0.000321867003
199.0,2.110375,0.08425,0.000321867003
199.0,2.110375,0.084625,0.000321867003
199.0,2.10975,0.08475,0.000321867003
199.0,2.109375,0.084875,0.000321867003
199.0,2.109125,0.084875,0.000321867003
199.0,2.1095,0.08475,0.000321867003
199.0,2.109125,0.08475,0.000321867003
199.0,2.109,0.08475,0.000321867003
199.0,2.109375,0.084625,0.000321867003
199.0,2.109625,0.084875,0.000321867003
199.0,2.1095,0.08475,0.000321867003
199.0,2.11,0.084625,0.000321867003
199.0,2.11025,0.0845,0.000321867003
199.0,2.109875,0.0845,0.000321867003
199.0,2.110375,0.0845,0.000321867003
199.0,2.110375,0.08475,0.000321867003
199.0,2.1105,0.08475,0.000321867003
199.0,2.1105,0.084625,0.000321867003
199.0,2.110125,0.084625,0.000321867003
199.0,2.10925,0.084875,0.000321867003
199.0,2.109,0.08475,0.000321867003
199.0,2.10925,0.084875,0.000321867003
199.0,2.109125,0.08475,0.000321867003
199.0,2.108875,0.084625,0.000321867003
199.0,2.109125,0.08475,0.000321867003
199.0,2.10975,0.08475,0.000321867003
199.0,2.109875,0.085,0.000321867003
199.0,2.109875,0.084875,0.000321867003
199.0,2.11,0.08475,0.000321867003
199.0,2.109875,0.084375,0.000321867003
199.0,2.109875,0.084375,0.000321867003
199.0,2.109875,0.084375,0.000321867003
199.0,2.11025,0.084375,0.000321867003
199.0,2.1105,0.084625,0.000321867003
199.0,2.109875,0.0845,0.000321867003
199.0,2.10925,0.08475,0.000321867003
199.0,2.1095,0.084625,0.000321867003
199.0,2.109875,0.085,0.000321867003
199.0,2.109875,0.084875,0.000321867003
199.0,2.10975,0.08475,0.000321867003
199.0,2.109375,0.084625,0.000321867003
199.0,2.1095,0.08475,0.000321867003
199.0,2.109875,0.084875,0.000321867003
199.0,2.10975,0.08475,0.000321867003
199.0,2.109625,0.084875,0.000321867003
199.0,2.109875,0.08475,0.000321867003
199.0,2.109875,0.0845,0.000321867003
199.0,2.109875,0.0845,0.000321867003
199.0,2.110375,0.0845,0.000321867003
199.0,2.110875,0.084625,0.000321867003
199.0,2.110875,0.084625,0.000321867003
199.0,2.110625,0.0845,0.000321867003
199.0,2.109875,0.08475,0.000321867003
199.0,2.109875,0.084625,0.000321867003
199.0,2.10975,0.084625,0.000321867003
199.0,2.110125,0.084875,0.000321867003
199.0,2.109875,0.084875,0.000321867003
199.0,2.10925,0.084625,0.000321867003
199.0,2.10925,0.084875,0.000321867003
199.0,2.11,0.084875,0.000321867003
199.0,2.109875,0.084875,0.000321867003
199.0,2.10975,0.084875,0.000321867003
200.0,2.168625,0.102875,0.000322110078
200.0,2.168125,0.102875,0.000322110078
200.0,2.167625,0.103,0.000322110078
200.0,2.167875,0.103,0.000322110078
200.0,2.168375,0.103125,0.000322110078
200.0,2.16825,0.103125,0.000322110078
200.0,2.1675,0.103,0.000322110078
200.0,2.167,0.103125,0.000322110078
200.0,2.167,0.103125,0.000322110078
200.0,2.167875,0.10325,0.000322110078
200.0,2.168375,0.103125,0.000322110078
200.0,2.1685,0.103125,0.000322110078
200.0,2.16875,0.103125,0.000322110078
200.0,2.168875,0.102875,0.000322110078
200.0,2.168625,0.10275,0.000322110078
200.0,2.16875,0.10275,0.000322110078
200.0,2.168875,0.102875,0.000322110078
200.0,2.16875,0.102625,0.000322110078
200.0,2.16875,0.102875,0.000322110078
200.0,2.168,0.103125,0.000322110078
200.0,2.167875,0.10325,0.000322110078
200.0,2.16825,0.103125,0.000322110078
200.0,2.168625,0.103,0.000322110078
200.0,2.168125,0.103,0.000322110078
200.0,2.168125,0.103,0.000322110078
200.0,2.16825,0.103125,0.000322110078
200.0,2.16825,0.103125,0.000322110078
200.0,2.168125,0.103125,0.000322110078
200.0,2.168,0.103125,0.000322110078
200.0,2.16825,0.102875,0.000322110078
200.0,2.1685,0.102875,0.000322110078
200.0,2.168625,0.102875,0.000322110078
200.0,2.169125,0.103,0.000322110078
200.0,2.169375,0.102875,0.000322110078
200.0,2.169125,0.103,0.000322110078
200.0,2.168625,0.103125,0.000322110078
200.0,2.168375,0.103125,0.000322110078
200.0,2.16825,0.103125,0.000322110078
200.0,2.16825,0.103125,0.000322110078
200.0,2.168,0.103125,0.000322110078
200.0,2.16775,0.103125,0.000322110078
200.0,2.16775,0.103,0.000322110078
200.0,2.167625,0.103125,0.000322110078
200.0,2.16825,0.10325,0.000322110078
200.0,2.16875,0.10325,0.000322110078
200.0,2.168625,0.103125,0.000322110078
200.0,2.1685,0.103,0.000322110078
200.0,2.16825,0.102875,0.000322110078
200.0,2.16875,0.102875,0.000322110078
200.0,2.168875,0.102875,0.000322110078
200.0,2.169125,0.10275,0.000322110078
200.0,2.16875,0.10275,0.000322110078
200.0,2.168,0.103,0.000322110078
200.0,2.16775,0.103125,0.000322110078
200.0,2.168,0.103125,0.000322110078
200.0,2.168125,0.103125,0.000322110078
200.0,2.168125,0.103125,0.000322110078
200.0,2.168125,0.103125,0.000322110078
200.0,2.16775,0.103125,0.000322110078
200.0,2.168,0.103,0.000322110078
200.0,2.16825,0.103125,0.000322110078
200.0,2.1685,0.103125,0.000322110078
200.0,2.168625,0.103125,0.000322110078
200.0,2.168875,0.103,0.000322110078
200.0,2.168875,0.102875,0.000322110078
200.0,2.16925,0.102875,0.000322110078
200.0,2.169125,0.102625,0.000322110078
200.0,2.16875,0.102625,0.000322110078
200.0,2.16825,0.103,0.000322110078
200.0,2.167875,0.103125,0.000322110078
200.0,2.16775,0.102875,0.000322110078
200.0,2.16775,0.10325,0.000322110078
200.0,2.168125,0.103125,0.000322110078
200.0,2.168125,0.103125,0.000322110078
200.0,2.168125,0.102875,0.000322110078
200.0,2.168125,0.102875,0.000322110078
200.0,2.168625,0.103125,0.000322110078
200.0,2.168625,0.103125,0.000322110078
200.0,2.168375,0.103,0.000322110078
200.0,2.16875,0.102875,0.000322110078
200.0,2.169,0.10275,0.000322110078
200.0,2.168625,0.102875,0.000322110078
200.0,2.168875,0.10275,0.000322110078
200.0,2.168625,0.102875,0.000322110078
200.0,2.1685,0.102875,0.000322110078
200.0,2.168125,0.103,0.000322110078
200.0,2.168,0.102875,0.000322110078
200.0,2.168125,0.102875,0.000322110078
200.0,2.16825,0.10325,0.000322110078
200.0,2.16825,0.10325,0.000322110078
200.0,2.16825,0.10325,0.000322110078
200.0,2.168,0.103,0.000322110078
200.0,2.16775,0.103125,0.000322110078
200.0,2.16825,0.103125,0.000322110078
200.0,2.168,0.103125,0.000322110078
200.0,2.168,0.103,0.000322110078
200.0,2.1685,0.103,0.000322110078
200.0,2.1685,0.10275,0.000322110078
200.0,2.16875,0.102875,0.000322110078
200.0,2.169375,0.102875,0.000322110078
200.0,2.169375,0.103125,0.000322110078
200.0,2.169125,0.103,0.000322110078
200.0,2.168375,0.103,0.000322110078
200.0,2.168,0.102875,0.000322110078
200.0,2.168125,0.103,0.000322110078
200.0,2.168125,0.103,0.000322110078
200.0,2.16825,0.103125,0.000322110078
200.0,2.168,0.103125,0.000322110078
200.0,2.16775,0.103,0.000322110078
200.0,2.168125,0.103,0.000322110078
200.0,2.1685,0.10325,0.000322110078
200.0,2.168375,0.1035,0.000322110078
200.0,2.168375,0.10325,0.000322110078
200.0,2.168625,0.103,0.000322110078
200.0,2.16875,0.102875,0.000322110078
200.0,2.169125,0.10275,0.000322110078
200.0,2.1695,0.10275,0.000322110078
200.0,2.1695,0.102875,0.000322110078
200.0,2.16875,0.103,0.000322110078
200.0,2.16825,0.103,0.000322110078
200.0,2.16825,0.103,0.000322110078
200.0,2.16825,0.103,0.000322110078
200.0,2.1685,0.103,0.000322110078
200.0,2.168625,0.103,0.000322110078
200.0,2.168125,0.103,0.000322110078
200.0,2.168125,0.10325,0.000322110078
200.0,2.168625,0.10325,0.000322110078
200.0,2.1685,0.10325,0.000322110078
200.0,2.16825,0.10325,0.000322110078
200.0,2.16875,0.103,0.000322110078
200.0,2.168875,0.102875,0.000322110078
200.0,2.168875,0.102875,0.000322110078
200.0,2.169,0.103,0.000322110078
200.0,2.169,0.103125,0.000322110078
200.0,2.169,0.10325,0.000322110078
200.0,2.16875,0.103125,0.000322110078
200.0,2.168,0.103,0.000322110078
200.0,2.167875,0.103,0.000322110078
200.0,2.167875,0.10325,0.000322110078
200.0,2.16825,0.10325,0.000322110078
200.0,2.1685,0.103125,0.000322110078
200.0,2.168,0.103,0.000322110078
200.0,2.1685,0.103,0.000322110078
200.0,2.168625,0.10325,0.000322110078
200.0,2.168375,0.10325,0.000322110078
200.0,2.16825,0.103,0.000322110078
200.0,2.1685,0.102875,0.000322110078
200.0,2.16825,0.10275,0.000322110078
200.0,2.1685,0.10275,0.000322110078
200.0,2.16875,0.102875,0.000322110078
200.0,2.169125,0.102875,0.000322110078
200.0,2.168875,0.102875,0.000322110078
200.0,2.168125,0.103,0.000322110078
200.0,2.168375,0.103,0.000322110078
200.0,2.168375,0.103,0.000322110078
200.0,2.168375,0.103125,0.000322110078
200.0,2.168625,0.103125,0.000322110078
200.0,2.168125,0.103,0.000322110078
200.0,2.168,0.103,0.000322110078
200.0,2.168375,0.103,0.000322110078
200.0,2.168625,0.103125,0.000322110078
200.0,2.16825,0.103375,0.000322110078
200.0,2.16875,0.103125,0.000322110078
200.0,2.168625,0.10275,0.000322110078
200.0,2.168625,0.102625,0.000322110078
200.0,2.168875,0.102875,0.000322110078
200.0,2.169,0.103,0.000322110078
200.0,2.169,0.102875,0.000322110078
200.0,2.1685,0.103,0.000322110078
201.0,2.225,0.1225,0.000322064559
201.0,2.22525,0.122625,0.000322064559
201.0,2.22525,0.122625,0.000322064559
201.0,2.225,0.122625,0.000322064559
201.0,2.224875,0.122625,0.000322064559
201.0,2.225375,0.1225,0.000322064559
201.0,2.225375,0.1225,0.000322064559
201.0,2.2255,0.122375,0.000322064559
201.0,2.2255,0.122375,0.000322064559
201.0,2.22575,0.12225,0.000322064559
201.0,2.22575,0.122125,0.000322064559
201.0,2.226,0.12225,0.000322064559
201.0,2.226375,0.1225,0.000322064559
201.0,2.226125,0.1225,0.000322064559
201.0,2.2255,0.122125,0.000322064559
201.0,2.22475,0.122375,0.000322064559
201.0,2.22475,0.1225,0.000322064559
201.0,2.224875,0.12275,0.000322064559
201.0,2.225,0.122625,0.000322064559
201.0,2.225125,0.122625,0.000322064559
201.0,2.224875,0.1225,0.000322064559
201.0,2.224875,0.12275,0.000322064559
201.0,2.225375,0.12275,0.000322064559
201.0,2.225625,0.122875,0.000322064559
201.0,2.225625,0.122875,0.000322064559
201.0,2.225875,0.122625,0.000322064559
201.0,2.2255,0.1225,0.000322064559
201.0,2.225625,0.1225,0.000322064559
201.0,2.226125,0.1225,0.000322064559
201.0,2.226625,0.122375,0.000322064559
201.0,2.226125,0.1225,0.000322064559
201.0,2.225875,0.1225,0.000322064559
201.0,2.225125,0.1225,0.000322064559
201.0,2.224875,0.12225,0.000322064559
201.0,2.225,0.1225,0.000322064559
201.0,2.2255,0.122375,0.000322064559
201.0,2.22525,0.122375,0.000322064559
201.0,2.22475,0.122375,0.000322064559
201.0,2.224875,0.1225,0.000322064559
201.0,2.225625,0.122375,0.000322064559
201.0,2.225625,0.122375,0.000322064559
201.0,2.225875,0.122375,0.000322064559
201.0,2.226,0.12225,0.000322064559
201.0,2.22625,0.12225,0.000322064559
201.0,2.22625,0.12225,0.000322064559
201.0,2.2265,0.122125,0.000322064559
201.0,2.2265,0.12225,0.000322064559
201.0,2.226,0.122125,0.000322064559
201.0,2.2255,0.12225,0.000322064559
201.0,2.22525,0.122375,0.000322064559
201.0,2.225625,0.1225,0.000322064559
201.0,2.225625,0.122625,0.000322064559
201.0,2.2255,0.122625,0.000322064559
201.0,2.22475,0.122375,0.000322064559
201.0,2.224625,0.122375,0.000322064559
201.0,2.225375,0.1225,0.000322064559
201.0,2.225625,0.1225,0.000322064559
201.0,2.225625,0.1225,0.000322064559
201.0,2.225375,0.1225,0.000322064559
201.0,2.22575,0.122375,0.000322064559
201.0,2.225625,0.12225,0.000322064559
201.0,2.225875,0.122125,0.000322064559
201.0,2.226375,0.12225,0.000322064559
201.0,2.226375,0.122375,0.000322064559
201.0,2.225875,0.12225,0.000322064559
201.0,2.22525,0.122375,0.000322064559
201.0,2.225125,0.122375,0.000322064559
201.0,2.22525,0.122375,0.000322064559
201.0,2.225125,0.122625,0.000322064559
201.0,2.225125,0.1225,0.000322064559
201.0,2.224875,0.122375,0.000322064559
201.0,2.225125,0.1225,0.000322064559
201.0,2.22525,0.122625,0.000322064559
201.0,2.22525,0.122625,0.000322064559
201.0,2.225375,0.1225,0.000322064559
201.0,2.2255,0.1225,0.000322064559
201.0,2.225625,0.1225,0.000322064559
201.0,2.225625,0.12225,0.000322064559
201.0,2.225875,0.122125,0.000322064559
201.0,2.22625,0.1225,0.000322064559
201.0,2.22625,0.1225,0.000322064559
201.0,2.22575,0.1225,0.000322064559
201.0,2.22475,0.1225,0.000322064559
201.0,2.225,0.1225,0.000322064559
201.0,2.225125,0.1225,0.000322064559
201.0,2.225375,0.1225,0.000322064559
201.0,2.225,0.1225,0.000322064559
201.0,2.224875,0.122375,0.000322064559
201.0,2.2255,0.122625,0.000322064559
201.0,2.2255,0.122625,0.000322064559
201.0,2.225875,0.12275,0.000322064559
201.0,2.225625,0.122625,0.000322064559
201.0,2.226,0.1225,0.000322064559
201.0,2.226,0.122375,0.000322064559
201.0,2.225625,0.12225,0.000322064559
201.0,2.226125,0.1225,0.000322064559
201.0,2.22625,0.122375,0.000322064559
201.0,2.226,0.122375,0.000322064559
201.0,2.225,0.12225,0.000322064559
201.0,2.22475,0.1225,0.000322064559
201.0,2.225125,0.122375,0.000322064559
201.0,2.22525,0.122375,0.000322064559
201.0,2.225625,0.1225,0.000322064559
201.0,2.22525,0.1225,0.000322064559
201.0,2.225125,0.1225,0.000322064559
201.0,2.225125,0.1225,0.000322064559
201.0,2.2255,0.12275,0.000322064559
201.0,2.2255,0.122625,0.000322064559
201.0,2.225625,0.1225,0.000322064559
201.0,2.225875,0.12225,0.000322064559
201.0,2.22575,0.122375,0.000322064559
201.0,2.22575,0.122375,0.000322064559
201.0,2.226625,0.1225,0.000322064559
201.0,2.22675,0.122375,0.000322064559
201.0,2.226,0.1225,0.000322064559
201.0,2.225375,0.122375,0.000322064559
201.0,2.22525,0.12225,0.000322064559
201.0,2.225375,0.1225,0.000322064559
201.0,2.225375,0.122625,0.000322064559
201.0,2.22525,0.1225,0.000322064559
201.0,2.22475,0.122375,0.000322064559
201.0,2.22475,0.122375,0.000322064559
201.0,2.225,0.1225,0.000322064559
201.0,2.22525,0.122625,0.000322064559
201.0,2.225375,0.122875,0.000322064559
201.0,2.225625,0.1225,0.000322064559
201.0,2.225625,0.1225,0.000322064559
201.0,2.2255,0.122375,0.000322064559
201.0,2.22575,0.12225,0.000322064559
201.0,2.226125,0.12225,0.000322064559
201.0,2.225875,0.12225,0.000322064559
201.0,2.225875,0.122125,0.000322064559
201.0,2.225,0.122125,0.000322064559
201.0,2.225125,0.1225,0.000322064559
201.0,2.225375,0.12275,0.000322064559
201.0,2.225375,0.1225,0.000322064559
201.0,2.224625,0.122625,0.000322064559
201.0,2.224625,0.1225,0.000322064559
201.0,2.22475,0.1225,0.000322064559
201.0,2.225125,0.122875,0.000322064559
201.0,2.22575,0.122875,0.000322064559
201.0,2.225625,0.1225,0.000322064559
201.0,2.2255,0.122375,0.000322064559
201.0,2.225375,0.122375,0.000322064559
201.0,2.2255,0.12225,0.000322064559
201.0,2.2265,0.122375,0.000322064559
201.0,2.226625,0.12225,0.000322064559
201.0,2.2265,0.12225,0.000322064559
201.0,2.225625,0.1225,0.000322064559
201.0,2.224875,0.122625,0.000322064559
201.0,2.225,0.122625,0.000322064559
201.0,2.225375,0.122625,0.000322064559
201.0,2.2255,0.1225,0.000322064559
201.0,2.225125,0.122625,0.000322064559
201.0,2.225125,0.122625,0.000322064559
201.0,2.22525,0.1225,0.000322064559
201.0,2.226,0.1225,0.000322064559
201.0,2.226,0.1225,0.000322064559
201.0,2.226125,0.122375,0.000322064559
201.0,2.226,0.122625,0.000322064559
201.0,2.226,0.122375,0.000322064559
201.0,2.22575,0.122375,0.000322064559
201.0,2.225875,0.12225,0.000322064559
201.0,2.225875,0.122125,0.000322064559
201.0,2.226125,0.122125,0.000322064559
201.0,2.225375,0.122375,0.000322064559
201.0,2.225125,0.122375,0.000322064559
201.0,2.2255,0.1225,0.000322064559
201.0,2.2255,0.1225,0.000322064559
202.0,2.28125,0.144125,0.000322016102
202.0,2.281375,0.144,0.000322016102
202.0,2.281375,0.143875,0.000322016102
202.0,2.2815,0.143875,0.000322016102
202.0,2.282,0.144125,0.000322016102
202.0,2.282,0.144125,0.000322016102
202.0,2.281875,0.144125,0.000322016102
202.0,2.282125,0.144125,0.000322016102
202.0,2.282125,0.144125,0.000322016102
202.0,2.28225,0.14375,0.000322016102
202.0,2.28225,0.14375,0.000322016102
202.0,2.282875,0.14375,0.000322016102
202.0,2.283,0.143625,0.000322016102
202.0,2.282625,0.14375,0.000322016102
202.0,2.282125,0.143625,0.000322016102
202.0,2.281875,0.14375,0.000322016102
202.0,2.28175,0.144,0.000322016102
202.0,2.2815,0.144125,0.000322016102
202.0,2.281625,0.144,0.000322016102
202.0,2.28125,0.144,0.000322016102
202.0,2.281375,0.144125,0.000322016102
202.0,2.281875,0.144125,0.000322016102
202.0,2.281875,0.144125,0.000322016102
202.0,2.28225,0.143875,0.000322016102
202.0,2.28225,0.143875,0.000322016102
202.0,2.28225,0.14375,0.000322016102
202.0,2.282125,0.14375,0.000322016102
202.0,2.2825,0.14375,0.000322016102
202.0,2.282875,0.143875,0.000322016102
202.0,2.28275,0.14375,0.000322016102
202.0,2.282375,0.144,0.000322016102
202.0,2.282125,0.144,0.000322016102
202.0,2.28175,0.143875,0.000322016102
202.0,2.282375,0.143875,0.000322016102
202.0,2.28225,0.144125,0.000322016102
202.0,2.281625,0.144,0.000322016102
202.0,2.281375,0.143875,0.000322016102
202.0,2.281875,0.144125,0.000322016102
202.0,2.28225,0.144125,0.000322016102
202.0,2.28225,0.144125,0.000322016102
202.0,2.282375,0.144125,0.000322016102
202.0,2.282375,0.144,0.000322016102
202.0,2.28225,0.14375,0.000322016102
202.0,2.28225,0.14375,0.000322016102
202.0,2.282625,0.14375,0.000322016102
202.0,2.283,0.14375,0.000322016102
202.0,2.282625,0.143875,0.000322016102
202.0,2.28175,0.143875,0.000322016102
202.0,2.28125,0.144125,0.000322016102
202.0,2.28125,0.144125,0.000322016102
202.0,2.2815,0.144125,0.000322016102
202.0,2.281875,0.144,0.000322016102
202.0,2.2815,0.144,0.000322016102
202.0,2.281875,0.144125,0.000322016102
202.0,2.2825,0.14425,0.000322016102
202.0,2.282,0.144,0.000322016102
202.0,2.281875,0.144,0.000322016102
202.0,2.281875,0.144,0.000322016102
202.0,2.282,0.144,0.000322016102
202.0,2.28175,0.14375,0.000322016102
202.0,2.282125,0.14375,0.000322016102
202.0,2.283,0.143625,0.000322016102
202.0,2.283125,0.14375,0.000322016102
202.0,2.282375,0.143875,0.000322016102
202.0,2.281875,0.143875,0.000322016102
202.0,2.281875,0.143875,0.000322016102
202.0,2.282125,0.144125,0.000322016102
202.0,2.282,0.144125,0.000322016102
202.0,2.281875,0.144,0.000322016102
202.0,2.281375,0.143875,0.000322016102
202.0,2.281375,0.144125,0.000322016102
202.0,2.282,0.144125,0.000322016102
202.0,2.28175,0.144125,0.000322016102
202.0,2.28175,0.144125,0.000322016102
202.0,2.28225,0.144,0.000322016102
202.0,2.282375,0.14375,0.000322016102
202.0,2.282125,0.14375,0.000322016102
202.0,2.28225,0.14375,0.000322016102
202.0,2.282625,0.143875,0.000322016102
202.0,2.2825,0.143625,0.000322016102
202.0,2.282375,0.143875,0.000322016102
202.0,2.281875,0.144,0.000322016102
202.0,2.2815,0.144,0.000322016102
202.0,2.28175,0.143875,0.000322016102
202.0,2.28175,0.14375,0.000322016102
202.0,2.28125,0.143875,0.000322016102
202.0,2.28125,0.143875,0.000322016102
202.0,2.2815,0.144125,0.000322016102
202.0,2.282125,0.144125,0.000322016102
202.0,2.282125,0.144125,0.000322016102
202.0,2.28225,0.144125,0.000322016102
202.0,2.282375,0.143875,0.000322016102
202.0,2.28225,0.14375,0.000322016102
202.0,2.282125,0.14375,0.000322016102
202.0,2.28275,0.143875,0.000322016102
202.0,2.28275,0.143875,0.000322016102
202.0,2.282625,0.14375,0.000322016102
202.0,2.28175,0.143875,0.000322016102
202.0,2.28075,0.143625,0.000322016102
202.0,2.281,0.144,0.000322016102
202.0,2.281625,0.144125,0.000322016102
202.0,2.281625,0.144,0.000322016102
202.0,2.281,0.144,0.000322016102
202.0,2.281375,0.144125,0.000322016102
202.0,2.28175,0.144125,0.000322016102
202.0,2.28175,0.144125,0.000322016102
202.0,2.281875,0.143875,0.000322016102
202.0,2.282,0.14375,0.000322016102
202.0,2.28225,0.14375,0.000322016102
202.0,2.281875,0.14375,0.000322016102
202.0,2.282125,0.14375,0.000322016102
202.0,2.282625,0.14375,0.000322016102
202.0,2.28275,0.14375,0.000322016102
202.0,2.2825,0.143875,0.000322016102
202.0,2.281625,0.143875,0.000322016102
202.0,2.28125,0.143875,0.000322016102
202.0,2.2815,0.144,0.000322016102
202.0,2.281625,0.144125,0.000322016102
202.0,2.281375,0.144,0.000322016102
202.0,2.281,0.144,0.000322016102
202.0,2.28125,0.144,0.000322016102
202.0,2.282125,0.144,0.000322016102
202.0,2.282125,0.144,0.000322016102
202.0,2.282,0.144,0.000322016102
202.0,2.282,0.144125,0.000322016102
202.0,2.282,0.143875,0.000322016102
202.0,2.282,0.143875,0.000322016102
202.0,2.282125,0.143875,0.000322016102
202.0,2.28275,0.14375,0.000322016102
202.0,2.2825,0.14375,0.000322016102
202.0,2.282,0.143625,0.000322016102
202.0,2.28175,0.14375,0.000322016102
202.0,2.281625,0.144,0.000322016102
202.0,2.282,0.144,0.000322016102
202.0,2.28225,0.144125,0.000322016102
202.0,2.281875,0.144,0.000322016102
202.0,2.281625,0.144125,0.000322016102
202.0,2.28175,0.144125,0.000322016102
202.0,2.28175,0.14425,0.000322016102
202.0,2.28225,0.144,0.000322016102
202.0,2.282,0.143875,0.000322016102
202.0,2.28175,0.144,0.000322016102
202.0,2.282125,0.144,0.000322016102
202.0,2.282125,0.14375,0.000322016102
202.0,2.282375,0.143875,0.000322016102
202.0,2.282875,0.143875,0.000322016102
202.0,2.2825,0.14375,0.000322016102
202.0,2.282125,0.144,0.000322016102
202.0,2.28175,0.144,0.000322016102
202.0,2.282125,0.143875,0.000322016102
202.0,2.281875,0.144125,0.000322016102
202.0,2.2815,0.144125,0.000322016102
202.0,2.280875,0.143875,0.000322016102
202.0,2.281375,0.144125,0.000322016102
202.0,2.281375,0.144125,0.000322016102
202.0,2.28175,0.14425,0.000322016102
202.0,2.282,0.144,0.000322016102
202.0,2.282125,0.143875,0.000322016102
202.0,2.282375,0.14375,0.000322016102
202.0,2.282375,0.14375,0.000322016102
202.0,2.282375,0.14375,0.000322016102
202.0,2.28275,0.143875,0.000322016102
202.0,2.2825,0.143875,0.000322016102
202.0,2.281875,0.143875,0.000322016102
202.0,2.281375,0.144,0.000322016102
202.0,2.28125,0.144,0.000322016102
202.0,2.28125,0.144,0.000322016102
202.0,2.281625,0.144,0.000322016102
202.0,2.2815,0.144,0.000322016102
203.0,2.339625,0.16725,0.00032187
203.0,2.339625,0.16725,0.00032187
203.0,2.33975,0.166875,0.00032187
203.0,2.34,0.167,0.00032187
203.0,2.33975,0.167,0.00032187
203.0,2.340375,0.167,0.00032187
203.0,2.340375,0.167,0.00032187
203.0,2.33975,0.16675,0.00032187
203.0,2.33975,0.16675,0.00032187
203.0,2.33925,0.167,0.00032187
203.0,2.338875,0.166875,0.00032187
203.0,2.339,0.167,0.00032187
203.0,2.339375,0.167125,0.00032187
203.0,2.339625,0.167125,0.00032187
203.0,2.339125,0.16725,0.00032187
203.0,2.339,0.167125,0.00032187
203.0,2.339875,0.167375,0.00032187
203.0,2.34025,0.167375,0.00032187
203.0,2.339625,0.167125,0.00032187
203.0,2.33975,0.167125,0.00032187
203.0,2.33975,0.166875,0.00032187
203.0,2.3395,0.167,0.00032187
203.0,2.34,0.166875,0.00032187
203.0,2.340125,0.167,0.00032187
203.0,2.34025,0.167,0.00032187
203.0,2.34025,0.167125,0.00032187
203.0,2.339375,0.167125,0.00032187
203.0,2.33925,0.167375,0.00032187
203.0,2.339375,0.16725,0.00032187
203.0,2.339625,0.167375,0.00032187
203.0,2.339625,0.167375,0.00032187
203.0,2.339,0.167125,0.00032187
203.0,2.338875,0.167375,0.00032187
203.0,2.33975,0.16725,0.00032187
203.0,2.339875,0.167125,0.00032187
203.0,2.339875,0.166875,0.00032187
203.0,2.340125,0.167,0.00032187
203.0,2.34,0.166875,0.00032187
203.0,2.33975,0.166875,0.00032187
203.0,2.34025,0.167,0.00032187
203.0,2.340125,0.167,0.00032187
203.0,2.340125,0.166875,0.00032187
203.0,2.339625,0.16725,0.00032187
203.0,2.339375,0.167375,0.00032187
203.0,2.339375,0.167125,0.00032187
203.0,2.33925,0.16725,0.00032187
203.0,2.3395,0.167125,0.00032187
203.0,2.3395,0.16725,0.00032187
203.0,2.339125,0.16725,0.00032187
203.0,2.339375,0.16725,0.00032187
203.0,2.339875,0.167375,0.00032187
203.0,2.34,0.167125,0.00032187
203.0,2.339875,0.167125,0.00032187
203.0,2.34,0.167,0.00032187
203.0,2.340125,0.167,0.00032187
203.0,2.340625,0.167,0.00032187
203.0,2.34075,0.166875,0.00032187
203.0,2.34075,0.166875,0.00032187
203.0,2.340375,0.16675,0.00032187
203.0,2.34,0.166875,0.00032187
203.0,2.339125,0.166875,0.00032187
203.0,2.33925,0.16725,0.00032187
203.0,2.339375,0.167375,0.00032187
203.0,2.3395,0.16725,0.00032187
203.0,2.339625,0.167125,0.00032187
203.0,2.3395,0.167125,0.00032187
203.0,2.33975,0.167375,0.00032187
203.0,2.3395,0.167375,0.00032187
203.0,2.33925,0.167,0.00032187
203.0,2.339875,0.167125,0.00032187
203.0,2.339875,0.167,0.00032187
203.0,2.33975,0.166875,0.00032187
203.0,2.340625,0.166875,0.00032187
203.0,2.340625,0.166875,0.00032187
203.0,2.340625,0.166875,0.00032187
203.0,2.34,0.167125,0.00032187
203.0,2.3395,0.167,0.00032187
203.0,2.339375,0.167125,0.00032187
203.0,2.339625,0.16725,0.00032187
203.0,2.3395,0.167375,0.00032187
203.0,2.33925,0.16725,0.00032187
203.0,2.339375,0.167,0.00032187
203.0,2.3395,0.16725,0.00032187
203.0,2.33975,0.167375,0.00032187
203.0,2.339375,0.16725,0.00032187
203.0,2.339375,0.167125,0.00032187
203.0,2.339375,0.166875,0.00032187
203.0,2.339625,0.166875,0.00032187
203.0,2.339875,0.167,0.00032187
203.0,2.339875,0.167,0.00032187
203.0,2.3405,0.167,0.00032187
203.0,2.340375,0.166875,0.00032187
203.0,2.34,0.167,0.00032187
203.0,2.339125,0.167,0.00032187
203.0,2.33925,0.167,0.00032187
203.0,2.339875,0.16725,0.00032187
203.0,2.33975,0.16725,0.00032187
203.0,2.339125,0.167125,0.00032187
203.0,2.338875,0.167,0.00032187
203.0,2.3395,0.167125,0.00032187
203.0,2.339875,0.167375,0.00032187
203.0,2.33975,0.167375,0.00032187
203.0,2.33975,0.167125,0.00032187
203.0,2.3395,0.167,0.00032187
203.0,2.339375,0.167,0.00032187
203.0,2.339375,0.167,0.00032187
203.0,2.34025,0.167,0.00032187
203.0,2.340375,0.167,0.00032187
203.0,2.340375,0.167,0.00032187
203.0,2.3395,0.166875,0.00032187
203.0,2.339125,0.16725,0.00032187
203.0,2.339375,0.16725,0.00032187
203.0,2.3395,0.167625,0.00032187
203.0,2.33975,0.167375,0.00032187
203.0,2.33925,0.16725,0.00032187
203.0,2.338875,0.16725,0.00032187
203.0,2.339375,0.167375,0.00032187
203.0,2.339375,0.1675,0.00032187
203.0,2.339125,0.16725,0.00032187
203.0,2.340125,0.167125,0.00032187
203.0,2.340625,0.167,0.00032187
203.0,2.34025,0.167,0.00032187
203.0,2.34025,0.166875,0.00032187
203.0,2.3405,0.167,0.00032187
203.0,2.340875,0.167125,0.00032187
203.0,2.340375,0.167125,0.00032187
203.0,2.339875,0.16725,0.00032187
203.0,2.33925,0.16725,0.00032187
203.0,2.33925,0.16725,0.00032187
203.0,2.339875,0.167375,0.00032187
203.0,2.33925,0.167375,0.00032187
203.0,2.338625,0.167125,0.00032187
203.0,2.339125,0.167125,0.00032187
203.0,2.3395,0.167375,0.00032187
203.0,2.34,0.1675,0.00032187
203.0,2.339875,0.16725,0.00032187
203.0,2.34025,0.167125,0.00032187
203.0,2.340375,0.167125,0.00032187
203.0,2.340375,0.166875,0.00032187
203.0,2.34025,0.167,0.00032187
203.0,2.341,0.167,0.00032187
203.0,2.34075,0.166875,0.00032187
203.0,2.34025,0.166875,0.00032187
203.0,2.3395,0.167,0.00032187
203.0,2.339,0.167125,0.00032187
203.0,2.339375,0.167125,0.00032187
203.0,2.339625,0.16725,0.00032187
203.0,2.33925,0.167125,0.00032187
203.0,2.339125,0.167125,0.00032187
203.0,2.3395,0.16725,0.00032187
203.0,2.34,0.167375,0.00032187
203.0,2.34,0.167375,0.00032187
203.0,2.340125,0.167125,0.00032187
203.0,2.34,0.167,0.00032187
203.0,2.34,0.167,0.00032187
203.0,2.33975,0.166875,0.00032187
203.0,2.34,0.166875,0.00032187
203.0,2.340375,0.166875,0.00032187
203.0,2.340375,0.167,0.00032187
203.0,2.339875,0.167,0.00032187
203.0,2.339625,0.167,0.00032187
203.0,2.339625,0.16725,0.00032187
203.0,2.33975,0.16725,0.00032187
203.0,2.34,0.167125,0.00032187
203.0,2.33975,0.167125,0.00032187
203.0,2.339625,0.167125,0.00032187
203.0,2.33975,0.16725,0.00032187
203.0,2.33975,0.167125,0.00032187
203.0,2.33975,0.167125,0.00032187
204.0,2.394125,0.192,0.000321879023
204.0,2.394375,0.191875,0.000321879023
204.0,2.394125,0.19175,0.000321879023
204.0,2.394625,0.191625,0.000321879023
204.0,2.39475,0.1915,0.000321879023
204.0,2.39425,0.1915,0.000321879023
204.0,2.3945,0.191625,0.000321879023
204.0,2.39475,0.1915,0.000321879023
204.0,2.39475,0.1915,0.000321879023
204.0,2.3945,0.1915,0.000321879023
204.0,2.394,0.19175,0.000321879023
204.0,2.393875,0.191875,0.000321879023
204.0,2.393875,0.192,0.000321879023
204.0,2.393625,0.191875,0.000321879023
204.0,2.3935,0.191875,0.000321879023
204.0,2.39325,0.191875,0.000321879023
204.0,2.393625,0.191875,0.000321879023
204.0,2.39375,0.192,0.000321879023
204.0,2.39375,0.191875,0.000321879023
204.0,2.394,0.191875,0.000321879023
204.0,2.394375,0.191625,0.000321879023
204.0,2.394375,0.191375,0.000321879023
204.0,2.394375,0.191625,0.000321879023
204.0,2.39525,0.19175,0.000321879023
204.0,2.395125,0.19175,0.000321879023
204.0,2.395125,0.19175,0.000321879023
204.0,2.394375,0.19175,0.000321879023
204.0,2.393375,0.19175,0.000321879023
204.0,2.39375,0.191875,0.000321879023
204.0,2.393875,0.19175,0.000321879023
204.0,2.394125,0.19175,0.000321879023
204.0,2.393625,0.191625,0.000321879023
204.0,2.39325,0.19175,0.000321879023
204.0,2.393875,0.191875,0.000321879023
204.0,2.394125,0.191875,0.000321879023
204.0,2.3935,0.192,0.000321879023
204.0,2.394,0.192,0.000321879023
204.0,2.39425,0.191625,0.000321879023
204.0,2.394375,0.191625,0.000321879023
204.0,2.394625,0.1915,0.000321879023
204.0,2.394875,0.1915,0.000321879023
204.0,2.394875,0.1915,0.000321879023
204.0,2.3945,0.1915,0.000321879023
204.0,2.394375,0.1915,0.000321879023
204.0,2.39375,0.19175,0.000321879023
204.0,2.39375,0.191875,0.000321879023
204.0,2.393625,0.192,0.000321879023
204.0,2.39375,0.191875,0.000321879023
204.0,2.393875,0.19175,0.000321879023
204.0,2.393875,0.191875,0.000321879023
204.0,2.394375,0.192,0.000321879023
204.0,2.394125,0.192125,0.000321879023
204.0,2.394125,0.192,0.000321879023
204.0,2.394375,0.19175,0.000321879023
204.0,2.39475,0.191625,0.000321879023
204.0,2.394625,0.1915,0.000321879023
204.0,2.395,0.191625,0.000321879023
204.0,2.395,0.191625,0.000321879023
204.0,2.39475,0.19175,0.000321879023
204.0,2.394375,0.19175,0.000321879023
204.0,2.39375,0.191875,0.000321879023
204.0,2.393625,0.19175,0.000321879023
204.0,2.39375,0.19175,0.000321879023
204.0,2.393875,0.191875,0.000321879023
204.0,2.393875,0.191875,0.000321879023
204.0,2.393625,0.19175,0.000321879023
204.0,2.393875,0.192125,0.000321879023
204.0,2.39425,0.192125,0.000321879023
204.0,2.3945,0.192,0.000321879023
204.0,2.39425,0.19175,0.000321879023
204.0,2.394375,0.1915,0.000321879023
204.0,2.3945,0.1915,0.000321879023
204.0,2.39475,0.191625,0.000321879023
204.0,2.39475,0.191625,0.000321879023
204.0,2.39525,0.191625,0.000321879023
204.0,2.39525,0.1915,0.000321879023
204.0,2.39425,0.19175,0.000321879023
204.0,2.393875,0.19175,0.000321879023
204.0,2.39425,0.191625,0.000321879023
204.0,2.394375,0.192,0.000321879023
204.0,2.3945,0.192,0.000321879023
204.0,2.394,0.19175,0.000321879023
204.0,2.39375,0.191875,0.000321879023
204.0,2.39425,0.192,0.000321879023
204.0,2.394125,0.192,0.000321879023
204.0,2.394125,0.191875,0.000321879023
204.0,2.394625,0.19175,0.000321879023
204.0,2.394625,0.191875,0.000321879023
204.0,2.3945,0.191625,0.000321879023
204.0,2.3945,0.191625,0.000321879023
204.0,2.39525,0.19175,0.000321879023
204.0,2.3955,0.191625,0.000321879023
204.0,2.395,0.191625,0.000321879023
204.0,2.39425,0.191625,0.000321879023
204.0,2.394125,0.191875,0.000321879023
204.0,2.39425,0.191875,0.000321879023
204.0,2.3945,0.191875,0.000321879023
204.0,2.394375,0.191875,0.000321879023
204.0,2.394,0.19175,0.000321879023
204.0,2.394125,0.191875,0.000321879023
204.0,2.3945,0.192,0.000321879023
204.0,2.3945,0.192,0.000321879023
204.0,2.3945,0.19175,0.000321879023
204.0,2.39475,0.19175,0.000321879023
204.0,2.394625,0.191625,0.000321879023
204.0,2.394625,0.191625,0.000321879023
204.0,2.394875,0.191625,0.000321879023
204.0,2.3955,0.191625,0.000321879023
204.0,2.395125,0.191625,0.000321879023
204.0,2.39425,0.19175,0.000321879023
204.0,2.393625,0.19175,0.000321879023
204.0,2.393375,0.19175,0.000321879023
204.0,2.39375,0.19175,0.000321879023
204.0,2.394,0.192125,0.000321879023
204.0,2.394,0.191875,0.000321879023
204.0,2.393875,0.191875,0.000321879023
204.0,2.394125,0.191875,0.000321879023
204.0,2.39475,0.192125,0.000321879023
204.0,2.394125,0.192125,0.000321879023
204.0,2.394375,0.191625,0.000321879023
204.0,2.394625,0.191625,0.000321879023
204.0,2.394875,0.191625,0.000321879023
204.0,2.394875,0.191625,0.000321879023
204.0,2.395,0.191625,0.000321879023
204.0,2.395125,0.19175,0.000321879023
204.0,2.394875,0.191625,0.000321879023
204.0,2.39475,0.191625,0.000321879023
204.0,2.39425,0.191625,0.000321879023
204.0,2.393875,0.191875,0.000321879023
204.0,2.394,0.191875,0.000321879023
204.0,2.3945,0.19175,0.000321879023
204.0,2.394125,0.19175,0.000321879023
204.0,2.393875,0.191875,0.000321879023
204.0,2.3945,0.192125,0.000321879023
204.0,2.394625,0.19225,0.000321879023
204.0,2.394125,0.192,0.000321879023
204.0,2.394125,0.19175,0.000321879023
204.0,2.39425,0.191625,0.000321879023
204.0,2.39425,0.191625,0.000321879023
204.0,2.394,0.1915,0.000321879023
204.0,2.394625,0.19175,0.000321879023
204.0,2.394875,0.19175,0.000321879023
204.0,2.395,0.19175,0.000321879023
204.0,2.394,0.19175,0.000321879023
204.0,2.3935,0.19175,0.000321879023
204.0,2.393875,0.191625,0.000321879023
204.0,2.394,0.19175,0.000321879023
204.0,2.393875,0.191875,0.000321879023
204.0,2.394,0.191875,0.000321879023
204.0,2.394125,0.192,0.000321879023
204.0,2.394625,0.192,0.000321879023
204.0,2.39475,0.191625,0.000321879023
204.0,2.39425,0.191625,0.000321879023
204.0,2.394625,0.19175,0.000321879023
204.0,2.394625,0.19175,0.000321879023
204.0,2.3945,0.191625,0.000321879023
204.0,2.39475,0.191625,0.000321879023
204.0,2.395375,0.19175,0.000321879023
204.0,2.395375,0.191625,0.000321879023
204.0,2.394875,0.191625,0.000321879023
204.0,2.39425,0.1915,0.000321879023
204.0,2.394125,0.19175,0.000321879023
204.0,2.39375,0.191875,0.000321879023
204.0,2.393625,0.191875,0.000321879023
204.0,2.39375,0.191875,0.000321879023
204.0,2.3935,0.191875,0.000321879023
204.0,2.39375,0.192,0.000321879023
204.0,2.39425,0.192125,0.000321879023
204.0,2.394125,0.191875,0.000321879023
205.0,2.449,0.21775,0.000322003732
205.0,2.44925,0.21775,0.000322003732
205.0,2.44925,0.21775,0.000322003732
205.0,2.448625,0.21775,0.000322003732
205.0,2.448125,0.218,0.000322003732
205.0,2.448125,0.218,0.000322003732
205.0,2.448375,0.218,0.000322003732
205.0,2.448375,0.218,0.000322003732
205.0,2.448375,0.218,0.000322003732
205.0,2.44825,0.218,0.000322003732
205.0,2.448,0.217875,0.000322003732
205.0,2.44775,0.218125,0.000322003732
205.0,2.448375,0.21825,0.000322003732
205.0,2.448375,0.21825,0.000322003732
205.0,2.4485,0.218125,0.000322003732
205.0,2.449125,0.218,0.000322003732
205.0,2.448875,0.218,0.000322003732
205.0,2.44875,0.21775,0.000322003732
205.0,2.449375,0.217875,0.000322003732
205.0,2.4495,0.217875,0.000322003732
205.0,2.449,0.217875,0.000322003732
205.0,2.448625,0.218,0.000322003732
205.0,2.448375,0.218,0.000322003732
205.0,2.44875,0.218125,0.000322003732
205.0,2.44875,0.218125,0.000322003732
205.0,2.449,0.218125,0.000322003732
205.0,2.44875,0.21825,0.000322003732
205.0,2.448125,0.218,0.000322003732
205.0,2.44825,0.21825,0.000322003732
205.0,2.448375,0.21825,0.000322003732
205.0,2.448375,0.218,0.000322003732
205.0,2.4485,0.218125,0.000322003732
205.0,2.449,0.218125,0.000322003732
205.0,2.44925,0.217875,0.000322003732
205.0,2.44925,0.217625,0.000322003732
205.0,2.449375,0.21775,0.000322003732
205.0,2.449125,0.21775,0.000322003732
205.0,2.44875,0.217875,0.000322003732
205.0,2.448375,0.217875,0.000322003732
205.0,2.448375,0.218125,0.000322003732
205.0,2.448375,0.218125,0.000322003732
205.0,2.44875,0.218125,0.000322003732
205.0,2.448625,0.218125,0.000322003732
205.0,2.447875,0.218,0.000322003732
205.0,2.447875,0.218,0.000322003732
205.0,2.4485,0.21825,0.000322003732
205.0,2.44875,0.21825,0.000322003732
205.0,2.44875,0.21825,0.000322003732
205.0,2.448875,0.217875,0.000322003732
205.0,2.448875,0.217875,0.000322003732
205.0,2.4485,0.21775,0.000322003732
205.0,2.44925,0.21775,0.000322003732
205.0,2.449875,0.217875,0.000322003732
205.0,2.449625,0.21775,0.000322003732
205.0,2.449,0.218,0.000322003732
205.0,2.448125,0.218,0.000322003732
205.0,2.448,0.218125,0.000322003732
205.0,2.448,0.218125,0.000322003732
205.0,2.4485,0.218125,0.000322003732
205.0,2.448125,0.218125,0.000322003732
205.0,2.44775,0.218125,0.000322003732
205.0,2.447875,0.21825,0.000322003732
205.0,2.448375,0.218125,0.000322003732
205.0,2.448375,0.218,0.000322003732
205.0,2.44875,0.218,0.000322003732
205.0,2.448875,0.218,0.000322003732
205.0,2.44875,0.218,0.000322003732
205.0,2.448625,0.21775,0.000322003732
205.0,2.449375,0.217875,0.000322003732
205.0,2.449625,0.217875,0.000322003732
205.0,2.449375,0.218,0.000322003732
205.0,2.448875,0.21825,0.000322003732
205.0,2.4485,0.21825,0.000322003732
205.0,2.4485,0.21825,0.000322003732
205.0,2.448625,0.21825,0.000322003732
205.0,2.44875,0.218125,0.000322003732
205.0,2.4485,0.218125,0.000322003732
205.0,2.448125,0.218125,0.000322003732
205.0,2.448125,0.218125,0.000322003732
205.0,2.4485,0.218125,0.000322003732
205.0,2.4485,0.21825,0.000322003732
205.0,2.44875,0.21825,0.000322003732
205.0,2.449375,0.218,0.000322003732
205.0,2.449375,0.217875,0.000322003732
205.0,2.44925,0.218,0.000322003732
205.0,2.449875,0.218,0.000322003732
205.0,2.449875,0.217875,0.000322003732
205.0,2.449,0.217875,0.000322003732
205.0,2.448,0.218,0.000322003732
205.0,2.448,0.218,0.000322003732
205.0,2.447875,0.218125,0.000322003732
205.0,2.448625,0.218,0.000322003732
205.0,2.44875,0.218125,0.000322003732
205.0,2.4485,0.218125,0.000322003732
205.0,2.448125,0.218125,0.000322003732
205.0,2.448375,0.218125,0.000322003732
205.0,2.448875,0.21825,0.000322003732
205.0,2.448875,0.218,0.000322003732
205.0,2.448875,0.218,0.000322003732
205.0,2.449125,0.218,0.000322003732
205.0,2.44875,0.217875,0.000322003732
205.0,2.449125,0.217875,0.000322003732
205.0,2.449375,0.217875,0.000322003732
205.0,2.449,0.217875,0.000322003732
205.0,2.4485,0.21775,0.000322003732
205.0,2.4485,0.21775,0.000322003732
205.0,2.448,0.218,0.000322003732
205.0,2.448125,0.218125,0.000322003732
205.0,2.448625,0.218,0.000322003732
205.0,2.448375,0.218125,0.000322003732
205.0,2.447875,0.218125,0.000322003732
205.0,2.448125,0.21825,0.000322003732
205.0,2.448125,0.218375,0.000322003732
205.0,2.44825,0.21825,0.000322003732
205.0,2.448625,0.21825,0.000322003732
205.0,2.448875,0.218125,0.000322003732
205.0,2.448875,0.21775,0.000322003732
205.0,2.448625,0.217875,0.000322003732
205.0,2.449375,0.217875,0.000322003732
205.0,2.449375,0.217875,0.000322003732
205.0,2.449375,0.218,0.000322003732
205.0,2.449375,0.218,0.000322003732
205.0,2.449125,0.218,0.000322003732
205.0,2.4485,0.21825,0.000322003732
205.0,2.448375,0.21825,0.000322003732
205.0,2.4485,0.218,0.000322003732
205.0,2.448125,0.21825,0.000322003732
205.0,2.44775,0.218125,0.000322003732
205.0,2.447875,0.21825,0.000322003732
205.0,2.44875,0.21825,0.000322003732
205.0,2.448875,0.21825,0.000322003732
205.0,2.44875,0.218125,0.000322003732
205.0,2.448625,0.21775,0.000322003732
205.0,2.448875,0.21775,0.000322003732
205.0,2.449125,0.217875,0.000322003732
205.0,2.4495,0.217875,0.000322003732
205.0,2.44925,0.218,0.000322003732
205.0,2.44925,0.218,0.000322003732
205.0,2.449125,0.218,0.000322003732
205.0,2.448125,0.218125,0.000322003732
205.0,2.448,0.218125,0.000322003732
205.0,2.448125,0.21825,0.000322003732
205.0,2.4485,0.21825,0.000322003732
205.0,2.4485,0.218,0.000322003732
205.0,2.44825,0.218125,0.000322003732
205.0,2.4485,0.21825,0.000322003732
205.0,2.448625,0.218125,0.000322003732
205.0,2.448875,0.218125,0.000322003732
205.0,2.44925,0.218,0.000322003732
205.0,2.449,0.218,0.000322003732
205.0,2.448875,0.217875,0.000322003732
205.0,2.449375,0.218,0.000322003732
205.0,2.44925,0.217875,0.000322003732
205.0,2.449125,0.21775,0.000322003732
205.0,2.449125,0.21775,0.000322003732
205.0,2.449,0.217875,0.000322003732
205.0,2.44825,0.21775,0.000322003732
205.0,2.4485,0.218,0.000322003732
205.0,2.448625,0.218125,0.000322003732
205.0,2.44825,0.218125,0.000322003732
205.0,2.447875,0.218,0.000322003732
205.0,2.448,0.218125,0.000322003732
205.0,2.44875,0.218125,0.000322003732
205.0,2.448875,0.218125,0.000322003732
205.0,2.448375,0.218125,0.000322003732
205.0,2.448875,0.218,0.000322003732
205.0,2.44925,0.217875,0.000322003732
205.0,2.44925,0.21775,0.000322003732
205.0,2.449625,0.217875,0.000322003732
206.0,2.500375,0.24575,0.00032213825
206.0,2.50075,0.245625,0.00032213825
206.0,2.501,0.245625,0.00032213825
206.0,2.500625,0.245625,0.00032213825
206.0,2.5,0.2455,0.00032213825
206.0,2.500375,0.24575,0.00032213825
206.0,2.50075,0.245875,0.00032213825
206.0,2.500875,0.24575,0.00032213825
206.0,2.500875,0.24575,0.00032213825
206.0,2.501125,0.245375,0.00032213825
206.0,2.501625,0.2455,0.00032213825
206.0,2.5015,0.2455,0.00032213825
206.0,2.501625,0.245375,0.00032213825
206.0,2.50225,0.245375,0.00032213825
206.0,2.502,0.2455,0.00032213825
206.0,2.501875,0.24525,0.00032213825
206.0,2.501,0.2455,0.00032213825
206.0,2.500875,0.24575,0.00032213825
206.0,2.500875,0.24575,0.00032213825
206.0,2.50075,0.245625,0.00032213825
206.0,2.50025,0.24575,0.00032213825
206.0,2.5,0.245625,0.00032213825
206.0,2.50075,0.245875,0.00032213825
206.0,2.501375,0.245875,0.00032213825
206.0,2.50125,0.2455,0.00032213825
206.0,2.50125,0.2455,0.00032213825
206.0,2.501,0.245625,0.00032213825
206.0,2.501125,0.2455,0.00032213825
206.0,2.501125,0.2455,0.00032213825
206.0,2.501375,0.245625,0.00032213825
206.0,2.502125,0.245625,0.00032213825
206.0,2.502,0.245375,0.00032213825
206.0,2.501375,0.245125,0.00032213825
206.0,2.500625,0.245625,0.00032213825
206.0,2.500625,0.24575,0.00032213825
206.0,2.500875,0.24575,0.00032213825
206.0,2.50075,0.245625,0.00032213825
206.0,2.500125,0.245625,0.00032213825
206.0,2.50025,0.245625,0.00032213825
206.0,2.500625,0.245875,0.00032213825
206.0,2.50075,0.24575,0.00032213825
206.0,2.50075,0.24575,0.00032213825
206.0,2.500375,0.245625,0.00032213825
206.0,2.501125,0.24575,0.00032213825
206.0,2.50125,0.245625,0.00032213825
206.0,2.501125,0.245375,0.00032213825
206.0,2.50125,0.245375,0.00032213825
206.0,2.501625,0.245375,0.00032213825
206.0,2.50125,0.245375,0.00032213825
206.0,2.50075,0.245375,0.00032213825
206.0,2.50025,0.2455,0.00032213825
206.0,2.500375,0.24575,0.00032213825
206.0,2.50075,0.246,0.00032213825
206.0,2.500625,0.245875,0.00032213825
206.0,2.5005,0.24575,0.00032213825
206.0,2.500625,0.24575,0.00032213825
206.0,2.500875,0.245875,0.00032213825
206.0,2.500875,0.245875,0.00032213825
206.0,2.501125,0.24575,0.00032213825
206.0,2.500875,0.245625,0.00032213825
206.0,2.501125,0.2455,0.00032213825
206.0,2.50125,0.2455,0.00032213825
206.0,2.501375,0.2455,0.00032213825
206.0,2.50175,0.2455,0.00032213825
206.0,2.501625,0.245375,0.00032213825
206.0,2.50125,0.24525,0.00032213825
206.0,2.500375,0.245375,0.00032213825
206.0,2.500375,0.245625,0.00032213825
206.0,2.501,0.24575,0.00032213825
206.0,2.501,0.24575,0.00032213825
206.0,2.5005,0.245875,0.00032213825
206.0,2.500125,0.245625,0.00032213825
206.0,2.500375,0.24575,0.00032213825
206.0,2.500375,0.24575,0.00032213825
206.0,2.500875,0.246,0.00032213825
206.0,2.500875,0.24575,0.00032213825
206.0,2.500875,0.24575,0.00032213825
206.0,2.50125,0.24575,0.00032213825
206.0,2.50125,0.2455,0.00032213825
206.0,2.501375,0.245375,0.00032213825
206.0,2.50175,0.24525,0.00032213825
206.0,2.501375,0.245375,0.00032213825
206.0,2.501,0.2455,0.00032213825
206.0,2.500125,0.24575,0.00032213825
206.0,2.50025,0.2455,0.00032213825
206.0,2.500375,0.24575,0.00032213825
206.0,2.500625,0.245875,0.00032213825
206.0,2.500375,0.2455,0.00032213825
206.0,2.500375,0.245875,0.00032213825
206.0,2.500375,0.245875,0.00032213825
206.0,2.500875,0.24575,0.00032213825
206.0,2.501,0.245625,0.00032213825
206.0,2.501,0.2455,0.00032213825
206.0,2.501125,0.2455,0.00032213825
206.0,2.50125,0.2455,0.00032213825
206.0,2.500875,0.2455,0.00032213825
206.0,2.501125,0.2455,0.00032213825
206.0,2.501875,0.2455,0.00032213825
206.0,2.501375,0.245375,0.00032213825
206.0,2.5005,0.245375,0.00032213825
206.0,2.500375,0.2455,0.00032213825
206.0,2.500375,0.2455,0.00032213825
206.0,2.500375,0.24575,0.00032213825
206.0,2.500125,0.245625,0.00032213825
206.0,2.499875,0.24575,0.00032213825
206.0,2.499875,0.245875,0.00032213825
206.0,2.50025,0.245875,0.00032213825
206.0,2.500625,0.245875,0.00032213825
206.0,2.5005,0.245625,0.00032213825
206.0,2.500875,0.245625,0.00032213825
206.0,2.501125,0.245625,0.00032213825
206.0,2.501,0.2455,0.00032213825
206.0,2.500625,0.2455,0.00032213825
206.0,2.501625,0.2455,0.00032213825
206.0,2.502125,0.24525,0.00032213825
206.0,2.5015,0.24525,0.00032213825
206.0,2.50025,0.2455,0.00032213825
206.0,2.5,0.2455,0.00032213825
206.0,2.500375,0.2455,0.00032213825
206.0,2.500625,0.245625,0.00032213825
206.0,2.500375,0.245625,0.00032213825
206.0,2.50025,0.245625,0.00032213825
206.0,2.50025,0.245625,0.00032213825
206.0,2.500625,0.245875,0.00032213825
206.0,2.500875,0.245875,0.00032213825
206.0,2.50075,0.245625,0.00032213825
206.0,2.500375,0.2455,0.00032213825
206.0,2.500875,0.2455,0.00032213825
206.0,2.50075,0.245625,0.00032213825
206.0,2.501125,0.2455,0.00032213825
206.0,2.501875,0.245375,0.00032213825
206.0,2.5015,0.245125,0.00032213825
206.0,2.500625,0.2455,0.00032213825
206.0,2.500125,0.2455,0.00032213825
206.0,2.500625,0.24575,0.00032213825
206.0,2.5005,0.245625,0.00032213825
206.0,2.5005,0.245625,0.00032213825
206.0,2.50025,0.245625,0.00032213825
206.0,2.50025,0.245625,0.00032213825
206.0,2.500375,0.245625,0.00032213825
206.0,2.501125,0.24575,0.00032213825
206.0,2.501,0.245625,0.00032213825
206.0,2.500875,0.245875,0.00032213825
206.0,2.501,0.2455,0.00032213825
206.0,2.500875,0.2455,0.00032213825
206.0,2.500875,0.2455,0.00032213825
206.0,2.501375,0.245625,0.00032213825
206.0,2.50175,0.245375,0.00032213825
206.0,2.501875,0.24525,0.00032213825
206.0,2.501125,0.2455,0.00032213825
206.0,2.500625,0.245625,0.00032213825
206.0,2.500375,0.24575,0.00032213825
206.0,2.5005,0.245625,0.00032213825
206.0,2.50025,0.24575,0.00032213825
206.0,2.50025,0.24575,0.00032213825
206.0,2.5,0.245625,0.00032213825
206.0,2.5005,0.24575,0.00032213825
206.0,2.501125,0.245875,0.00032213825
206.0,2.50125,0.245875,0.00032213825
206.0,2.501,0.24575,0.00032213825
206.0,2.501125,0.245625,0.00032213825
206.0,2.50125,0.24525,0.00032213825
206.0,2.50125,0.245375,0.00032213825
206.0,2.501625,0.2455,0.00032213825
206.0,2.50175,0.2455,0.00032213825
206.0,2.50125,0.245625,0.00032213825
206.0,2.50075,0.245625,0.00032213825
206.0,2.50075,0.24575,0.00032213825
206.0,2.50075,0.24575,0.00032213825
207.0,2.552625,0.274875,0.000322027248
207.0,2.55225,0.274625,0.000322027248
207.0,2.5525,0.274875,0.000322027248
207.0,2.55275,0.275,0.000322027248
207.0,2.5525,0.274875,0.000322027248
207.0,2.5525,0.27475,0.000322027248
207.0,2.553,0.274625,0.000322027248
207.0,2.553125,0.274625,0.000322027248
207.0,2.553125,0.274625,0.000322027248
207.0,2.553375,0.2745,0.000322027248
207.0,2.554125,0.274625,0.000322027248
207.0,2.554125,0.274625,0.000322027248
207.0,2.5535,0.27475,0.000322027248
207.0,2.55275,0.27475,0.000322027248
207.0,2.552375,0.274875,0.000322027248
207.0,2.552875,0.275,0.000322027248
207.0,2.55275,0.274875,0.000322027248
207.0,2.5525,0.274875,0.000322027248
207.0,2.55225,0.274875,0.000322027248
207.0,2.552625,0.275125,0.000322027248
207.0,2.552875,0.275125,0.000322027248
207.0,2.553125,0.27475,0.000322027248
207.0,2.553125,0.27475,0.000322027248
207.0,2.5535,0.274875,0.000322027248
207.0,2.553375,0.274875,0.000322027248
207.0,2.553375,0.274625,0.000322027248
207.0,2.5535,0.274625,0.000322027248
207.0,2.55375,0.274875,0.000322027248
207.0,2.5535,0.27475,0.000322027248
207.0,2.552875,0.27475,0.000322027248
207.0,2.552125,0.27475,0.000322027248
207.0,2.552125,0.27475,0.000322027248
207.0,2.552375,0.275,0.000322027248
207.0,2.55275,0.27475,0.000322027248
207.0,2.55225,0.274875,0.000322027248
207.0,2.552625,0.274875,0.000322027248
207.0,2.553125,0.274875,0.000322027248
207.0,2.55325,0.274875,0.000322027248
207.0,2.552625,0.274875,0.000322027248
207.0,2.553125,0.27475,0.000322027248
207.0,2.55325,0.27475,0.000322027248
207.0,2.55325,0.2745,0.000322027248
207.0,2.55325,0.274875,0.000322027248
207.0,2.55375,0.274625,0.000322027248
207.0,2.554,0.274625,0.000322027248
207.0,2.55375,0.274375,0.000322027248
207.0,2.552625,0.274625,0.000322027248
207.0,2.5525,0.274625,0.000322027248
207.0,2.552875,0.274875,0.000322027248
207.0,2.55325,0.27475,0.000322027248
207.0,2.55275,0.275,0.000322027248
207.0,2.552375,0.274875,0.000322027248
207.0,2.55225,0.274875,0.000322027248
207.0,2.55275,0.27475,0.000322027248
207.0,2.552875,0.27475,0.000322027248
207.0,2.553,0.274625,0.000322027248
207.0,2.55325,0.27475,0.000322027248
207.0,2.55325,0.27475,0.000322027248
207.0,2.55275,0.274625,0.000322027248
207.0,2.553,0.2745,0.000322027248
207.0,2.553625,0.274625,0.000322027248
207.0,2.55375,0.2745,0.000322027248
207.0,2.55325,0.274625,0.000322027248
207.0,2.55225,0.274625,0.000322027248
207.0,2.552625,0.275,0.000322027248
207.0,2.553,0.275125,0.000322027248
207.0,2.553,0.274875,0.000322027248
207.0,2.55275,0.275,0.000322027248
207.0,2.5525,0.274875,0.000322027248
207.0,2.55275,0.275,0.000322027248
207.0,2.55275,0.275,0.000322027248
207.0,2.552875,0.275,0.000322027248
207.0,2.552875,0.274625,0.000322027248
207.0,2.552875,0.274625,0.000322027248
207.0,2.553,0.2745,0.000322027248
207.0,2.553125,0.2745,0.000322027248
207.0,2.55325,0.274625,0.000322027248
207.0,2.55375,0.2745,0.000322027248
207.0,2.554,0.274625,0.000322027248
207.0,2.5535,0.274625,0.000322027248
207.0,2.5525,0.27475,0.000322027248
207.0,2.552375,0.274625,0.000322027248
207.0,2.552625,0.274875,0.000322027248
207.0,2.552375,0.27475,0.000322027248
207.0,2.55275,0.274875,0.000322027248
207.0,2.552875,0.274875,0.000322027248
207.0,2.553,0.27475,0.000322027248
207.0,2.552875,0.274875,0.000322027248
207.0,2.553,0.27475,0.000322027248
207.0,2.553,0.27475,0.000322027248
207.0,2.5535,0.274625,0.000322027248
207.0,2.553625,0.27475,0.000322027248
207.0,2.5535,0.274625,0.000322027248
207.0,2.554,0.27475,0.000322027248
207.0,2.55425,0.274625,0.000322027248
207.0,2.5535,0.2745,0.000322027248
207.0,2.552875,0.274625,0.000322027248
207.0,2.552625,0.27475,0.000322027248
207.0,2.552875,0.274875,0.000322027248
207.0,2.553125,0.27475,0.000322027248
207.0,2.55275,0.275,0.000322027248
207.0,2.5525,0.274875,0.000322027248
207.0,2.552375,0.275,0.000322027248
207.0,2.553125,0.275125,0.000322027248
207.0,2.55325,0.275,0.000322027248
207.0,2.55325,0.275,0.000322027248
207.0,2.553,0.27475,0.000322027248
207.0,2.553375,0.27475,0.000322027248
207.0,2.5535,0.274625,0.000322027248
207.0,2.55375,0.274375,0.000322027248
207.0,2.554,0.274625,0.000322027248
207.0,2.553875,0.274625,0.000322027248
207.0,2.553625,0.27475,0.000322027248
207.0,2.552875,0.274625,0.000322027248
207.0,2.5525,0.2745,0.000322027248
207.0,2.552875,0.275,0.000322027248
207.0,2.552875,0.275125,0.000322027248
207.0,2.55275,0.274875,0.000322027248
207.0,2.5525,0.274875,0.000322027248
207.0,2.552625,0.274875,0.000322027248
207.0,2.552875,0.275125,0.000322027248
207.0,2.55275,0.275125,0.000322027248
207.0,2.55275,0.27475,0.000322027248
207.0,2.55275,0.2745,0.000322027248
207.0,2.553125,0.27475,0.000322027248
207.0,2.553125,0.274625,0.000322027248
207.0,2.55375,0.274625,0.000322027248
207.0,2.554,0.27475,0.000322027248
207.0,2.55375,0.2745,0.000322027248
207.0,2.553,0.274625,0.000322027248
207.0,2.55275,0.274875,0.000322027248
207.0,2.55275,0.274875,0.000322027248
207.0,2.552875,0.275,0.000322027248
207.0,2.553125,0.274875,0.000322027248
207.0,2.553,0.274875,0.000322027248
207.0,2.55275,0.274875,0.000322027248
207.0,2.552625,0.275125,0.000322027248
207.0,2.5525,0.275125,0.000322027248
207.0,2.5525,0.275125,0.000322027248
207.0,2.553125,0.274875,0.000322027248
207.0,2.5535,0.274625,0.000322027248
207.0,2.553125,0.27475,0.000322027248
207.0,2.55325,0.274625,0.000322027248
207.0,2.553875,0.274625,0.000322027248
207.0,2.554125,0.274375,0.000322027248
207.0,2.554,0.274625,0.000322027248
207.0,2.55375,0.2745,0.000322027248
207.0,2.553125,0.274875,0.000322027248
207.0,2.55325,0.274875,0.000322027248
207.0,2.553375,0.275125,0.000322027248
207.0,2.553375,0.275,0.000322027248
207.0,2.5525,0.274875,0.000322027248
207.0,2.5525,0.275125,0.000322027248
207.0,2.553375,0.275125,0.000322027248
207.0,2.553375,0.275125,0.000322027248
207.0,2.55375,0.275125,0.000322027248
207.0,2.5535,0.274875,0.000322027248
207.0,2.55375,0.27475,0.000322027248
207.0,2.553875,0.274625,0.000322027248
207.0,2.554125,0.274625,0.000322027248
207.0,2.55475,0.27475,0.000322027248
207.0,2.5545,0.274625,0.000322027248
207.0,2.554,0.274875,0.000322027248
207.0,2.553375,0.274875,0.000322027248
207.0,2.553,0.274875,0.000322027248
207.0,2.552875,0.274875,0.000322027248
207.0,2.553,0.275,0.000322027248
207.0,2.552875,0.274875,0.000322027248
207.0,2.55275,0.27475,0.000322027248
208.0,2.60475,0.305875,0.000321930333
208.0,2.604625,0.305875,0.000321930333
208.0,2.604625,0.305625,0.000321930333
208.0,2.604625,0.3055,0.000321930333
208.0,2.605,0.305625,0.000321930333
208.0,2.6055,0.3055,0.000321930333
208.0,2.605875,0.305625,0.000321930333
208.0,2.6055,0.305625,0.000321930333
208.0,2.6055,0.305625,0.000321930333
208.0,2.604875,0.30575,0.000321930333
208.0,2.604625,0.305625,0.000321930333
208.0,2.6045,0.305875,0.000321930333
208.0,2.6045,0.30575,0.000321930333
208.0,2.6045,0.30575,0.000321930333
208.0,2.604125,0.30575,0.000321930333
208.0,2.60425,0.306,0.000321930333
208.0,2.60475,0.305875,0.000321930333
208.0,2.60475,0.306125,0.000321930333
208.0,2.605,0.30575,0.000321930333
208.0,2.60525,0.305625,0.000321930333
208.0,2.60525,0.3055,0.000321930333
208.0,2.6055,0.3055,0.000321930333
208.0,2.60575,0.305625,0.000321930333
208.0,2.605625,0.305625,0.000321930333
208.0,2.605125,0.305625,0.000321930333
208.0,2.605125,0.3055,0.000321930333
208.0,2.6045,0.30575,0.000321930333
208.0,2.604625,0.30575,0.000321930333
208.0,2.604875,0.30575,0.000321930333
208.0,2.604625,0.30575,0.000321930333
208.0,2.6045,0.305875,0.000321930333
208.0,2.60425,0.306,0.000321930333
208.0,2.6045,0.305875,0.000321930333
208.0,2.6045,0.305875,0.000321930333
208.0,2.604625,0.305875,0.000321930333
208.0,2.604375,0.30575,0.000321930333
208.0,2.604875,0.30575,0.000321930333
208.0,2.605,0.305625,0.000321930333
208.0,2.60525,0.305625,0.000321930333
208.0,2.6055,0.305625,0.000321930333
208.0,2.605,0.3055,0.000321930333
208.0,2.605,0.3055,0.000321930333
208.0,2.604875,0.305625,0.000321930333
208.0,2.604125,0.306,0.000321930333
208.0,2.6045,0.306,0.000321930333
208.0,2.6045,0.305875,0.000321930333
208.0,2.604375,0.306,0.000321930333
208.0,2.604,0.305875,0.000321930333
208.0,2.604125,0.305875,0.000321930333
208.0,2.60475,0.306125,0.000321930333
208.0,2.604625,0.30575,0.000321930333
208.0,2.605,0.305875,0.000321930333
208.0,2.605,0.3055,0.000321930333
208.0,2.605125,0.305625,0.000321930333
208.0,2.605,0.305625,0.000321930333
208.0,2.60575,0.305625,0.000321930333
208.0,2.605875,0.305375,0.000321930333
208.0,2.605875,0.305375,0.000321930333
208.0,2.60525,0.3055,0.000321930333
208.0,2.6045,0.305625,0.000321930333
208.0,2.604375,0.305625,0.000321930333
208.0,2.604625,0.305625,0.000321930333
208.0,2.6045,0.305875,0.000321930333
208.0,2.60475,0.305875,0.000321930333
208.0,2.604125,0.305875,0.000321930333
208.0,2.6045,0.306,0.000321930333
208.0,2.604875,0.306,0.000321930333
208.0,2.604875,0.305875,0.000321930333
208.0,2.605,0.30575,0.000321930333
208.0,2.605125,0.305625,0.000321930333
208.0,2.60475,0.305625,0.000321930333
208.0,2.604875,0.305375,0.000321930333
208.0,2.605375,0.30575,0.000321930333
208.0,2.605375,0.30575,0.000321930333
208.0,2.60575,0.3055,0.000321930333
208.0,2.605375,0.30575,0.000321930333
208.0,2.604625,0.30575,0.000321930333
208.0,2.60425,0.305625,0.000321930333
208.0,2.604375,0.30575,0.000321930333
208.0,2.6045,0.305875,0.000321930333
208.0,2.604125,0.305625,0.000321930333
208.0,2.60425,0.30575,0.000321930333
208.0,2.6045,0.305875,0.000321930333
208.0,2.605125,0.306125,0.000321930333
208.0,2.60525,0.305875,0.000321930333
208.0,2.60475,0.305875,0.000321930333
208.0,2.60475,0.305625,0.000321930333
208.0,2.6045,0.305625,0.000321930333
208.0,2.605,0.305625,0.000321930333
208.0,2.605,0.305625,0.000321930333
208.0,2.60575,0.30575,0.000321930333
208.0,2.605875,0.305375,0.000321930333
208.0,2.604875,0.3055,0.000321930333
208.0,2.604,0.305875,0.000321930333
208.0,2.604375,0.305875,0.000321930333
208.0,2.605,0.305875,0.000321930333
208.0,2.605,0.305875,0.000321930333
208.0,2.60425,0.306,0.000321930333
208.0,2.604125,0.305875,0.000321930333
208.0,2.605,0.306125,0.000321930333
208.0,2.605125,0.30625,0.000321930333
208.0,2.605,0.305875,0.000321930333
208.0,2.605,0.30575,0.000321930333
208.0,2.605125,0.305625,0.000321930333
208.0,2.605375,0.305625,0.000321930333
208.0,2.60575,0.305625,0.000321930333
208.0,2.60575,0.305625,0.000321930333
208.0,2.60575,0.3055,0.000321930333
208.0,2.605375,0.305375,0.000321930333
208.0,2.604625,0.30575,0.000321930333
208.0,2.604125,0.305625,0.000321930333
208.0,2.6045,0.305875,0.000321930333
208.0,2.605,0.305875,0.000321930333
208.0,2.60475,0.306,0.000321930333
208.0,2.603875,0.305875,0.000321930333
208.0,2.60425,0.306,0.000321930333
208.0,2.604375,0.30625,0.000321930333
208.0,2.604375,0.306,0.000321930333
208.0,2.6045,0.305625,0.000321930333
208.0,2.605125,0.305625,0.000321930333
208.0,2.605,0.30575,0.000321930333
208.0,2.605,0.30575,0.000321930333
208.0,2.605,0.30575,0.000321930333
208.0,2.605875,0.305625,0.000321930333
208.0,2.6055,0.3055,0.000321930333
208.0,2.605125,0.3055,0.000321930333
208.0,2.6045,0.305625,0.000321930333
208.0,2.604125,0.305875,0.000321930333
208.0,2.604375,0.305875,0.000321930333
208.0,2.6045,0.30575,0.000321930333
208.0,2.6045,0.305875,0.000321930333
208.0,2.603875,0.306,0.000321930333
208.0,2.60425,0.306125,0.000321930333
208.0,2.604375,0.306125,0.000321930333
208.0,2.6045,0.306,0.000321930333
208.0,2.60475,0.30575,0.000321930333
208.0,2.605,0.305625,0.000321930333
208.0,2.60475,0.305625,0.000321930333
208.0,2.60475,0.305625,0.000321930333
208.0,2.605125,0.305625,0.000321930333
208.0,2.606,0.30575,0.000321930333
208.0,2.605875,0.305875,0.000321930333
208.0,2.605,0.305625,0.000321930333
208.0,2.60425,0.3055,0.000321930333
208.0,2.60425,0.305625,0.000321930333
208.0,2.6045,0.305875,0.000321930333
208.0,2.60475,0.305875,0.000321930333
208.0,2.60425,0.305875,0.000321930333
208.0,2.604,0.306,0.000321930333
208.0,2.60425,0.30625,0.000321930333
208.0,2.6045,0.30625,0.000321930333
208.0,2.60475,0.306,0.000321930333
208.0,2.605125,0.305875,0.000321930333
208.0,2.604875,0.305625,0.000321930333
208.0,2.604875,0.305625,0.000321930333
208.0,2.60475,0.305625,0.000321930333
208.0,2.6055,0.30575,0.000321930333
208.0,2.606,0.305625,0.000321930333
208.0,2.6055,0.3055,0.000321930333
208.0,2.6045,0.305625,0.000321930333
208.0,2.604125,0.305875,0.000321930333
208.0,2.604,0.30575,0.000321930333
208.0,2.6045,0.30575,0.000321930333
208.0,2.604375,0.305875,0.000321930333
208.0,2.604125,0.30575,0.000321930333
208.0,2.604125,0.30575,0.000321930333
208.0,2.604375,0.306,0.000321930333
208.0,2.604875,0.305875,0.000321930333
208.0,2.605125,0.305625,0.000321930333
209.0,2.655375,0.337625,0.000322184758
209.0,2.654875,0.33775,0.000322184758
209.0,2.654125,0.33775,0.000322184758
209.0,2.654,0.337625,0.000322184758
209.0,2.654125,0.33775,0.000322184758
209.0,2.654375,0.338,0.000322184758
209.0,2.65425,0.338,0.000322184758
209.0,2.654,0.338,0.000322184758
209.0,2.654,0.338,0.000322184758
209.0,2.654125,0.338,0.000322184758
209.0,2.654625,0.338,0.000322184758
209.0,2.654625,0.33775,0.000322184758
209.0,2.6545,0.337625,0.000322184758
209.0,2.654375,0.3375,0.000322184758
209.0,2.6545,0.3375,0.000322184758
209.0,2.655,0.337375,0.000322184758
209.0,2.655625,0.337625,0.000322184758
209.0,2.65575,0.3375,0.000322184758
209.0,2.655125,0.337875,0.000322184758
209.0,2.6545,0.337875,0.000322184758
209.0,2.654,0.338,0.000322184758
209.0,2.6545,0.338,0.000322184758
209.0,2.6545,0.338,0.000322184758
209.0,2.65425,0.337875,0.000322184758
209.0,2.654,0.337875,0.000322184758
209.0,2.654,0.337875,0.000322184758
209.0,2.654125,0.33825,0.000322184758
209.0,2.6545,0.33825,0.000322184758
209.0,2.654625,0.338125,0.000322184758
209.0,2.65475,0.337875,0.000322184758
209.0,2.654875,0.337625,0.000322184758
209.0,2.654625,0.337625,0.000322184758
209.0,2.655125,0.33775,0.000322184758
209.0,2.655375,0.337625,0.000322184758
209.0,2.655125,0.337875,0.000322184758
209.0,2.654375,0.337875,0.000322184758
209.0,2.654,0.338,0.000322184758
209.0,2.654,0.338,0.000322184758
209.0,2.654125,0.337875,0.000322184758
209.0,2.654375,0.338,0.000322184758
209.0,2.654,0.338,0.000322184758
209.0,2.654,0.338,0.000322184758
209.0,2.653875,0.338,0.000322184758
209.0,2.6545,0.33825,0.000322184758
209.0,2.654125,0.338125,0.000322184758
209.0,2.654125,0.338,0.000322184758
209.0,2.65475,0.337875,0.000322184758
209.0,2.65475,0.337875,0.000322184758
209.0,2.655125,0.33775,0.000322184758
209.0,2.65575,0.33775,0.000322184758
209.0,2.655375,0.337625,0.000322184758
209.0,2.65475,0.337625,0.000322184758
209.0,2.654375,0.337875,0.000322184758
209.0,2.653875,0.337875,0.000322184758
209.0,2.653875,0.337875,0.000322184758
209.0,2.653875,0.338,0.000322184758
209.0,2.654125,0.338125,0.000322184758
209.0,2.654125,0.338125,0.000322184758
209.0,2.654,0.338125,0.000322184758
209.0,2.65375,0.33825,0.000322184758
209.0,2.653875,0.338125,0.000322184758
209.0,2.65375,0.338125,0.000322184758
209.0,2.654,0.337875,0.000322184758
209.0,2.6545,0.33775,0.000322184758
209.0,2.654625,0.33775,0.000322184758
209.0,2.65475,0.337625,0.000322184758
209.0,2.655375,0.337625,0.000322184758
209.0,2.655375,0.337625,0.000322184758
209.0,2.655,0.337625,0.000322184758
209.0,2.654375,0.337625,0.000322184758
209.0,2.653875,0.33775,0.000322184758
209.0,2.654125,0.33775,0.000322184758
209.0,2.65425,0.338125,0.000322184758
209.0,2.65425,0.338125,0.000322184758
209.0,2.653875,0.338125,0.000322184758
209.0,2.653625,0.338,0.000322184758
209.0,2.654,0.33825,0.000322184758
209.0,2.65425,0.33825,0.000322184758
209.0,2.654375,0.33825,0.000322184758
209.0,2.6545,0.338,0.000322184758
209.0,2.6545,0.337875,0.000322184758
209.0,2.6545,0.337875,0.000322184758
209.0,2.6545,0.337875,0.000322184758
209.0,2.655125,0.33775,0.000322184758
209.0,2.65525,0.337625,0.000322184758
209.0,2.65425,0.338,0.000322184758
209.0,2.653375,0.338125,0.000322184758
209.0,2.653625,0.338125,0.000322184758
209.0,2.653875,0.338,0.000322184758
209.0,2.653875,0.338,0.000322184758
209.0,2.65375,0.338125,0.000322184758
209.0,2.6535,0.338,0.000322184758
209.0,2.653375,0.338125,0.000322184758
209.0,2.65425,0.338125,0.000322184758
209.0,2.65475,0.338125,0.000322184758
209.0,2.65425,0.338125,0.000322184758
209.0,2.654875,0.337875,0.000322184758
209.0,2.654625,0.33775,0.000322184758
209.0,2.654375,0.3375,0.000322184758
209.0,2.654875,0.33775,0.000322184758
209.0,2.65525,0.33775,0.000322184758
209.0,2.655125,0.337625,0.000322184758
209.0,2.654625,0.33775,0.000322184758
209.0,2.653875,0.338,0.000322184758
209.0,2.6535,0.33775,0.000322184758
209.0,2.6535,0.33775,0.000322184758
209.0,2.654,0.337875,0.000322184758
209.0,2.654125,0.338125,0.000322184758
209.0,2.6535,0.338,0.000322184758
209.0,2.653875,0.338,0.000322184758
209.0,2.654375,0.338,0.000322184758
209.0,2.654375,0.338125,0.000322184758
209.0,2.65425,0.338125,0.000322184758
209.0,2.65425,0.337875,0.000322184758
209.0,2.6545,0.33775,0.000322184758
209.0,2.655,0.33775,0.000322184758
209.0,2.655125,0.33775,0.000322184758
209.0,2.65525,0.337625,0.000322184758
209.0,2.655,0.33775,0.000322184758
209.0,2.65425,0.338,0.000322184758
209.0,2.65375,0.338,0.000322184758
209.0,2.654125,0.338,0.000322184758
209.0,2.654125,0.33825,0.000322184758
209.0,2.654375,0.338,0.000322184758
209.0,2.653875,0.338125,0.000322184758
209.0,2.653625,0.337875,0.000322184758
209.0,2.654,0.337875,0.000322184758
209.0,2.65475,0.338125,0.000322184758
209.0,2.654375,0.338125,0.000322184758
209.0,2.6545,0.338,0.000322184758
209.0,2.654375,0.337875,0.000322184758
209.0,2.653875,0.337625,0.000322184758
209.0,2.6545,0.3375,0.000322184758
209.0,2.65525,0.337875,0.000322184758
209.0,2.65475,0.33775,0.000322184758
209.0,2.65425,0.337875,0.000322184758
209.0,2.653625,0.338,0.000322184758
209.0,2.65375,0.338,0.000322184758
209.0,2.65375,0.338,0.000322184758
209.0,2.65425,0.338125,0.000322184758
209.0,2.654125,0.33825,0.000322184758
209.0,2.653375,0.337875,0.000322184758
209.0,2.653625,0.337875,0.000322184758
209.0,2.653875,0.338125,0.000322184758
209.0,2.654125,0.33825,0.000322184758
209.0,2.6545,0.338,0.000322184758
209.0,2.65425,0.33775,0.000322184758
209.0,2.65475,0.337875,0.000322184758
209.0,2.654625,0.337875,0.000322184758
209.0,2.65525,0.33775,0.000322184758
209.0,2.65525,0.33775,0.000322184758
209.0,2.654625,0.337875,0.000322184758
209.0,2.654,0.337875,0.000322184758
209.0,2.653625,0.337875,0.000322184758
209.0,2.653625,0.337875,0.000322184758
209.0,2.653875,0.338,0.000322184758
209.0,2.654125,0.338125,0.000322184758
209.0,2.65375,0.338125,0.000322184758
209.0,2.65375,0.338,0.000322184758
209.0,2.65375,0.338,0.000322184758
209.0,2.65425,0.338125,0.000322184758
209.0,2.653875,0.33775,0.000322184758
209.0,2.654125,0.337875,0.000322184758
209.0,2.654375,0.337875,0.000322184758
209.0,2.6545,0.337875,0.000322184758
209.0,2.6545,0.33775,0.000322184758
209.0,2.655125,0.337875,0.000322184758
209.0,2.655375,0.337625,0.000322184758
209.0,2.654875,0.337625,0.000322184758
210.0,2.70375,0.372,0.000322176435
210.0,2.703375,0.372,0.000322176435
210.0,2.7035,0.372125,0.000322176435
210.0,2.703625,0.37225,0.000322176435
210.0,2.70375,0.372125,0.000322176435
210.0,2.70325,0.372,0.000322176435
210.0,2.703625,0.372125,0.000322176435
210.0,2.703875,0.37225,0.000322176435
210.0,2.703875,0.37225,0.000322176435
210.0,2.704,0.37225,0.000322176435
210.0,2.704,0.372125,0.000322176435
210.0,2.704125,0.37175,0.000322176435
210.0,2.70425,0.371875,0.000322176435
210.0,2.704625,0.37175,0.000322176435
210.0,2.705375,0.37175,0.000322176435
210.0,2.704875,0.3715,0.000322176435
210.0,2.704375,0.3715,0.000322176435
210.0,2.703625,0.371875,0.000322176435
210.0,2.7035,0.371875,0.000322176435
210.0,2.704125,0.372,0.000322176435
210.0,2.704125,0.372125,0.000322176435
210.0,2.70375,0.372,0.000322176435
210.0,2.703125,0.372125,0.000322176435
210.0,2.703625,0.372375,0.000322176435
210.0,2.703625,0.372375,0.000322176435
210.0,2.70375,0.371875,0.000322176435
210.0,2.703875,0.372,0.000322176435
210.0,2.70375,0.37175,0.000322176435
210.0,2.704,0.37175,0.000322176435
210.0,2.70425,0.37175,0.000322176435
210.0,2.70475,0.371875,0.000322176435
210.0,2.70525,0.37175,0.000322176435
210.0,2.704625,0.37175,0.000322176435
210.0,2.704375,0.371875,0.000322176435
210.0,2.70375,0.371875,0.000322176435
210.0,2.703875,0.371875,0.000322176435
210.0,2.703875,0.372125,0.000322176435
210.0,2.703875,0.372125,0.000322176435
210.0,2.703375,0.37225,0.000322176435
210.0,2.703875,0.372125,0.000322176435
210.0,2.704375,0.37225,0.000322176435
210.0,2.704375,0.37225,0.000322176435
210.0,2.704,0.371875,0.000322176435
210.0,2.704,0.371875,0.000322176435
210.0,2.704375,0.371875,0.000322176435
210.0,2.70425,0.371625,0.000322176435
210.0,2.70425,0.37175,0.000322176435
210.0,2.7045,0.372,0.000322176435
210.0,2.705,0.37175,0.000322176435
210.0,2.70475,0.371875,0.000322176435
210.0,2.703875,0.371875,0.000322176435
210.0,2.7035,0.37175,0.000322176435
210.0,2.703625,0.371875,0.000322176435
210.0,2.704,0.372125,0.000322176435
210.0,2.703875,0.372,0.000322176435
210.0,2.703375,0.372125,0.000322176435
210.0,2.70375,0.37225,0.000322176435
210.0,2.70375,0.37225,0.000322176435
210.0,2.704375,0.37225,0.000322176435
210.0,2.7045,0.372125,0.000322176435
210.0,2.704125,0.372125,0.000322176435
210.0,2.704,0.372,0.000322176435
210.0,2.7045,0.371875,0.000322176435
210.0,2.704375,0.37175,0.000322176435
210.0,2.704875,0.371875,0.000322176435
210.0,2.705,0.37175,0.000322176435
210.0,2.704375,0.371875,0.000322176435
210.0,2.703875,0.372,0.000322176435
210.0,2.70375,0.37175,0.000322176435
210.0,2.70375,0.371875,0.000322176435
210.0,2.703875,0.372125,0.000322176435
210.0,2.703625,0.37225,0.000322176435
210.0,2.703,0.372,0.000322176435
210.0,2.703,0.372,0.000322176435
210.0,2.703375,0.372375,0.000322176435
210.0,2.70375,0.37225,0.000322176435
210.0,2.704,0.372,0.000322176435
210.0,2.704125,0.372125,0.000322176435
210.0,2.704375,0.371875,0.000322176435
210.0,2.704125,0.37175,0.000322176435
210.0,2.70475,0.37175,0.000322176435
210.0,2.70475,0.372125,0.000322176435
210.0,2.7045,0.371875,0.000322176435
210.0,2.703625,0.371875,0.000322176435
210.0,2.703125,0.371875,0.000322176435
210.0,2.7035,0.372,0.000322176435
210.0,2.703875,0.372125,0.000322176435
210.0,2.704,0.372125,0.000322176435
210.0,2.70375,0.372125,0.000322176435
210.0,2.70375,0.372125,0.000322176435
210.0,2.703625,0.372125,0.000322176435
210.0,2.703875,0.37225,0.000322176435
210.0,2.703875,0.372375,0.000322176435
210.0,2.703875,0.372,0.000322176435
210.0,2.704125,0.371875,0.000322176435
210.0,2.704375,0.37175,0.000322176435
210.0,2.705,0.37175,0.000322176435
210.0,2.705375,0.371875,0.000322176435
210.0,2.70525,0.371625,0.000322176435
210.0,2.70475,0.371625,0.000322176435
210.0,2.703875,0.371875,0.000322176435
210.0,2.7035,0.37175,0.000322176435
210.0,2.703625,0.371875,0.000322176435
210.0,2.703625,0.372125,0.000322176435
210.0,2.70375,0.372,0.000322176435
210.0,2.70375,0.372,0.000322176435
210.0,2.7035,0.372,0.000322176435
210.0,2.70375,0.372125,0.000322176435
210.0,2.704625,0.37225,0.000322176435
210.0,2.7045,0.372125,0.000322176435
210.0,2.704375,0.372125,0.000322176435
210.0,2.704625,0.37175,0.000322176435
210.0,2.7045,0.37175,0.000322176435
210.0,2.7045,0.37175,0.000322176435
210.0,2.704875,0.371875,0.000322176435
210.0,2.704625,0.371875,0.000322176435
210.0,2.70425,0.372,0.000322176435
210.0,2.703875,0.372,0.000322176435
210.0,2.703625,0.372,0.000322176435
210.0,2.70375,0.372125,0.000322176435
210.0,2.703875,0.37225,0.000322176435
210.0,2.703875,0.37225,0.000322176435
210.0,2.70375,0.372125,0.000322176435
210.0,2.703625,0.372125,0.000322176435
210.0,2.70425,0.372125,0.000322176435
210.0,2.704375,0.371875,0.000322176435
210.0,2.704375,0.37175,0.000322176435
210.0,2.704375,0.371875,0.000322176435
210.0,2.704375,0.371875,0.000322176435
210.0,2.70425,0.371625,0.000322176435
210.0,2.705,0.37175,0.000322176435
210.0,2.70525,0.37175,0.000322176435
210.0,2.70475,0.37175,0.000322176435
210.0,2.70425,0.37175,0.000322176435
210.0,2.7035,0.371875,0.000322176435
210.0,2.704,0.371875,0.000322176435
210.0,2.70425,0.372125,0.000322176435
210.0,2.704125,0.372125,0.000322176435
210.0,2.704125,0.372,0.000322176435
210.0,2.703375,0.37175,0.000322176435
210.0,2.703375,0.372,0.000322176435
210.0,2.704,0.372125,0.000322176435
210.0,2.703875,0.372125,0.000322176435
210.0,2.703875,0.372125,0.000322176435
210.0,2.704125,0.372125,0.000322176435
210.0,2.70425,0.372,0.000322176435
210.0,2.70425,0.37175,0.000322176435
210.0,2.704875,0.37175,0.000322176435
210.0,2.7055,0.371625,0.000322176435
210.0,2.705,0.371875,0.000322176435
210.0,2.70425,0.37175,0.000322176435
210.0,2.703875,0.37175,0.000322176435
210.0,2.70375,0.372,0.000322176435
210.0,2.704,0.37225,0.000322176435
210.0,2.704,0.37225,0.000322176435
210.0,2.70375,0.372125,0.000322176435
210.0,2.703125,0.37225,0.000322176435
210.0,2.703625,0.372375,0.000322176435
210.0,2.7045,0.3725,0.000322176435
210.0,2.703875,0.37225,0.000322176435
210.0,2.704,0.372,0.000322176435
210.0,2.704625,0.371875,0.000322176435
210.0,2.7045,0.371875,0.000322176435
210.0,2.704625,0.37175,0.000322176435
210.0,2.705,0.371875,0.000322176435
210.0,2.70525,0.371875,0.000322176435
210.0,2.704625,0.371625,0.000322176435
210.0,2.704125,0.371875,0.000322176435
210.0,2.703875,0.372,0.000322176435
211.0,2.751,0.406875,0.000322102656
211.0,2.751,0.40675,0.000322102656
211.0,2.750625,0.406625,0.000322102656
211.0,2.750375,0.406625,0.000322102656
211.0,2.750625,0.406875,0.000322102656
211.0,2.750875,0.407,0.000322102656
211.0,2.750875,0.406625,0.000322102656
211.0,2.75125,0.40675,0.000322102656
211.0,2.75125,0.40675,0.000322102656
211.0,2.751125,0.406625,0.000322102656
211.0,2.751625,0.406625,0.000322102656
211.0,2.752125,0.406625,0.000322102656
211.0,2.751875,0.4065,0.000322102656
211.0,2.751625,0.4065,0.000322102656
211.0,2.750875,0.4065,0.000322102656
211.0,2.7505,0.406375,0.000322102656
211.0,2.75075,0.40675,0.000322102656
211.0,2.750625,0.406875,0.000322102656
211.0,2.750375,0.40675,0.000322102656
211.0,2.750625,0.406875,0.000322102656
211.0,2.751125,0.407125,0.000322102656
211.0,2.751375,0.406875,0.000322102656
211.0,2.7515,0.406625,0.000322102656
211.0,2.751375,0.406625,0.000322102656
211.0,2.751375,0.406625,0.000322102656
211.0,2.751375,0.4065,0.000322102656
211.0,2.751375,0.4065,0.000322102656
211.0,2.75175,0.4065,0.000322102656
211.0,2.752125,0.4065,0.000322102656
211.0,2.75175,0.406375,0.000322102656
211.0,2.75125,0.406625,0.000322102656
211.0,2.7505,0.40675,0.000322102656
211.0,2.750625,0.40675,0.000322102656
211.0,2.750875,0.40675,0.000322102656
211.0,2.75125,0.40675,0.000322102656
211.0,2.75075,0.40675,0.000322102656
211.0,2.750625,0.406875,0.000322102656
211.0,2.75125,0.40675,0.000322102656
211.0,2.751125,0.406875,0.000322102656
211.0,2.750875,0.4065,0.000322102656
211.0,2.75125,0.406625,0.000322102656
211.0,2.75125,0.406625,0.000322102656
211.0,2.75125,0.406625,0.000322102656
211.0,2.751625,0.40675,0.000322102656
211.0,2.752375,0.406625,0.000322102656
211.0,2.75225,0.406375,0.000322102656
211.0,2.752,0.4065,0.000322102656
211.0,2.751375,0.406375,0.000322102656
211.0,2.75075,0.406625,0.000322102656
211.0,2.75075,0.40675,0.000322102656
211.0,2.750875,0.40675,0.000322102656
211.0,2.751,0.406875,0.000322102656
211.0,2.750375,0.406875,0.000322102656
211.0,2.750625,0.407125,0.000322102656
211.0,2.751375,0.407,0.000322102656
211.0,2.751125,0.40675,0.000322102656
211.0,2.75125,0.406625,0.000322102656
211.0,2.75125,0.406625,0.000322102656
211.0,2.751625,0.406625,0.000322102656
211.0,2.75125,0.406625,0.000322102656
211.0,2.7515,0.406625,0.000322102656
211.0,2.752,0.4065,0.000322102656
211.0,2.752,0.406375,0.000322102656
211.0,2.751625,0.4065,0.000322102656
211.0,2.75075,0.4065,0.000322102656
211.0,2.750625,0.40675,0.000322102656
211.0,2.7505,0.406875,0.000322102656
211.0,2.750875,0.40675,0.000322102656
211.0,2.75025,0.406875,0.000322102656
211.0,2.75025,0.406875,0.000322102656
211.0,2.750875,0.407,0.000322102656
211.0,2.751125,0.407,0.000322102656
211.0,2.75075,0.407,0.000322102656
211.0,2.75075,0.407,0.000322102656
211.0,2.751,0.40675,0.000322102656
211.0,2.7515,0.406625,0.000322102656
211.0,2.751375,0.4065,0.000322102656
211.0,2.751625,0.406625,0.000322102656
211.0,2.752125,0.40675,0.000322102656
211.0,2.752125,0.406625,0.000322102656
211.0,2.7515,0.40675,0.000322102656
211.0,2.75075,0.406875,0.000322102656
211.0,2.75075,0.406875,0.000322102656
211.0,2.75125,0.40675,0.000322102656
211.0,2.751125,0.40675,0.000322102656
211.0,2.75025,0.406875,0.000322102656
211.0,2.75025,0.406875,0.000322102656
211.0,2.751,0.407,0.000322102656
211.0,2.75075,0.407,0.000322102656
211.0,2.75075,0.407,0.000322102656
211.0,2.75075,0.407,0.000322102656
211.0,2.750875,0.406625,0.000322102656
211.0,2.751,0.40675,0.000322102656
211.0,2.751,0.406625,0.000322102656
211.0,2.75175,0.40675,0.000322102656
211.0,2.751875,0.406625,0.000322102656
211.0,2.7515,0.40675,0.000322102656
211.0,2.750875,0.406625,0.000322102656
211.0,2.750625,0.40675,0.000322102656
211.0,2.7505,0.406875,0.000322102656
211.0,2.7505,0.407,0.000322102656
211.0,2.750625,0.406875,0.000322102656
211.0,2.75025,0.40675,0.000322102656
211.0,2.75075,0.407125,0.000322102656
211.0,2.751125,0.40725,0.000322102656
211.0,2.751125,0.40725,0.000322102656
211.0,2.751125,0.407,0.000322102656
211.0,2.751375,0.40675,0.000322102656
211.0,2.751125,0.4065,0.000322102656
211.0,2.750625,0.4065,0.000322102656
211.0,2.751125,0.406625,0.000322102656
211.0,2.751875,0.4065,0.000322102656
211.0,2.7515,0.406375,0.000322102656
211.0,2.751125,0.406625,0.000322102656
211.0,2.75025,0.406625,0.000322102656
211.0,2.7505,0.4065,0.000322102656
211.0,2.750875,0.40675,0.000322102656
211.0,2.751,0.407,0.000322102656
211.0,2.750875,0.406875,0.000322102656
211.0,2.7505,0.406875,0.000322102656
211.0,2.750875,0.406875,0.000322102656
211.0,2.75125,0.406875,0.000322102656
211.0,2.75125,0.407,0.000322102656
211.0,2.751,0.407,0.000322102656
211.0,2.751375,0.40675,0.000322102656
211.0,2.751375,0.406625,0.000322102656
211.0,2.751125,0.406625,0.000322102656
211.0,2.751375,0.4065,0.000322102656
211.0,2.752,0.406625,0.000322102656
211.0,2.751625,0.40625,0.000322102656
211.0,2.751125,0.406625,0.000322102656
211.0,2.750625,0.40675,0.000322102656
211.0,2.751,0.406875,0.000322102656
211.0,2.751125,0.406875,0.000322102656
211.0,2.751,0.407,0.000322102656
211.0,2.750375,0.406875,0.000322102656
211.0,2.750125,0.40675,0.000322102656
211.0,2.751,0.407125,0.000322102656
211.0,2.751,0.407125,0.000322102656
211.0,2.751125,0.40675,0.000322102656
211.0,2.751125,0.40675,0.000322102656
211.0,2.7515,0.40675,0.000322102656
211.0,2.75125,0.40675,0.000322102656
211.0,2.75125,0.4065,0.000322102656
211.0,2.751875,0.4065,0.000322102656
211.0,2.751875,0.406375,0.000322102656
211.0,2.751625,0.4065,0.000322102656
211.0,2.750625,0.406625,0.000322102656
211.0,2.75,0.40675,0.000322102656
211.0,2.75025,0.40675,0.000322102656
211.0,2.75025,0.406875,0.000322102656
211.0,2.750375,0.407,0.000322102656
211.0,2.75,0.406875,0.000322102656
211.0,2.750625,0.407,0.000322102656
211.0,2.750625,0.407,0.000322102656
211.0,2.751375,0.40725,0.000322102656
211.0,2.75125,0.407,0.000322102656
211.0,2.751,0.40675,0.000322102656
211.0,2.751375,0.406875,0.000322102656
211.0,2.7515,0.40675,0.000322102656
211.0,2.75175,0.406625,0.000322102656
211.0,2.752375,0.4065,0.000322102656
211.0,2.75225,0.4065,0.000322102656
211.0,2.751375,0.4065,0.000322102656
211.0,2.750375,0.40675,0.000322102656
211.0,2.750375,0.407,0.000322102656
211.0,2.75075,0.407125,0.000322102656
211.0,2.750875,0.407,0.000322102656
211.0,2.751,0.406875,0.000322102656
212.0,2.797625,0.442625,0.000322128064
212.0,2.797875,0.44275,0.000322128064
212.0,2.797625,0.442625,0.000322128064
212.0,2.796875,0.44275,0.000322128064
212.0,2.796,0.442875,0.000322128064
212.0,2.79625,0.443125,0.000322128064
212.0,2.7965,0.44325,0.000322128064
212.0,2.79625,0.44325,0.000322128064
212.0,2.79625,0.44325,0.000322128064
212.0,2.796,0.443,0.000322128064
212.0,2.796,0.443125,0.000322128064
212.0,2.796875,0.443125,0.000322128064
212.0,2.79675,0.442875,0.000322128064
212.0,2.796625,0.44275,0.000322128064
212.0,2.79675,0.44275,0.000322128064
212.0,2.797,0.442875,0.000322128064
212.0,2.79725,0.442875,0.000322128064
212.0,2.797875,0.44275,0.000322128064
212.0,2.797875,0.44275,0.000322128064
212.0,2.797375,0.44275,0.000322128064
212.0,2.797,0.443125,0.000322128064
212.0,2.796625,0.443,0.000322128064
212.0,2.797,0.44325,0.000322128064
212.0,2.796625,0.44325,0.000322128064
212.0,2.796625,0.44325,0.000322128064
212.0,2.79625,0.443375,0.000322128064
212.0,2.79625,0.443,0.000322128064
212.0,2.796375,0.443125,0.000322128064
212.0,2.79675,0.44325,0.000322128064
212.0,2.797,0.443375,0.000322128064
212.0,2.797,0.443,0.000322128064
212.0,2.796875,0.442875,0.000322128064
212.0,2.797,0.443,0.000322128064
212.0,2.797125,0.442875,0.000322128064
212.0,2.797875,0.442875,0.000322128064
212.0,2.79825,0.44275,0.000322128064
212.0,2.797625,0.442875,0.000322128064
212.0,2.79675,0.443,0.000322128064
212.0,2.7965,0.443125,0.000322128064
212.0,2.797,0.44325,0.000322128064
212.0,2.797,0.44325,0.000322128064
212.0,2.796875,0.443125,0.000322128064
212.0,2.796375,0.44325,0.000322128064
212.0,2.796375,0.443125,0.000322128064
212.0,2.796625,0.44325,0.000322128064
212.0,2.796875,0.44325,0.000322128064
212.0,2.796875,0.443,0.000322128064
212.0,2.797,0.442875,0.000322128064
212.0,2.79725,0.443,0.000322128064
212.0,2.79725,0.442875,0.000322128064
212.0,2.79775,0.443,0.000322128064
212.0,2.798,0.44275,0.000322128064
212.0,2.79775,0.44275,0.000322128064
212.0,2.797125,0.443,0.000322128064
212.0,2.79625,0.44325,0.000322128064
212.0,2.796125,0.443,0.000322128064
212.0,2.79625,0.443125,0.000322128064
212.0,2.79625,0.443125,0.000322128064
212.0,2.7965,0.443,0.000322128064
212.0,2.796125,0.442875,0.000322128064
212.0,2.7965,0.443125,0.000322128064
212.0,2.797375,0.443125,0.000322128064
212.0,2.797125,0.443,0.000322128064
212.0,2.79675,0.443,0.000322128064
212.0,2.79725,0.443,0.000322128064
212.0,2.7975,0.442875,0.000322128064
212.0,2.79725,0.442875,0.000322128064
212.0,2.79775,0.442875,0.000322128064
212.0,2.79775,0.44275,0.000322128064
212.0,2.797125,0.4425,0.000322128064
212.0,2.796625,0.442875,0.000322128064
212.0,2.796625,0.443125,0.000322128064
212.0,2.7965,0.443125,0.000322128064
212.0,2.7965,0.443125,0.000322128064
212.0,2.7965,0.443125,0.000322128064
212.0,2.7965,0.442875,0.000322128064
212.0,2.796625,0.443,0.000322128064
212.0,2.796875,0.44325,0.000322128064
212.0,2.796875,0.44325,0.000322128064
212.0,2.79675,0.442875,0.000322128064
212.0,2.796875,0.44275,0.000322128064
212.0,2.79725,0.442875,0.000322128064
212.0,2.797,0.44275,0.000322128064
212.0,2.797375,0.442875,0.000322128064
212.0,2.797875,0.442875,0.000322128064
212.0,2.798125,0.44275,0.000322128064
212.0,2.797375,0.442625,0.000322128064
212.0,2.796625,0.442875,0.000322128064
212.0,2.79675,0.443125,0.000322128064
212.0,2.79675,0.443125,0.000322128064
212.0,2.796875,0.443,0.000322128064
212.0,2.797,0.443,0.000322128064
212.0,2.796375,0.443,0.000322128064
212.0,2.79575,0.443125,0.000322128064
212.0,2.79625,0.443125,0.000322128064
212.0,2.797,0.443,0.000322128064
212.0,2.79675,0.442875,0.000322128064
212.0,2.796875,0.442875,0.000322128064
212.0,2.797,0.442875,0.000322128064
212.0,2.79725,0.44275,0.000322128064
212.0,2.7975,0.44275,0.000322128064
212.0,2.798,0.442625,0.000322128064
212.0,2.79775,0.44275,0.000322128064
212.0,2.796625,0.442875,0.000322128064
212.0,2.796375,0.443125,0.000322128064
212.0,2.796375,0.443125,0.000322128064
212.0,2.796625,0.44325,0.000322128064
212.0,2.797,0.443,0.000322128064
212.0,2.796875,0.443125,0.000322128064
212.0,2.796375,0.443,0.000322128064
212.0,2.796125,0.443125,0.000322128064
212.0,2.796875,0.442875,0.000322128064
212.0,2.797,0.443125,0.000322128064
212.0,2.797,0.44325,0.000322128064
212.0,2.797125,0.443125,0.000322128064
212.0,2.797375,0.44275,0.000322128064
212.0,2.797875,0.442875,0.000322128064
212.0,2.79825,0.442875,0.000322128064
212.0,2.797875,0.44275,0.000322128064
212.0,2.796875,0.44275,0.000322128064
212.0,2.7965,0.443,0.000322128064
212.0,2.7965,0.443,0.000322128064
212.0,2.79675,0.443,0.000322128064
212.0,2.79675,0.443125,0.000322128064
212.0,2.797125,0.443125,0.000322128064
212.0,2.797,0.443125,0.000322128064
212.0,2.796625,0.443,0.000322128064
212.0,2.7965,0.443125,0.000322128064
212.0,2.796875,0.44325,0.000322128064
212.0,2.79675,0.443,0.000322128064
212.0,2.79725,0.442875,0.000322128064
212.0,2.797625,0.44275,0.000322128064
212.0,2.79725,0.442625,0.000322128064
212.0,2.7975,0.44275,0.000322128064
212.0,2.79825,0.442625,0.000322128064
212.0,2.7985,0.442625,0.000322128064
212.0,2.797375,0.44275,0.000322128064
212.0,2.796375,0.442875,0.000322128064
212.0,2.796375,0.442875,0.000322128064
212.0,2.79625,0.442875,0.000322128064
212.0,2.7965,0.443,0.000322128064
212.0,2.79675,0.443,0.000322128064
212.0,2.796625,0.442875,0.000322128064
212.0,2.79625,0.443,0.000322128064
212.0,2.797125,0.44325,0.000322128064
212.0,2.79775,0.443375,0.000322128064
212.0,2.797125,0.443,0.000322128064
212.0,2.797125,0.442875,0.000322128064
212.0,2.7975,0.44275,0.000322128064
212.0,2.79775,0.442625,0.000322128064
212.0,2.797875,0.442875,0.000322128064
212.0,2.798125,0.442625,0.000322128064
212.0,2.79775,0.44275,0.000322128064
212.0,2.796875,0.44275,0.000322128064
212.0,2.796875,0.44275,0.000322128064
212.0,2.796375,0.443,0.000322128064
212.0,2.796875,0.443125,0.000322128064
212.0,2.79725,0.443,0.000322128064
212.0,2.79725,0.443125,0.000322128064
212.0,2.796625,0.442875,0.000322128064
212.0,2.79625,0.443,0.000322128064
212.0,2.797125,0.443375,0.000322128064
212.0,2.7975,0.4435,0.000322128064
212.0,2.797375,0.44325,0.000322128064
212.0,2.797625,0.442875,0.000322128064
212.0,2.7975,0.442875,0.000322128064
212.0,2.7975,0.44275,0.000322128064
212.0,2.797875,0.442625,0.000322128064
212.0,2.79825,0.44275,0.000322128064
213.0,2.840125,0.48025,0.000321997504
213.0,2.840625,0.4805,0.000321997504
213.0,2.84125,0.4805,0.000321997504
213.0,2.841375,0.480375,0.000321997504
213.0,2.841,0.48025,0.000321997504
213.0,2.84125,0.480125,0.000321997504
213.0,2.84125,0.48025,0.000321997504
213.0,2.841875,0.48025,0.000321997504
213.0,2.841875,0.48025,0.000321997504
213.0,2.84225,0.480125,0.000321997504
213.0,2.842,0.48025,0.000321997504
213.0,2.841375,0.480375,0.000321997504
213.0,2.840625,0.480375,0.000321997504
213.0,2.840625,0.480375,0.000321997504
213.0,2.8405,0.480125,0.000321997504
213.0,2.84075,0.4805,0.000321997504
213.0,2.84025,0.480375,0.000321997504
213.0,2.839875,0.4805,0.000321997504
213.0,2.8405,0.4805,0.000321997504
213.0,2.840875,0.48075,0.000321997504
213.0,2.841,0.480375,0.000321997504
213.0,2.841,0.48025,0.000321997504
213.0,2.841375,0.48025,0.000321997504
213.0,2.8415,0.48,0.000321997504
213.0,2.8415,0.480125,0.000321997504
213.0,2.841875,0.480125,0.000321997504
213.0,2.842,0.48,0.000321997504
213.0,2.84125,0.480125,0.000321997504
213.0,2.840625,0.48025,0.000321997504
213.0,2.840375,0.480375,0.000321997504
213.0,2.84075,0.4805,0.000321997504
213.0,2.841125,0.4805,0.000321997504
213.0,2.840625,0.4805,0.000321997504
213.0,2.84025,0.4805,0.000321997504
213.0,2.8405,0.480625,0.000321997504
213.0,2.8415,0.48075,0.000321997504
213.0,2.8415,0.480625,0.000321997504
213.0,2.841125,0.480375,0.000321997504
213.0,2.841625,0.480375,0.000321997504
213.0,2.841625,0.480375,0.000321997504
213.0,2.8415,0.48025,0.000321997504
213.0,2.8415,0.48025,0.000321997504
213.0,2.842125,0.480125,0.000321997504
213.0,2.84225,0.480125,0.000321997504
213.0,2.841375,0.480125,0.000321997504
213.0,2.840625,0.48025,0.000321997504
213.0,2.8405,0.48025,0.000321997504
213.0,2.840875,0.480375,0.000321997504
213.0,2.841,0.4805,0.000321997504
213.0,2.8405,0.4805,0.000321997504
213.0,2.840125,0.480375,0.000321997504
213.0,2.840375,0.480375,0.000321997504
213.0,2.841,0.480625,0.000321997504
213.0,2.841,0.4805,0.000321997504
213.0,2.841125,0.48025,0.000321997504
213.0,2.841125,0.480125,0.000321997504
213.0,2.840875,0.480125,0.000321997504
213.0,2.840875,0.480125,0.000321997504
213.0,2.84175,0.48025,0.000321997504
213.0,2.842125,0.480125,0.000321997504
213.0,2.8415,0.48,0.000321997504
213.0,2.84075,0.48025,0.000321997504
213.0,2.840375,0.480375,0.000321997504
213.0,2.84075,0.4805,0.000321997504
213.0,2.840875,0.4805,0.000321997504
213.0,2.841,0.4805,0.000321997504
213.0,2.840625,0.480375,0.000321997504
213.0,2.840375,0.480625,0.000321997504
213.0,2.840875,0.480625,0.000321997504
213.0,2.8415,0.480625,0.000321997504
213.0,2.841,0.480625,0.000321997504
213.0,2.841,0.480375,0.000321997504
213.0,2.841125,0.480125,0.000321997504
213.0,2.841125,0.480125,0.000321997504
213.0,2.841125,0.480125,0.000321997504
213.0,2.84175,0.48025,0.000321997504
213.0,2.842125,0.480125,0.000321997504
213.0,2.841625,0.480375,0.000321997504
213.0,2.841125,0.480625,0.000321997504
213.0,2.8405,0.480625,0.000321997504
213.0,2.84075,0.4805,0.000321997504
213.0,2.841125,0.480625,0.000321997504
213.0,2.840875,0.4805,0.000321997504
213.0,2.840625,0.48025,0.000321997504
213.0,2.8405,0.4805,0.000321997504
213.0,2.84075,0.480625,0.000321997504
213.0,2.841,0.480625,0.000321997504
213.0,2.841125,0.4805,0.000321997504
213.0,2.84125,0.48025,0.000321997504
213.0,2.84125,0.48025,0.000321997504
213.0,2.84125,0.48025,0.000321997504
213.0,2.841625,0.480125,0.000321997504
213.0,2.841875,0.480125,0.000321997504
213.0,2.842125,0.48025,0.000321997504
213.0,2.8415,0.48025,0.000321997504
213.0,2.840375,0.480125,0.000321997504
213.0,2.84,0.48025,0.000321997504
213.0,2.84025,0.480375,0.000321997504
213.0,2.84075,0.480625,0.000321997504
213.0,2.840875,0.480375,0.000321997504
213.0,2.840375,0.48025,0.000321997504
213.0,2.840125,0.480625,0.000321997504
213.0,2.840875,0.480625,0.000321997504
213.0,2.84075,0.48075,0.000321997504
213.0,2.84125,0.48025,0.000321997504
213.0,2.84125,0.48025,0.000321997504
213.0,2.84125,0.480125,0.000321997504
213.0,2.841125,0.480125,0.000321997504
213.0,2.841625,0.480125,0.000321997504
213.0,2.84225,0.480125,0.000321997504
213.0,2.842,0.48,0.000321997504
213.0,2.84125,0.48,0.000321997504
213.0,2.840875,0.480125,0.000321997504
213.0,2.84075,0.480375,0.000321997504
213.0,2.840625,0.4805,0.000321997504
213.0,2.84075,0.480375,0.000321997504
213.0,2.840375,0.480375,0.000321997504
213.0,2.84,0.4805,0.000321997504
213.0,2.8405,0.48075,0.000321997504
213.0,2.841,0.480625,0.000321997504
213.0,2.840625,0.48025,0.000321997504
213.0,2.840625,0.480125,0.000321997504
213.0,2.84075,0.480125,0.000321997504
213.0,2.841125,0.48025,0.000321997504
213.0,2.840875,0.480125,0.000321997504
213.0,2.84125,0.480125,0.000321997504
213.0,2.841625,0.48025,0.000321997504
213.0,2.8415,0.480125,0.000321997504
213.0,2.840625,0.480375,0.000321997504
213.0,2.84025,0.48025,0.000321997504
213.0,2.840375,0.48025,0.000321997504
213.0,2.840625,0.4805,0.000321997504
213.0,2.84075,0.4805,0.000321997504
213.0,2.84025,0.4805,0.000321997504
213.0,2.84,0.4805,0.000321997504
213.0,2.8405,0.48075,0.000321997504
213.0,2.841,0.480625,0.000321997504
213.0,2.841,0.4805,0.000321997504
213.0,2.841,0.4805,0.000321997504
213.0,2.84125,0.48025,0.000321997504
213.0,2.8415,0.48025,0.000321997504
213.0,2.841375,0.48025,0.000321997504
213.0,2.84175,0.48,0.000321997504
213.0,2.84175,0.48,0.000321997504
213.0,2.841125,0.480125,0.000321997504
213.0,2.840875,0.4805,0.000321997504
213.0,2.840375,0.48075,0.000321997504
213.0,2.840625,0.4805,0.000321997504
213.0,2.841125,0.4805,0.000321997504
213.0,2.840875,0.4805,0.000321997504
213.0,2.840375,0.4805,0.000321997504
213.0,2.84075,0.48075,0.000321997504
213.0,2.84125,0.480875,0.000321997504
213.0,2.840875,0.480875,0.000321997504
213.0,2.840875,0.480875,0.000321997504
213.0,2.840875,0.4805,0.000321997504
213.0,2.8415,0.480375,0.000321997504
213.0,2.841375,0.480125,0.000321997504
213.0,2.841375,0.48025,0.000321997504
213.0,2.841625,0.480125,0.000321997504
213.0,2.84175,0.48,0.000321997504
213.0,2.841125,0.480125,0.000321997504
213.0,2.84025,0.48025,0.000321997504
213.0,2.839875,0.48025,0.000321997504
213.0,2.840625,0.4805,0.000321997504
213.0,2.840875,0.4805,0.000321997504
213.0,2.8405,0.4805,0.000321997504
213.0,2.840375,0.4805,0.000321997504
213.0,2.84075,0.480625,0.000321997504
214.0,2.883875,0.5195,0.000321952102
214.0,2.883875,0.519375,0.000321952102
214.0,2.883875,0.519125,0.000321952102
214.0,2.883875,0.519125,0.000321952102
214.0,2.884125,0.518875,0.000321952102
214.0,2.885,0.519,0.000321952102
214.0,2.88525,0.519,0.000321952102
214.0,2.8845,0.519125,0.000321952102
214.0,2.8845,0.519125,0.000321952102
214.0,2.88375,0.51925,0.000321952102
214.0,2.883,0.519375,0.000321952102
214.0,2.883125,0.5195,0.000321952102
214.0,2.883625,0.51975,0.000321952102
214.0,2.883625,0.5195,0.000321952102
214.0,2.88325,0.51925,0.000321952102
214.0,2.883125,0.519375,0.000321952102
214.0,2.884,0.5195,0.000321952102
214.0,2.884,0.519625,0.000321952102
214.0,2.8835,0.519375,0.000321952102
214.0,2.883625,0.519125,0.000321952102
214.0,2.884,0.51925,0.000321952102
214.0,2.8845,0.51925,0.000321952102
214.0,2.88475,0.519125,0.000321952102
214.0,2.88425,0.51925,0.000321952102
214.0,2.88425,0.51925,0.000321952102
214.0,2.883875,0.51925,0.000321952102
214.0,2.88325,0.519375,0.000321952102
214.0,2.882875,0.5195,0.000321952102
214.0,2.883375,0.519375,0.000321952102
214.0,2.8835,0.519375,0.000321952102
214.0,2.8835,0.519375,0.000321952102
214.0,2.883125,0.5195,0.000321952102
214.0,2.883,0.5195,0.000321952102
214.0,2.883375,0.5195,0.000321952102
214.0,2.883625,0.519375,0.000321952102
214.0,2.883875,0.519375,0.000321952102
214.0,2.884125,0.51925,0.000321952102
214.0,2.88375,0.51925,0.000321952102
214.0,2.8845,0.519125,0.000321952102
214.0,2.885,0.51925,0.000321952102
214.0,2.885,0.519,0.000321952102
214.0,2.88475,0.519,0.000321952102
214.0,2.884,0.519125,0.000321952102
214.0,2.88325,0.519125,0.000321952102
214.0,2.883625,0.519375,0.000321952102
214.0,2.883625,0.5195,0.000321952102
214.0,2.88325,0.519375,0.000321952102
214.0,2.883,0.5195,0.000321952102
214.0,2.882875,0.5195,0.000321952102
214.0,2.8835,0.5195,0.000321952102
214.0,2.884,0.519375,0.000321952102
214.0,2.88375,0.5195,0.000321952102
214.0,2.884125,0.519375,0.000321952102
214.0,2.884,0.51925,0.000321952102
214.0,2.884125,0.51925,0.000321952102
214.0,2.88475,0.51925,0.000321952102
214.0,2.88475,0.51925,0.000321952102
214.0,2.88475,0.51925,0.000321952102
214.0,2.88425,0.519125,0.000321952102
214.0,2.88325,0.51925,0.000321952102
214.0,2.883125,0.519375,0.000321952102
214.0,2.883375,0.5195,0.000321952102
214.0,2.883625,0.5195,0.000321952102
214.0,2.88375,0.519375,0.000321952102
214.0,2.883125,0.519375,0.000321952102
214.0,2.883,0.51975,0.000321952102
214.0,2.883375,0.519875,0.000321952102
214.0,2.88325,0.519625,0.000321952102
214.0,2.8835,0.519375,0.000321952102
214.0,2.883625,0.5195,0.000321952102
214.0,2.883625,0.519375,0.000321952102
214.0,2.883875,0.51925,0.000321952102
214.0,2.8845,0.519375,0.000321952102
214.0,2.8845,0.519375,0.000321952102
214.0,2.8845,0.519,0.000321952102
214.0,2.884375,0.51875,0.000321952102
214.0,2.88375,0.519375,0.000321952102
214.0,2.883125,0.5195,0.000321952102
214.0,2.8835,0.5195,0.000321952102
214.0,2.883625,0.5195,0.000321952102
214.0,2.883375,0.519625,0.000321952102
214.0,2.882625,0.5195,0.000321952102
214.0,2.88325,0.519625,0.000321952102
214.0,2.883875,0.5195,0.000321952102
214.0,2.88375,0.519375,0.000321952102
214.0,2.884,0.519125,0.000321952102
214.0,2.88425,0.519,0.000321952102
214.0,2.884375,0.51925,0.000321952102
214.0,2.8845,0.519125,0.000321952102
214.0,2.8845,0.519125,0.000321952102
214.0,2.885,0.51925,0.000321952102
214.0,2.88475,0.51925,0.000321952102
214.0,2.88425,0.519375,0.000321952102
214.0,2.883375,0.519125,0.000321952102
214.0,2.883125,0.51925,0.000321952102
214.0,2.8835,0.519375,0.000321952102
214.0,2.883625,0.5195,0.000321952102
214.0,2.883375,0.519375,0.000321952102
214.0,2.883,0.519375,0.000321952102
214.0,2.883375,0.51975,0.000321952102
214.0,2.88375,0.519625,0.000321952102
214.0,2.88375,0.5195,0.000321952102
214.0,2.883875,0.519375,0.000321952102
214.0,2.884,0.51925,0.000321952102
214.0,2.88425,0.519,0.000321952102
214.0,2.88425,0.519,0.000321952102
214.0,2.884625,0.519125,0.000321952102
214.0,2.88475,0.519125,0.000321952102
214.0,2.884375,0.51925,0.000321952102
214.0,2.8835,0.51925,0.000321952102
214.0,2.88275,0.519375,0.000321952102
214.0,2.883125,0.51925,0.000321952102
214.0,2.88375,0.5195,0.000321952102
214.0,2.884,0.51975,0.000321952102
214.0,2.8835,0.519625,0.000321952102
214.0,2.883625,0.51975,0.000321952102
214.0,2.88375,0.519625,0.000321952102
214.0,2.883625,0.5195,0.000321952102
214.0,2.883375,0.519375,0.000321952102
214.0,2.884,0.519375,0.000321952102
214.0,2.884125,0.51925,0.000321952102
214.0,2.884125,0.51925,0.000321952102
214.0,2.884125,0.51925,0.000321952102
214.0,2.884875,0.51925,0.000321952102
214.0,2.884875,0.51925,0.000321952102
214.0,2.884625,0.519125,0.000321952102
214.0,2.883875,0.519375,0.000321952102
214.0,2.883375,0.519375,0.000321952102
214.0,2.88375,0.51925,0.000321952102
214.0,2.88375,0.5195,0.000321952102
214.0,2.883375,0.519375,0.000321952102
214.0,2.88275,0.5195,0.000321952102
214.0,2.882875,0.5195,0.000321952102
214.0,2.88375,0.519625,0.000321952102
214.0,2.883875,0.5195,0.000321952102
214.0,2.88425,0.519375,0.000321952102
214.0,2.884375,0.51925,0.000321952102
214.0,2.884125,0.51925,0.000321952102
214.0,2.884125,0.51925,0.000321952102
214.0,2.8845,0.519375,0.000321952102
214.0,2.885,0.51925,0.000321952102
214.0,2.884625,0.51925,0.000321952102
214.0,2.884,0.519125,0.000321952102
214.0,2.88325,0.51925,0.000321952102
214.0,2.883,0.5195,0.000321952102
214.0,2.8835,0.519375,0.000321952102
214.0,2.8835,0.51975,0.000321952102
214.0,2.883125,0.519625,0.000321952102
214.0,2.882875,0.5195,0.000321952102
214.0,2.88375,0.52,0.000321952102
214.0,2.88425,0.519625,0.000321952102
214.0,2.884,0.519375,0.000321952102
214.0,2.884,0.51925,0.000321952102
214.0,2.8845,0.519125,0.000321952102
214.0,2.8845,0.519125,0.000321952102
214.0,2.884375,0.519125,0.000321952102
214.0,2.884375,0.51925,0.000321952102
214.0,2.884625,0.51925,0.000321952102
214.0,2.8845,0.519125,0.000321952102
214.0,2.88375,0.519375,0.000321952102
214.0,2.883375,0.519625,0.000321952102
214.0,2.8835,0.5195,0.000321952102
214.0,2.88375,0.5195,0.000321952102
214.0,2.883625,0.519625,0.000321952102
214.0,2.883,0.519625,0.000321952102
214.0,2.883125,0.5195,0.000321952102
214.0,2.88375,0.519625,0.000321952102
214.0,2.883625,0.519625,0.000321952102
214.0,2.88375,0.5195,0.000321952102
215.0,2.926625,0.5595,0.000322018954
215.0,2.926375,0.5595,0.000322018954
215.0,2.926375,0.5595,0.000322018954
215.0,2.927,0.559625,0.000322018954
215.0,2.9275,0.559625,0.000322018954
215.0,2.92675,0.5595,0.000322018954
215.0,2.925875,0.559625,0.000322018954
215.0,2.925875,0.55975,0.000322018954
215.0,2.925875,0.55975,0.000322018954
215.0,2.926125,0.55975,0.000322018954
215.0,2.926375,0.55975,0.000322018954
215.0,2.926,0.559875,0.000322018954
215.0,2.925625,0.559875,0.000322018954
215.0,2.925875,0.56,0.000322018954
215.0,2.92625,0.56,0.000322018954
215.0,2.92625,0.56,0.000322018954
215.0,2.926125,0.559875,0.000322018954
215.0,2.92625,0.55975,0.000322018954
215.0,2.9265,0.559625,0.000322018954
215.0,2.9265,0.5595,0.000322018954
215.0,2.927125,0.559625,0.000322018954
215.0,2.927,0.559375,0.000322018954
215.0,2.926125,0.5595,0.000322018954
215.0,2.9255,0.55975,0.000322018954
215.0,2.9255,0.55975,0.000322018954
215.0,2.92575,0.559875,0.000322018954
215.0,2.926,0.559875,0.000322018954
215.0,2.925875,0.559875,0.000322018954
215.0,2.92525,0.559875,0.000322018954
215.0,2.924875,0.56,0.000322018954
215.0,2.925375,0.560125,0.000322018954
215.0,2.926,0.559875,0.000322018954
215.0,2.926125,0.559875,0.000322018954
215.0,2.9265,0.55975,0.000322018954
215.0,2.92675,0.5595,0.000322018954
215.0,2.92675,0.559625,0.000322018954
215.0,2.926875,0.559625,0.000322018954
215.0,2.927,0.5595,0.000322018954
215.0,2.926625,0.559375,0.000322018954
215.0,2.925875,0.559625,0.000322018954
215.0,2.925875,0.55975,0.000322018954
215.0,2.925,0.55975,0.000322018954
215.0,2.925375,0.55975,0.000322018954
215.0,2.925875,0.559875,0.000322018954
215.0,2.92625,0.559875,0.000322018954
215.0,2.925875,0.559875,0.000322018954
215.0,2.92575,0.55975,0.000322018954
215.0,2.9265,0.559875,0.000322018954
215.0,2.926375,0.56,0.000322018954
215.0,2.926375,0.559625,0.000322018954
215.0,2.926875,0.559625,0.000322018954
215.0,2.9265,0.559625,0.000322018954
215.0,2.926625,0.5595,0.000322018954
215.0,2.927125,0.5595,0.000322018954
215.0,2.927625,0.5595,0.000322018954
215.0,2.926625,0.559625,0.000322018954
215.0,2.925625,0.559875,0.000322018954
215.0,2.925625,0.559875,0.000322018954
215.0,2.925625,0.55975,0.000322018954
215.0,2.92575,0.55975,0.000322018954
215.0,2.925875,0.56,0.000322018954
215.0,2.926125,0.56,0.000322018954
215.0,2.92575,0.56,0.000322018954
215.0,2.925875,0.56,0.000322018954
215.0,2.926375,0.560125,0.000322018954
215.0,2.926375,0.560125,0.000322018954
215.0,2.92625,0.559875,0.000322018954
215.0,2.926625,0.5595,0.000322018954
215.0,2.926625,0.5595,0.000322018954
215.0,2.926625,0.559625,0.000322018954
215.0,2.927,0.559625,0.000322018954
215.0,2.927125,0.5595,0.000322018954
215.0,2.9265,0.559625,0.000322018954
215.0,2.9265,0.559625,0.000322018954
215.0,2.925625,0.559625,0.000322018954
215.0,2.925625,0.559625,0.000322018954
215.0,2.925875,0.559875,0.000322018954
215.0,2.92625,0.559875,0.000322018954
215.0,2.926,0.55975,0.000322018954
215.0,2.9255,0.559875,0.000322018954
215.0,2.926125,0.56,0.000322018954
215.0,2.926625,0.56025,0.000322018954
215.0,2.926125,0.559875,0.000322018954
215.0,2.92625,0.559625,0.000322018954
215.0,2.926875,0.55975,0.000322018954
215.0,2.92675,0.55975,0.000322018954
215.0,2.927,0.55975,0.000322018954
215.0,2.927375,0.5595,0.000322018954
215.0,2.927,0.559375,0.000322018954
215.0,2.927,0.559375,0.000322018954
215.0,2.926625,0.559625,0.000322018954
215.0,2.925875,0.55975,0.000322018954
215.0,2.926125,0.559875,0.000322018954
215.0,2.926625,0.56,0.000322018954
215.0,2.9265,0.56,0.000322018954
215.0,2.925875,0.55975,0.000322018954
215.0,2.925625,0.559875,0.000322018954
215.0,2.9265,0.56,0.000322018954
215.0,2.9265,0.56,0.000322018954
215.0,2.92625,0.55975,0.000322018954
215.0,2.9265,0.559375,0.000322018954
215.0,2.9265,0.55925,0.000322018954
215.0,2.926375,0.559375,0.000322018954
215.0,2.92675,0.5595,0.000322018954
215.0,2.92725,0.559375,0.000322018954
215.0,2.92725,0.559375,0.000322018954
215.0,2.926875,0.559625,0.000322018954
215.0,2.926125,0.559875,0.000322018954
215.0,2.92525,0.55975,0.000322018954
215.0,2.92575,0.559625,0.000322018954
215.0,2.9265,0.55975,0.000322018954
215.0,2.926125,0.559625,0.000322018954
215.0,2.92525,0.55975,0.000322018954
215.0,2.9255,0.56,0.000322018954
215.0,2.92625,0.56,0.000322018954
215.0,2.925875,0.560125,0.000322018954
215.0,2.92625,0.56,0.000322018954
215.0,2.926625,0.55975,0.000322018954
215.0,2.9265,0.559625,0.000322018954
215.0,2.926875,0.559625,0.000322018954
215.0,2.9275,0.5595,0.000322018954
215.0,2.9275,0.5595,0.000322018954
215.0,2.927625,0.5595,0.000322018954
215.0,2.926625,0.5595,0.000322018954
215.0,2.926125,0.55975,0.000322018954
215.0,2.92575,0.559625,0.000322018954
215.0,2.92575,0.55975,0.000322018954
215.0,2.925625,0.559875,0.000322018954
215.0,2.925125,0.55975,0.000322018954
215.0,2.925,0.55975,0.000322018954
215.0,2.925875,0.56,0.000322018954
215.0,2.926375,0.560125,0.000322018954
215.0,2.926125,0.55975,0.000322018954
215.0,2.9265,0.5595,0.000322018954
215.0,2.92675,0.5595,0.000322018954
215.0,2.926625,0.559625,0.000322018954
215.0,2.926875,0.559625,0.000322018954
215.0,2.926875,0.55975,0.000322018954
215.0,2.926875,0.55975,0.000322018954
215.0,2.926875,0.559625,0.000322018954
215.0,2.92625,0.55975,0.000322018954
215.0,2.925625,0.559875,0.000322018954
215.0,2.9255,0.559875,0.000322018954
215.0,2.925625,0.559875,0.000322018954
215.0,2.92575,0.55975,0.000322018954
215.0,2.925875,0.55975,0.000322018954
215.0,2.92575,0.559875,0.000322018954
215.0,2.92575,0.56,0.000322018954
215.0,2.926125,0.56,0.000322018954
215.0,2.926125,0.55975,0.000322018954
215.0,2.92625,0.55975,0.000322018954
215.0,2.926,0.5595,0.000322018954
215.0,2.926375,0.559625,0.000322018954
215.0,2.927375,0.559625,0.000322018954
215.0,2.927375,0.559625,0.000322018954
215.0,2.9275,0.559625,0.000322018954
215.0,2.927125,0.559625,0.000322018954
215.0,2.92625,0.559625,0.000322018954
215.0,2.925625,0.55975,0.000322018954
215.0,2.925875,0.55975,0.000322018954
215.0,2.9265,0.55975,0.000322018954
215.0,2.926125,0.559875,0.000322018954
215.0,2.9255,0.559875,0.000322018954
215.0,2.925625,0.559875,0.000322018954
215.0,2.926125,0.56,0.000322018954
215.0,2.92625,0.560125,0.000322018954
215.0,2.9265,0.55975,0.000322018954
215.0,2.926875,0.559625,0.000322018954
215.0,2.927,0.5595,0.000322018954
216.0,2.966125,0.600625,0.000322128006
216.0,2.966375,0.6005,0.000322128006
216.0,2.966,0.6005,0.000322128006
216.0,2.9655,0.600875,0.000322128006
216.0,2.964625,0.600875,0.000322128006
216.0,2.964625,0.600875,0.000322128006
216.0,2.96475,0.600875,0.000322128006
216.0,2.964875,0.600875,0.000322128006
216.0,2.964875,0.600875,0.000322128006
216.0,2.964875,0.60075,0.000322128006
216.0,2.964625,0.601,0.000322128006
216.0,2.9655,0.601,0.000322128006
216.0,2.965875,0.601,0.000322128006
216.0,2.965375,0.600875,0.000322128006
216.0,2.96525,0.6005,0.000322128006
216.0,2.9655,0.6005,0.000322128006
216.0,2.965875,0.6005,0.000322128006
216.0,2.96625,0.6005,0.000322128006
216.0,2.96675,0.60025,0.000322128006
216.0,2.966625,0.600125,0.000322128006
216.0,2.96575,0.600625,0.000322128006
216.0,2.9655,0.600875,0.000322128006
216.0,2.965625,0.60075,0.000322128006
216.0,2.965625,0.601,0.000322128006
216.0,2.965625,0.601,0.000322128006
216.0,2.9655,0.600875,0.000322128006
216.0,2.96525,0.600875,0.000322128006
216.0,2.96525,0.601125,0.000322128006
216.0,2.965375,0.601125,0.000322128006
216.0,2.965375,0.60125,0.000322128006
216.0,2.966,0.60075,0.000322128006
216.0,2.966125,0.600625,0.000322128006
216.0,2.966,0.600625,0.000322128006
216.0,2.966125,0.600625,0.000322128006
216.0,2.9665,0.60075,0.000322128006
216.0,2.966875,0.600625,0.000322128006
216.0,2.966,0.600375,0.000322128006
216.0,2.965375,0.600625,0.000322128006
216.0,2.965,0.600875,0.000322128006
216.0,2.965375,0.600625,0.000322128006
216.0,2.96575,0.60075,0.000322128006
216.0,2.96575,0.60075,0.000322128006
216.0,2.965375,0.600875,0.000322128006
216.0,2.9645,0.600875,0.000322128006
216.0,2.96525,0.601,0.000322128006
216.0,2.966,0.601125,0.000322128006
216.0,2.965875,0.60075,0.000322128006
216.0,2.96525,0.600625,0.000322128006
216.0,2.965625,0.600625,0.000322128006
216.0,2.96575,0.600625,0.000322128006
216.0,2.965875,0.6005,0.000322128006
216.0,2.966375,0.600625,0.000322128006
216.0,2.96625,0.600625,0.000322128006
216.0,2.965875,0.6005,0.000322128006
216.0,2.965375,0.600875,0.000322128006
216.0,2.96525,0.600875,0.000322128006
216.0,2.965625,0.600875,0.000322128006
216.0,2.965625,0.600875,0.000322128006
216.0,2.96575,0.600875,0.000322128006
216.0,2.965,0.601,0.000322128006
216.0,2.964875,0.601,0.000322128006
216.0,2.965625,0.601,0.000322128006
216.0,2.966,0.600875,0.000322128006
216.0,2.9655,0.60075,0.000322128006
216.0,2.965625,0.6005,0.000322128006
216.0,2.966,0.600625,0.000322128006
216.0,2.966125,0.6005,0.000322128006
216.0,2.966375,0.600625,0.000322128006
216.0,2.966875,0.6005,0.000322128006
216.0,2.96625,0.60025,0.000322128006
216.0,2.966,0.600125,0.000322128006
216.0,2.965375,0.6005,0.000322128006
216.0,2.965125,0.600625,0.000322128006
216.0,2.965125,0.600625,0.000322128006
216.0,2.965375,0.601,0.000322128006
216.0,2.9655,0.601,0.000322128006
216.0,2.96525,0.60075,0.000322128006
216.0,2.964875,0.601,0.000322128006
216.0,2.965625,0.601,0.000322128006
216.0,2.96575,0.600875,0.000322128006
216.0,2.965875,0.60075,0.000322128006
216.0,2.966125,0.60075,0.000322128006
216.0,2.965875,0.600625,0.000322128006
216.0,2.96625,0.6005,0.000322128006
216.0,2.967,0.600375,0.000322128006
216.0,2.966625,0.600375,0.000322128006
216.0,2.966,0.600375,0.000322128006
216.0,2.96575,0.6005,0.000322128006
216.0,2.96575,0.60075,0.000322128006
216.0,2.96575,0.60075,0.000322128006
216.0,2.96575,0.601,0.000322128006
216.0,2.96575,0.600875,0.000322128006
216.0,2.965,0.60075,0.000322128006
216.0,2.96475,0.60075,0.000322128006
216.0,2.965,0.601,0.000322128006
216.0,2.96525,0.601,0.000322128006
216.0,2.965125,0.601,0.000322128006
216.0,2.9655,0.600625,0.000322128006
216.0,2.966125,0.6005,0.000322128006
216.0,2.965875,0.6005,0.000322128006
216.0,2.966375,0.600375,0.000322128006
216.0,2.966625,0.6005,0.000322128006
216.0,2.96625,0.600375,0.000322128006
216.0,2.96575,0.600375,0.000322128006
216.0,2.964875,0.600875,0.000322128006
216.0,2.964875,0.600875,0.000322128006
216.0,2.965375,0.600875,0.000322128006
216.0,2.966,0.600875,0.000322128006
216.0,2.96575,0.601,0.000322128006
216.0,2.965,0.600875,0.000322128006
216.0,2.964625,0.60075,0.000322128006
216.0,2.964875,0.601,0.000322128006
216.0,2.9655,0.601125,0.000322128006
216.0,2.965375,0.600875,0.000322128006
216.0,2.96575,0.6005,0.000322128006
216.0,2.965875,0.600625,0.000322128006
216.0,2.965625,0.600625,0.000322128006
216.0,2.96625,0.6005,0.000322128006
216.0,2.966625,0.600625,0.000322128006
216.0,2.9665,0.60075,0.000322128006
216.0,2.966,0.60075,0.000322128006
216.0,2.966,0.60075,0.000322128006
216.0,2.965125,0.600625,0.000322128006
216.0,2.965,0.600875,0.000322128006
216.0,2.965125,0.601125,0.000322128006
216.0,2.965125,0.601,0.000322128006
216.0,2.965,0.60075,0.000322128006
216.0,2.965,0.601,0.000322128006
216.0,2.965875,0.601,0.000322128006
216.0,2.965875,0.601125,0.000322128006
216.0,2.965625,0.601,0.000322128006
216.0,2.966125,0.600625,0.000322128006
216.0,2.966,0.600625,0.000322128006
216.0,2.965875,0.600375,0.000322128006
216.0,2.9665,0.600625,0.000322128006
216.0,2.967,0.600375,0.000322128006
216.0,2.9665,0.6005,0.000322128006
216.0,2.96525,0.6005,0.000322128006
216.0,2.96525,0.601,0.000322128006
216.0,2.964625,0.600875,0.000322128006
216.0,2.965125,0.60075,0.000322128006
216.0,2.96525,0.600875,0.000322128006
216.0,2.96525,0.60075,0.000322128006
216.0,2.965125,0.600875,0.000322128006
216.0,2.96525,0.600875,0.000322128006
216.0,2.966,0.600875,0.000322128006
216.0,2.96575,0.60075,0.000322128006
216.0,2.966125,0.600625,0.000322128006
216.0,2.966375,0.6005,0.000322128006
216.0,2.966,0.600375,0.000322128006
216.0,2.965875,0.600625,0.000322128006
216.0,2.96675,0.6005,0.000322128006
216.0,2.966625,0.60025,0.000322128006
216.0,2.96575,0.600625,0.000322128006
216.0,2.96575,0.600625,0.000322128006
216.0,2.965,0.600875,0.000322128006
216.0,2.965,0.60075,0.000322128006
216.0,2.96525,0.600875,0.000322128006
216.0,2.965375,0.600875,0.000322128006
216.0,2.96525,0.600875,0.000322128006
216.0,2.964625,0.600875,0.000322128006
216.0,2.96525,0.601125,0.000322128006
216.0,2.965875,0.600875,0.000322128006
216.0,2.96575,0.6005,0.000322128006
216.0,2.9655,0.60025,0.000322128006
216.0,2.9655,0.600375,0.000322128006
216.0,2.96575,0.600625,0.000322128006
216.0,2.96625,0.60075,0.000322128006
216.0,2.966375,0.60075,0.000322128006
217.0,3.00275,0.6425,0.000322155189
217.0,3.002875,0.642625,0.000322155189
217.0,3.002875,0.642625,0.000322155189
217.0,3.002375,0.6425,0.000322155189
217.0,3.002875,0.6425,0.000322155189
217.0,3.00325,0.642875,0.000322155189
217.0,3.00325,0.642875,0.000322155189
217.0,3.003375,0.642375,0.000322155189
217.0,3.003375,0.642375,0.000322155189
217.0,3.003625,0.64225,0.000322155189
217.0,3.00375,0.64225,0.000322155189
217.0,3.003875,0.642375,0.000322155189
217.0,3.004375,0.64225,0.000322155189
217.0,3.00475,0.642,0.000322155189
217.0,3.0045,0.642125,0.000322155189
217.0,3.003125,0.642625,0.000322155189
217.0,3.002625,0.642625,0.000322155189
217.0,3.003,0.6425,0.000322155189
217.0,3.003,0.6425,0.000322155189
217.0,3.00325,0.642375,0.000322155189
217.0,3.002875,0.6425,0.000322155189
217.0,3.003125,0.642625,0.000322155189
217.0,3.003625,0.64275,0.000322155189
217.0,3.003375,0.6425,0.000322155189
217.0,3.003375,0.6425,0.000322155189
217.0,3.003625,0.6425,0.000322155189
217.0,3.00375,0.642375,0.000322155189
217.0,3.0035,0.642375,0.000322155189
217.0,3.004125,0.642375,0.000322155189
217.0,3.004625,0.64225,0.000322155189
217.0,3.004375,0.64225,0.000322155189
217.0,3.003875,0.642375,0.000322155189
217.0,3.003125,0.642625,0.000322155189
217.0,3.00325,0.642375,0.000322155189
217.0,3.003125,0.642375,0.000322155189
217.0,3.00325,0.6425,0.000322155189
217.0,3.002875,0.642375,0.000322155189
217.0,3.00275,0.642625,0.000322155189
217.0,3.00325,0.642875,0.000322155189
217.0,3.00325,0.64275,0.000322155189
217.0,3.003125,0.6425,0.000322155189
217.0,3.003125,0.6425,0.000322155189
217.0,3.003625,0.6425,0.000322155189
217.0,3.003625,0.642375,0.000322155189
217.0,3.003625,0.642375,0.000322155189
217.0,3.0045,0.64225,0.000322155189
217.0,3.004375,0.64225,0.000322155189
217.0,3.00375,0.64225,0.000322155189
217.0,3.003125,0.642375,0.000322155189
217.0,3.002875,0.6425,0.000322155189
217.0,3.003,0.6425,0.000322155189
217.0,3.0035,0.642625,0.000322155189
217.0,3.003,0.6425,0.000322155189
217.0,3.002375,0.6425,0.000322155189
217.0,3.0025,0.642625,0.000322155189
217.0,3.00325,0.64275,0.000322155189
217.0,3.003625,0.642625,0.000322155189
217.0,3.003625,0.642625,0.000322155189
217.0,3.00325,0.6425,0.000322155189
217.0,3.003375,0.64225,0.000322155189
217.0,3.00325,0.64225,0.000322155189
217.0,3.003625,0.642375,0.000322155189
217.0,3.004,0.64225,0.000322155189
217.0,3.00375,0.642125,0.000322155189
217.0,3.003375,0.642125,0.000322155189
217.0,3.0025,0.6425,0.000322155189
217.0,3.002375,0.642375,0.000322155189
217.0,3.0025,0.642625,0.000322155189
217.0,3.003125,0.64275,0.000322155189
217.0,3.003375,0.6425,0.000322155189
217.0,3.00275,0.6425,0.000322155189
217.0,3.003125,0.64275,0.000322155189
217.0,3.003625,0.642625,0.000322155189
217.0,3.003625,0.642625,0.000322155189
217.0,3.0035,0.6425,0.000322155189
217.0,3.0035,0.642375,0.000322155189
217.0,3.0035,0.642125,0.000322155189
217.0,3.0035,0.64225,0.000322155189
217.0,3.00425,0.642625,0.000322155189
217.0,3.0045,0.64225,0.000322155189
217.0,3.0045,0.64225,0.000322155189
217.0,3.003875,0.642375,0.000322155189
217.0,3.002875,0.6425,0.000322155189
217.0,3.003,0.64275,0.000322155189
217.0,3.00325,0.6425,0.000322155189
217.0,3.00325,0.642625,0.000322155189
217.0,3.002625,0.642625,0.000322155189
217.0,3.0025,0.642625,0.000322155189
217.0,3.003125,0.64275,0.000322155189
217.0,3.003125,0.64275,0.000322155189
217.0,3.003375,0.642625,0.000322155189
217.0,3.003,0.642625,0.000322155189
217.0,3.003375,0.642375,0.000322155189
217.0,3.003625,0.642375,0.000322155189
217.0,3.0035,0.64225,0.000322155189
217.0,3.004,0.64225,0.000322155189
217.0,3.00425,0.642125,0.000322155189
217.0,3.003875,0.642125,0.000322155189
217.0,3.003125,0.642375,0.000322155189
217.0,3.00275,0.642375,0.000322155189
217.0,3.003,0.642375,0.000322155189
217.0,3.00325,0.642625,0.000322155189
217.0,3.003125,0.64275,0.000322155189
217.0,3.0025,0.642625,0.000322155189
217.0,3.002375,0.64275,0.000322155189
217.0,3.002375,0.64275,0.000322155189
217.0,3.003,0.64275,0.000322155189
217.0,3.00325,0.6425,0.000322155189
217.0,3.003,0.642375,0.000322155189
217.0,3.003625,0.64225,0.000322155189
217.0,3.004,0.642375,0.000322155189
217.0,3.003875,0.642375,0.000322155189
217.0,3.004375,0.64225,0.000322155189
217.0,3.0045,0.642125,0.000322155189
217.0,3.00425,0.642125,0.000322155189
217.0,3.003125,0.642375,0.000322155189
217.0,3.002375,0.6425,0.000322155189
217.0,3.003,0.6425,0.000322155189
217.0,3.0035,0.642625,0.000322155189
217.0,3.003125,0.642375,0.000322155189
217.0,3.002375,0.642625,0.000322155189
217.0,3.002375,0.64275,0.000322155189
217.0,3.00275,0.64275,0.000322155189
217.0,3.003625,0.643,0.000322155189
217.0,3.003375,0.642875,0.000322155189
217.0,3.003375,0.6425,0.000322155189
217.0,3.003875,0.642375,0.000322155189
217.0,3.0035,0.64225,0.000322155189
217.0,3.004,0.64225,0.000322155189
217.0,3.00475,0.642375,0.000322155189
217.0,3.005125,0.64225,0.000322155189
217.0,3.004125,0.6425,0.000322155189
217.0,3.003,0.642375,0.000322155189
217.0,3.003,0.642375,0.000322155189
217.0,3.003625,0.642375,0.000322155189
217.0,3.003375,0.6425,0.000322155189
217.0,3.002625,0.6425,0.000322155189
217.0,3.002625,0.642625,0.000322155189
217.0,3.002625,0.642625,0.000322155189
217.0,3.00325,0.64275,0.000322155189
217.0,3.003625,0.64275,0.000322155189
217.0,3.00325,0.642875,0.000322155189
217.0,3.0035,0.6425,0.000322155189
217.0,3.003375,0.642375,0.000322155189
217.0,3.00325,0.642125,0.000322155189
217.0,3.004125,0.64225,0.000322155189
217.0,3.004375,0.642125,0.000322155189
217.0,3.004,0.64225,0.000322155189
217.0,3.003625,0.642375,0.000322155189
217.0,3.003125,0.642625,0.000322155189
217.0,3.00325,0.6425,0.000322155189
217.0,3.003375,0.64275,0.000322155189
217.0,3.00275,0.6425,0.000322155189
217.0,3.002375,0.64275,0.000322155189
217.0,3.002375,0.64275,0.000322155189
217.0,3.00225,0.642625,0.000322155189
217.0,3.003125,0.64275,0.000322155189
217.0,3.003125,0.6425,0.000322155189
217.0,3.003125,0.6425,0.000322155189
217.0,3.003625,0.64225,0.000322155189
217.0,3.0035,0.642375,0.000322155189
217.0,3.003375,0.642125,0.000322155189
217.0,3.003875,0.64225,0.000322155189
217.0,3.0045,0.642375,0.000322155189
217.0,3.004125,0.64225,0.000322155189
217.0,3.00325,0.642375,0.000322155189
217.0,3.0025,0.642375,0.000322155189
217.0,3.002875,0.6425,0.000322155189
217.0,3.003125,0.64275,0.000322155189
218.0,3.0395,0.685875,0.000321997679
218.0,3.040125,0.685625,0.000321997679
218.0,3.040125,0.685625,0.000321997679
218.0,3.04,0.6855,0.000321997679
218.0,3.040625,0.685625,0.000321997679
218.0,3.040875,0.685375,0.000321997679
218.0,3.0405,0.685375,0.000321997679
218.0,3.039625,0.685625,0.000321997679
218.0,3.039625,0.685625,0.000321997679
218.0,3.039125,0.68575,0.000321997679
218.0,3.039125,0.68575,0.000321997679
218.0,3.03975,0.685875,0.000321997679
218.0,3.0395,0.685875,0.000321997679
218.0,3.038875,0.686,0.000321997679
218.0,3.039125,0.686,0.000321997679
218.0,3.039875,0.686,0.000321997679
218.0,3.039875,0.68575,0.000321997679
218.0,3.04,0.68575,0.000321997679
218.0,3.04,0.685375,0.000321997679
218.0,3.039875,0.685375,0.000321997679
218.0,3.04025,0.685625,0.000321997679
218.0,3.040875,0.685625,0.000321997679
218.0,3.041,0.685375,0.000321997679
218.0,3.040375,0.685375,0.000321997679
218.0,3.040375,0.685875,0.000321997679
218.0,3.038875,0.685875,0.000321997679
218.0,3.039,0.685875,0.000321997679
218.0,3.03975,0.68575,0.000321997679
218.0,3.04,0.686,0.000321997679
218.0,3.039625,0.686,0.000321997679
218.0,3.03925,0.686,0.000321997679
218.0,3.03925,0.68625,0.000321997679
218.0,3.039625,0.68625,0.000321997679
218.0,3.03975,0.686,0.000321997679
218.0,3.039625,0.6855,0.000321997679
218.0,3.04,0.685625,0.000321997679
218.0,3.04,0.68575,0.000321997679
218.0,3.04025,0.685625,0.000321997679
218.0,3.040875,0.685625,0.000321997679
218.0,3.0405,0.685375,0.000321997679
218.0,3.03925,0.68575,0.000321997679
218.0,3.03925,0.68575,0.000321997679
218.0,3.0385,0.685875,0.000321997679
218.0,3.03875,0.686,0.000321997679
218.0,3.03925,0.686,0.000321997679
218.0,3.039,0.686,0.000321997679
218.0,3.038625,0.686,0.000321997679
218.0,3.039,0.686,0.000321997679
218.0,3.039375,0.686375,0.000321997679
218.0,3.039625,0.686375,0.000321997679
218.0,3.0395,0.686,0.000321997679
218.0,3.0395,0.685875,0.000321997679
218.0,3.040125,0.68575,0.000321997679
218.0,3.040375,0.685625,0.000321997679
218.0,3.040375,0.68575,0.000321997679
218.0,3.0405,0.6855,0.000321997679
218.0,3.04,0.685625,0.000321997679
218.0,3.04,0.685625,0.000321997679
218.0,3.039375,0.68575,0.000321997679
218.0,3.038875,0.68575,0.000321997679
218.0,3.03925,0.686,0.000321997679
218.0,3.0395,0.686,0.000321997679
218.0,3.039375,0.686,0.000321997679
218.0,3.039,0.685875,0.000321997679
218.0,3.039125,0.686125,0.000321997679
218.0,3.039875,0.686375,0.000321997679
218.0,3.0395,0.68625,0.000321997679
218.0,3.039375,0.685875,0.000321997679
218.0,3.039875,0.6855,0.000321997679
218.0,3.0395,0.68575,0.000321997679
218.0,3.03975,0.685625,0.000321997679
218.0,3.04025,0.685625,0.000321997679
218.0,3.0405,0.6855,0.000321997679
218.0,3.0405,0.6855,0.000321997679
218.0,3.0405,0.6855,0.000321997679
218.0,3.039125,0.686,0.000321997679
218.0,3.039,0.685875,0.000321997679
218.0,3.039375,0.686,0.000321997679
218.0,3.039375,0.686,0.000321997679
218.0,3.039,0.685875,0.000321997679
218.0,3.038625,0.686,0.000321997679
218.0,3.03925,0.686375,0.000321997679
218.0,3.039875,0.68625,0.000321997679
218.0,3.03925,0.686125,0.000321997679
218.0,3.039625,0.686,0.000321997679
218.0,3.039875,0.68575,0.000321997679
218.0,3.03975,0.685625,0.000321997679
218.0,3.03975,0.685625,0.000321997679
218.0,3.040125,0.685625,0.000321997679
218.0,3.040125,0.685625,0.000321997679
218.0,3.040125,0.6855,0.000321997679
218.0,3.03925,0.685625,0.000321997679
218.0,3.038875,0.68575,0.000321997679
218.0,3.03925,0.685875,0.000321997679
218.0,3.039,0.685875,0.000321997679
218.0,3.039,0.686,0.000321997679
218.0,3.038875,0.685875,0.000321997679
218.0,3.038375,0.686125,0.000321997679
218.0,3.038875,0.686125,0.000321997679
218.0,3.039625,0.68625,0.000321997679
218.0,3.039125,0.686,0.000321997679
218.0,3.039625,0.686,0.000321997679
218.0,3.039625,0.68575,0.000321997679
218.0,3.0395,0.685625,0.000321997679
218.0,3.040125,0.685625,0.000321997679
218.0,3.040125,0.685625,0.000321997679
218.0,3.040625,0.68575,0.000321997679
218.0,3.040625,0.685625,0.000321997679
218.0,3.039625,0.685875,0.000321997679
218.0,3.039125,0.685875,0.000321997679
218.0,3.038875,0.685875,0.000321997679
218.0,3.039,0.686,0.000321997679
218.0,3.038875,0.686,0.000321997679
218.0,3.03825,0.685875,0.000321997679
218.0,3.0385,0.68625,0.000321997679
218.0,3.039,0.68625,0.000321997679
218.0,3.0395,0.686,0.000321997679
218.0,3.039625,0.685875,0.000321997679
218.0,3.039875,0.68575,0.000321997679
218.0,3.03975,0.685625,0.000321997679
218.0,3.039625,0.68575,0.000321997679
218.0,3.039625,0.6855,0.000321997679
218.0,3.040375,0.6855,0.000321997679
218.0,3.04025,0.6855,0.000321997679
218.0,3.039625,0.68575,0.000321997679
218.0,3.039125,0.686125,0.000321997679
218.0,3.038875,0.686,0.000321997679
218.0,3.039125,0.685875,0.000321997679
218.0,3.0395,0.686,0.000321997679
218.0,3.039,0.685875,0.000321997679
218.0,3.038625,0.686,0.000321997679
218.0,3.038875,0.686,0.000321997679
218.0,3.0395,0.686125,0.000321997679
218.0,3.039625,0.686125,0.000321997679
218.0,3.0395,0.685625,0.000321997679
218.0,3.0395,0.6855,0.000321997679
218.0,3.039375,0.685625,0.000321997679
218.0,3.03975,0.6855,0.000321997679
218.0,3.03975,0.6855,0.000321997679
218.0,3.0405,0.68575,0.000321997679
218.0,3.040375,0.6855,0.000321997679
218.0,3.039875,0.6855,0.000321997679
218.0,3.03875,0.685875,0.000321997679
218.0,3.03875,0.68575,0.000321997679
218.0,3.039,0.685875,0.000321997679
218.0,3.03925,0.685875,0.000321997679
218.0,3.038875,0.68575,0.000321997679
218.0,3.038875,0.686,0.000321997679
218.0,3.039125,0.686125,0.000321997679
218.0,3.039375,0.686125,0.000321997679
218.0,3.039375,0.686,0.000321997679
218.0,3.0395,0.685625,0.000321997679
218.0,3.039875,0.685375,0.000321997679
218.0,3.04,0.6855,0.000321997679
218.0,3.04,0.6855,0.000321997679
218.0,3.04,0.685375,0.000321997679
218.0,3.04025,0.685625,0.000321997679
218.0,3.040125,0.6855,0.000321997679
218.0,3.0395,0.685625,0.000321997679
218.0,3.039,0.68575,0.000321997679
218.0,3.038875,0.685625,0.000321997679
218.0,3.039125,0.685875,0.000321997679
218.0,3.039625,0.686125,0.000321997679
218.0,3.038875,0.686125,0.000321997679
218.0,3.0385,0.686,0.000321997679
218.0,3.039125,0.68625,0.000321997679
218.0,3.039375,0.686125,0.000321997679
218.0,3.039625,0.685875,0.000321997679
218.0,3.040125,0.685625,0.000321997679
219.0,3.07475,0.73025,0.000321959669
219.0,3.074125,0.730375,0.000321959669
219.0,3.074375,0.73,0.000321959669
219.0,3.074875,0.73,0.000321959669
219.0,3.074625,0.73,0.000321959669
219.0,3.074875,0.729875,0.000321959669
219.0,3.075625,0.72975,0.000321959669
219.0,3.075375,0.72975,0.000321959669
219.0,3.075375,0.72975,0.000321959669
219.0,3.07475,0.72975,0.000321959669
219.0,3.074,0.73,0.000321959669
219.0,3.073875,0.73025,0.000321959669
219.0,3.074,0.730375,0.000321959669
219.0,3.07425,0.73025,0.000321959669
219.0,3.073625,0.730125,0.000321959669
219.0,3.0735,0.73025,0.000321959669
219.0,3.0745,0.730625,0.000321959669
219.0,3.074375,0.7305,0.000321959669
219.0,3.074375,0.7305,0.000321959669
219.0,3.074625,0.73025,0.000321959669
219.0,3.0745,0.73,0.000321959669
219.0,3.074375,0.73,0.000321959669
219.0,3.074875,0.73,0.000321959669
219.0,3.0755,0.72975,0.000321959669
219.0,3.075375,0.72975,0.000321959669
219.0,3.075375,0.7295,0.000321959669
219.0,3.0745,0.7295,0.000321959669
219.0,3.073625,0.7295,0.000321959669
219.0,3.074,0.729875,0.000321959669
219.0,3.074125,0.73025,0.000321959669
219.0,3.074,0.73025,0.000321959669
219.0,3.07375,0.73,0.000321959669
219.0,3.074,0.73025,0.000321959669
219.0,3.0745,0.730375,0.000321959669
219.0,3.07425,0.730125,0.000321959669
219.0,3.074125,0.729875,0.000321959669
219.0,3.074375,0.72975,0.000321959669
219.0,3.074375,0.729875,0.000321959669
219.0,3.074625,0.729875,0.000321959669
219.0,3.075,0.73,0.000321959669
219.0,3.0755,0.73,0.000321959669
219.0,3.0755,0.729625,0.000321959669
219.0,3.075125,0.7295,0.000321959669
219.0,3.074125,0.729875,0.000321959669
219.0,3.07375,0.730125,0.000321959669
219.0,3.074,0.73025,0.000321959669
219.0,3.074125,0.73025,0.000321959669
219.0,3.073875,0.730125,0.000321959669
219.0,3.07375,0.73025,0.000321959669
219.0,3.074,0.7305,0.000321959669
219.0,3.074375,0.7305,0.000321959669
219.0,3.074,0.73025,0.000321959669
219.0,3.074125,0.730125,0.000321959669
219.0,3.0745,0.73,0.000321959669
219.0,3.0745,0.729875,0.000321959669
219.0,3.074875,0.73,0.000321959669
219.0,3.07525,0.72975,0.000321959669
219.0,3.07525,0.72975,0.000321959669
219.0,3.075375,0.729625,0.000321959669
219.0,3.074875,0.729875,0.000321959669
219.0,3.073875,0.73025,0.000321959669
219.0,3.07375,0.73025,0.000321959669
219.0,3.07375,0.73025,0.000321959669
219.0,3.074,0.730375,0.000321959669
219.0,3.073625,0.730125,0.000321959669
219.0,3.073375,0.73025,0.000321959669
219.0,3.07375,0.7305,0.000321959669
219.0,3.074125,0.73025,0.000321959669
219.0,3.074,0.73025,0.000321959669
219.0,3.074375,0.729875,0.000321959669
219.0,3.074375,0.729875,0.000321959669
219.0,3.074625,0.73,0.000321959669
219.0,3.075375,0.73,0.000321959669
219.0,3.075375,0.73,0.000321959669
219.0,3.0755,0.72975,0.000321959669
219.0,3.075,0.729625,0.000321959669
219.0,3.07425,0.729875,0.000321959669
219.0,3.07375,0.73,0.000321959669
219.0,3.07375,0.730125,0.000321959669
219.0,3.073875,0.73025,0.000321959669
219.0,3.074,0.73025,0.000321959669
219.0,3.0735,0.73025,0.000321959669
219.0,3.07375,0.730375,0.000321959669
219.0,3.074375,0.730375,0.000321959669
219.0,3.07425,0.730125,0.000321959669
219.0,3.074375,0.73,0.000321959669
219.0,3.074625,0.729875,0.000321959669
219.0,3.0745,0.729875,0.000321959669
219.0,3.074125,0.73,0.000321959669
219.0,3.074125,0.73,0.000321959669
219.0,3.075,0.73,0.000321959669
219.0,3.075625,0.72975,0.000321959669
219.0,3.075,0.729875,0.000321959669
219.0,3.074375,0.73,0.000321959669
219.0,3.07375,0.730125,0.000321959669
219.0,3.074,0.730125,0.000321959669
219.0,3.0745,0.730125,0.000321959669
219.0,3.074,0.73,0.000321959669
219.0,3.0735,0.730125,0.000321959669
219.0,3.074,0.7305,0.000321959669
219.0,3.074375,0.730625,0.000321959669
219.0,3.074125,0.73025,0.000321959669
219.0,3.07425,0.729875,0.000321959669
219.0,3.07475,0.729875,0.000321959669
219.0,3.074625,0.729875,0.000321959669
219.0,3.074625,0.729875,0.000321959669
219.0,3.074875,0.73,0.000321959669
219.0,3.0755,0.73,0.000321959669
219.0,3.07525,0.72975,0.000321959669
219.0,3.0745,0.73,0.000321959669
219.0,3.073875,0.73,0.000321959669
219.0,3.07375,0.73,0.000321959669
219.0,3.07375,0.73,0.000321959669
219.0,3.074,0.73025,0.000321959669
219.0,3.073625,0.73025,0.000321959669
219.0,3.073125,0.730375,0.000321959669
219.0,3.074,0.7305,0.000321959669
219.0,3.07425,0.730625,0.000321959669
219.0,3.074,0.730375,0.000321959669
219.0,3.07425,0.729875,0.000321959669
219.0,3.074,0.729875,0.000321959669
219.0,3.074,0.729875,0.000321959669
219.0,3.074,0.729875,0.000321959669
219.0,3.07475,0.73,0.000321959669
219.0,3.07525,0.72975,0.000321959669
219.0,3.075125,0.7295,0.000321959669
219.0,3.07425,0.73,0.000321959669
219.0,3.073625,0.729875,0.000321959669
219.0,3.07425,0.73,0.000321959669
219.0,3.074375,0.730125,0.000321959669
219.0,3.074,0.730125,0.000321959669
219.0,3.0735,0.73,0.000321959669
219.0,3.07375,0.73025,0.000321959669
219.0,3.074625,0.7305,0.000321959669
219.0,3.07475,0.73025,0.000321959669
219.0,3.07475,0.73,0.000321959669
219.0,3.07475,0.72975,0.000321959669
219.0,3.074375,0.72975,0.000321959669
219.0,3.074375,0.729625,0.000321959669
219.0,3.074625,0.729875,0.000321959669
219.0,3.074875,0.729875,0.000321959669
219.0,3.075,0.729875,0.000321959669
219.0,3.074625,0.729875,0.000321959669
219.0,3.073875,0.730125,0.000321959669
219.0,3.07375,0.73,0.000321959669
219.0,3.074125,0.730125,0.000321959669
219.0,3.074375,0.73025,0.000321959669
219.0,3.074375,0.730375,0.000321959669
219.0,3.07375,0.73025,0.000321959669
219.0,3.07375,0.730375,0.000321959669
219.0,3.074,0.730375,0.000321959669
219.0,3.074,0.730375,0.000321959669
219.0,3.074125,0.73025,0.000321959669
219.0,3.074625,0.730125,0.000321959669
219.0,3.074625,0.730125,0.000321959669
219.0,3.074375,0.73,0.000321959669
219.0,3.07475,0.729875,0.000321959669
219.0,3.07525,0.72975,0.000321959669
219.0,3.07525,0.729625,0.000321959669
219.0,3.074625,0.730125,0.000321959669
219.0,3.073625,0.73,0.000321959669
219.0,3.07375,0.73,0.000321959669
219.0,3.07375,0.73,0.000321959669
219.0,3.073625,0.730375,0.000321959669
219.0,3.0735,0.730375,0.000321959669
219.0,3.073125,0.730375,0.000321959669
219.0,3.0735,0.730625,0.000321959669
219.0,3.07425,0.730625,0.000321959669
219.0,3.07425,0.73025,0.000321959669
220.0,3.1065,0.77525,0.000322176202
220.0,3.1065,0.775375,0.000322176202
220.0,3.10625,0.775375,0.000322176202
220.0,3.10575,0.7755,0.000322176202
220.0,3.10575,0.7755,0.000322176202
220.0,3.106,0.77575,0.000322176202
220.0,3.106125,0.775625,0.000322176202
220.0,3.10625,0.775375,0.000322176202
220.0,3.10625,0.775375,0.000322176202
220.0,3.106875,0.775125,0.000322176202
220.0,3.10725,0.77525,0.000322176202
220.0,3.10725,0.775125,0.000322176202
220.0,3.107625,0.77525,0.000322176202
220.0,3.107875,0.774875,0.000322176202
220.0,3.1075,0.775,0.000322176202
220.0,3.106625,0.775125,0.000322176202
220.0,3.106,0.775375,0.000322176202
220.0,3.1065,0.775375,0.000322176202
220.0,3.1065,0.775375,0.000322176202
220.0,3.10675,0.7755,0.000322176202
220.0,3.106125,0.775375,0.000322176202
220.0,3.106,0.775625,0.000322176202
220.0,3.106875,0.77575,0.000322176202
220.0,3.107125,0.77575,0.000322176202
220.0,3.107375,0.77575,0.000322176202
220.0,3.107375,0.775375,0.000322176202
220.0,3.107625,0.775125,0.000322176202
220.0,3.10725,0.775,0.000322176202
220.0,3.107125,0.775125,0.000322176202
220.0,3.107875,0.775,0.000322176202
220.0,3.10825,0.775125,0.000322176202
220.0,3.107625,0.775,0.000322176202
220.0,3.106875,0.77525,0.000322176202
220.0,3.10625,0.77525,0.000322176202
220.0,3.10675,0.77525,0.000322176202
220.0,3.106875,0.7755,0.000322176202
220.0,3.106625,0.775625,0.000322176202
220.0,3.106,0.775625,0.000322176202
220.0,3.10625,0.775875,0.000322176202
220.0,3.10675,0.77575,0.000322176202
220.0,3.106625,0.77575,0.000322176202
220.0,3.106625,0.775625,0.000322176202
220.0,3.106875,0.775375,0.000322176202
220.0,3.1075,0.775125,0.000322176202
220.0,3.1075,0.775125,0.000322176202
220.0,3.107625,0.77525,0.000322176202
220.0,3.108125,0.775,0.000322176202
220.0,3.10775,0.775,0.000322176202
220.0,3.107125,0.775125,0.000322176202
220.0,3.1065,0.77525,0.000322176202
220.0,3.106625,0.775125,0.000322176202
220.0,3.107,0.77525,0.000322176202
220.0,3.10675,0.77525,0.000322176202
220.0,3.10625,0.775375,0.000322176202
220.0,3.105875,0.7755,0.000322176202
220.0,3.106375,0.775625,0.000322176202
220.0,3.1065,0.775875,0.000322176202
220.0,3.1065,0.775875,0.000322176202
220.0,3.1065,0.775625,0.000322176202
220.0,3.106875,0.77525,0.000322176202
220.0,3.107,0.775125,0.000322176202
220.0,3.1075,0.775125,0.000322176202
220.0,3.107875,0.775125,0.000322176202
220.0,3.107875,0.775,0.000322176202
220.0,3.10725,0.774875,0.000322176202
220.0,3.10625,0.774875,0.000322176202
220.0,3.106125,0.77525,0.000322176202
220.0,3.106625,0.775375,0.000322176202
220.0,3.10675,0.7755,0.000322176202
220.0,3.1065,0.775625,0.000322176202
220.0,3.106125,0.775375,0.000322176202
220.0,3.106375,0.775625,0.000322176202
220.0,3.10675,0.775875,0.000322176202
220.0,3.10675,0.775875,0.000322176202
220.0,3.107125,0.7755,0.000322176202
220.0,3.107125,0.77525,0.000322176202
220.0,3.107,0.77525,0.000322176202
220.0,3.106875,0.77525,0.000322176202
220.0,3.107125,0.77525,0.000322176202
220.0,3.108125,0.775125,0.000322176202
220.0,3.10825,0.774875,0.000322176202
220.0,3.107875,0.775,0.000322176202
220.0,3.10675,0.77525,0.000322176202
220.0,3.106375,0.7755,0.000322176202
220.0,3.106375,0.77525,0.000322176202
220.0,3.10675,0.7755,0.000322176202
220.0,3.10675,0.77525,0.000322176202
220.0,3.105875,0.77525,0.000322176202
220.0,3.106375,0.77575,0.000322176202
220.0,3.106375,0.77575,0.000322176202
220.0,3.10725,0.775625,0.000322176202
220.0,3.10675,0.775625,0.000322176202
220.0,3.106875,0.7755,0.000322176202
220.0,3.10675,0.77525,0.000322176202
220.0,3.10675,0.77525,0.000322176202
220.0,3.10725,0.77525,0.000322176202
220.0,3.108,0.775125,0.000322176202
220.0,3.107625,0.775,0.000322176202
220.0,3.107,0.775125,0.000322176202
220.0,3.106375,0.775375,0.000322176202
220.0,3.106375,0.775375,0.000322176202
220.0,3.106625,0.775375,0.000322176202
220.0,3.10675,0.775375,0.000322176202
220.0,3.106375,0.775375,0.000322176202
220.0,3.106,0.775625,0.000322176202
220.0,3.106,0.775625,0.000322176202
220.0,3.106625,0.77575,0.000322176202
220.0,3.107125,0.775875,0.000322176202
220.0,3.10675,0.7755,0.000322176202
220.0,3.106875,0.77525,0.000322176202
220.0,3.107,0.774875,0.000322176202
220.0,3.10675,0.775125,0.000322176202
220.0,3.107625,0.77525,0.000322176202
220.0,3.108,0.77525,0.000322176202
220.0,3.108,0.775,0.000322176202
220.0,3.107,0.775125,0.000322176202
220.0,3.106125,0.77525,0.000322176202
220.0,3.106125,0.775375,0.000322176202
220.0,3.1065,0.775375,0.000322176202
220.0,3.106625,0.7755,0.000322176202
220.0,3.10625,0.775375,0.000322176202
220.0,3.10625,0.775375,0.000322176202
220.0,3.10625,0.7755,0.000322176202
220.0,3.106875,0.77575,0.000322176202
220.0,3.10725,0.77575,0.000322176202
220.0,3.107,0.7755,0.000322176202
220.0,3.107375,0.775125,0.000322176202
220.0,3.1075,0.775125,0.000322176202
220.0,3.10725,0.775125,0.000322176202
220.0,3.10775,0.775125,0.000322176202
220.0,3.10775,0.774875,0.000322176202
220.0,3.1075,0.775,0.000322176202
220.0,3.106875,0.775,0.000322176202
220.0,3.1065,0.77525,0.000322176202
220.0,3.106625,0.775375,0.000322176202
220.0,3.10675,0.7755,0.000322176202
220.0,3.106625,0.7755,0.000322176202
220.0,3.10625,0.7755,0.000322176202
220.0,3.10625,0.7755,0.000322176202
220.0,3.1065,0.7755,0.000322176202
220.0,3.106875,0.7755,0.000322176202
220.0,3.1065,0.775625,0.000322176202
220.0,3.10625,0.775375,0.000322176202
220.0,3.106625,0.77525,0.000322176202
220.0,3.1065,0.775125,0.000322176202
220.0,3.107375,0.775375,0.000322176202
220.0,3.107875,0.77525,0.000322176202
220.0,3.107375,0.775125,0.000322176202
220.0,3.107125,0.77525,0.000322176202
220.0,3.106375,0.7755,0.000322176202
220.0,3.106125,0.77525,0.000322176202
220.0,3.10625,0.7755,0.000322176202
220.0,3.106625,0.775625,0.000322176202
220.0,3.1065,0.7755,0.000322176202
220.0,3.1065,0.7755,0.000322176202
220.0,3.106125,0.7755,0.000322176202
220.0,3.10675,0.775875,0.000322176202
220.0,3.107125,0.77575,0.000322176202
220.0,3.107,0.7755,0.000322176202
220.0,3.106875,0.775125,0.000322176202
220.0,3.107,0.775,0.000322176202
220.0,3.107375,0.775125,0.000322176202
220.0,3.10775,0.775,0.000322176202
220.0,3.108,0.775,0.000322176202
220.0,3.1075,0.774875,0.000322176202
220.0,3.107125,0.775125,0.000322176202
220.0,3.10675,0.77525,0.000322176202
220.0,3.106375,0.775375,0.000322176202
220.0,3.106875,0.775375,0.000322176202
221.0,3.137625,0.8215,0.000321993226
221.0,3.137875,0.82125,0.000321993226
221.0,3.138,0.821,0.000321993226
221.0,3.1385,0.82075,0.000321993226
221.0,3.138125,0.820625,0.000321993226
221.0,3.13825,0.82075,0.000321993226
221.0,3.13875,0.820875,0.000321993226
221.0,3.1385,0.8205,0.000321993226
221.0,3.1385,0.8205,0.000321993226
221.0,3.138,0.82075,0.000321993226
221.0,3.137125,0.821,0.000321993226
221.0,3.13675,0.820875,0.000321993226
221.0,3.137,0.821,0.000321993226
221.0,3.137625,0.821125,0.000321993226
221.0,3.136875,0.821125,0.000321993226
221.0,3.1365,0.821125,0.000321993226
221.0,3.1375,0.821375,0.000321993226
221.0,3.13825,0.821375,0.000321993226
221.0,3.137875,0.821125,0.000321993226
221.0,3.1375,0.821125,0.000321993226
221.0,3.138,0.821,0.000321993226
221.0,3.137625,0.821,0.000321993226
221.0,3.13825,0.820875,0.000321993226
221.0,3.138875,0.82075,0.000321993226
221.0,3.138375,0.82075,0.000321993226
221.0,3.138375,0.820625,0.000321993226
221.0,3.137375,0.820875,0.000321993226
221.0,3.136625,0.821,0.000321993226
221.0,3.137125,0.82075,0.000321993226
221.0,3.1375,0.821,0.000321993226
221.0,3.1375,0.821125,0.000321993226
221.0,3.13725,0.821125,0.000321993226
221.0,3.137125,0.821375,0.000321993226
221.0,3.138375,0.821625,0.000321993226
221.0,3.13825,0.821375,0.000321993226
221.0,3.13775,0.820875,0.000321993226
221.0,3.137875,0.8205,0.000321993226
221.0,3.137625,0.820875,0.000321993226
221.0,3.137875,0.820875,0.000321993226
221.0,3.1385,0.821125,0.000321993226
221.0,3.13875,0.821125,0.000321993226
221.0,3.13875,0.820875,0.000321993226
221.0,3.13825,0.82075,0.000321993226
221.0,3.137625,0.821125,0.000321993226
221.0,3.136875,0.82125,0.000321993226
221.0,3.136875,0.82125,0.000321993226
221.0,3.1375,0.82125,0.000321993226
221.0,3.1375,0.82125,0.000321993226
221.0,3.13675,0.821125,0.000321993226
221.0,3.137,0.821375,0.000321993226
221.0,3.137375,0.821375,0.000321993226
221.0,3.137375,0.821375,0.000321993226
221.0,3.137625,0.821,0.000321993226
221.0,3.13775,0.821,0.000321993226
221.0,3.138,0.82075,0.000321993226
221.0,3.13825,0.820875,0.000321993226
221.0,3.13875,0.820875,0.000321993226
221.0,3.13875,0.820875,0.000321993226
221.0,3.139125,0.820875,0.000321993226
221.0,3.1385,0.820875,0.000321993226
221.0,3.137375,0.821,0.000321993226
221.0,3.137,0.821,0.000321993226
221.0,3.137375,0.821125,0.000321993226
221.0,3.137125,0.82125,0.000321993226
221.0,3.137125,0.82125,0.000321993226
221.0,3.136875,0.82125,0.000321993226
221.0,3.13725,0.8215,0.000321993226
221.0,3.1375,0.8215,0.000321993226
221.0,3.13725,0.821375,0.000321993226
221.0,3.137875,0.821,0.000321993226
221.0,3.138125,0.820875,0.000321993226
221.0,3.137875,0.821,0.000321993226
221.0,3.138,0.821,0.000321993226
221.0,3.138,0.821,0.000321993226
221.0,3.13875,0.821,0.000321993226
221.0,3.13875,0.820875,0.000321993226
221.0,3.138125,0.820875,0.000321993226
221.0,3.13725,0.821125,0.000321993226
221.0,3.137375,0.821125,0.000321993226
221.0,3.137625,0.821125,0.000321993226
221.0,3.137375,0.82125,0.000321993226
221.0,3.136625,0.82125,0.000321993226
221.0,3.13675,0.821375,0.000321993226
221.0,3.137125,0.821625,0.000321993226
221.0,3.137625,0.8215,0.000321993226
221.0,3.137625,0.821,0.000321993226
221.0,3.138,0.820875,0.000321993226
221.0,3.138125,0.821,0.000321993226
221.0,3.13775,0.821125,0.000321993226
221.0,3.13775,0.821125,0.000321993226
221.0,3.138625,0.820875,0.000321993226
221.0,3.139,0.82075,0.000321993226
221.0,3.138,0.820625,0.000321993226
221.0,3.137125,0.820875,0.000321993226
221.0,3.137,0.821125,0.000321993226
221.0,3.13725,0.821,0.000321993226
221.0,3.137375,0.821125,0.000321993226
221.0,3.1375,0.82125,0.000321993226
221.0,3.136875,0.821125,0.000321993226
221.0,3.13725,0.8215,0.000321993226
221.0,3.13775,0.821625,0.000321993226
221.0,3.1375,0.821625,0.000321993226
221.0,3.137625,0.821,0.000321993226
221.0,3.13825,0.820875,0.000321993226
221.0,3.13825,0.821,0.000321993226
221.0,3.13825,0.821,0.000321993226
221.0,3.13825,0.821,0.000321993226
221.0,3.139,0.820875,0.000321993226
221.0,3.139125,0.82075,0.000321993226
221.0,3.13825,0.820875,0.000321993226
221.0,3.13725,0.820875,0.000321993226
221.0,3.136875,0.821125,0.000321993226
221.0,3.137375,0.821125,0.000321993226
221.0,3.1375,0.82125,0.000321993226
221.0,3.137625,0.821375,0.000321993226
221.0,3.137,0.821375,0.000321993226
221.0,3.13725,0.8215,0.000321993226
221.0,3.137875,0.821375,0.000321993226
221.0,3.137875,0.821125,0.000321993226
221.0,3.137875,0.821125,0.000321993226
221.0,3.137625,0.821,0.000321993226
221.0,3.1375,0.821,0.000321993226
221.0,3.1375,0.821,0.000321993226
221.0,3.138125,0.821,0.000321993226
221.0,3.13825,0.820875,0.000321993226
221.0,3.13825,0.821,0.000321993226
221.0,3.137625,0.821125,0.000321993226
221.0,3.13675,0.821125,0.000321993226
221.0,3.136875,0.820875,0.000321993226
221.0,3.137125,0.82125,0.000321993226
221.0,3.1375,0.82125,0.000321993226
221.0,3.136875,0.821125,0.000321993226
221.0,3.136625,0.821375,0.000321993226
221.0,3.137,0.821375,0.000321993226
221.0,3.137375,0.82125,0.000321993226
221.0,3.13725,0.821125,0.000321993226
221.0,3.13725,0.821,0.000321993226
221.0,3.13725,0.821,0.000321993226
221.0,3.13725,0.821,0.000321993226
221.0,3.1375,0.821,0.000321993226
221.0,3.138625,0.820875,0.000321993226
221.0,3.13875,0.820625,0.000321993226
221.0,3.138125,0.820875,0.000321993226
221.0,3.137375,0.821,0.000321993226
221.0,3.136625,0.821125,0.000321993226
221.0,3.136875,0.821125,0.000321993226
221.0,3.1375,0.82125,0.000321993226
221.0,3.137625,0.82125,0.000321993226
221.0,3.136875,0.821375,0.000321993226
221.0,3.13675,0.821375,0.000321993226
221.0,3.137375,0.8215,0.000321993226
221.0,3.1375,0.8215,0.000321993226
221.0,3.1375,0.821125,0.000321993226
221.0,3.137625,0.820875,0.000321993226
221.0,3.137625,0.820875,0.000321993226
221.0,3.13775,0.821,0.000321993226
221.0,3.138125,0.821,0.000321993226
221.0,3.138625,0.821,0.000321993226
221.0,3.138625,0.82075,0.000321993226
221.0,3.138,0.820875,0.000321993226
221.0,3.137625,0.821125,0.000321993226
221.0,3.137125,0.82125,0.000321993226
221.0,3.13725,0.821125,0.000321993226
221.0,3.13775,0.821375,0.000321993226
221.0,3.137125,0.821125,0.000321993226
221.0,3.136625,0.82125,0.000321993226
221.0,3.13725,0.821375,0.000321993226
221.0,3.137625,0.821375,0.000321993226
221.0,3.137375,0.8215,0.000321993226
222.0,3.1675,0.867125,0.000322239124
222.0,3.166875,0.867125,0.000322239124
222.0,3.166125,0.867125,0.000322239124
222.0,3.166,0.8675,0.000322239124
222.0,3.166375,0.867625,0.000322239124
222.0,3.1665,0.867625,0.000322239124
222.0,3.165875,0.8675,0.000322239124
222.0,3.165625,0.867625,0.000322239124
222.0,3.165625,0.867625,0.000322239124
222.0,3.166125,0.868,0.000322239124
222.0,3.166375,0.868125,0.000322239124
222.0,3.166125,0.867875,0.000322239124
222.0,3.1665,0.867375,0.000322239124
222.0,3.166625,0.867375,0.000322239124
222.0,3.16625,0.867375,0.000322239124
222.0,3.167,0.867625,0.000322239124
222.0,3.167375,0.86725,0.000322239124
222.0,3.16725,0.867375,0.000322239124
222.0,3.166625,0.867375,0.000322239124
222.0,3.16575,0.86775,0.000322239124
222.0,3.165625,0.867875,0.000322239124
222.0,3.166125,0.867875,0.000322239124
222.0,3.1665,0.86775,0.000322239124
222.0,3.165875,0.867625,0.000322239124
222.0,3.165875,0.867625,0.000322239124
222.0,3.165625,0.867875,0.000322239124
222.0,3.166375,0.867875,0.000322239124
222.0,3.166625,0.867875,0.000322239124
222.0,3.1665,0.867625,0.000322239124
222.0,3.166625,0.8675,0.000322239124
222.0,3.167,0.867375,0.000322239124
222.0,3.167,0.86725,0.000322239124
222.0,3.1675,0.867375,0.000322239124
222.0,3.16725,0.86725,0.000322239124
222.0,3.166625,0.867125,0.000322239124
222.0,3.165875,0.867375,0.000322239124
222.0,3.1655,0.8675,0.000322239124
222.0,3.165625,0.867625,0.000322239124
222.0,3.165875,0.86775,0.000322239124
222.0,3.166125,0.867625,0.000322239124
222.0,3.16575,0.867625,0.000322239124
222.0,3.16575,0.86775,0.000322239124
222.0,3.166125,0.868,0.000322239124
222.0,3.1665,0.867875,0.000322239124
222.0,3.1665,0.86775,0.000322239124
222.0,3.166375,0.8675,0.000322239124
222.0,3.166625,0.867375,0.000322239124
222.0,3.16675,0.867375,0.000322239124
222.0,3.167,0.8675,0.000322239124
222.0,3.167625,0.8675,0.000322239124
222.0,3.167125,0.867125,0.000322239124
222.0,3.166375,0.867375,0.000322239124
222.0,3.165625,0.8675,0.000322239124
222.0,3.16575,0.8675,0.000322239124
222.0,3.166375,0.8675,0.000322239124
222.0,3.16625,0.86775,0.000322239124
222.0,3.1655,0.867625,0.000322239124
222.0,3.1655,0.867625,0.000322239124
222.0,3.1655,0.86775,0.000322239124
222.0,3.1665,0.868125,0.000322239124
222.0,3.16675,0.86825,0.000322239124
222.0,3.166375,0.867875,0.000322239124
222.0,3.16625,0.867375,0.000322239124
222.0,3.166125,0.86725,0.000322239124
222.0,3.166375,0.86725,0.000322239124
222.0,3.16725,0.8675,0.000322239124
222.0,3.1675,0.867375,0.000322239124
222.0,3.16725,0.867125,0.000322239124
222.0,3.1665,0.8675,0.000322239124
222.0,3.166125,0.867375,0.000322239124
222.0,3.166125,0.867625,0.000322239124
222.0,3.166125,0.86775,0.000322239124
222.0,3.165875,0.86775,0.000322239124
222.0,3.165875,0.86775,0.000322239124
222.0,3.165625,0.86775,0.000322239124
222.0,3.16575,0.867875,0.000322239124
222.0,3.16625,0.868125,0.000322239124
222.0,3.1665,0.868,0.000322239124
222.0,3.166375,0.868,0.000322239124
222.0,3.166375,0.867625,0.000322239124
222.0,3.166625,0.8675,0.000322239124
222.0,3.166625,0.8675,0.000322239124
222.0,3.167,0.8675,0.000322239124
222.0,3.167625,0.867125,0.000322239124
222.0,3.167125,0.86725,0.000322239124
222.0,3.166375,0.8675,0.000322239124
222.0,3.166,0.86775,0.000322239124
222.0,3.166625,0.8675,0.000322239124
222.0,3.16675,0.867875,0.000322239124
222.0,3.16675,0.867875,0.000322239124
222.0,3.16625,0.867875,0.000322239124
222.0,3.165375,0.867625,0.000322239124
222.0,3.16575,0.868,0.000322239124
222.0,3.166625,0.868125,0.000322239124
222.0,3.166625,0.867875,0.000322239124
222.0,3.1665,0.8675,0.000322239124
222.0,3.16675,0.86725,0.000322239124
222.0,3.167,0.8675,0.000322239124
222.0,3.167,0.867625,0.000322239124
222.0,3.167875,0.867625,0.000322239124
222.0,3.16775,0.86725,0.000322239124
222.0,3.16675,0.867125,0.000322239124
222.0,3.165625,0.867375,0.000322239124
222.0,3.165625,0.8675,0.000322239124
222.0,3.166125,0.867625,0.000322239124
222.0,3.166125,0.867625,0.000322239124
222.0,3.16625,0.867625,0.000322239124
222.0,3.166,0.86775,0.000322239124
222.0,3.165375,0.867875,0.000322239124
222.0,3.165875,0.868,0.000322239124
222.0,3.166375,0.868125,0.000322239124
222.0,3.16625,0.8675,0.000322239124
222.0,3.166625,0.867375,0.000322239124
222.0,3.166875,0.86725,0.000322239124
222.0,3.166625,0.867375,0.000322239124
222.0,3.167125,0.867375,0.000322239124
222.0,3.16725,0.86725,0.000322239124
222.0,3.167125,0.867125,0.000322239124
222.0,3.1665,0.867375,0.000322239124
222.0,3.165375,0.8675,0.000322239124
222.0,3.165625,0.86775,0.000322239124
222.0,3.165625,0.86775,0.000322239124
222.0,3.165875,0.86775,0.000322239124
222.0,3.16575,0.867875,0.000322239124
222.0,3.16525,0.867875,0.000322239124
222.0,3.16525,0.868,0.000322239124
222.0,3.16625,0.868,0.000322239124
222.0,3.166375,0.868,0.000322239124
222.0,3.166,0.86775,0.000322239124
222.0,3.16625,0.867375,0.000322239124
222.0,3.166125,0.867125,0.000322239124
222.0,3.16625,0.867375,0.000322239124
222.0,3.166875,0.867375,0.000322239124
222.0,3.167,0.86725,0.000322239124
222.0,3.167125,0.86725,0.000322239124
222.0,3.166625,0.8675,0.000322239124
222.0,3.16575,0.86775,0.000322239124
222.0,3.16575,0.86775,0.000322239124
222.0,3.16575,0.86775,0.000322239124
222.0,3.166,0.867875,0.000322239124
222.0,3.16575,0.867875,0.000322239124
222.0,3.1655,0.867875,0.000322239124
222.0,3.16525,0.868,0.000322239124
222.0,3.166,0.868125,0.000322239124
222.0,3.16675,0.868,0.000322239124
222.0,3.166625,0.86775,0.000322239124
222.0,3.1665,0.867625,0.000322239124
222.0,3.166375,0.8675,0.000322239124
222.0,3.166875,0.8675,0.000322239124
222.0,3.167375,0.8675,0.000322239124
222.0,3.167625,0.867375,0.000322239124
222.0,3.166875,0.86725,0.000322239124
222.0,3.165875,0.867625,0.000322239124
222.0,3.165625,0.867625,0.000322239124
222.0,3.165625,0.867625,0.000322239124
222.0,3.165625,0.867625,0.000322239124
222.0,3.165875,0.86775,0.000322239124
222.0,3.165875,0.86775,0.000322239124
222.0,3.165625,0.86775,0.000322239124
222.0,3.165875,0.868125,0.000322239124
222.0,3.1665,0.868,0.000322239124
222.0,3.1665,0.86775,0.000322239124
222.0,3.166375,0.8675,0.000322239124
222.0,3.166375,0.867375,0.000322239124
222.0,3.1665,0.8675,0.000322239124
222.0,3.166875,0.8675,0.000322239124
222.0,3.16725,0.8675,0.000322239124
222.0,3.167,0.86725,0.000322239124
222.0,3.1665,0.8675,0.000322239124
223.0,3.194,0.915,0.000322237087
223.0,3.1935,0.915,0.000322237087
223.0,3.19275,0.915,0.000322237087
223.0,3.193,0.915125,0.000322237087
223.0,3.193,0.915375,0.000322237087
223.0,3.193,0.915375,0.000322237087
223.0,3.193125,0.915375,0.000322237087
223.0,3.193,0.915625,0.000322237087
223.0,3.193,0.915625,0.000322237087
223.0,3.19325,0.915625,0.000322237087
223.0,3.193125,0.915375,0.000322237087
223.0,3.193375,0.91525,0.000322237087
223.0,3.1935,0.915,0.000322237087
223.0,3.193375,0.914875,0.000322237087
223.0,3.19425,0.915,0.000322237087
223.0,3.194875,0.914875,0.000322237087
223.0,3.194375,0.914875,0.000322237087
223.0,3.19375,0.915,0.000322237087
223.0,3.193125,0.91525,0.000322237087
223.0,3.193,0.914875,0.000322237087
223.0,3.193375,0.915375,0.000322237087
223.0,3.193125,0.91525,0.000322237087
223.0,3.193,0.915125,0.000322237087
223.0,3.192625,0.915375,0.000322237087
223.0,3.192625,0.915375,0.000322237087
223.0,3.192875,0.915375,0.000322237087
223.0,3.1935,0.9155,0.000322237087
223.0,3.193375,0.91525,0.000322237087
223.0,3.193625,0.915,0.000322237087
223.0,3.193875,0.914875,0.000322237087
223.0,3.193875,0.915,0.000322237087
223.0,3.194375,0.915125,0.000322237087
223.0,3.194875,0.915,0.000322237087
223.0,3.194625,0.914875,0.000322237087
223.0,3.1935,0.91525,0.000322237087
223.0,3.192375,0.915,0.000322237087
223.0,3.19275,0.915,0.000322237087
223.0,3.193375,0.915125,0.000322237087
223.0,3.19325,0.91525,0.000322237087
223.0,3.192625,0.915375,0.000322237087
223.0,3.192875,0.915375,0.000322237087
223.0,3.192875,0.915375,0.000322237087
223.0,3.1935,0.915625,0.000322237087
223.0,3.193375,0.915625,0.000322237087
223.0,3.1935,0.91525,0.000322237087
223.0,3.194,0.914875,0.000322237087
223.0,3.19375,0.915,0.000322237087
223.0,3.19375,0.915,0.000322237087
223.0,3.1945,0.915,0.000322237087
223.0,3.19425,0.91475,0.000322237087
223.0,3.193375,0.91475,0.000322237087
223.0,3.193125,0.915,0.000322237087
223.0,3.193,0.91525,0.000322237087
223.0,3.193,0.915125,0.000322237087
223.0,3.193375,0.9155,0.000322237087
223.0,3.193,0.915375,0.000322237087
223.0,3.192625,0.91525,0.000322237087
223.0,3.192625,0.91525,0.000322237087
223.0,3.193125,0.915625,0.000322237087
223.0,3.19325,0.915625,0.000322237087
223.0,3.193,0.9155,0.000322237087
223.0,3.193,0.915125,0.000322237087
223.0,3.193625,0.914875,0.000322237087
223.0,3.19375,0.914875,0.000322237087
223.0,3.194,0.915,0.000322237087
223.0,3.194125,0.915,0.000322237087
223.0,3.194,0.91475,0.000322237087
223.0,3.1935,0.914875,0.000322237087
223.0,3.1925,0.91525,0.000322237087
223.0,3.192375,0.915125,0.000322237087
223.0,3.193,0.915125,0.000322237087
223.0,3.19325,0.915375,0.000322237087
223.0,3.192875,0.915375,0.000322237087
223.0,3.192875,0.915375,0.000322237087
223.0,3.19275,0.915375,0.000322237087
223.0,3.193,0.915875,0.000322237087
223.0,3.19375,0.9155,0.000322237087
223.0,3.193375,0.915375,0.000322237087
223.0,3.193375,0.915,0.000322237087
223.0,3.1935,0.915125,0.000322237087
223.0,3.19375,0.915125,0.000322237087
223.0,3.194375,0.915125,0.000322237087
223.0,3.194125,0.914875,0.000322237087
223.0,3.193625,0.914875,0.000322237087
223.0,3.193375,0.915,0.000322237087
223.0,3.192875,0.91525,0.000322237087
223.0,3.192875,0.91525,0.000322237087
223.0,3.193,0.91525,0.000322237087
223.0,3.193125,0.9155,0.000322237087
223.0,3.193125,0.9155,0.000322237087
223.0,3.192375,0.915375,0.000322237087
223.0,3.19225,0.915625,0.000322237087
223.0,3.19325,0.91575,0.000322237087
223.0,3.1935,0.915625,0.000322237087
223.0,3.19325,0.915125,0.000322237087
223.0,3.1935,0.91525,0.000322237087
223.0,3.1935,0.915,0.000322237087
223.0,3.193375,0.915,0.000322237087
223.0,3.194,0.915125,0.000322237087
223.0,3.193875,0.914875,0.000322237087
223.0,3.19375,0.915125,0.000322237087
223.0,3.192875,0.91525,0.000322237087
223.0,3.192125,0.915125,0.000322237087
223.0,3.1925,0.915125,0.000322237087
223.0,3.192875,0.91525,0.000322237087
223.0,3.192875,0.91525,0.000322237087
223.0,3.1925,0.915375,0.000322237087
223.0,3.1925,0.915375,0.000322237087
223.0,3.192625,0.915625,0.000322237087
223.0,3.193125,0.91575,0.000322237087
223.0,3.193125,0.915375,0.000322237087
223.0,3.193,0.915125,0.000322237087
223.0,3.193625,0.915125,0.000322237087
223.0,3.193625,0.915125,0.000322237087
223.0,3.193875,0.915125,0.000322237087
223.0,3.19425,0.915,0.000322237087
223.0,3.194375,0.91475,0.000322237087
223.0,3.19375,0.915,0.000322237087
223.0,3.19275,0.915,0.000322237087
223.0,3.19275,0.91475,0.000322237087
223.0,3.19325,0.915125,0.000322237087
223.0,3.19325,0.915125,0.000322237087
223.0,3.19325,0.9155,0.000322237087
223.0,3.19325,0.91525,0.000322237087
223.0,3.19275,0.915375,0.000322237087
223.0,3.193125,0.91575,0.000322237087
223.0,3.19325,0.91575,0.000322237087
223.0,3.193,0.9155,0.000322237087
223.0,3.19325,0.91525,0.000322237087
223.0,3.193875,0.91525,0.000322237087
223.0,3.1935,0.915125,0.000322237087
223.0,3.193875,0.915,0.000322237087
223.0,3.194625,0.915,0.000322237087
223.0,3.19425,0.914875,0.000322237087
223.0,3.193375,0.915125,0.000322237087
223.0,3.192625,0.915125,0.000322237087
223.0,3.192875,0.915125,0.000322237087
223.0,3.193125,0.915125,0.000322237087
223.0,3.193125,0.91525,0.000322237087
223.0,3.193,0.91525,0.000322237087
223.0,3.19225,0.91525,0.000322237087
223.0,3.19225,0.9155,0.000322237087
223.0,3.192875,0.915625,0.000322237087
223.0,3.1935,0.9155,0.000322237087
223.0,3.193125,0.915,0.000322237087
223.0,3.193625,0.91475,0.000322237087
223.0,3.193625,0.915,0.000322237087
223.0,3.193375,0.915,0.000322237087
223.0,3.19375,0.914875,0.000322237087
223.0,3.19425,0.914875,0.000322237087
223.0,3.194,0.914625,0.000322237087
223.0,3.19325,0.915,0.000322237087
223.0,3.192625,0.91525,0.000322237087
223.0,3.19325,0.91525,0.000322237087
223.0,3.19325,0.915375,0.000322237087
223.0,3.1935,0.91525,0.000322237087
223.0,3.193125,0.91525,0.000322237087
223.0,3.19275,0.915375,0.000322237087
223.0,3.19325,0.9155,0.000322237087
223.0,3.193625,0.9155,0.000322237087
223.0,3.193375,0.91525,0.000322237087
223.0,3.19325,0.914875,0.000322237087
223.0,3.193625,0.91475,0.000322237087
223.0,3.193375,0.914875,0.000322237087
223.0,3.193875,0.914875,0.000322237087
223.0,3.194875,0.915,0.000322237087
223.0,3.19475,0.91475,0.000322237087
223.0,3.193875,0.914875,0.000322237087
223.0,3.193,0.915125,0.000322237087
224.0,3.218375,0.963375,0.000322236039
224.0,3.21775,0.963625,0.000322236039
224.0,3.218125,0.96375,0.000322236039
224.0,3.2185,0.96375,0.000322236039
224.0,3.21825,0.96375,0.000322236039
224.0,3.21775,0.963625,0.000322236039
224.0,3.217625,0.963875,0.000322236039
224.0,3.218625,0.964,0.000322236039
224.0,3.218625,0.964,0.000322236039
224.0,3.218625,0.96375,0.000322236039
224.0,3.2185,0.9635,0.000322236039
224.0,3.218625,0.963375,0.000322236039
224.0,3.2185,0.963375,0.000322236039
224.0,3.2185,0.9635,0.000322236039
224.0,3.21925,0.963375,0.000322236039
224.0,3.219375,0.963375,0.000322236039
224.0,3.218875,0.96325,0.000322236039
224.0,3.218,0.963375,0.000322236039
224.0,3.218125,0.9635,0.000322236039
224.0,3.21875,0.963625,0.000322236039
224.0,3.218375,0.96375,0.000322236039
224.0,3.21775,0.963625,0.000322236039
224.0,3.217625,0.963625,0.000322236039
224.0,3.218125,0.963875,0.000322236039
224.0,3.218125,0.964,0.000322236039
224.0,3.218625,0.964,0.000322236039
224.0,3.218,0.963625,0.000322236039
224.0,3.21825,0.963375,0.000322236039
224.0,3.21875,0.96325,0.000322236039
224.0,3.2185,0.96325,0.000322236039
224.0,3.21875,0.96325,0.000322236039
224.0,3.21925,0.963375,0.000322236039
224.0,3.219375,0.963125,0.000322236039
224.0,3.2185,0.963375,0.000322236039
224.0,3.21775,0.9635,0.000322236039
224.0,3.21825,0.963625,0.000322236039
224.0,3.2185,0.963875,0.000322236039
224.0,3.218,0.963625,0.000322236039
224.0,3.2175,0.963625,0.000322236039
224.0,3.217625,0.963625,0.000322236039
224.0,3.217625,0.964,0.000322236039
224.0,3.218375,0.964,0.000322236039
224.0,3.218,0.963875,0.000322236039
224.0,3.218125,0.96325,0.000322236039
224.0,3.2185,0.96325,0.000322236039
224.0,3.218375,0.963375,0.000322236039
224.0,3.219,0.9635,0.000322236039
224.0,3.219875,0.963375,0.000322236039
224.0,3.219875,0.96325,0.000322236039
224.0,3.219125,0.96325,0.000322236039
224.0,3.217875,0.963625,0.000322236039
224.0,3.217375,0.963625,0.000322236039
224.0,3.218,0.963625,0.000322236039
224.0,3.21875,0.96375,0.000322236039
224.0,3.21825,0.9635,0.000322236039
224.0,3.218,0.963625,0.000322236039
224.0,3.218,0.963875,0.000322236039
224.0,3.218,0.963875,0.000322236039
224.0,3.218875,0.963875,0.000322236039
224.0,3.21875,0.963625,0.000322236039
224.0,3.218875,0.963375,0.000322236039
224.0,3.218875,0.963375,0.000322236039
224.0,3.219125,0.963375,0.000322236039
224.0,3.219375,0.96325,0.000322236039
224.0,3.21925,0.96325,0.000322236039
224.0,3.21925,0.963125,0.000322236039
224.0,3.21875,0.96325,0.000322236039
224.0,3.217875,0.9635,0.000322236039
224.0,3.218,0.96325,0.000322236039
224.0,3.218375,0.9635,0.000322236039
224.0,3.218375,0.963625,0.000322236039
224.0,3.21825,0.9635,0.000322236039
224.0,3.21775,0.963625,0.000322236039
224.0,3.21775,0.963625,0.000322236039
224.0,3.217875,0.963875,0.000322236039
224.0,3.218625,0.963875,0.000322236039
224.0,3.2185,0.96375,0.000322236039
224.0,3.21875,0.963375,0.000322236039
224.0,3.219,0.963375,0.000322236039
224.0,3.218875,0.963375,0.000322236039
224.0,3.219375,0.96325,0.000322236039
224.0,3.21975,0.96325,0.000322236039
224.0,3.21925,0.963,0.000322236039
224.0,3.21875,0.96325,0.000322236039
224.0,3.218,0.963625,0.000322236039
224.0,3.218125,0.963625,0.000322236039
224.0,3.218375,0.963625,0.000322236039
224.0,3.218625,0.96375,0.000322236039
224.0,3.21825,0.9635,0.000322236039
224.0,3.21825,0.9635,0.000322236039
224.0,3.217875,0.96375,0.000322236039
224.0,3.21825,0.964,0.000322236039
224.0,3.2185,0.96375,0.000322236039
224.0,3.218375,0.96375,0.000322236039
224.0,3.219125,0.963375,0.000322236039
224.0,3.21925,0.963375,0.000322236039
224.0,3.219125,0.963375,0.000322236039
224.0,3.219375,0.963375,0.000322236039
224.0,3.219375,0.963125,0.000322236039
224.0,3.21875,0.96325,0.000322236039
224.0,3.218125,0.963875,0.000322236039
224.0,3.217375,0.96375,0.000322236039
224.0,3.217875,0.963375,0.000322236039
224.0,3.21825,0.963625,0.000322236039
224.0,3.218,0.963625,0.000322236039
224.0,3.218,0.963625,0.000322236039
224.0,3.217375,0.963625,0.000322236039
224.0,3.21775,0.963875,0.000322236039
224.0,3.21875,0.964,0.000322236039
224.0,3.218875,0.96375,0.000322236039
224.0,3.218875,0.9635,0.000322236039
224.0,3.21875,0.96325,0.000322236039
224.0,3.218875,0.96325,0.000322236039
224.0,3.21925,0.9635,0.000322236039
224.0,3.219875,0.963375,0.000322236039
224.0,3.2195,0.96325,0.000322236039
224.0,3.218875,0.96325,0.000322236039
224.0,3.218125,0.963625,0.000322236039
224.0,3.217875,0.963625,0.000322236039
224.0,3.218,0.96375,0.000322236039
224.0,3.218125,0.96375,0.000322236039
224.0,3.218125,0.96375,0.000322236039
224.0,3.21775,0.96375,0.000322236039
224.0,3.217375,0.96375,0.000322236039
224.0,3.218125,0.964125,0.000322236039
224.0,3.21875,0.964125,0.000322236039
224.0,3.21875,0.963875,0.000322236039
224.0,3.21875,0.963375,0.000322236039
224.0,3.219125,0.963375,0.000322236039
224.0,3.219125,0.963375,0.000322236039
224.0,3.219125,0.963375,0.000322236039
224.0,3.219375,0.963125,0.000322236039
224.0,3.21925,0.963125,0.000322236039
224.0,3.218625,0.9635,0.000322236039
224.0,3.218125,0.963625,0.000322236039
224.0,3.218125,0.963625,0.000322236039
224.0,3.21825,0.963875,0.000322236039
224.0,3.217875,0.963875,0.000322236039
224.0,3.217875,0.963875,0.000322236039
224.0,3.21775,0.9635,0.000322236039
224.0,3.21725,0.963875,0.000322236039
224.0,3.218125,0.964125,0.000322236039
224.0,3.218125,0.964,0.000322236039
224.0,3.217875,0.96375,0.000322236039
224.0,3.218375,0.963625,0.000322236039
224.0,3.218625,0.963375,0.000322236039
224.0,3.21875,0.963375,0.000322236039
224.0,3.2195,0.963375,0.000322236039
224.0,3.219625,0.96325,0.000322236039
224.0,3.219,0.96325,0.000322236039
224.0,3.218,0.963375,0.000322236039
224.0,3.21775,0.96375,0.000322236039
224.0,3.217875,0.963625,0.000322236039
224.0,3.218125,0.963625,0.000322236039
224.0,3.218125,0.963625,0.000322236039
224.0,3.21825,0.963625,0.000322236039
224.0,3.217875,0.96375,0.000322236039
224.0,3.21775,0.963875,0.000322236039
224.0,3.21825,0.964,0.000322236039
224.0,3.2185,0.963875,0.000322236039
224.0,3.218125,0.963875,0.000322236039
224.0,3.2185,0.963375,0.000322236039
224.0,3.21875,0.96325,0.000322236039
224.0,3.218875,0.963375,0.000322236039
224.0,3.21975,0.9635,0.000322236039
224.0,3.219875,0.963,0.000322236039
224.0,3.21925,0.963,0.000322236039
224.0,3.218125,0.963625,0.000322236039
224.0,3.217625,0.96375,0.000322236039
225.0,3.24075,1.012875,0.000322039617
225.0,3.241,1.013125,0.000322039617
225.0,3.24175,1.013125,0.000322039617
225.0,3.242,1.013,0.000322039617
225.0,3.2415,1.01275,0.000322039617
225.0,3.242125,1.012625,0.000322039617
225.0,3.242125,1.012625,0.000322039617
225.0,3.24225,1.012625,0.000322039617
225.0,3.24225,1.012625,0.000322039617
225.0,3.242875,1.012625,0.000322039617
225.0,3.243,1.012625,0.000322039617
225.0,3.242375,1.0125,0.000322039617
225.0,3.241875,1.01275,0.000322039617
225.0,3.241375,1.012625,0.000322039617
225.0,3.241375,1.0125,0.000322039617
225.0,3.241375,1.013,0.000322039617
225.0,3.241125,1.01275,0.000322039617
225.0,3.241,1.013,0.000322039617
225.0,3.24125,1.013125,0.000322039617
225.0,3.241625,1.013125,0.000322039617
225.0,3.2415,1.01325,0.000322039617
225.0,3.241625,1.01275,0.000322039617
225.0,3.242125,1.012625,0.000322039617
225.0,3.242,1.0125,0.000322039617
225.0,3.242,1.0125,0.000322039617
225.0,3.242,1.012625,0.000322039617
225.0,3.242375,1.0125,0.000322039617
225.0,3.24225,1.012375,0.000322039617
225.0,3.241875,1.0125,0.000322039617
225.0,3.24125,1.012625,0.000322039617
225.0,3.240875,1.0125,0.000322039617
225.0,3.24075,1.01275,0.000322039617
225.0,3.24125,1.012875,0.000322039617
225.0,3.24075,1.01275,0.000322039617
225.0,3.24075,1.013125,0.000322039617
225.0,3.24125,1.013125,0.000322039617
225.0,3.241875,1.013125,0.000322039617
225.0,3.241625,1.012875,0.000322039617
225.0,3.241625,1.012375,0.000322039617
225.0,3.241625,1.012375,0.000322039617
225.0,3.242125,1.0125,0.000322039617
225.0,3.242125,1.0125,0.000322039617
225.0,3.242625,1.0125,0.000322039617
225.0,3.242625,1.01225,0.000322039617
225.0,3.242625,1.012375,0.000322039617
225.0,3.241875,1.012625,0.000322039617
225.0,3.2415,1.012625,0.000322039617
225.0,3.241125,1.012625,0.000322039617
225.0,3.241125,1.01275,0.000322039617
225.0,3.241375,1.013,0.000322039617
225.0,3.240625,1.012875,0.000322039617
225.0,3.24075,1.013,0.000322039617
225.0,3.2415,1.01325,0.000322039617
225.0,3.241375,1.013,0.000322039617
225.0,3.241625,1.0125,0.000322039617
225.0,3.242,1.012375,0.000322039617
225.0,3.242125,1.012375,0.000322039617
225.0,3.242125,1.012375,0.000322039617
225.0,3.242125,1.012625,0.000322039617
225.0,3.2425,1.012625,0.000322039617
225.0,3.24275,1.012625,0.000322039617
225.0,3.24225,1.0125,0.000322039617
225.0,3.241375,1.012875,0.000322039617
225.0,3.241,1.01275,0.000322039617
225.0,3.241375,1.01275,0.000322039617
225.0,3.24175,1.012875,0.000322039617
225.0,3.241875,1.013,0.000322039617
225.0,3.241125,1.01275,0.000322039617
225.0,3.241125,1.01325,0.000322039617
225.0,3.24175,1.01325,0.000322039617
225.0,3.241625,1.013,0.000322039617
225.0,3.2415,1.01275,0.000322039617
225.0,3.241875,1.0125,0.000322039617
225.0,3.241875,1.0125,0.000322039617
225.0,3.24175,1.0125,0.000322039617
225.0,3.24175,1.012625,0.000322039617
225.0,3.2425,1.012375,0.000322039617
225.0,3.242875,1.012375,0.000322039617
225.0,3.241625,1.01225,0.000322039617
225.0,3.241,1.012375,0.000322039617
225.0,3.241,1.012625,0.000322039617
225.0,3.2415,1.012875,0.000322039617
225.0,3.241625,1.012875,0.000322039617
225.0,3.241125,1.012875,0.000322039617
225.0,3.24075,1.013,0.000322039617
225.0,3.2415,1.013125,0.000322039617
225.0,3.2415,1.013125,0.000322039617
225.0,3.241375,1.012875,0.000322039617
225.0,3.241375,1.012625,0.000322039617
225.0,3.241375,1.012625,0.000322039617
225.0,3.2415,1.012625,0.000322039617
225.0,3.242125,1.012625,0.000322039617
225.0,3.242875,1.012625,0.000322039617
225.0,3.242875,1.0125,0.000322039617
225.0,3.2425,1.012375,0.000322039617
225.0,3.24175,1.01275,0.000322039617
225.0,3.241125,1.013,0.000322039617
225.0,3.241375,1.01275,0.000322039617
225.0,3.24125,1.012875,0.000322039617
225.0,3.24125,1.013,0.000322039617
225.0,3.24075,1.012875,0.000322039617
225.0,3.24075,1.013125,0.000322039617
225.0,3.241625,1.01325,0.000322039617
225.0,3.24175,1.013125,0.000322039617
225.0,3.241625,1.01275,0.000322039617
225.0,3.241625,1.01275,0.000322039617
225.0,3.242125,1.0125,0.000322039617
225.0,3.242125,1.012625,0.000322039617
225.0,3.24225,1.01275,0.000322039617
225.0,3.243,1.01275,0.000322039617
225.0,3.2435,1.012625,0.000322039617
225.0,3.242625,1.0125,0.000322039617
225.0,3.2415,1.012875,0.000322039617
225.0,3.240875,1.012875,0.000322039617
225.0,3.24125,1.012875,0.000322039617
225.0,3.241375,1.013,0.000322039617
225.0,3.24075,1.013,0.000322039617
225.0,3.240125,1.013,0.000322039617
225.0,3.240625,1.01325,0.000322039617
225.0,3.241375,1.013375,0.000322039617
225.0,3.2415,1.013125,0.000322039617
225.0,3.2415,1.012625,0.000322039617
225.0,3.24175,1.012625,0.000322039617
225.0,3.242,1.012625,0.000322039617
225.0,3.242,1.0125,0.000322039617
225.0,3.242125,1.0125,0.000322039617
225.0,3.24275,1.012625,0.000322039617
225.0,3.242375,1.0125,0.000322039617
225.0,3.242,1.012625,0.000322039617
225.0,3.241,1.013,0.000322039617
225.0,3.24075,1.0125,0.000322039617
225.0,3.241375,1.01275,0.000322039617
225.0,3.2415,1.012875,0.000322039617
225.0,3.24125,1.01275,0.000322039617
225.0,3.240875,1.012875,0.000322039617
225.0,3.24125,1.013125,0.000322039617
225.0,3.242125,1.013125,0.000322039617
225.0,3.24175,1.01275,0.000322039617
225.0,3.24175,1.01275,0.000322039617
225.0,3.241875,1.01275,0.000322039617
225.0,3.242125,1.0125,0.000322039617
225.0,3.241875,1.0125,0.000322039617
225.0,3.24225,1.01275,0.000322039617
225.0,3.242875,1.0125,0.000322039617
225.0,3.2425,1.01225,0.000322039617
225.0,3.24125,1.012375,0.000322039617
225.0,3.240625,1.012625,0.000322039617
225.0,3.241125,1.012625,0.000322039617
225.0,3.241625,1.012875,0.000322039617
225.0,3.2415,1.013125,0.000322039617
225.0,3.241125,1.012875,0.000322039617
225.0,3.241375,1.012875,0.000322039617
225.0,3.24175,1.013375,0.000322039617
225.0,3.2415,1.013125,0.000322039617
225.0,3.2415,1.013125,0.000322039617
225.0,3.241375,1.012875,0.000322039617
225.0,3.242,1.0125,0.000322039617
225.0,3.24175,1.012375,0.000322039617
225.0,3.241625,1.0125,0.000322039617
225.0,3.2425,1.0125,0.000322039617
225.0,3.243125,1.0125,0.000322039617
225.0,3.242625,1.0125,0.000322039617
225.0,3.241375,1.01275,0.000322039617
225.0,3.241,1.012875,0.000322039617
225.0,3.2415,1.012875,0.000322039617
225.0,3.241625,1.012875,0.000322039617
225.0,3.2415,1.012875,0.000322039617
225.0,3.241,1.013,0.000322039617
225.0,3.241,1.01325,0.000322039617
226.0,3.262875,1.062625,0.000322035077
226.0,3.262625,1.0625,0.000322035077
226.0,3.26275,1.062625,0.000322035077
226.0,3.263375,1.0625,0.000322035077
226.0,3.263625,1.062375,0.000322035077
226.0,3.263375,1.06225,0.000322035077
226.0,3.26225,1.062625,0.000322035077
226.0,3.2615,1.06275,0.000322035077
226.0,3.2615,1.06275,0.000322035077
226.0,3.26225,1.06275,0.000322035077
226.0,3.26275,1.06275,0.000322035077
226.0,3.262125,1.06275,0.000322035077
226.0,3.26175,1.06275,0.000322035077
226.0,3.262,1.063125,0.000322035077
226.0,3.262875,1.063375,0.000322035077
226.0,3.26275,1.063125,0.000322035077
226.0,3.262625,1.062625,0.000322035077
226.0,3.262625,1.06225,0.000322035077
226.0,3.262625,1.062375,0.000322035077
226.0,3.26325,1.062625,0.000322035077
226.0,3.264,1.0625,0.000322035077
226.0,3.26375,1.062375,0.000322035077
226.0,3.26325,1.062375,0.000322035077
226.0,3.2625,1.062625,0.000322035077
226.0,3.262125,1.062625,0.000322035077
226.0,3.262125,1.062625,0.000322035077
226.0,3.262125,1.06275,0.000322035077
226.0,3.262125,1.06275,0.000322035077
226.0,3.262,1.062625,0.000322035077
226.0,3.262,1.062875,0.000322035077
226.0,3.262375,1.063,0.000322035077
226.0,3.262875,1.06325,0.000322035077
226.0,3.262625,1.063,0.000322035077
226.0,3.262875,1.06275,0.000322035077
226.0,3.263125,1.062625,0.000322035077
226.0,3.263,1.0625,0.000322035077
226.0,3.263125,1.0625,0.000322035077
226.0,3.263375,1.0625,0.000322035077
226.0,3.263375,1.06225,0.000322035077
226.0,3.262625,1.062625,0.000322035077
226.0,3.261875,1.06275,0.000322035077
226.0,3.261875,1.06275,0.000322035077
226.0,3.262,1.06275,0.000322035077
226.0,3.2625,1.06275,0.000322035077
226.0,3.2625,1.06275,0.000322035077
226.0,3.26175,1.0625,0.000322035077
226.0,3.26175,1.062875,0.000322035077
226.0,3.261875,1.063125,0.000322035077
226.0,3.26225,1.06325,0.000322035077
226.0,3.262375,1.062625,0.000322035077
226.0,3.26275,1.062375,0.000322035077
226.0,3.262875,1.0625,0.000322035077
226.0,3.262875,1.0625,0.000322035077
226.0,3.263625,1.0625,0.000322035077
226.0,3.2635,1.0625,0.000322035077
226.0,3.263,1.062375,0.000322035077
226.0,3.2625,1.0625,0.000322035077
226.0,3.2625,1.0625,0.000322035077
226.0,3.26225,1.062625,0.000322035077
226.0,3.262375,1.06275,0.000322035077
226.0,3.262375,1.062875,0.000322035077
226.0,3.262375,1.062875,0.000322035077
226.0,3.261875,1.063,0.000322035077
226.0,3.262125,1.063125,0.000322035077
226.0,3.263,1.063375,0.000322035077
226.0,3.262375,1.063125,0.000322035077
226.0,3.262125,1.062625,0.000322035077
226.0,3.262875,1.0625,0.000322035077
226.0,3.26325,1.062625,0.000322035077
226.0,3.26325,1.0625,0.000322035077
226.0,3.26375,1.062375,0.000322035077
226.0,3.264,1.062375,0.000322035077
226.0,3.263125,1.062375,0.000322035077
226.0,3.263125,1.062375,0.000322035077
226.0,3.26225,1.062875,0.000322035077
226.0,3.261875,1.06275,0.000322035077
226.0,3.2625,1.062875,0.000322035077
226.0,3.262625,1.063,0.000322035077
226.0,3.262125,1.063,0.000322035077
226.0,3.26175,1.062875,0.000322035077
226.0,3.262,1.063125,0.000322035077
226.0,3.2625,1.063,0.000322035077
226.0,3.2625,1.063,0.000322035077
226.0,3.262875,1.06275,0.000322035077
226.0,3.263375,1.062625,0.000322035077
226.0,3.26325,1.062625,0.000322035077
226.0,3.26375,1.062375,0.000322035077
226.0,3.26375,1.0625,0.000322035077
226.0,3.263875,1.06225,0.000322035077
226.0,3.263875,1.06225,0.000322035077
226.0,3.26325,1.062375,0.000322035077
226.0,3.262375,1.06275,0.000322035077
226.0,3.262375,1.062625,0.000322035077
226.0,3.262125,1.062875,0.000322035077
226.0,3.26225,1.062875,0.000322035077
226.0,3.262,1.062875,0.000322035077
226.0,3.26175,1.062875,0.000322035077
226.0,3.262375,1.063,0.000322035077
226.0,3.2625,1.063125,0.000322035077
226.0,3.2625,1.062875,0.000322035077
226.0,3.262625,1.062625,0.000322035077
226.0,3.263125,1.06275,0.000322035077
226.0,3.263375,1.06275,0.000322035077
226.0,3.263625,1.062625,0.000322035077
226.0,3.26375,1.062375,0.000322035077
226.0,3.26375,1.062375,0.000322035077
226.0,3.2635,1.06225,0.000322035077
226.0,3.26275,1.062625,0.000322035077
226.0,3.261875,1.062875,0.000322035077
226.0,3.262125,1.063,0.000322035077
226.0,3.262625,1.062875,0.000322035077
226.0,3.26225,1.062875,0.000322035077
226.0,3.261625,1.062875,0.000322035077
226.0,3.261875,1.063125,0.000322035077
226.0,3.263,1.063,0.000322035077
226.0,3.263,1.063,0.000322035077
226.0,3.263125,1.06275,0.000322035077
226.0,3.26325,1.0625,0.000322035077
226.0,3.263,1.0625,0.000322035077
226.0,3.2635,1.062625,0.000322035077
226.0,3.263875,1.0625,0.000322035077
226.0,3.264,1.06225,0.000322035077
226.0,3.264,1.06225,0.000322035077
226.0,3.263625,1.062375,0.000322035077
226.0,3.262625,1.062625,0.000322035077
226.0,3.26225,1.062625,0.000322035077
226.0,3.2625,1.062875,0.000322035077
226.0,3.26275,1.063,0.000322035077
226.0,3.261875,1.062625,0.000322035077
226.0,3.2615,1.062875,0.000322035077
226.0,3.262125,1.06325,0.000322035077
226.0,3.26275,1.06325,0.000322035077
226.0,3.26325,1.063,0.000322035077
226.0,3.263,1.062625,0.000322035077
226.0,3.26275,1.0625,0.000322035077
226.0,3.263,1.062625,0.000322035077
226.0,3.263875,1.062625,0.000322035077
226.0,3.26425,1.0625,0.000322035077
226.0,3.26425,1.0625,0.000322035077
226.0,3.263625,1.062375,0.000322035077
226.0,3.262875,1.0625,0.000322035077
226.0,3.2625,1.06275,0.000322035077
226.0,3.262375,1.062625,0.000322035077
226.0,3.2625,1.06275,0.000322035077
226.0,3.262875,1.062875,0.000322035077
226.0,3.262,1.063,0.000322035077
226.0,3.261625,1.063,0.000322035077
226.0,3.262375,1.06325,0.000322035077
226.0,3.262375,1.063125,0.000322035077
226.0,3.26225,1.063125,0.000322035077
226.0,3.26275,1.062625,0.000322035077
226.0,3.263,1.0625,0.000322035077
226.0,3.263125,1.06275,0.000322035077
226.0,3.2635,1.0625,0.000322035077
226.0,3.2635,1.0625,0.000322035077
226.0,3.263625,1.062375,0.000322035077
226.0,3.263375,1.062375,0.000322035077
226.0,3.262375,1.06275,0.000322035077
226.0,3.261375,1.06275,0.000322035077
226.0,3.261875,1.062625,0.000322035077
226.0,3.261875,1.06275,0.000322035077
226.0,3.262,1.063,0.000322035077
226.0,3.262125,1.06275,0.000322035077
226.0,3.262,1.063125,0.000322035077
226.0,3.26225,1.063125,0.000322035077
226.0,3.2625,1.063125,0.000322035077
226.0,3.2625,1.06275,0.000322035077
226.0,3.262625,1.062375,0.000322035077
226.0,3.262875,1.0625,0.000322035077
227.0,3.281,1.11225,0.000322217267
227.0,3.28125,1.11225,0.000322217267
227.0,3.2815,1.1125,0.000322217267
227.0,3.2815,1.1125,0.000322217267
227.0,3.281375,1.112625,0.000322217267
227.0,3.281875,1.112875,0.000322217267
227.0,3.282375,1.112875,0.000322217267
227.0,3.281625,1.1125,0.000322217267
227.0,3.281625,1.1125,0.000322217267
227.0,3.2815,1.112125,0.000322217267
227.0,3.28225,1.112,0.000322217267
227.0,3.282125,1.112125,0.000322217267
227.0,3.282375,1.112125,0.000322217267
227.0,3.282875,1.112,0.000322217267
227.0,3.28275,1.112,0.000322217267
227.0,3.28225,1.112,0.000322217267
227.0,3.281625,1.11225,0.000322217267
227.0,3.281125,1.11225,0.000322217267
227.0,3.2815,1.112625,0.000322217267
227.0,3.2815,1.1125,0.000322217267
227.0,3.281375,1.112625,0.000322217267
227.0,3.281625,1.11275,0.000322217267
227.0,3.28175,1.113,0.000322217267
227.0,3.282,1.112875,0.000322217267
227.0,3.282,1.112625,0.000322217267
227.0,3.281625,1.112625,0.000322217267
227.0,3.281875,1.11225,0.000322217267
227.0,3.282125,1.112125,0.000322217267
227.0,3.28175,1.112125,0.000322217267
227.0,3.2825,1.11225,0.000322217267
227.0,3.282875,1.112125,0.000322217267
227.0,3.28275,1.111875,0.000322217267
227.0,3.282,1.112125,0.000322217267
227.0,3.28125,1.112125,0.000322217267
227.0,3.282,1.112375,0.000322217267
227.0,3.282125,1.112625,0.000322217267
227.0,3.282125,1.112625,0.000322217267
227.0,3.28125,1.1125,0.000322217267
227.0,3.281625,1.11275,0.000322217267
227.0,3.2825,1.11275,0.000322217267
227.0,3.282,1.1125,0.000322217267
227.0,3.282,1.1125,0.000322217267
227.0,3.281875,1.11225,0.000322217267
227.0,3.28225,1.112,0.000322217267
227.0,3.2825,1.11225,0.000322217267
227.0,3.2825,1.11225,0.000322217267
227.0,3.283,1.11225,0.000322217267
227.0,3.282875,1.112125,0.000322217267
227.0,3.282375,1.112125,0.000322217267
227.0,3.281625,1.112375,0.000322217267
227.0,3.281125,1.112375,0.000322217267
227.0,3.281375,1.112375,0.000322217267
227.0,3.28175,1.112625,0.000322217267
227.0,3.28175,1.112625,0.000322217267
227.0,3.281,1.112625,0.000322217267
227.0,3.28125,1.11275,0.000322217267
227.0,3.28175,1.112875,0.000322217267
227.0,3.28175,1.112875,0.000322217267
227.0,3.28175,1.112375,0.000322217267
227.0,3.282,1.11225,0.000322217267
227.0,3.282,1.112,0.000322217267
227.0,3.28225,1.112125,0.000322217267
227.0,3.28275,1.112375,0.000322217267
227.0,3.283125,1.112125,0.000322217267
227.0,3.283375,1.111875,0.000322217267
227.0,3.28225,1.112125,0.000322217267
227.0,3.281125,1.1125,0.000322217267
227.0,3.281,1.1125,0.000322217267
227.0,3.281125,1.112375,0.000322217267
227.0,3.281625,1.1125,0.000322217267
227.0,3.281375,1.1125,0.000322217267
227.0,3.281,1.112625,0.000322217267
227.0,3.281625,1.113,0.000322217267
227.0,3.281625,1.113,0.000322217267
227.0,3.282,1.112875,0.000322217267
227.0,3.282375,1.1125,0.000322217267
227.0,3.282375,1.112125,0.000322217267
227.0,3.282125,1.112125,0.000322217267
227.0,3.282125,1.11225,0.000322217267
227.0,3.282375,1.112125,0.000322217267
227.0,3.28275,1.112,0.000322217267
227.0,3.282875,1.111875,0.000322217267
227.0,3.28225,1.112125,0.000322217267
227.0,3.28125,1.112375,0.000322217267
227.0,3.28125,1.112375,0.000322217267
227.0,3.28175,1.1125,0.000322217267
227.0,3.282,1.11275,0.000322217267
227.0,3.280875,1.112625,0.000322217267
227.0,3.281,1.112875,0.000322217267
227.0,3.281,1.112875,0.000322217267
227.0,3.281875,1.113125,0.000322217267
227.0,3.282,1.112875,0.000322217267
227.0,3.282,1.1125,0.000322217267
227.0,3.282375,1.112375,0.000322217267
227.0,3.28225,1.112375,0.000322217267
227.0,3.2825,1.112125,0.000322217267
227.0,3.283125,1.11225,0.000322217267
227.0,3.283375,1.112125,0.000322217267
227.0,3.28275,1.112125,0.000322217267
227.0,3.281625,1.11225,0.000322217267
227.0,3.28125,1.11225,0.000322217267
227.0,3.281375,1.11225,0.000322217267
227.0,3.281625,1.112625,0.000322217267
227.0,3.2815,1.112625,0.000322217267
227.0,3.28125,1.112625,0.000322217267
227.0,3.28125,1.112625,0.000322217267
227.0,3.280875,1.11275,0.000322217267
227.0,3.2815,1.112875,0.000322217267
227.0,3.28175,1.11275,0.000322217267
227.0,3.28175,1.1125,0.000322217267
227.0,3.28225,1.112375,0.000322217267
227.0,3.28225,1.11225,0.000322217267
227.0,3.282375,1.11225,0.000322217267
227.0,3.283375,1.11225,0.000322217267
227.0,3.28275,1.112,0.000322217267
227.0,3.281875,1.11225,0.000322217267
227.0,3.281125,1.112375,0.000322217267
227.0,3.281125,1.1125,0.000322217267
227.0,3.281375,1.1125,0.000322217267
227.0,3.28125,1.112625,0.000322217267
227.0,3.281125,1.1125,0.000322217267
227.0,3.281125,1.112625,0.000322217267
227.0,3.28075,1.112625,0.000322217267
227.0,3.281375,1.112875,0.000322217267
227.0,3.282,1.112875,0.000322217267
227.0,3.2815,1.112625,0.000322217267
227.0,3.2815,1.112375,0.000322217267
227.0,3.281875,1.111875,0.000322217267
227.0,3.28175,1.112,0.000322217267
227.0,3.2825,1.11225,0.000322217267
227.0,3.283125,1.11225,0.000322217267
227.0,3.282625,1.112125,0.000322217267
227.0,3.281875,1.112125,0.000322217267
227.0,3.281,1.112375,0.000322217267
227.0,3.281,1.112375,0.000322217267
227.0,3.281625,1.11275,0.000322217267
227.0,3.281875,1.11275,0.000322217267
227.0,3.281625,1.112375,0.000322217267
227.0,3.281625,1.112375,0.000322217267
227.0,3.28125,1.11275,0.000322217267
227.0,3.281875,1.112875,0.000322217267
227.0,3.28225,1.112875,0.000322217267
227.0,3.281875,1.112625,0.000322217267
227.0,3.282,1.112375,0.000322217267
227.0,3.282125,1.112375,0.000322217267
227.0,3.282125,1.112375,0.000322217267
227.0,3.28275,1.1125,0.000322217267
227.0,3.28325,1.112125,0.000322217267
227.0,3.28275,1.112,0.000322217267
227.0,3.282,1.112375,0.000322217267
227.0,3.2815,1.1125,0.000322217267
227.0,3.281625,1.11225,0.000322217267
227.0,3.281875,1.112625,0.000322217267
227.0,3.281125,1.11275,0.000322217267
227.0,3.281125,1.11275,0.000322217267
227.0,3.28025,1.112625,0.000322217267
227.0,3.281,1.112875,0.000322217267
227.0,3.28175,1.113,0.000322217267
227.0,3.28175,1.1125,0.000322217267
227.0,3.28225,1.112125,0.000322217267
227.0,3.28225,1.112125,0.000322217267
227.0,3.282125,1.11225,0.000322217267
227.0,3.28225,1.112375,0.000322217267
227.0,3.283,1.11225,0.000322217267
227.0,3.282875,1.112125,0.000322217267
227.0,3.282125,1.112125,0.000322217267
227.0,3.281125,1.11225,0.000322217267
227.0,3.28125,1.112375,0.000322217267
227.0,3.281875,1.1125,0.000322217267
228.0,3.29925,1.16275,0.000322135427
228.0,3.299875,1.16275,0.000322135427
228.0,3.300125,1.1625,0.000322135427
228.0,3.299625,1.16225,0.000322135427
228.0,3.29875,1.162625,0.000322135427
228.0,3.298125,1.163,0.000322135427
228.0,3.298375,1.163,0.000322135427
228.0,3.298875,1.163,0.000322135427
228.0,3.298875,1.163,0.000322135427
228.0,3.298625,1.163,0.000322135427
228.0,3.29775,1.163,0.000322135427
228.0,3.298125,1.16325,0.000322135427
228.0,3.299125,1.163375,0.000322135427
228.0,3.299125,1.163,0.000322135427
228.0,3.299125,1.162875,0.000322135427
228.0,3.299,1.1625,0.000322135427
228.0,3.299,1.162625,0.000322135427
228.0,3.2995,1.16275,0.000322135427
228.0,3.300125,1.16275,0.000322135427
228.0,3.299875,1.1625,0.000322135427
228.0,3.29925,1.16225,0.000322135427
228.0,3.29825,1.162625,0.000322135427
228.0,3.298125,1.162625,0.000322135427
228.0,3.2985,1.162875,0.000322135427
228.0,3.2985,1.162875,0.000322135427
228.0,3.298625,1.163,0.000322135427
228.0,3.298375,1.163,0.000322135427
228.0,3.298,1.163125,0.000322135427
228.0,3.298625,1.163375,0.000322135427
228.0,3.299,1.163375,0.000322135427
228.0,3.298125,1.16275,0.000322135427
228.0,3.298625,1.16275,0.000322135427
228.0,3.29925,1.162625,0.000322135427
228.0,3.299125,1.162625,0.000322135427
228.0,3.2995,1.162625,0.000322135427
228.0,3.299875,1.1625,0.000322135427
228.0,3.299875,1.1625,0.000322135427
228.0,3.29875,1.162625,0.000322135427
228.0,3.298,1.162875,0.000322135427
228.0,3.29825,1.162875,0.000322135427
228.0,3.298375,1.163,0.000322135427
228.0,3.298375,1.163,0.000322135427
228.0,3.2985,1.163125,0.000322135427
228.0,3.298125,1.163,0.000322135427
228.0,3.298,1.163375,0.000322135427
228.0,3.298875,1.1635,0.000322135427
228.0,3.29875,1.16325,0.000322135427
228.0,3.298375,1.163,0.000322135427
228.0,3.298625,1.162875,0.000322135427
228.0,3.29925,1.16275,0.000322135427
228.0,3.2995,1.16275,0.000322135427
228.0,3.29975,1.162625,0.000322135427
228.0,3.299875,1.1625,0.000322135427
228.0,3.2995,1.1625,0.000322135427
228.0,3.298625,1.16275,0.000322135427
228.0,3.29825,1.162875,0.000322135427
228.0,3.2985,1.163,0.000322135427
228.0,3.2985,1.163,0.000322135427
228.0,3.298625,1.163125,0.000322135427
228.0,3.2985,1.163,0.000322135427
228.0,3.297875,1.162875,0.000322135427
228.0,3.298,1.16325,0.000322135427
228.0,3.299,1.163375,0.000322135427
228.0,3.298625,1.163125,0.000322135427
228.0,3.29875,1.163,0.000322135427
228.0,3.299,1.162875,0.000322135427
228.0,3.2985,1.16275,0.000322135427
228.0,3.29875,1.162875,0.000322135427
228.0,3.29925,1.162625,0.000322135427
228.0,3.299625,1.1625,0.000322135427
228.0,3.298625,1.16275,0.000322135427
228.0,3.298,1.16275,0.000322135427
228.0,3.297875,1.16275,0.000322135427
228.0,3.297875,1.16275,0.000322135427
228.0,3.2985,1.16275,0.000322135427
228.0,3.298625,1.163,0.000322135427
228.0,3.298375,1.163,0.000322135427
228.0,3.29825,1.163125,0.000322135427
228.0,3.29875,1.1635,0.000322135427
228.0,3.299125,1.16325,0.000322135427
228.0,3.298625,1.162875,0.000322135427
228.0,3.298625,1.1625,0.000322135427
228.0,3.29875,1.1625,0.000322135427
228.0,3.299,1.1625,0.000322135427
228.0,3.2995,1.16275,0.000322135427
228.0,3.299875,1.162625,0.000322135427
228.0,3.299375,1.1625,0.000322135427
228.0,3.2985,1.162625,0.000322135427
228.0,3.29775,1.162875,0.000322135427
228.0,3.29775,1.162875,0.000322135427
228.0,3.297625,1.16275,0.000322135427
228.0,3.2985,1.162875,0.000322135427
228.0,3.298375,1.163125,0.000322135427
228.0,3.297875,1.163125,0.000322135427
228.0,3.297375,1.16325,0.000322135427
228.0,3.29825,1.163375,0.000322135427
228.0,3.299125,1.16325,0.000322135427
228.0,3.299,1.163,0.000322135427
228.0,3.299,1.162625,0.000322135427
228.0,3.29875,1.162625,0.000322135427
228.0,3.299125,1.162625,0.000322135427
228.0,3.299625,1.16275,0.000322135427
228.0,3.299875,1.1625,0.000322135427
228.0,3.2995,1.162625,0.000322135427
228.0,3.298625,1.162875,0.000322135427
228.0,3.298625,1.162875,0.000322135427
228.0,3.298,1.16275,0.000322135427
228.0,3.29825,1.163,0.000322135427
228.0,3.299,1.163125,0.000322135427
228.0,3.298875,1.163,0.000322135427
228.0,3.298125,1.163,0.000322135427
228.0,3.298125,1.16325,0.000322135427
228.0,3.298875,1.163375,0.000322135427
228.0,3.298875,1.16325,0.000322135427
228.0,3.299125,1.162875,0.000322135427
228.0,3.29975,1.162625,0.000322135427
228.0,3.2995,1.16275,0.000322135427
228.0,3.299625,1.162625,0.000322135427
228.0,3.3,1.16275,0.000322135427
228.0,3.299875,1.1625,0.000322135427
228.0,3.29875,1.162375,0.000322135427
228.0,3.29875,1.162375,0.000322135427
228.0,3.298125,1.16275,0.000322135427
228.0,3.298125,1.16275,0.000322135427
228.0,3.2985,1.16275,0.000322135427
228.0,3.298875,1.162875,0.000322135427
228.0,3.29825,1.163,0.000322135427
228.0,3.298,1.163,0.000322135427
228.0,3.298375,1.16325,0.000322135427
228.0,3.298875,1.163125,0.000322135427
228.0,3.298625,1.162875,0.000322135427
228.0,3.299125,1.1625,0.000322135427
228.0,3.299,1.1625,0.000322135427
228.0,3.29875,1.1625,0.000322135427
228.0,3.299375,1.16275,0.000322135427
228.0,3.299875,1.162375,0.000322135427
228.0,3.2995,1.16225,0.000322135427
228.0,3.298875,1.162625,0.000322135427
228.0,3.298875,1.162625,0.000322135427
228.0,3.298375,1.162875,0.000322135427
228.0,3.298125,1.16275,0.000322135427
228.0,3.29875,1.163,0.000322135427
228.0,3.299,1.163125,0.000322135427
228.0,3.2985,1.163,0.000322135427
228.0,3.298125,1.163125,0.000322135427
228.0,3.298625,1.16325,0.000322135427
228.0,3.2985,1.16325,0.000322135427
228.0,3.2985,1.163,0.000322135427
228.0,3.298875,1.1625,0.000322135427
228.0,3.299,1.162875,0.000322135427
228.0,3.299,1.162875,0.000322135427
228.0,3.2995,1.16275,0.000322135427
228.0,3.29975,1.162375,0.000322135427
228.0,3.299625,1.162375,0.000322135427
228.0,3.299625,1.162375,0.000322135427
228.0,3.298875,1.16275,0.000322135427
228.0,3.298125,1.163,0.000322135427
228.0,3.29825,1.163,0.000322135427
228.0,3.29875,1.16325,0.000322135427
228.0,3.2985,1.163125,0.000322135427
228.0,3.298,1.163,0.000322135427
228.0,3.29825,1.163125,0.000322135427
228.0,3.298875,1.163375,0.000322135427
228.0,3.298375,1.163,0.000322135427
228.0,3.298625,1.16275,0.000322135427
228.0,3.299375,1.162625,0.000322135427
228.0,3.29925,1.16275,0.000322135427
228.0,3.2995,1.162875,0.000322135427
228.0,3.29975,1.162625,0.000322135427
229.0,3.31525,1.213875,0.000322212843
229.0,3.31475,1.21375,0.000322212843
229.0,3.314125,1.213875,0.000322212843
229.0,3.313375,1.214,0.000322212843
229.0,3.31325,1.214125,0.000322212843
229.0,3.313625,1.21425,0.000322212843
229.0,3.31375,1.214375,0.000322212843
229.0,3.313375,1.21425,0.000322212843
229.0,3.313375,1.21425,0.000322212843
229.0,3.313125,1.214625,0.000322212843
229.0,3.31375,1.214875,0.000322212843
229.0,3.314125,1.2145,0.000322212843
229.0,3.31425,1.214375,0.000322212843
229.0,3.314875,1.214,0.000322212843
229.0,3.314625,1.214,0.000322212843
229.0,3.314625,1.214125,0.000322212843
229.0,3.315125,1.214125,0.000322212843
229.0,3.315,1.214,0.000322212843
229.0,3.31475,1.214,0.000322212843
229.0,3.31425,1.21425,0.000322212843
229.0,3.3135,1.214125,0.000322212843
229.0,3.31325,1.214125,0.000322212843
229.0,3.31375,1.214375,0.000322212843
229.0,3.313375,1.21425,0.000322212843
229.0,3.313125,1.21425,0.000322212843
229.0,3.313125,1.214375,0.000322212843
229.0,3.3135,1.214625,0.000322212843
229.0,3.31425,1.214875,0.000322212843
229.0,3.31375,1.214625,0.000322212843
229.0,3.313875,1.214375,0.000322212843
229.0,3.314375,1.21425,0.000322212843
229.0,3.314375,1.214125,0.000322212843
229.0,3.314875,1.214125,0.000322212843
229.0,3.3155,1.214125,0.000322212843
229.0,3.315375,1.214,0.000322212843
229.0,3.31475,1.214125,0.000322212843
229.0,3.314,1.214375,0.000322212843
229.0,3.313875,1.2145,0.000322212843
229.0,3.3135,1.21425,0.000322212843
229.0,3.3135,1.21425,0.000322212843
229.0,3.313375,1.214375,0.000322212843
229.0,3.313375,1.214375,0.000322212843
229.0,3.31275,1.2145,0.000322212843
229.0,3.313375,1.214625,0.000322212843
229.0,3.314125,1.214625,0.000322212843
229.0,3.314,1.2145,0.000322212843
229.0,3.313875,1.21425,0.000322212843
229.0,3.314125,1.21425,0.000322212843
229.0,3.31475,1.214125,0.000322212843
229.0,3.315625,1.214125,0.000322212843
229.0,3.315625,1.213875,0.000322212843
229.0,3.31475,1.21375,0.000322212843
229.0,3.3145,1.214,0.000322212843
229.0,3.313875,1.214375,0.000322212843
229.0,3.313375,1.214125,0.000322212843
229.0,3.313625,1.214375,0.000322212843
229.0,3.314,1.2145,0.000322212843
229.0,3.314,1.2145,0.000322212843
229.0,3.314125,1.2145,0.000322212843
229.0,3.313625,1.214875,0.000322212843
229.0,3.313625,1.214875,0.000322212843
229.0,3.314,1.2145,0.000322212843
229.0,3.31375,1.214375,0.000322212843
229.0,3.314375,1.214125,0.000322212843
229.0,3.3145,1.21425,0.000322212843
229.0,3.314125,1.214125,0.000322212843
229.0,3.31475,1.214125,0.000322212843
229.0,3.314875,1.213875,0.000322212843
229.0,3.314625,1.213875,0.000322212843
229.0,3.314,1.214125,0.000322212843
229.0,3.31375,1.21425,0.000322212843
229.0,3.313875,1.21425,0.000322212843
229.0,3.314,1.2145,0.000322212843
229.0,3.314,1.2145,0.000322212843
229.0,3.313875,1.214375,0.000322212843
229.0,3.313375,1.214375,0.000322212843
229.0,3.313375,1.21475,0.000322212843
229.0,3.314,1.21475,0.000322212843
229.0,3.314,1.2145,0.000322212843
229.0,3.313625,1.21425,0.000322212843
229.0,3.314375,1.214,0.000322212843
229.0,3.314625,1.214,0.000322212843
229.0,3.314625,1.214,0.000322212843
229.0,3.31525,1.21425,0.000322212843
229.0,3.31525,1.214,0.000322212843
229.0,3.314875,1.214125,0.000322212843
229.0,3.314,1.21425,0.000322212843
229.0,3.313,1.214125,0.000322212843
229.0,3.313125,1.21425,0.000322212843
229.0,3.313125,1.21425,0.000322212843
229.0,3.313875,1.2145,0.000322212843
229.0,3.314125,1.214375,0.000322212843
229.0,3.313625,1.214625,0.000322212843
229.0,3.314,1.214875,0.000322212843
229.0,3.31425,1.214875,0.000322212843
229.0,3.314125,1.21475,0.000322212843
229.0,3.314125,1.214375,0.000322212843
229.0,3.314375,1.214125,0.000322212843
229.0,3.314375,1.214,0.000322212843
229.0,3.314625,1.214125,0.000322212843
229.0,3.31525,1.214,0.000322212843
229.0,3.315125,1.213875,0.000322212843
229.0,3.31475,1.214,0.000322212843
229.0,3.314,1.214125,0.000322212843
229.0,3.313875,1.21425,0.000322212843
229.0,3.313875,1.21425,0.000322212843
229.0,3.314,1.2145,0.000322212843
229.0,3.313875,1.21425,0.000322212843
229.0,3.313125,1.214375,0.000322212843
229.0,3.312625,1.214625,0.000322212843
229.0,3.313625,1.214875,0.000322212843
229.0,3.3145,1.21475,0.000322212843
229.0,3.314,1.214375,0.000322212843
229.0,3.31425,1.213875,0.000322212843
229.0,3.31425,1.214,0.000322212843
229.0,3.314375,1.214125,0.000322212843
229.0,3.315125,1.214125,0.000322212843
229.0,3.315125,1.213875,0.000322212843
229.0,3.314875,1.213875,0.000322212843
229.0,3.314125,1.214125,0.000322212843
229.0,3.3135,1.21425,0.000322212843
229.0,3.313625,1.21425,0.000322212843
229.0,3.313625,1.214375,0.000322212843
229.0,3.314,1.2145,0.000322212843
229.0,3.313875,1.214625,0.000322212843
229.0,3.313125,1.2145,0.000322212843
229.0,3.3135,1.21475,0.000322212843
229.0,3.314375,1.214875,0.000322212843
229.0,3.314125,1.21475,0.000322212843
229.0,3.31375,1.2145,0.000322212843
229.0,3.31425,1.214125,0.000322212843
229.0,3.3145,1.21425,0.000322212843
229.0,3.31475,1.21425,0.000322212843
229.0,3.315375,1.214125,0.000322212843
229.0,3.315375,1.214,0.000322212843
229.0,3.31475,1.214,0.000322212843
229.0,3.314125,1.214375,0.000322212843
229.0,3.313375,1.214125,0.000322212843
229.0,3.313375,1.214125,0.000322212843
229.0,3.313875,1.2145,0.000322212843
229.0,3.31425,1.21475,0.000322212843
229.0,3.314,1.2145,0.000322212843
229.0,3.313125,1.2145,0.000322212843
229.0,3.313625,1.214875,0.000322212843
229.0,3.31425,1.215,0.000322212843
229.0,3.3145,1.214625,0.000322212843
229.0,3.314375,1.214125,0.000322212843
229.0,3.3145,1.213875,0.000322212843
229.0,3.314375,1.214,0.000322212843
229.0,3.314625,1.21425,0.000322212843
229.0,3.315375,1.214125,0.000322212843
229.0,3.31525,1.214,0.000322212843
229.0,3.3145,1.214,0.000322212843
229.0,3.313375,1.21425,0.000322212843
229.0,3.313375,1.21425,0.000322212843
229.0,3.3135,1.214375,0.000322212843
229.0,3.314125,1.2145,0.000322212843
229.0,3.314125,1.214625,0.000322212843
229.0,3.3135,1.2145,0.000322212843
229.0,3.31325,1.21475,0.000322212843
229.0,3.314,1.214875,0.000322212843
229.0,3.314375,1.214625,0.000322212843
229.0,3.313875,1.2145,0.000322212843
229.0,3.314375,1.21425,0.000322212843
229.0,3.31475,1.214,0.000322212843
229.0,3.314625,1.214125,0.000322212843
229.0,3.31475,1.21425,0.000322212843
229.0,3.31525,1.214125,0.000322212843
229.0,3.315,1.21375,0.000322212843
230.0,3.32625,1.266125,0.000322089618
230.0,3.325875,1.26625,0.000322089618
230.0,3.326375,1.2665,0.000322089618
230.0,3.326625,1.266375,0.000322089618
230.0,3.326625,1.266125,0.000322089618
230.0,3.327125,1.26575,0.000322089618
230.0,3.3275,1.265875,0.000322089618
230.0,3.3275,1.265625,0.000322089618
230.0,3.3275,1.265625,0.000322089618
230.0,3.327875,1.26575,0.000322089618
230.0,3.328375,1.2655,0.000322089618
230.0,3.32775,1.2655,0.000322089618
230.0,3.32725,1.265625,0.000322089618
230.0,3.3265,1.265875,0.000322089618
230.0,3.326,1.265875,0.000322089618
230.0,3.32625,1.266,0.000322089618
230.0,3.326875,1.266125,0.000322089618
230.0,3.326625,1.266125,0.000322089618
230.0,3.326125,1.26625,0.000322089618
230.0,3.326875,1.2665,0.000322089618
230.0,3.326875,1.26625,0.000322089618
230.0,3.326875,1.266,0.000322089618
230.0,3.327375,1.265625,0.000322089618
230.0,3.327125,1.26575,0.000322089618
230.0,3.327125,1.26575,0.000322089618
230.0,3.327125,1.265875,0.000322089618
230.0,3.3275,1.265625,0.000322089618
230.0,3.32775,1.265625,0.000322089618
230.0,3.3275,1.2655,0.000322089618
230.0,3.3265,1.265875,0.000322089618
230.0,3.326,1.265875,0.000322089618
230.0,3.32625,1.266,0.000322089618
230.0,3.326625,1.266125,0.000322089618
230.0,3.32625,1.26625,0.000322089618
230.0,3.3255,1.26625,0.000322089618
230.0,3.326125,1.26625,0.000322089618
230.0,3.327125,1.2665,0.000322089618
230.0,3.326625,1.26625,0.000322089618
230.0,3.326125,1.26575,0.000322089618
230.0,3.32675,1.265375,0.000322089618
230.0,3.327,1.2655,0.000322089618
230.0,3.327,1.2655,0.000322089618
230.0,3.327375,1.265875,0.000322089618
230.0,3.3285,1.265625,0.000322089618
230.0,3.3285,1.2655,0.000322089618
230.0,3.327375,1.26575,0.000322089618
230.0,3.3265,1.266125,0.000322089618
230.0,3.3265,1.266125,0.000322089618
230.0,3.32725,1.266,0.000322089618
230.0,3.32725,1.26625,0.000322089618
230.0,3.3265,1.266125,0.000322089618
230.0,3.326125,1.266375,0.000322089618
230.0,3.326625,1.2665,0.000322089618
230.0,3.327125,1.266375,0.000322089618
230.0,3.327125,1.266125,0.000322089618
230.0,3.32725,1.26575,0.000322089618
230.0,3.3275,1.2655,0.000322089618
230.0,3.3275,1.2655,0.000322089618
230.0,3.327625,1.26575,0.000322089618
230.0,3.327875,1.26575,0.000322089618
230.0,3.3285,1.265625,0.000322089618
230.0,3.328125,1.265625,0.000322089618
230.0,3.326875,1.26575,0.000322089618
230.0,3.326375,1.265875,0.000322089618
230.0,3.326375,1.265875,0.000322089618
230.0,3.326875,1.266,0.000322089618
230.0,3.326875,1.266375,0.000322089618
230.0,3.32625,1.266125,0.000322089618
230.0,3.32625,1.26625,0.000322089618
230.0,3.326875,1.2665,0.000322089618
230.0,3.327375,1.266625,0.000322089618
230.0,3.326875,1.26625,0.000322089618
230.0,3.327375,1.265875,0.000322089618
230.0,3.327375,1.265875,0.000322089618
230.0,3.327375,1.265875,0.000322089618
230.0,3.3275,1.265875,0.000322089618
230.0,3.327625,1.266,0.000322089618
230.0,3.328,1.2655,0.000322089618
230.0,3.32775,1.265625,0.000322089618
230.0,3.326625,1.265875,0.000322089618
230.0,3.325875,1.266,0.000322089618
230.0,3.32625,1.265875,0.000322089618
230.0,3.326625,1.266125,0.000322089618
230.0,3.3265,1.26625,0.000322089618
230.0,3.326125,1.266125,0.000322089618
230.0,3.326375,1.266375,0.000322089618
230.0,3.327125,1.2665,0.000322089618
230.0,3.327,1.26625,0.000322089618
230.0,3.326625,1.266,0.000322089618
230.0,3.326625,1.266,0.000322089618
230.0,3.3275,1.26575,0.000322089618
230.0,3.32775,1.26575,0.000322089618
230.0,3.3275,1.265875,0.000322089618
230.0,3.327625,1.265875,0.000322089618
230.0,3.328125,1.2655,0.000322089618
230.0,3.327625,1.2655,0.000322089618
230.0,3.32675,1.265875,0.000322089618
230.0,3.3265,1.26575,0.000322089618
230.0,3.326625,1.266125,0.000322089618
230.0,3.32625,1.266375,0.000322089618
230.0,3.326125,1.26625,0.000322089618
230.0,3.325375,1.266375,0.000322089618
230.0,3.325875,1.2665,0.000322089618
230.0,3.326625,1.266625,0.000322089618
230.0,3.326375,1.26625,0.000322089618
230.0,3.326375,1.26625,0.000322089618
230.0,3.326625,1.265875,0.000322089618
230.0,3.32675,1.265875,0.000322089618
230.0,3.3265,1.265875,0.000322089618
230.0,3.32725,1.26575,0.000322089618
230.0,3.328,1.265625,0.000322089618
230.0,3.328,1.2655,0.000322089618
230.0,3.327125,1.265875,0.000322089618
230.0,3.326,1.265875,0.000322089618
230.0,3.3265,1.266,0.000322089618
230.0,3.327,1.26625,0.000322089618
230.0,3.326625,1.26625,0.000322089618
230.0,3.32625,1.26625,0.000322089618
230.0,3.326125,1.2665,0.000322089618
230.0,3.326875,1.26675,0.000322089618
230.0,3.327,1.266625,0.000322089618
230.0,3.327125,1.266625,0.000322089618
230.0,3.327125,1.26625,0.000322089618
230.0,3.3275,1.26575,0.000322089618
230.0,3.327875,1.265875,0.000322089618
230.0,3.327875,1.265875,0.000322089618
230.0,3.327875,1.26575,0.000322089618
230.0,3.327875,1.26575,0.000322089618
230.0,3.327125,1.26575,0.000322089618
230.0,3.3265,1.265875,0.000322089618
230.0,3.326375,1.26625,0.000322089618
230.0,3.3265,1.266125,0.000322089618
230.0,3.32675,1.266,0.000322089618
230.0,3.32675,1.26625,0.000322089618
230.0,3.325875,1.266125,0.000322089618
230.0,3.32575,1.2665,0.000322089618
230.0,3.3265,1.26675,0.000322089618
230.0,3.326875,1.26675,0.000322089618
230.0,3.326875,1.266375,0.000322089618
230.0,3.326875,1.266125,0.000322089618
230.0,3.3275,1.266,0.000322089618
230.0,3.3275,1.265875,0.000322089618
230.0,3.327625,1.26575,0.000322089618
230.0,3.32825,1.26575,0.000322089618
230.0,3.327875,1.265625,0.000322089618
230.0,3.3275,1.265625,0.000322089618
230.0,3.3265,1.266125,0.000322089618
230.0,3.326375,1.266125,0.000322089618
230.0,3.3265,1.266125,0.000322089618
230.0,3.326375,1.26625,0.000322089618
230.0,3.326625,1.266,0.000322089618
230.0,3.32625,1.266375,0.000322089618
230.0,3.326625,1.2665,0.000322089618
230.0,3.327,1.2665,0.000322089618
230.0,3.327,1.2665,0.000322089618
230.0,3.326875,1.26625,0.000322089618
230.0,3.327125,1.26575,0.000322089618
230.0,3.327,1.26575,0.000322089618
230.0,3.327125,1.266,0.000322089618
230.0,3.327625,1.265875,0.000322089618
230.0,3.328375,1.26575,0.000322089618
230.0,3.328125,1.2655,0.000322089618
230.0,3.327375,1.26575,0.000322089618
230.0,3.3265,1.266125,0.000322089618
230.0,3.32625,1.266,0.000322089618
230.0,3.326625,1.266125,0.000322089618
230.0,3.327,1.266375,0.000322089618
230.0,3.3265,1.266125,0.000322089618
230.0,3.32625,1.266375,0.000322089618
231.0,3.338375,1.317375,0.000322148146
231.0,3.33875,1.31725,0.000322148146
231.0,3.33825,1.317125,0.000322148146
231.0,3.337625,1.31725,0.000322148146
231.0,3.337125,1.31775,0.000322148146
231.0,3.336875,1.317625,0.000322148146
231.0,3.337,1.317625,0.000322148146
231.0,3.337125,1.31775,0.000322148146
231.0,3.337125,1.31775,0.000322148146
231.0,3.33675,1.31775,0.000322148146
231.0,3.336625,1.317875,0.000322148146
231.0,3.336875,1.318125,0.000322148146
231.0,3.337375,1.31825,0.000322148146
231.0,3.3375,1.31775,0.000322148146
231.0,3.337875,1.31725,0.000322148146
231.0,3.33825,1.317125,0.000322148146
231.0,3.33775,1.31725,0.000322148146
231.0,3.338125,1.31725,0.000322148146
231.0,3.338875,1.317125,0.000322148146
231.0,3.338375,1.317,0.000322148146
231.0,3.337625,1.317125,0.000322148146
231.0,3.337125,1.317625,0.000322148146
231.0,3.3375,1.317625,0.000322148146
231.0,3.338125,1.317875,0.000322148146
231.0,3.338125,1.31775,0.000322148146
231.0,3.33775,1.31775,0.000322148146
231.0,3.3375,1.317625,0.000322148146
231.0,3.337375,1.317875,0.000322148146
231.0,3.337625,1.318,0.000322148146
231.0,3.337625,1.31775,0.000322148146
231.0,3.337875,1.3175,0.000322148146
231.0,3.338375,1.31725,0.000322148146
231.0,3.338,1.31725,0.000322148146
231.0,3.338,1.317125,0.000322148146
231.0,3.339,1.31725,0.000322148146
231.0,3.33925,1.317125,0.000322148146
231.0,3.338125,1.31725,0.000322148146
231.0,3.33725,1.31725,0.000322148146
231.0,3.336875,1.3175,0.000322148146
231.0,3.337,1.317375,0.000322148146
231.0,3.337125,1.317625,0.000322148146
231.0,3.337125,1.317625,0.000322148146
231.0,3.33675,1.31775,0.000322148146
231.0,3.33625,1.317875,0.000322148146
231.0,3.33675,1.318,0.000322148146
231.0,3.337375,1.318,0.000322148146
231.0,3.337125,1.31775,0.000322148146
231.0,3.337125,1.317625,0.000322148146
231.0,3.338125,1.31725,0.000322148146
231.0,3.338375,1.31725,0.000322148146
231.0,3.3385,1.3175,0.000322148146
231.0,3.339125,1.317375,0.000322148146
231.0,3.338625,1.317,0.000322148146
231.0,3.33775,1.317125,0.000322148146
231.0,3.336875,1.3175,0.000322148146
231.0,3.337,1.317625,0.000322148146
231.0,3.337125,1.31775,0.000322148146
231.0,3.337125,1.31775,0.000322148146
231.0,3.337125,1.317875,0.000322148146
231.0,3.337,1.31775,0.000322148146
231.0,3.33675,1.318,0.000322148146
231.0,3.33725,1.318125,0.000322148146
231.0,3.337625,1.318,0.000322148146
231.0,3.337625,1.317625,0.000322148146
231.0,3.337875,1.31725,0.000322148146
231.0,3.3375,1.317375,0.000322148146
231.0,3.337625,1.317375,0.000322148146
231.0,3.338375,1.31725,0.000322148146
231.0,3.33875,1.31725,0.000322148146
231.0,3.33825,1.317,0.000322148146
231.0,3.337625,1.3175,0.000322148146
231.0,3.336875,1.3175,0.000322148146
231.0,3.33725,1.3175,0.000322148146
231.0,3.33725,1.3175,0.000322148146
231.0,3.337625,1.3175,0.000322148146
231.0,3.33775,1.317625,0.000322148146
231.0,3.337125,1.317625,0.000322148146
231.0,3.337,1.31775,0.000322148146
231.0,3.337375,1.318,0.000322148146
231.0,3.337625,1.31775,0.000322148146
231.0,3.337625,1.3175,0.000322148146
231.0,3.337875,1.31725,0.000322148146
231.0,3.337875,1.317375,0.000322148146
231.0,3.33825,1.317375,0.000322148146
231.0,3.3385,1.31725,0.000322148146
231.0,3.33875,1.317,0.000322148146
231.0,3.338125,1.317,0.000322148146
231.0,3.33725,1.317375,0.000322148146
231.0,3.336625,1.31775,0.000322148146
231.0,3.336625,1.31775,0.000322148146
231.0,3.337375,1.3175,0.000322148146
231.0,3.337625,1.3175,0.000322148146
231.0,3.3375,1.317625,0.000322148146
231.0,3.337,1.31775,0.000322148146
231.0,3.337375,1.318,0.000322148146
231.0,3.33825,1.318125,0.000322148146
231.0,3.337625,1.317875,0.000322148146
231.0,3.3375,1.317625,0.000322148146
231.0,3.33775,1.31725,0.000322148146
231.0,3.337625,1.317125,0.000322148146
231.0,3.338,1.31725,0.000322148146
231.0,3.338625,1.31725,0.000322148146
231.0,3.33875,1.317,0.000322148146
231.0,3.33775,1.317125,0.000322148146
231.0,3.337125,1.3175,0.000322148146
231.0,3.337125,1.3175,0.000322148146
231.0,3.33725,1.317375,0.000322148146
231.0,3.337375,1.31775,0.000322148146
231.0,3.337125,1.31775,0.000322148146
231.0,3.336875,1.317625,0.000322148146
231.0,3.33625,1.317875,0.000322148146
231.0,3.337125,1.318,0.000322148146
231.0,3.3375,1.317875,0.000322148146
231.0,3.337375,1.31775,0.000322148146
231.0,3.337625,1.317125,0.000322148146
231.0,3.337875,1.31725,0.000322148146
231.0,3.3375,1.317375,0.000322148146
231.0,3.33825,1.317375,0.000322148146
231.0,3.338625,1.317,0.000322148146
231.0,3.338125,1.316875,0.000322148146
231.0,3.337625,1.31725,0.000322148146
231.0,3.337625,1.3175,0.000322148146
231.0,3.33725,1.3175,0.000322148146
231.0,3.33725,1.317375,0.000322148146
231.0,3.337375,1.317625,0.000322148146
231.0,3.33725,1.317625,0.000322148146
231.0,3.337125,1.317625,0.000322148146
231.0,3.336875,1.31775,0.000322148146
231.0,3.3375,1.318125,0.000322148146
231.0,3.33775,1.317875,0.000322148146
231.0,3.3375,1.3175,0.000322148146
231.0,3.337875,1.31725,0.000322148146
231.0,3.33775,1.31725,0.000322148146
231.0,3.338125,1.31725,0.000322148146
231.0,3.33875,1.317375,0.000322148146
231.0,3.338875,1.317,0.000322148146
231.0,3.338375,1.317125,0.000322148146
231.0,3.3375,1.3175,0.000322148146
231.0,3.3375,1.3175,0.000322148146
231.0,3.337,1.317625,0.000322148146
231.0,3.33725,1.317375,0.000322148146
231.0,3.337375,1.317625,0.000322148146
231.0,3.33725,1.31775,0.000322148146
231.0,3.33675,1.317625,0.000322148146
231.0,3.336625,1.318125,0.000322148146
231.0,3.336875,1.318,0.000322148146
231.0,3.337125,1.31775,0.000322148146
231.0,3.337,1.3175,0.000322148146
231.0,3.337875,1.31725,0.000322148146
231.0,3.338125,1.317125,0.000322148146
231.0,3.337875,1.317375,0.000322148146
231.0,3.338875,1.31725,0.000322148146
231.0,3.338875,1.317,0.000322148146
231.0,3.338125,1.317125,0.000322148146
231.0,3.338125,1.317125,0.000322148146
231.0,3.337125,1.317625,0.000322148146
231.0,3.33675,1.3175,0.000322148146
231.0,3.336625,1.3175,0.000322148146
231.0,3.337125,1.317625,0.000322148146
231.0,3.337,1.317625,0.000322148146
231.0,3.336375,1.31775,0.000322148146
231.0,3.337125,1.318,0.000322148146
231.0,3.337625,1.317875,0.000322148146
231.0,3.33725,1.3175,0.000322148146
231.0,3.33775,1.31725,0.000322148146
231.0,3.338,1.317125,0.000322148146
231.0,3.338,1.317375,0.000322148146
231.0,3.3385,1.31725,0.000322148146
231.0,3.338625,1.317125,0.000322148146
232.0,3.34525,1.3685,0.000322140782
232.0,3.345,1.368625,0.000322140782
232.0,3.344625,1.36875,0.000322140782
232.0,3.344875,1.369125,0.000322140782
232.0,3.3455,1.369125,0.000322140782
232.0,3.345625,1.369125,0.000322140782
232.0,3.34525,1.368625,0.000322140782
232.0,3.3455,1.368375,0.000322140782
232.0,3.3455,1.368375,0.000322140782
232.0,3.3455,1.3685,0.000322140782
232.0,3.345625,1.368625,0.000322140782
232.0,3.3465,1.3685,0.000322140782
232.0,3.34675,1.36825,0.000322140782
232.0,3.346,1.368125,0.000322140782
232.0,3.345,1.3685,0.000322140782
232.0,3.344625,1.368375,0.000322140782
232.0,3.34525,1.3685,0.000322140782
232.0,3.34525,1.368875,0.000322140782
232.0,3.344875,1.368875,0.000322140782
232.0,3.344875,1.368875,0.000322140782
232.0,3.34525,1.369125,0.000322140782
232.0,3.345875,1.36925,0.000322140782
232.0,3.3455,1.368875,0.000322140782
232.0,3.34475,1.368625,0.000322140782
232.0,3.34475,1.368625,0.000322140782
232.0,3.34525,1.3685,0.000322140782
232.0,3.34525,1.3685,0.000322140782
232.0,3.34575,1.368625,0.000322140782
232.0,3.347,1.368625,0.000322140782
232.0,3.34675,1.36825,0.000322140782
232.0,3.346,1.368375,0.000322140782
232.0,3.34525,1.368875,0.000322140782
232.0,3.345,1.368875,0.000322140782
232.0,3.345625,1.368875,0.000322140782
232.0,3.345625,1.369,0.000322140782
232.0,3.34525,1.36875,0.000322140782
232.0,3.34475,1.368875,0.000322140782
232.0,3.345125,1.36925,0.000322140782
232.0,3.345375,1.369125,0.000322140782
232.0,3.345375,1.368625,0.000322140782
232.0,3.345375,1.368625,0.000322140782
232.0,3.34575,1.36825,0.000322140782
232.0,3.345625,1.368375,0.000322140782
232.0,3.3455,1.368375,0.000322140782
232.0,3.3465,1.368625,0.000322140782
232.0,3.347125,1.368375,0.000322140782
232.0,3.3465,1.36825,0.000322140782
232.0,3.34525,1.368625,0.000322140782
232.0,3.34475,1.368875,0.000322140782
232.0,3.345125,1.36875,0.000322140782
232.0,3.34525,1.368875,0.000322140782
232.0,3.344875,1.368875,0.000322140782
232.0,3.3445,1.36875,0.000322140782
232.0,3.34425,1.369125,0.000322140782
232.0,3.344875,1.369375,0.000322140782
232.0,3.345125,1.369125,0.000322140782
232.0,3.345125,1.368625,0.000322140782
232.0,3.34525,1.368625,0.000322140782
232.0,3.345625,1.368,0.000322140782
232.0,3.345375,1.36825,0.000322140782
232.0,3.34575,1.3685,0.000322140782
232.0,3.3465,1.3685,0.000322140782
232.0,3.3465,1.36825,0.000322140782
232.0,3.34625,1.368,0.000322140782
232.0,3.345625,1.36825,0.000322140782
232.0,3.345125,1.3685,0.000322140782
232.0,3.34525,1.36875,0.000322140782
232.0,3.3455,1.368875,0.000322140782
232.0,3.345,1.368875,0.000322140782
232.0,3.34475,1.369,0.000322140782
232.0,3.345,1.369375,0.000322140782
232.0,3.3455,1.3695,0.000322140782
232.0,3.34525,1.36925,0.000322140782
232.0,3.34525,1.36925,0.000322140782
232.0,3.345375,1.3685,0.000322140782
232.0,3.346,1.36825,0.000322140782
232.0,3.345875,1.368375,0.000322140782
232.0,3.34625,1.3685,0.000322140782
232.0,3.34675,1.3685,0.000322140782
232.0,3.34675,1.368125,0.000322140782
232.0,3.345875,1.368375,0.000322140782
232.0,3.345,1.36875,0.000322140782
232.0,3.34525,1.3685,0.000322140782
232.0,3.3455,1.368375,0.000322140782
232.0,3.3455,1.36875,0.000322140782
232.0,3.345125,1.368875,0.000322140782
232.0,3.344875,1.368875,0.000322140782
232.0,3.34525,1.369125,0.000322140782
232.0,3.34575,1.368875,0.000322140782
232.0,3.34575,1.368875,0.000322140782
232.0,3.345375,1.368625,0.000322140782
232.0,3.3455,1.3685,0.000322140782
232.0,3.3455,1.36825,0.000322140782
232.0,3.34525,1.368375,0.000322140782
232.0,3.346,1.368375,0.000322140782
232.0,3.346875,1.368125,0.000322140782
232.0,3.346625,1.368125,0.000322140782
232.0,3.346,1.368375,0.000322140782
232.0,3.34525,1.3685,0.000322140782
232.0,3.34525,1.3685,0.000322140782
232.0,3.346,1.368625,0.000322140782
232.0,3.345625,1.36875,0.000322140782
232.0,3.344625,1.36875,0.000322140782
232.0,3.344625,1.369125,0.000322140782
232.0,3.3455,1.36925,0.000322140782
232.0,3.3455,1.36925,0.000322140782
232.0,3.345625,1.369125,0.000322140782
232.0,3.3455,1.368625,0.000322140782
232.0,3.345625,1.368375,0.000322140782
232.0,3.345375,1.368375,0.000322140782
232.0,3.345625,1.368375,0.000322140782
232.0,3.34625,1.3685,0.000322140782
232.0,3.3465,1.368125,0.000322140782
232.0,3.345875,1.368125,0.000322140782
232.0,3.34475,1.368625,0.000322140782
232.0,3.3445,1.3685,0.000322140782
232.0,3.345125,1.368625,0.000322140782
232.0,3.3455,1.368875,0.000322140782
232.0,3.345,1.36875,0.000322140782
232.0,3.3445,1.36875,0.000322140782
232.0,3.345,1.36925,0.000322140782
232.0,3.345,1.36925,0.000322140782
232.0,3.345625,1.369375,0.000322140782
232.0,3.345375,1.368875,0.000322140782
232.0,3.34525,1.3685,0.000322140782
232.0,3.345875,1.368375,0.000322140782
232.0,3.345625,1.368375,0.000322140782
232.0,3.346125,1.368375,0.000322140782
232.0,3.346625,1.368375,0.000322140782
232.0,3.3465,1.368,0.000322140782
232.0,3.34625,1.368125,0.000322140782
232.0,3.345125,1.368375,0.000322140782
232.0,3.345125,1.3685,0.000322140782
232.0,3.3455,1.368625,0.000322140782
232.0,3.3455,1.368875,0.000322140782
232.0,3.34525,1.36875,0.000322140782
232.0,3.344875,1.368875,0.000322140782
232.0,3.344875,1.368875,0.000322140782
232.0,3.345,1.36925,0.000322140782
232.0,3.345375,1.369125,0.000322140782
232.0,3.345375,1.369,0.000322140782
232.0,3.3455,1.3685,0.000322140782
232.0,3.345625,1.36825,0.000322140782
232.0,3.345625,1.3685,0.000322140782
232.0,3.34625,1.3685,0.000322140782
232.0,3.346375,1.368125,0.000322140782
232.0,3.346,1.36825,0.000322140782
232.0,3.34525,1.3685,0.000322140782
232.0,3.344625,1.36875,0.000322140782
232.0,3.34475,1.36875,0.000322140782
232.0,3.34525,1.368875,0.000322140782
232.0,3.3455,1.36875,0.000322140782
232.0,3.34475,1.368875,0.000322140782
232.0,3.34475,1.369,0.000322140782
232.0,3.344625,1.369,0.000322140782
232.0,3.345375,1.369125,0.000322140782
232.0,3.346,1.369125,0.000322140782
232.0,3.345625,1.368625,0.000322140782
232.0,3.346,1.368125,0.000322140782
232.0,3.346125,1.368375,0.000322140782
232.0,3.345625,1.368375,0.000322140782
232.0,3.346,1.368375,0.000322140782
232.0,3.346625,1.36825,0.000322140782
232.0,3.346375,1.36825,0.000322140782
232.0,3.345375,1.36875,0.000322140782
232.0,3.345125,1.368875,0.000322140782
232.0,3.345,1.368625,0.000322140782
232.0,3.34525,1.368875,0.000322140782
232.0,3.345125,1.368625,0.000322140782
233.0,3.351875,1.420625,0.000322241685
233.0,3.35125,1.42075,0.000322241685
233.0,3.3515,1.420875,0.000322241685
233.0,3.352,1.42075,0.000322241685
233.0,3.351875,1.420875,0.000322241685
233.0,3.351125,1.421125,0.000322241685
233.0,3.351375,1.4215,0.000322241685
233.0,3.351875,1.4215,0.000322241685
233.0,3.351875,1.4215,0.000322241685
233.0,3.351375,1.42125,0.000322241685
233.0,3.351875,1.420875,0.000322241685
233.0,3.352125,1.42075,0.000322241685
233.0,3.352,1.420625,0.000322241685
233.0,3.352375,1.420875,0.000322241685
233.0,3.352875,1.420625,0.000322241685
233.0,3.3525,1.420625,0.000322241685
233.0,3.352375,1.4205,0.000322241685
233.0,3.3515,1.420875,0.000322241685
233.0,3.351375,1.420875,0.000322241685
233.0,3.351625,1.42125,0.000322241685
233.0,3.351875,1.42125,0.000322241685
233.0,3.351375,1.421125,0.000322241685
233.0,3.35075,1.4215,0.000322241685
233.0,3.351375,1.421625,0.000322241685
233.0,3.351375,1.42125,0.000322241685
233.0,3.3515,1.42125,0.000322241685
233.0,3.35125,1.420875,0.000322241685
233.0,3.351625,1.420625,0.000322241685
233.0,3.351875,1.4205,0.000322241685
233.0,3.352,1.420625,0.000322241685
233.0,3.352625,1.420625,0.000322241685
233.0,3.353375,1.4205,0.000322241685
233.0,3.353,1.4205,0.000322241685
233.0,3.352125,1.421,0.000322241685
233.0,3.351625,1.421125,0.000322241685
233.0,3.351625,1.420875,0.000322241685
233.0,3.352,1.421125,0.000322241685
233.0,3.351625,1.421125,0.000322241685
233.0,3.351375,1.421125,0.000322241685
233.0,3.35125,1.4215,0.000322241685
233.0,3.352125,1.421625,0.000322241685
233.0,3.352125,1.421625,0.000322241685
233.0,3.352125,1.42125,0.000322241685
233.0,3.352125,1.420875,0.000322241685
233.0,3.3525,1.42075,0.000322241685
233.0,3.35225,1.420875,0.000322241685
233.0,3.352375,1.420875,0.000322241685
233.0,3.352875,1.420625,0.000322241685
233.0,3.353125,1.42025,0.000322241685
233.0,3.352875,1.4205,0.000322241685
233.0,3.352125,1.42075,0.000322241685
233.0,3.3515,1.420875,0.000322241685
233.0,3.35125,1.420875,0.000322241685
233.0,3.351625,1.42125,0.000322241685
233.0,3.351375,1.421375,0.000322241685
233.0,3.350625,1.42125,0.000322241685
233.0,3.350875,1.4215,0.000322241685
233.0,3.350875,1.4215,0.000322241685
233.0,3.351875,1.4215,0.000322241685
233.0,3.351875,1.421,0.000322241685
233.0,3.352125,1.42075,0.000322241685
233.0,3.3525,1.420625,0.000322241685
233.0,3.352125,1.420625,0.000322241685
233.0,3.352375,1.42075,0.000322241685
233.0,3.352875,1.42075,0.000322241685
233.0,3.35325,1.4205,0.000322241685
233.0,3.352375,1.420625,0.000322241685
233.0,3.35125,1.421,0.000322241685
233.0,3.351,1.42075,0.000322241685
233.0,3.351625,1.420875,0.000322241685
233.0,3.35175,1.421125,0.000322241685
233.0,3.35075,1.421125,0.000322241685
233.0,3.3505,1.42125,0.000322241685
233.0,3.3505,1.42125,0.000322241685
233.0,3.3515,1.4215,0.000322241685
233.0,3.352,1.4215,0.000322241685
233.0,3.351875,1.421125,0.000322241685
233.0,3.352125,1.420625,0.000322241685
233.0,3.352375,1.4205,0.000322241685
233.0,3.35225,1.420625,0.000322241685
233.0,3.352875,1.42075,0.000322241685
233.0,3.352875,1.4205,0.000322241685
233.0,3.3525,1.4205,0.000322241685
233.0,3.3515,1.42075,0.000322241685
233.0,3.351,1.421,0.000322241685
233.0,3.3515,1.420875,0.000322241685
233.0,3.3515,1.421,0.000322241685
233.0,3.3515,1.42125,0.000322241685
233.0,3.350625,1.421125,0.000322241685
233.0,3.350625,1.421125,0.000322241685
233.0,3.351,1.4215,0.000322241685
233.0,3.352125,1.42175,0.000322241685
233.0,3.35225,1.42125,0.000322241685
233.0,3.351875,1.420875,0.000322241685
233.0,3.352375,1.420625,0.000322241685
233.0,3.3525,1.42075,0.000322241685
233.0,3.352625,1.420875,0.000322241685
233.0,3.35275,1.42075,0.000322241685
233.0,3.352875,1.4205,0.000322241685
233.0,3.352625,1.420375,0.000322241685
233.0,3.351375,1.42075,0.000322241685
233.0,3.351125,1.421125,0.000322241685
233.0,3.351625,1.42125,0.000322241685
233.0,3.3515,1.42125,0.000322241685
233.0,3.351375,1.421,0.000322241685
233.0,3.351375,1.421,0.000322241685
233.0,3.351,1.421125,0.000322241685
233.0,3.3515,1.421625,0.000322241685
233.0,3.35175,1.421625,0.000322241685
233.0,3.3515,1.42125,0.000322241685
233.0,3.351625,1.42075,0.000322241685
233.0,3.352,1.420625,0.000322241685
233.0,3.351875,1.4205,0.000322241685
233.0,3.352,1.42075,0.000322241685
233.0,3.35325,1.420625,0.000322241685
233.0,3.352875,1.420375,0.000322241685
233.0,3.352125,1.4205,0.000322241685
233.0,3.351375,1.42075,0.000322241685
233.0,3.35175,1.42075,0.000322241685
233.0,3.352,1.420875,0.000322241685
233.0,3.35175,1.421,0.000322241685
233.0,3.35175,1.421,0.000322241685
233.0,3.35125,1.421,0.000322241685
233.0,3.350875,1.42125,0.000322241685
233.0,3.35125,1.4215,0.000322241685
233.0,3.351625,1.42125,0.000322241685
233.0,3.351875,1.420875,0.000322241685
233.0,3.35225,1.420625,0.000322241685
233.0,3.35275,1.420625,0.000322241685
233.0,3.352375,1.420625,0.000322241685
233.0,3.352625,1.420625,0.000322241685
233.0,3.353375,1.4205,0.000322241685
233.0,3.353125,1.420375,0.000322241685
233.0,3.35225,1.420625,0.000322241685
233.0,3.3515,1.42075,0.000322241685
233.0,3.351375,1.421125,0.000322241685
233.0,3.35175,1.42125,0.000322241685
233.0,3.351875,1.42125,0.000322241685
233.0,3.351875,1.42125,0.000322241685
233.0,3.351125,1.42125,0.000322241685
233.0,3.351125,1.4215,0.000322241685
233.0,3.3515,1.4215,0.000322241685
233.0,3.352375,1.421125,0.000322241685
233.0,3.352125,1.420875,0.000322241685
233.0,3.35275,1.420875,0.000322241685
233.0,3.3525,1.4205,0.000322241685
233.0,3.352125,1.420875,0.000322241685
233.0,3.35275,1.42075,0.000322241685
233.0,3.353125,1.4205,0.000322241685
233.0,3.352875,1.4205,0.000322241685
233.0,3.35175,1.42075,0.000322241685
233.0,3.351375,1.420875,0.000322241685
233.0,3.35175,1.421,0.000322241685
233.0,3.35225,1.42125,0.000322241685
233.0,3.35225,1.42125,0.000322241685
233.0,3.3515,1.421125,0.000322241685
233.0,3.35125,1.421125,0.000322241685
233.0,3.351375,1.4215,0.000322241685
233.0,3.351875,1.4215,0.000322241685
233.0,3.35175,1.421125,0.000322241685
233.0,3.35225,1.420625,0.000322241685
233.0,3.352375,1.420625,0.000322241685
233.0,3.352,1.420625,0.000322241685
233.0,3.351875,1.42075,0.000322241685
233.0,3.352375,1.4205,0.000322241685
233.0,3.352375,1.420375,0.000322241685
233.0,3.351875,1.420625,0.000322241685
233.0,3.350875,1.420875,0.000322241685
233.0,3.350875,1.420875,0.000322241685
234.0,3.355125,1.47275,0.000322243868
234.0,3.355375,1.473,0.000322243868
234.0,3.3555,1.472875,0.000322243868
234.0,3.3555,1.473125,0.000322243868
234.0,3.355,1.473,0.000322243868
234.0,3.35475,1.473125,0.000322243868
234.0,3.3555,1.4735,0.000322243868
234.0,3.35575,1.4735,0.000322243868
234.0,3.35575,1.4735,0.000322243868
234.0,3.3555,1.473,0.000322243868
234.0,3.355875,1.4725,0.000322243868
234.0,3.356375,1.4725,0.000322243868
234.0,3.356125,1.472625,0.000322243868
234.0,3.3565,1.472625,0.000322243868
234.0,3.357125,1.4725,0.000322243868
234.0,3.356875,1.472375,0.000322243868
234.0,3.35625,1.47275,0.000322243868
234.0,3.35525,1.473,0.000322243868
234.0,3.35575,1.47275,0.000322243868
234.0,3.356375,1.472875,0.000322243868
234.0,3.356125,1.473125,0.000322243868
234.0,3.3555,1.473125,0.000322243868
234.0,3.35525,1.47325,0.000322243868
234.0,3.356,1.47375,0.000322243868
234.0,3.356,1.4735,0.000322243868
234.0,3.3565,1.4735,0.000322243868
234.0,3.356,1.472875,0.000322243868
234.0,3.356375,1.47275,0.000322243868
234.0,3.356375,1.47275,0.000322243868
234.0,3.356375,1.472875,0.000322243868
234.0,3.357125,1.47275,0.000322243868
234.0,3.35725,1.472625,0.000322243868
234.0,3.357,1.472375,0.000322243868
234.0,3.35625,1.47275,0.000322243868
234.0,3.35575,1.47275,0.000322243868
234.0,3.356125,1.472875,0.000322243868
234.0,3.356125,1.472875,0.000322243868
234.0,3.356,1.473125,0.000322243868
234.0,3.35525,1.473125,0.000322243868
234.0,3.355625,1.47325,0.000322243868
234.0,3.35625,1.473375,0.000322243868
234.0,3.35625,1.473375,0.000322243868
234.0,3.3565,1.473125,0.000322243868
234.0,3.356375,1.4725,0.000322243868
234.0,3.356875,1.4725,0.000322243868
234.0,3.356375,1.472625,0.000322243868
234.0,3.356375,1.472625,0.000322243868
234.0,3.357375,1.4725,0.000322243868
234.0,3.3575,1.4725,0.000322243868
234.0,3.356875,1.47275,0.000322243868
234.0,3.356125,1.472875,0.000322243868
234.0,3.355625,1.473,0.000322243868
234.0,3.355625,1.473125,0.000322243868
234.0,3.355625,1.47325,0.000322243868
234.0,3.3555,1.472875,0.000322243868
234.0,3.354625,1.473,0.000322243868
234.0,3.35525,1.4735,0.000322243868
234.0,3.35525,1.4735,0.000322243868
234.0,3.356,1.4735,0.000322243868
234.0,3.355625,1.473125,0.000322243868
234.0,3.35575,1.472875,0.000322243868
234.0,3.356125,1.472625,0.000322243868
234.0,3.356625,1.472625,0.000322243868
234.0,3.356875,1.47275,0.000322243868
234.0,3.357375,1.4725,0.000322243868
234.0,3.357125,1.472625,0.000322243868
234.0,3.356125,1.47275,0.000322243868
234.0,3.355,1.472875,0.000322243868
234.0,3.3555,1.47275,0.000322243868
234.0,3.355875,1.473125,0.000322243868
234.0,3.35575,1.47325,0.000322243868
234.0,3.355625,1.473125,0.000322243868
234.0,3.355375,1.47325,0.000322243868
234.0,3.355375,1.47325,0.000322243868
234.0,3.3555,1.473625,0.000322243868
234.0,3.356,1.4735,0.000322243868
234.0,3.356125,1.473,0.000322243868
234.0,3.356125,1.472625,0.000322243868
234.0,3.356375,1.47275,0.000322243868
234.0,3.356625,1.47275,0.000322243868
234.0,3.356875,1.47275,0.000322243868
234.0,3.357125,1.4725,0.000322243868
234.0,3.356875,1.472625,0.000322243868
234.0,3.356,1.472875,0.000322243868
234.0,3.355125,1.473125,0.000322243868
234.0,3.355,1.472875,0.000322243868
234.0,3.355375,1.473,0.000322243868
234.0,3.35575,1.473125,0.000322243868
234.0,3.35525,1.473125,0.000322243868
234.0,3.35525,1.473125,0.000322243868
234.0,3.35475,1.473375,0.000322243868
234.0,3.355375,1.473375,0.000322243868
234.0,3.356125,1.473375,0.000322243868
234.0,3.356,1.473,0.000322243868
234.0,3.355875,1.472625,0.000322243868
234.0,3.35575,1.47275,0.000322243868
234.0,3.356125,1.47275,0.000322243868
234.0,3.35675,1.472625,0.000322243868
234.0,3.35675,1.4725,0.000322243868
234.0,3.356,1.4725,0.000322243868
234.0,3.355125,1.472875,0.000322243868
234.0,3.354625,1.473,0.000322243868
234.0,3.3555,1.473,0.000322243868
234.0,3.355375,1.473,0.000322243868
234.0,3.354875,1.473125,0.000322243868
234.0,3.354875,1.473125,0.000322243868
234.0,3.3545,1.473125,0.000322243868
234.0,3.354875,1.473375,0.000322243868
234.0,3.355375,1.473375,0.000322243868
234.0,3.355375,1.473125,0.000322243868
234.0,3.355875,1.472625,0.000322243868
234.0,3.35625,1.472625,0.000322243868
234.0,3.355875,1.472625,0.000322243868
234.0,3.35625,1.47275,0.000322243868
234.0,3.356875,1.4725,0.000322243868
234.0,3.356375,1.472375,0.000322243868
234.0,3.35575,1.4725,0.000322243868
234.0,3.354625,1.473,0.000322243868
234.0,3.355125,1.47275,0.000322243868
234.0,3.3555,1.473,0.000322243868
234.0,3.35575,1.473125,0.000322243868
234.0,3.35575,1.47325,0.000322243868
234.0,3.3555,1.47325,0.000322243868
234.0,3.355125,1.47325,0.000322243868
234.0,3.355875,1.473625,0.000322243868
234.0,3.355875,1.4735,0.000322243868
234.0,3.3555,1.47325,0.000322243868
234.0,3.356,1.47275,0.000322243868
234.0,3.356125,1.472625,0.000322243868
234.0,3.356,1.47275,0.000322243868
234.0,3.3565,1.47275,0.000322243868
234.0,3.357125,1.47275,0.000322243868
234.0,3.356875,1.4725,0.000322243868
234.0,3.356,1.47275,0.000322243868
234.0,3.35525,1.473125,0.000322243868
234.0,3.355125,1.473125,0.000322243868
234.0,3.355625,1.473125,0.000322243868
234.0,3.355375,1.473125,0.000322243868
234.0,3.355375,1.473125,0.000322243868
234.0,3.355,1.473125,0.000322243868
234.0,3.3555,1.4735,0.000322243868
234.0,3.355875,1.4735,0.000322243868
234.0,3.3555,1.473375,0.000322243868
234.0,3.3555,1.472875,0.000322243868
234.0,3.356,1.4725,0.000322243868
234.0,3.356375,1.472625,0.000322243868
234.0,3.3565,1.47275,0.000322243868
234.0,3.35675,1.472625,0.000322243868
234.0,3.356625,1.4725,0.000322243868
234.0,3.355875,1.472625,0.000322243868
234.0,3.355375,1.472875,0.000322243868
234.0,3.3555,1.472875,0.000322243868
234.0,3.355875,1.472875,0.000322243868
234.0,3.356125,1.473125,0.000322243868
234.0,3.356125,1.473125,0.000322243868
234.0,3.35575,1.473125,0.000322243868
234.0,3.35525,1.47325,0.000322243868
234.0,3.3555,1.473625,0.000322243868
234.0,3.356,1.473375,0.000322243868
234.0,3.355875,1.473,0.000322243868
234.0,3.356,1.47275,0.000322243868
234.0,3.356375,1.4725,0.000322243868
234.0,3.356125,1.47275,0.000322243868
234.0,3.356,1.472625,0.000322243868
234.0,3.35675,1.4725,0.000322243868
234.0,3.356875,1.472375,0.000322243868
234.0,3.3565,1.47275,0.000322243868
234.0,3.35525,1.473,0.000322243868
234.0,3.355125,1.47325,0.000322243868
235.0,3.358125,1.52625,0.00032199343
235.0,3.35825,1.526,0.00032199343
235.0,3.358375,1.525375,0.00032199343
235.0,3.35875,1.525125,0.00032199343
235.0,3.359125,1.525125,0.00032199343
235.0,3.359375,1.52525,0.00032199343
235.0,3.359875,1.52525,0.00032199343
235.0,3.36,1.524875,0.00032199343
235.0,3.36,1.524875,0.00032199343
235.0,3.359375,1.524875,0.00032199343
235.0,3.35875,1.52525,0.00032199343
235.0,3.358125,1.52525,0.00032199343
235.0,3.358,1.525375,0.00032199343
235.0,3.358,1.525625,0.00032199343
235.0,3.358,1.5255,0.00032199343
235.0,3.3575,1.525625,0.00032199343
235.0,3.357875,1.526,0.00032199343
235.0,3.35875,1.526125,0.00032199343
235.0,3.35875,1.525875,0.00032199343
235.0,3.35875,1.5255,0.00032199343
235.0,3.35875,1.52525,0.00032199343
235.0,3.35875,1.525375,0.00032199343
235.0,3.359125,1.52525,0.00032199343
235.0,3.3595,1.525125,0.00032199343
235.0,3.3595,1.525125,0.00032199343
235.0,3.359625,1.525,0.00032199343
235.0,3.359125,1.525125,0.00032199343
235.0,3.357875,1.525375,0.00032199343
235.0,3.35775,1.525375,0.00032199343
235.0,3.3585,1.52525,0.00032199343
235.0,3.358625,1.525625,0.00032199343
235.0,3.3585,1.5255,0.00032199343
235.0,3.358,1.52575,0.00032199343
235.0,3.35825,1.526,0.00032199343
235.0,3.358875,1.526,0.00032199343
235.0,3.358625,1.5255,0.00032199343
235.0,3.35875,1.525125,0.00032199343
235.0,3.359125,1.525,0.00032199343
235.0,3.359,1.525,0.00032199343
235.0,3.3595,1.525125,0.00032199343
235.0,3.3595,1.525125,0.00032199343
235.0,3.36,1.525125,0.00032199343
235.0,3.359875,1.525,0.00032199343
235.0,3.359,1.52525,0.00032199343
235.0,3.357625,1.5255,0.00032199343
235.0,3.357625,1.525625,0.00032199343
235.0,3.35825,1.5255,0.00032199343
235.0,3.357875,1.5255,0.00032199343
235.0,3.357625,1.52575,0.00032199343
235.0,3.357625,1.525875,0.00032199343
235.0,3.35825,1.526,0.00032199343
235.0,3.358,1.525875,0.00032199343
235.0,3.3585,1.52525,0.00032199343
235.0,3.359125,1.52475,0.00032199343
235.0,3.359,1.525,0.00032199343
235.0,3.358875,1.525,0.00032199343
235.0,3.35975,1.525,0.00032199343
235.0,3.35975,1.525,0.00032199343
235.0,3.36025,1.52475,0.00032199343
235.0,3.359375,1.524875,0.00032199343
235.0,3.357875,1.525125,0.00032199343
235.0,3.357125,1.525375,0.00032199343
235.0,3.357875,1.5255,0.00032199343
235.0,3.35825,1.525625,0.00032199343
235.0,3.35825,1.525625,0.00032199343
235.0,3.3575,1.5255,0.00032199343
235.0,3.35775,1.52575,0.00032199343
235.0,3.358375,1.525875,0.00032199343
235.0,3.358375,1.525625,0.00032199343
235.0,3.358125,1.525125,0.00032199343
235.0,3.359,1.52475,0.00032199343
235.0,3.358875,1.525125,0.00032199343
235.0,3.358625,1.525375,0.00032199343
235.0,3.358625,1.525375,0.00032199343
235.0,3.3595,1.52525,0.00032199343
235.0,3.359625,1.524875,0.00032199343
235.0,3.359375,1.524875,0.00032199343
235.0,3.358,1.525125,0.00032199343
235.0,3.357625,1.52525,0.00032199343
235.0,3.358125,1.525375,0.00032199343
235.0,3.358625,1.525625,0.00032199343
235.0,3.358,1.525625,0.00032199343
235.0,3.357625,1.525875,0.00032199343
235.0,3.358,1.526125,0.00032199343
235.0,3.358625,1.526,0.00032199343
235.0,3.35875,1.52575,0.00032199343
235.0,3.358875,1.525125,0.00032199343
235.0,3.359375,1.525125,0.00032199343
235.0,3.358875,1.52525,0.00032199343
235.0,3.358875,1.52525,0.00032199343
235.0,3.35925,1.525375,0.00032199343
235.0,3.36025,1.52525,0.00032199343
235.0,3.35975,1.525,0.00032199343
235.0,3.358625,1.52525,0.00032199343
235.0,3.35825,1.5255,0.00032199343
235.0,3.358,1.525375,0.00032199343
235.0,3.3585,1.525625,0.00032199343
235.0,3.358875,1.52575,0.00032199343
235.0,3.358,1.525625,0.00032199343
235.0,3.35775,1.52575,0.00032199343
235.0,3.358625,1.526125,0.00032199343
235.0,3.358875,1.526,0.00032199343
235.0,3.35825,1.525625,0.00032199343
235.0,3.358625,1.525125,0.00032199343
235.0,3.358875,1.525125,0.00032199343
235.0,3.358875,1.525125,0.00032199343
235.0,3.359375,1.52525,0.00032199343
235.0,3.35975,1.525,0.00032199343
235.0,3.36,1.525,0.00032199343
235.0,3.3595,1.525,0.00032199343
235.0,3.358625,1.525125,0.00032199343
235.0,3.35775,1.525375,0.00032199343
235.0,3.35775,1.5255,0.00032199343
235.0,3.35825,1.52575,0.00032199343
235.0,3.358125,1.525625,0.00032199343
235.0,3.357875,1.52575,0.00032199343
235.0,3.358,1.526,0.00032199343
235.0,3.358375,1.52625,0.00032199343
235.0,3.35825,1.526,0.00032199343
235.0,3.358,1.525375,0.00032199343
235.0,3.358625,1.525,0.00032199343
235.0,3.358625,1.525,0.00032199343
235.0,3.35825,1.525125,0.00032199343
235.0,3.358625,1.5255,0.00032199343
235.0,3.35925,1.525125,0.00032199343
235.0,3.35925,1.524875,0.00032199343
235.0,3.3585,1.525,0.00032199343
235.0,3.35775,1.525375,0.00032199343
235.0,3.35825,1.525375,0.00032199343
235.0,3.35875,1.5255,0.00032199343
235.0,3.3585,1.52575,0.00032199343
235.0,3.357875,1.525625,0.00032199343
235.0,3.35775,1.52575,0.00032199343
235.0,3.3585,1.526125,0.00032199343
235.0,3.358875,1.526,0.00032199343
235.0,3.358625,1.525625,0.00032199343
235.0,3.35875,1.525125,0.00032199343
235.0,3.35875,1.52525,0.00032199343
235.0,3.359,1.52525,0.00032199343
235.0,3.359,1.52525,0.00032199343
235.0,3.359875,1.52525,0.00032199343
235.0,3.36025,1.525125,0.00032199343
235.0,3.359625,1.524875,0.00032199343
235.0,3.35875,1.525125,0.00032199343
235.0,3.35775,1.525375,0.00032199343
235.0,3.35775,1.525375,0.00032199343
235.0,3.35825,1.5255,0.00032199343
235.0,3.358375,1.52575,0.00032199343
235.0,3.358,1.525875,0.00032199343
235.0,3.357875,1.525875,0.00032199343
235.0,3.358375,1.526125,0.00032199343
235.0,3.35875,1.526125,0.00032199343
235.0,3.358625,1.525625,0.00032199343
235.0,3.358625,1.525,0.00032199343
235.0,3.358875,1.525,0.00032199343
235.0,3.359125,1.525125,0.00032199343
235.0,3.35925,1.525125,0.00032199343
235.0,3.3595,1.52525,0.00032199343
235.0,3.35975,1.525,0.00032199343
235.0,3.359125,1.524875,0.00032199343
235.0,3.358375,1.525,0.00032199343
235.0,3.358125,1.525375,0.00032199343
235.0,3.35825,1.52525,0.00032199343
235.0,3.35825,1.5255,0.00032199343
235.0,3.358125,1.5255,0.00032199343
235.0,3.357625,1.5255,0.00032199343
235.0,3.358,1.525875,0.00032199343
235.0,3.35875,1.526,0.00032199343
235.0,3.358375,1.525625,0.00032199343
236.0,3.359125,1.577625,0.000322037609
236.0,3.35925,1.5775,0.000322037609
236.0,3.359,1.577375,0.000322037609
236.0,3.359625,1.577375,0.000322037609
236.0,3.36025,1.577125,0.000322037609
236.0,3.359625,1.577,0.000322037609
236.0,3.359,1.577,0.000322037609
236.0,3.35825,1.5775,0.000322037609
236.0,3.35825,1.5775,0.000322037609
236.0,3.357875,1.5775,0.000322037609
236.0,3.3585,1.57775,0.000322037609
236.0,3.35875,1.577625,0.000322037609
236.0,3.3585,1.57775,0.000322037609
236.0,3.357875,1.578,0.000322037609
236.0,3.35825,1.578375,0.000322037609
236.0,3.3585,1.57825,0.000322037609
236.0,3.35875,1.57775,0.000322037609
236.0,3.359125,1.57725,0.000322037609
236.0,3.359625,1.57725,0.000322037609
236.0,3.359375,1.5775,0.000322037609
236.0,3.359625,1.577375,0.000322037609
236.0,3.359875,1.57725,0.000322037609
236.0,3.35925,1.577125,0.000322037609
236.0,3.3585,1.57725,0.000322037609
236.0,3.3585,1.5775,0.000322037609
236.0,3.35825,1.5775,0.000322037609
236.0,3.35875,1.57775,0.000322037609
236.0,3.358625,1.577875,0.000322037609
236.0,3.358125,1.577875,0.000322037609
236.0,3.358,1.577875,0.000322037609
236.0,3.358125,1.57825,0.000322037609
236.0,3.35825,1.5785,0.000322037609
236.0,3.358875,1.578375,0.000322037609
236.0,3.358625,1.577875,0.000322037609
236.0,3.359,1.577375,0.000322037609
236.0,3.359,1.577375,0.000322037609
236.0,3.35875,1.577625,0.000322037609
236.0,3.3595,1.5775,0.000322037609
236.0,3.359875,1.57725,0.000322037609
236.0,3.3595,1.57725,0.000322037609
236.0,3.35875,1.577625,0.000322037609
236.0,3.35875,1.577625,0.000322037609
236.0,3.358625,1.57775,0.000322037609
236.0,3.358625,1.577875,0.000322037609
236.0,3.35825,1.577875,0.000322037609
236.0,3.357875,1.577875,0.000322037609
236.0,3.3575,1.577875,0.000322037609
236.0,3.35825,1.578375,0.000322037609
236.0,3.359125,1.5785,0.000322037609
236.0,3.358875,1.578125,0.000322037609
236.0,3.35875,1.577375,0.000322037609
236.0,3.358875,1.57725,0.000322037609
236.0,3.358875,1.5775,0.000322037609
236.0,3.359,1.5775,0.000322037609
236.0,3.3595,1.577375,0.000322037609
236.0,3.359625,1.57725,0.000322037609
236.0,3.358625,1.577125,0.000322037609
236.0,3.358625,1.577125,0.000322037609
236.0,3.35775,1.577375,0.000322037609
236.0,3.357875,1.57775,0.000322037609
236.0,3.35825,1.57775,0.000322037609
236.0,3.35825,1.57775,0.000322037609
236.0,3.357625,1.577875,0.000322037609
236.0,3.357625,1.577875,0.000322037609
236.0,3.35825,1.578375,0.000322037609
236.0,3.358625,1.57825,0.000322037609
236.0,3.358625,1.578,0.000322037609
236.0,3.358875,1.577625,0.000322037609
236.0,3.359,1.577375,0.000322037609
236.0,3.359,1.5775,0.000322037609
236.0,3.359125,1.5775,0.000322037609
236.0,3.359625,1.577125,0.000322037609
236.0,3.359375,1.577125,0.000322037609
236.0,3.359375,1.577125,0.000322037609
236.0,3.3585,1.577375,0.000322037609
236.0,3.35775,1.5775,0.000322037609
236.0,3.35825,1.577875,0.000322037609
236.0,3.358375,1.577875,0.000322037609
236.0,3.35825,1.577875,0.000322037609
236.0,3.3575,1.577875,0.000322037609
236.0,3.3575,1.57825,0.000322037609
236.0,3.35825,1.57825,0.000322037609
236.0,3.358625,1.57825,0.000322037609
236.0,3.358375,1.57775,0.000322037609
236.0,3.359,1.57725,0.000322037609
236.0,3.359375,1.577375,0.000322037609
236.0,3.359125,1.577625,0.000322037609
236.0,3.35925,1.5775,0.000322037609
236.0,3.35925,1.577,0.000322037609
236.0,3.35925,1.577,0.000322037609
236.0,3.3595,1.57725,0.000322037609
236.0,3.359,1.577625,0.000322037609
236.0,3.357875,1.577625,0.000322037609
236.0,3.357625,1.577625,0.000322037609
236.0,3.357875,1.577875,0.000322037609
236.0,3.3575,1.578,0.000322037609
236.0,3.3575,1.578,0.000322037609
236.0,3.358,1.578375,0.000322037609
236.0,3.35825,1.578375,0.000322037609
236.0,3.35825,1.578375,0.000322037609
236.0,3.358375,1.577875,0.000322037609
236.0,3.358875,1.577375,0.000322037609
236.0,3.35875,1.5775,0.000322037609
236.0,3.359125,1.577625,0.000322037609
236.0,3.359875,1.5775,0.000322037609
236.0,3.359875,1.5775,0.000322037609
236.0,3.359375,1.577125,0.000322037609
236.0,3.358375,1.57725,0.000322037609
236.0,3.3575,1.5775,0.000322037609
236.0,3.357375,1.577625,0.000322037609
236.0,3.358125,1.577875,0.000322037609
236.0,3.35825,1.577875,0.000322037609
236.0,3.357875,1.57775,0.000322037609
236.0,3.357125,1.578125,0.000322037609
236.0,3.35775,1.5785,0.000322037609
236.0,3.35825,1.578375,0.000322037609
236.0,3.358375,1.577875,0.000322037609
236.0,3.358625,1.5775,0.000322037609
236.0,3.358625,1.5775,0.000322037609
236.0,3.35875,1.577625,0.000322037609
236.0,3.359375,1.5775,0.000322037609
236.0,3.359375,1.5775,0.000322037609
236.0,3.36,1.577375,0.000322037609
236.0,3.359625,1.57725,0.000322037609
236.0,3.358875,1.5775,0.000322037609
236.0,3.358,1.57775,0.000322037609
236.0,3.358125,1.577375,0.000322037609
236.0,3.3585,1.57775,0.000322037609
236.0,3.358375,1.578,0.000322037609
236.0,3.3575,1.578,0.000322037609
236.0,3.357625,1.57825,0.000322037609
236.0,3.358375,1.57825,0.000322037609
236.0,3.358875,1.577875,0.000322037609
236.0,3.358875,1.577625,0.000322037609
236.0,3.359,1.577375,0.000322037609
236.0,3.358625,1.5775,0.000322037609
236.0,3.3585,1.5775,0.000322037609
236.0,3.359375,1.577375,0.000322037609
236.0,3.359375,1.577375,0.000322037609
236.0,3.35975,1.576875,0.000322037609
236.0,3.35925,1.577125,0.000322037609
236.0,3.3585,1.577375,0.000322037609
236.0,3.357875,1.577375,0.000322037609
236.0,3.35825,1.577625,0.000322037609
236.0,3.3585,1.577875,0.000322037609
236.0,3.358375,1.578,0.000322037609
236.0,3.35775,1.578,0.000322037609
236.0,3.358,1.57825,0.000322037609
236.0,3.358875,1.5785,0.000322037609
236.0,3.359,1.578,0.000322037609
236.0,3.35875,1.577625,0.000322037609
236.0,3.359125,1.577625,0.000322037609
236.0,3.35875,1.5775,0.000322037609
236.0,3.35925,1.577625,0.000322037609
236.0,3.35925,1.577625,0.000322037609
236.0,3.359875,1.5775,0.000322037609
236.0,3.359875,1.577,0.000322037609
236.0,3.359125,1.57725,0.000322037609
236.0,3.358,1.5775,0.000322037609
236.0,3.3575,1.57775,0.000322037609
236.0,3.358,1.57775,0.000322037609
236.0,3.35875,1.578,0.000322037609
236.0,3.358375,1.577875,0.000322037609
236.0,3.3575,1.578,0.000322037609
236.0,3.35825,1.57825,0.000322037609
236.0,3.35925,1.578125,0.000322037609
236.0,3.358875,1.577875,0.000322037609
236.0,3.359375,1.577125,0.000322037609
236.0,3.3595,1.577125,0.000322037609
237.0,3.35675,1.62925,0.000322094158
237.0,3.356125,1.62925,0.000322094158
237.0,3.35625,1.6295,0.000322094158
237.0,3.357125,1.629875,0.000322094158
237.0,3.357,1.6295,0.000322094158
237.0,3.356875,1.629,0.000322094158
237.0,3.356875,1.628625,0.000322094158
237.0,3.35725,1.628875,0.000322094158
237.0,3.35725,1.628875,0.000322094158
237.0,3.357375,1.629,0.000322094158
237.0,3.358,1.629,0.000322094158
237.0,3.358125,1.6285,0.000322094158
237.0,3.357375,1.628625,0.000322094158
237.0,3.35675,1.629,0.000322094158
237.0,3.356625,1.629125,0.000322094158
237.0,3.3565,1.629,0.000322094158
237.0,3.35675,1.62925,0.000322094158
237.0,3.356375,1.629375,0.000322094158
237.0,3.355625,1.6295,0.000322094158
237.0,3.356375,1.62975,0.000322094158
237.0,3.35725,1.63,0.000322094158
237.0,3.357125,1.62975,0.000322094158
237.0,3.356875,1.628875,0.000322094158
237.0,3.357375,1.628375,0.000322094158
237.0,3.357375,1.62875,0.000322094158
237.0,3.357,1.62875,0.000322094158
237.0,3.35725,1.628875,0.000322094158
237.0,3.357875,1.628625,0.000322094158
237.0,3.358,1.6285,0.000322094158
237.0,3.357375,1.628625,0.000322094158
237.0,3.35625,1.629,0.000322094158
237.0,3.3565,1.629,0.000322094158
237.0,3.356625,1.629125,0.000322094158
237.0,3.35675,1.62925,0.000322094158
237.0,3.35625,1.62925,0.000322094158
237.0,3.35575,1.629375,0.000322094158
237.0,3.35625,1.62975,0.000322094158
237.0,3.35675,1.6295,0.000322094158
237.0,3.356625,1.629,0.000322094158
237.0,3.357,1.628625,0.000322094158
237.0,3.357,1.6285,0.000322094158
237.0,3.35725,1.6285,0.000322094158
237.0,3.357625,1.628875,0.000322094158
237.0,3.35825,1.628625,0.000322094158
237.0,3.358375,1.628375,0.000322094158
237.0,3.35775,1.62825,0.000322094158
237.0,3.356875,1.628625,0.000322094158
237.0,3.356625,1.629,0.000322094158
237.0,3.356875,1.629125,0.000322094158
237.0,3.357625,1.629125,0.000322094158
237.0,3.35725,1.629375,0.000322094158
237.0,3.35625,1.629375,0.000322094158
237.0,3.35625,1.6295,0.000322094158
237.0,3.357125,1.62975,0.000322094158
237.0,3.357125,1.62975,0.000322094158
237.0,3.357125,1.62925,0.000322094158
237.0,3.35775,1.62875,0.000322094158
237.0,3.35775,1.62875,0.000322094158
237.0,3.3575,1.629,0.000322094158
237.0,3.357625,1.628875,0.000322094158
237.0,3.35825,1.628875,0.000322094158
237.0,3.358625,1.628625,0.000322094158
237.0,3.358,1.62875,0.000322094158
237.0,3.356875,1.629125,0.000322094158
237.0,3.356375,1.62925,0.000322094158
237.0,3.356625,1.628875,0.000322094158
237.0,3.3565,1.62925,0.000322094158
237.0,3.356625,1.629375,0.000322094158
237.0,3.356,1.629625,0.000322094158
237.0,3.356,1.63,0.000322094158
237.0,3.35675,1.629875,0.000322094158
237.0,3.357125,1.62975,0.000322094158
237.0,3.357375,1.629,0.000322094158
237.0,3.357375,1.629,0.000322094158
237.0,3.357375,1.629,0.000322094158
237.0,3.357375,1.628875,0.000322094158
237.0,3.357875,1.629,0.000322094158
237.0,3.358375,1.62875,0.000322094158
237.0,3.358375,1.6285,0.000322094158
237.0,3.35775,1.628875,0.000322094158
237.0,3.35675,1.629125,0.000322094158
237.0,3.3565,1.629125,0.000322094158
237.0,3.3565,1.62925,0.000322094158
237.0,3.35675,1.629375,0.000322094158
237.0,3.35625,1.62925,0.000322094158
237.0,3.355875,1.6295,0.000322094158
237.0,3.3565,1.62975,0.000322094158
237.0,3.35725,1.62975,0.000322094158
237.0,3.35675,1.629125,0.000322094158
237.0,3.35675,1.629125,0.000322094158
237.0,3.35725,1.62875,0.000322094158
237.0,3.35775,1.628875,0.000322094158
237.0,3.3575,1.62875,0.000322094158
237.0,3.35825,1.62875,0.000322094158
237.0,3.358625,1.6285,0.000322094158
237.0,3.358,1.628375,0.000322094158
237.0,3.356875,1.628625,0.000322094158
237.0,3.356125,1.628875,0.000322094158
237.0,3.35625,1.628875,0.000322094158
237.0,3.356875,1.629125,0.000322094158
237.0,3.356625,1.629125,0.000322094158
237.0,3.35625,1.629375,0.000322094158
237.0,3.356375,1.629625,0.000322094158
237.0,3.357125,1.629875,0.000322094158
237.0,3.357125,1.629875,0.000322094158
237.0,3.357125,1.629875,0.000322094158
237.0,3.356875,1.62925,0.000322094158
237.0,3.357375,1.629,0.000322094158
237.0,3.357375,1.629,0.000322094158
237.0,3.357125,1.629,0.000322094158
237.0,3.357375,1.628875,0.000322094158
237.0,3.357625,1.62875,0.000322094158
237.0,3.35725,1.62875,0.000322094158
237.0,3.356625,1.628875,0.000322094158
237.0,3.356375,1.629125,0.000322094158
237.0,3.3565,1.629125,0.000322094158
237.0,3.356625,1.6295,0.000322094158
237.0,3.35625,1.629375,0.000322094158
237.0,3.355875,1.629375,0.000322094158
237.0,3.356,1.629625,0.000322094158
237.0,3.356875,1.629625,0.000322094158
237.0,3.356875,1.629625,0.000322094158
237.0,3.35675,1.6295,0.000322094158
237.0,3.3565,1.629,0.000322094158
237.0,3.356875,1.62875,0.000322094158
237.0,3.357,1.628875,0.000322094158
237.0,3.3575,1.62875,0.000322094158
237.0,3.358125,1.6285,0.000322094158
237.0,3.35825,1.628375,0.000322094158
237.0,3.3575,1.6285,0.000322094158
237.0,3.356625,1.628875,0.000322094158
237.0,3.3565,1.629,0.000322094158
237.0,3.35675,1.629,0.000322094158
237.0,3.35725,1.62925,0.000322094158
237.0,3.3565,1.629125,0.000322094158
237.0,3.356375,1.62925,0.000322094158
237.0,3.356875,1.629625,0.000322094158
237.0,3.356875,1.629375,0.000322094158
237.0,3.357375,1.629375,0.000322094158
237.0,3.35725,1.62925,0.000322094158
237.0,3.357375,1.62875,0.000322094158
237.0,3.357875,1.628875,0.000322094158
237.0,3.35775,1.628875,0.000322094158
237.0,3.358125,1.62875,0.000322094158
237.0,3.35825,1.628625,0.000322094158
237.0,3.357875,1.628375,0.000322094158
237.0,3.357,1.628625,0.000322094158
237.0,3.356875,1.629,0.000322094158
237.0,3.356875,1.629,0.000322094158
237.0,3.35725,1.629125,0.000322094158
237.0,3.35725,1.6295,0.000322094158
237.0,3.356375,1.629375,0.000322094158
237.0,3.356375,1.629625,0.000322094158
237.0,3.3575,1.62975,0.000322094158
237.0,3.3575,1.62975,0.000322094158
237.0,3.35775,1.629625,0.000322094158
237.0,3.357,1.62925,0.000322094158
237.0,3.3575,1.628875,0.000322094158
237.0,3.357625,1.628625,0.000322094158
237.0,3.357625,1.62875,0.000322094158
237.0,3.358375,1.62875,0.000322094158
237.0,3.358375,1.628625,0.000322094158
237.0,3.358,1.6285,0.000322094158
237.0,3.356875,1.62875,0.000322094158
237.0,3.3565,1.628875,0.000322094158
237.0,3.35675,1.629125,0.000322094158
237.0,3.356875,1.629125,0.000322094158
237.0,3.35675,1.629125,0.000322094158
237.0,3.35625,1.62925,0.000322094158
238.0,3.353375,1.680375,0.000322218839
238.0,3.35325,1.680625,0.000322218839
238.0,3.352375,1.680875,0.000322218839
238.0,3.352125,1.681,0.000322218839
238.0,3.352375,1.680875,0.000322218839
238.0,3.3525,1.681125,0.000322218839
238.0,3.352375,1.681125,0.000322218839
238.0,3.352375,1.68125,0.000322218839
238.0,3.352375,1.68125,0.000322218839
238.0,3.352625,1.6815,0.000322218839
238.0,3.352875,1.6815,0.000322218839
238.0,3.35275,1.68125,0.000322218839
238.0,3.35325,1.6805,0.000322218839
238.0,3.3535,1.6805,0.000322218839
238.0,3.353125,1.680625,0.000322218839
238.0,3.35325,1.68075,0.000322218839
238.0,3.354125,1.6805,0.000322218839
238.0,3.35425,1.680375,0.000322218839
238.0,3.35325,1.680625,0.000322218839
238.0,3.352375,1.680875,0.000322218839
238.0,3.352125,1.680875,0.000322218839
238.0,3.3525,1.681,0.000322218839
238.0,3.352625,1.681125,0.000322218839
238.0,3.352125,1.681125,0.000322218839
238.0,3.352125,1.681125,0.000322218839
238.0,3.352,1.681375,0.000322218839
238.0,3.353,1.68175,0.000322218839
238.0,3.353125,1.68175,0.000322218839
238.0,3.3525,1.681125,0.000322218839
238.0,3.352875,1.680625,0.000322218839
238.0,3.353125,1.6805,0.000322218839
238.0,3.353,1.68075,0.000322218839
238.0,3.35375,1.68075,0.000322218839
238.0,3.354375,1.6805,0.000322218839
238.0,3.35375,1.680375,0.000322218839
238.0,3.35275,1.680625,0.000322218839
238.0,3.352375,1.681,0.000322218839
238.0,3.352875,1.680875,0.000322218839
238.0,3.353,1.681375,0.000322218839
238.0,3.35225,1.68125,0.000322218839
238.0,3.35225,1.681375,0.000322218839
238.0,3.351875,1.681375,0.000322218839
238.0,3.352125,1.681625,0.000322218839
238.0,3.3525,1.681875,0.000322218839
238.0,3.3525,1.681375,0.000322218839
238.0,3.352375,1.681125,0.000322218839
238.0,3.352625,1.680875,0.000322218839
238.0,3.35275,1.68075,0.000322218839
238.0,3.35325,1.68075,0.000322218839
238.0,3.353875,1.68075,0.000322218839
238.0,3.353875,1.680375,0.000322218839
238.0,3.353,1.680625,0.000322218839
238.0,3.352125,1.681,0.000322218839
238.0,3.351875,1.681,0.000322218839
238.0,3.35225,1.680875,0.000322218839
238.0,3.35225,1.681125,0.000322218839
238.0,3.352,1.681125,0.000322218839
238.0,3.352,1.681125,0.000322218839
238.0,3.351625,1.68125,0.000322218839
238.0,3.352,1.6815,0.000322218839
238.0,3.352625,1.681625,0.000322218839
238.0,3.352875,1.68125,0.000322218839
238.0,3.353,1.680875,0.000322218839
238.0,3.353125,1.68075,0.000322218839
238.0,3.352875,1.68075,0.000322218839
238.0,3.352875,1.68075,0.000322218839
238.0,3.353375,1.68075,0.000322218839
238.0,3.3535,1.68025,0.000322218839
238.0,3.35275,1.6805,0.000322218839
238.0,3.351875,1.680875,0.000322218839
238.0,3.351875,1.680875,0.000322218839
238.0,3.3525,1.681125,0.000322218839
238.0,3.352625,1.68125,0.000322218839
238.0,3.352625,1.68125,0.000322218839
238.0,3.35225,1.68125,0.000322218839
238.0,3.352,1.68125,0.000322218839
238.0,3.352375,1.681625,0.000322218839
238.0,3.35275,1.6815,0.000322218839
238.0,3.35275,1.680875,0.000322218839
238.0,3.35325,1.680625,0.000322218839
238.0,3.35325,1.68075,0.000322218839
238.0,3.3535,1.681,0.000322218839
238.0,3.3545,1.680875,0.000322218839
238.0,3.354375,1.68075,0.000322218839
238.0,3.354,1.6805,0.000322218839
238.0,3.35325,1.681,0.000322218839
238.0,3.3525,1.680875,0.000322218839
238.0,3.35275,1.680875,0.000322218839
238.0,3.352625,1.681125,0.000322218839
238.0,3.352625,1.681125,0.000322218839
238.0,3.3525,1.681125,0.000322218839
238.0,3.352,1.681125,0.000322218839
238.0,3.351875,1.681625,0.000322218839
238.0,3.352625,1.681875,0.000322218839
238.0,3.352875,1.681625,0.000322218839
238.0,3.352625,1.68125,0.000322218839
238.0,3.352875,1.68075,0.000322218839
238.0,3.353,1.68075,0.000322218839
238.0,3.352875,1.68075,0.000322218839
238.0,3.353625,1.68075,0.000322218839
238.0,3.354,1.680625,0.000322218839
238.0,3.353125,1.6805,0.000322218839
238.0,3.352625,1.6805,0.000322218839
238.0,3.3525,1.68075,0.000322218839
238.0,3.352375,1.681,0.000322218839
238.0,3.352375,1.681,0.000322218839
238.0,3.3525,1.681125,0.000322218839
238.0,3.3525,1.681125,0.000322218839
238.0,3.35225,1.681,0.000322218839
238.0,3.352375,1.6815,0.000322218839
238.0,3.35275,1.681625,0.000322218839
238.0,3.35275,1.6815,0.000322218839
238.0,3.352625,1.680625,0.000322218839
238.0,3.353125,1.680375,0.000322218839
238.0,3.353375,1.68075,0.000322218839
238.0,3.35325,1.680875,0.000322218839
238.0,3.354125,1.68075,0.000322218839
238.0,3.35375,1.68025,0.000322218839
238.0,3.353125,1.6805,0.000322218839
238.0,3.352375,1.68075,0.000322218839
238.0,3.352375,1.68075,0.000322218839
238.0,3.352375,1.68075,0.000322218839
238.0,3.35275,1.680875,0.000322218839
238.0,3.352625,1.681125,0.000322218839
238.0,3.35225,1.681,0.000322218839
238.0,3.351875,1.68125,0.000322218839
238.0,3.3525,1.6815,0.000322218839
238.0,3.353,1.68125,0.000322218839
238.0,3.352625,1.681,0.000322218839
238.0,3.35275,1.68075,0.000322218839
238.0,3.35325,1.680875,0.000322218839
238.0,3.353375,1.680875,0.000322218839
238.0,3.353625,1.680875,0.000322218839
238.0,3.35425,1.680625,0.000322218839
238.0,3.353875,1.6805,0.000322218839
238.0,3.35325,1.680875,0.000322218839
238.0,3.352625,1.681125,0.000322218839
238.0,3.352625,1.681125,0.000322218839
238.0,3.352875,1.681125,0.000322218839
238.0,3.353,1.681125,0.000322218839
238.0,3.35275,1.681125,0.000322218839
238.0,3.352375,1.681125,0.000322218839
238.0,3.351875,1.6815,0.000322218839
238.0,3.35275,1.681875,0.000322218839
238.0,3.35275,1.681625,0.000322218839
238.0,3.352875,1.681375,0.000322218839
238.0,3.353125,1.680625,0.000322218839
238.0,3.35325,1.68075,0.000322218839
238.0,3.35325,1.680875,0.000322218839
238.0,3.35325,1.68075,0.000322218839
238.0,3.3535,1.6805,0.000322218839
238.0,3.353375,1.6805,0.000322218839
238.0,3.35225,1.680875,0.000322218839
238.0,3.35225,1.680875,0.000322218839
238.0,3.351875,1.680875,0.000322218839
238.0,3.3525,1.681,0.000322218839
238.0,3.352875,1.681125,0.000322218839
238.0,3.3525,1.681,0.000322218839
238.0,3.351875,1.68125,0.000322218839
238.0,3.352375,1.6815,0.000322218839
238.0,3.353125,1.6815,0.000322218839
238.0,3.352625,1.681125,0.000322218839
238.0,3.352375,1.680625,0.000322218839
238.0,3.353,1.6805,0.000322218839
238.0,3.353,1.680625,0.000322218839
238.0,3.353375,1.680625,0.000322218839
238.0,3.3535,1.680375,0.000322218839
238.0,3.3535,1.68025,0.000322218839
238.0,3.35325,1.6805,0.000322218839
239.0,3.346125,1.7325,0.000322133332
239.0,3.34625,1.7325,0.000322133332
239.0,3.34575,1.732625,0.000322133332
239.0,3.34575,1.73275,0.000322133332
239.0,3.3465,1.733,0.000322133332
239.0,3.346375,1.732375,0.000322133332
239.0,3.346125,1.732,0.000322133332
239.0,3.346375,1.731875,0.000322133332
239.0,3.346375,1.731875,0.000322133332
239.0,3.34675,1.732,0.000322133332
239.0,3.347125,1.732,0.000322133332
239.0,3.347875,1.731875,0.000322133332
239.0,3.347875,1.731625,0.000322133332
239.0,3.34725,1.73175,0.000322133332
239.0,3.3465,1.732125,0.000322133332
239.0,3.34625,1.73225,0.000322133332
239.0,3.34675,1.732375,0.000322133332
239.0,3.346875,1.7325,0.000322133332
239.0,3.34625,1.7325,0.000322133332
239.0,3.345625,1.732625,0.000322133332
239.0,3.346,1.733,0.000322133332
239.0,3.346375,1.732875,0.000322133332
239.0,3.346375,1.7325,0.000322133332
239.0,3.3465,1.732,0.000322133332
239.0,3.3465,1.732,0.000322133332
239.0,3.34675,1.732,0.000322133332
239.0,3.347,1.732,0.000322133332
239.0,3.34775,1.732,0.000322133332
239.0,3.348,1.73175,0.000322133332
239.0,3.3475,1.731625,0.000322133332
239.0,3.34675,1.732,0.000322133332
239.0,3.345875,1.732375,0.000322133332
239.0,3.346,1.732125,0.000322133332
239.0,3.34625,1.7325,0.000322133332
239.0,3.34625,1.7325,0.000322133332
239.0,3.3455,1.732625,0.000322133332
239.0,3.34575,1.73275,0.000322133332
239.0,3.34625,1.733,0.000322133332
239.0,3.34625,1.732875,0.000322133332
239.0,3.346375,1.732125,0.000322133332
239.0,3.346375,1.731875,0.000322133332
239.0,3.34675,1.731875,0.000322133332
239.0,3.34675,1.732,0.000322133332
239.0,3.347125,1.732125,0.000322133332
239.0,3.34725,1.732,0.000322133332
239.0,3.34775,1.73175,0.000322133332
239.0,3.347375,1.7315,0.000322133332
239.0,3.34625,1.732125,0.000322133332
239.0,3.345875,1.732375,0.000322133332
239.0,3.346125,1.732,0.000322133332
239.0,3.34575,1.7325,0.000322133332
239.0,3.345625,1.732625,0.000322133332
239.0,3.3455,1.73275,0.000322133332
239.0,3.34575,1.733125,0.000322133332
239.0,3.346375,1.733,0.000322133332
239.0,3.346375,1.7325,0.000322133332
239.0,3.346625,1.73225,0.000322133332
239.0,3.346625,1.73225,0.000322133332
239.0,3.34675,1.731875,0.000322133332
239.0,3.34675,1.732125,0.000322133332
239.0,3.347,1.73225,0.000322133332
239.0,3.347625,1.73225,0.000322133332
239.0,3.347875,1.731625,0.000322133332
239.0,3.346875,1.73175,0.000322133332
239.0,3.346125,1.732,0.000322133332
239.0,3.345875,1.732375,0.000322133332
239.0,3.3465,1.7325,0.000322133332
239.0,3.347,1.732625,0.000322133332
239.0,3.346375,1.732625,0.000322133332
239.0,3.34575,1.732625,0.000322133332
239.0,3.346125,1.732875,0.000322133332
239.0,3.347125,1.732625,0.000322133332
239.0,3.34675,1.732375,0.000322133332
239.0,3.34675,1.732375,0.000322133332
239.0,3.347,1.732,0.000322133332
239.0,3.34725,1.73175,0.000322133332
239.0,3.347,1.732,0.000322133332
239.0,3.34725,1.73225,0.000322133332
239.0,3.34775,1.732,0.000322133332
239.0,3.347375,1.731625,0.000322133332
239.0,3.346125,1.732,0.000322133332
239.0,3.3455,1.732125,0.000322133332
239.0,3.345875,1.732125,0.000322133332
239.0,3.346375,1.73225,0.000322133332
239.0,3.346125,1.732375,0.000322133332
239.0,3.345875,1.732375,0.000322133332
239.0,3.34575,1.73275,0.000322133332
239.0,3.346875,1.73325,0.000322133332
239.0,3.346875,1.73275,0.000322133332
239.0,3.346875,1.73275,0.000322133332
239.0,3.3465,1.732125,0.000322133332
239.0,3.34675,1.731875,0.000322133332
239.0,3.34675,1.732,0.000322133332
239.0,3.346875,1.73225,0.000322133332
239.0,3.347125,1.73225,0.000322133332
239.0,3.34725,1.731875,0.000322133332
239.0,3.347375,1.731875,0.000322133332
239.0,3.346625,1.73225,0.000322133332
239.0,3.34575,1.7325,0.000322133332
239.0,3.346,1.73225,0.000322133332
239.0,3.346125,1.7325,0.000322133332
239.0,3.346125,1.732625,0.000322133332
239.0,3.345875,1.732625,0.000322133332
239.0,3.346,1.733,0.000322133332
239.0,3.346375,1.733,0.000322133332
239.0,3.346375,1.733,0.000322133332
239.0,3.346625,1.732625,0.000322133332
239.0,3.346875,1.732375,0.000322133332
239.0,3.347125,1.732125,0.000322133332
239.0,3.347125,1.732,0.000322133332
239.0,3.347,1.731875,0.000322133332
239.0,3.347125,1.73175,0.000322133332
239.0,3.347125,1.7315,0.000322133332
239.0,3.3465,1.731875,0.000322133332
239.0,3.346,1.73225,0.000322133332
239.0,3.345875,1.732125,0.000322133332
239.0,3.345875,1.732125,0.000322133332
239.0,3.346375,1.73225,0.000322133332
239.0,3.345875,1.732375,0.000322133332
239.0,3.34525,1.7325,0.000322133332
239.0,3.34575,1.733,0.000322133332
239.0,3.34575,1.732875,0.000322133332
239.0,3.3465,1.732875,0.000322133332
239.0,3.346125,1.7325,0.000322133332
239.0,3.34625,1.732,0.000322133332
239.0,3.346875,1.731875,0.000322133332
239.0,3.347,1.732,0.000322133332
239.0,3.34725,1.732,0.000322133332
239.0,3.3475,1.731875,0.000322133332
239.0,3.34725,1.731875,0.000322133332
239.0,3.34675,1.732125,0.000322133332
239.0,3.345875,1.7325,0.000322133332
239.0,3.345875,1.732375,0.000322133332
239.0,3.34625,1.732375,0.000322133332
239.0,3.346375,1.732625,0.000322133332
239.0,3.346,1.732625,0.000322133332
239.0,3.345875,1.73275,0.000322133332
239.0,3.345875,1.733,0.000322133332
239.0,3.346,1.733,0.000322133332
239.0,3.346375,1.733,0.000322133332
239.0,3.346375,1.7325,0.000322133332
239.0,3.346875,1.732,0.000322133332
239.0,3.346875,1.732125,0.000322133332
239.0,3.34675,1.732125,0.000322133332
239.0,3.3475,1.732125,0.000322133332
239.0,3.347625,1.731875,0.000322133332
239.0,3.347625,1.73175,0.000322133332
239.0,3.34625,1.732125,0.000322133332
239.0,3.346,1.732375,0.000322133332
239.0,3.346,1.732125,0.000322133332
239.0,3.346125,1.732625,0.000322133332
239.0,3.346375,1.732625,0.000322133332
239.0,3.345125,1.7325,0.000322133332
239.0,3.34525,1.733,0.000322133332
239.0,3.34525,1.733,0.000322133332
239.0,3.346,1.733,0.000322133332
239.0,3.3465,1.73275,0.000322133332
239.0,3.346875,1.7325,0.000322133332
239.0,3.34675,1.73225,0.000322133332
239.0,3.346375,1.732,0.000322133332
239.0,3.347,1.732125,0.000322133332
239.0,3.3475,1.732125,0.000322133332
239.0,3.347375,1.73175,0.000322133332
239.0,3.34675,1.73175,0.000322133332
239.0,3.34625,1.73225,0.000322133332
239.0,3.345625,1.732125,0.000322133332
239.0,3.345875,1.73225,0.000322133332
239.0,3.345875,1.732375,0.000322133332
239.0,3.34575,1.73225,0.000322133332
240.0,3.338875,1.783875,0.000322221196
240.0,3.338625,1.783875,0.000322221196
240.0,3.337625,1.78425,0.000322221196
240.0,3.3375,1.784125,0.000322221196
240.0,3.338,1.78425,0.000322221196
240.0,3.33775,1.784625,0.000322221196
240.0,3.33725,1.7845,0.000322221196
240.0,3.337,1.78475,0.000322221196
240.0,3.337,1.78475,0.000322221196
240.0,3.3375,1.785,0.000322221196
240.0,3.338125,1.784875,0.000322221196
240.0,3.338125,1.7845,0.000322221196
240.0,3.33825,1.784,0.000322221196
240.0,3.33875,1.784,0.000322221196
240.0,3.33825,1.78425,0.000322221196
240.0,3.33875,1.784125,0.000322221196
240.0,3.339125,1.783875,0.000322221196
240.0,3.338875,1.783625,0.000322221196
240.0,3.33825,1.784,0.000322221196
240.0,3.337125,1.78425,0.000322221196
240.0,3.33725,1.784125,0.000322221196
240.0,3.337625,1.784625,0.000322221196
240.0,3.33775,1.784625,0.000322221196
240.0,3.337125,1.784625,0.000322221196
240.0,3.337125,1.784625,0.000322221196
240.0,3.337,1.78475,0.000322221196
240.0,3.33775,1.785,0.000322221196
240.0,3.33825,1.785125,0.000322221196
240.0,3.338,1.7845,0.000322221196
240.0,3.3385,1.78425,0.000322221196
240.0,3.33825,1.78425,0.000322221196
240.0,3.338,1.78425,0.000322221196
240.0,3.33875,1.784125,0.000322221196
240.0,3.339125,1.78375,0.000322221196
240.0,3.339125,1.78375,0.000322221196
240.0,3.33825,1.784,0.000322221196
240.0,3.337875,1.784125,0.000322221196
240.0,3.33825,1.784125,0.000322221196
240.0,3.338125,1.784375,0.000322221196
240.0,3.337625,1.784625,0.000322221196
240.0,3.337125,1.784625,0.000322221196
240.0,3.337125,1.784625,0.000322221196
240.0,3.337625,1.785,0.000322221196
240.0,3.338375,1.785,0.000322221196
240.0,3.338125,1.784625,0.000322221196
240.0,3.338,1.784,0.000322221196
240.0,3.33825,1.783875,0.000322221196
240.0,3.33825,1.784125,0.000322221196
240.0,3.338625,1.78425,0.000322221196
240.0,3.338875,1.78425,0.000322221196
240.0,3.339125,1.78375,0.000322221196
240.0,3.338625,1.783875,0.000322221196
240.0,3.337375,1.78425,0.000322221196
240.0,3.337125,1.784375,0.000322221196
240.0,3.337375,1.7845,0.000322221196
240.0,3.33775,1.784875,0.000322221196
240.0,3.33725,1.78475,0.000322221196
240.0,3.33725,1.78475,0.000322221196
240.0,3.336625,1.784875,0.000322221196
240.0,3.337125,1.78525,0.000322221196
240.0,3.33775,1.78525,0.000322221196
240.0,3.337625,1.78475,0.000322221196
240.0,3.338,1.784125,0.000322221196
240.0,3.337875,1.784125,0.000322221196
240.0,3.338125,1.784,0.000322221196
240.0,3.338625,1.784125,0.000322221196
240.0,3.339125,1.784,0.000322221196
240.0,3.339125,1.783625,0.000322221196
240.0,3.338,1.784,0.000322221196
240.0,3.337,1.784375,0.000322221196
240.0,3.337375,1.784375,0.000322221196
240.0,3.337375,1.784625,0.000322221196
240.0,3.337125,1.78475,0.000322221196
240.0,3.337125,1.78475,0.000322221196
240.0,3.33675,1.784625,0.000322221196
240.0,3.33675,1.78475,0.000322221196
240.0,3.337375,1.785,0.000322221196
240.0,3.3375,1.785,0.000322221196
240.0,3.337625,1.784375,0.000322221196
240.0,3.338,1.784,0.000322221196
240.0,3.3385,1.784125,0.000322221196
240.0,3.338375,1.78425,0.000322221196
240.0,3.338875,1.78425,0.000322221196
240.0,3.338875,1.783875,0.000322221196
240.0,3.338625,1.783875,0.000322221196
240.0,3.338,1.784375,0.000322221196
240.0,3.337625,1.784625,0.000322221196
240.0,3.337625,1.78425,0.000322221196
240.0,3.33775,1.784625,0.000322221196
240.0,3.33775,1.784625,0.000322221196
240.0,3.33775,1.78475,0.000322221196
240.0,3.33725,1.784625,0.000322221196
240.0,3.3375,1.785125,0.000322221196
240.0,3.338,1.785125,0.000322221196
240.0,3.338375,1.785,0.000322221196
240.0,3.33825,1.7845,0.000322221196
240.0,3.33825,1.78425,0.000322221196
240.0,3.338125,1.78425,0.000322221196
240.0,3.338625,1.78425,0.000322221196
240.0,3.33925,1.78425,0.000322221196
240.0,3.339125,1.783875,0.000322221196
240.0,3.33825,1.784,0.000322221196
240.0,3.337375,1.784625,0.000322221196
240.0,3.33725,1.7845,0.000322221196
240.0,3.3375,1.784625,0.000322221196
240.0,3.3375,1.784625,0.000322221196
240.0,3.338,1.78475,0.000322221196
240.0,3.337875,1.784625,0.000322221196
240.0,3.33725,1.78475,0.000322221196
240.0,3.337375,1.785125,0.000322221196
240.0,3.33825,1.785125,0.000322221196
240.0,3.3375,1.784625,0.000322221196
240.0,3.337875,1.784125,0.000322221196
240.0,3.338375,1.784,0.000322221196
240.0,3.338,1.784,0.000322221196
240.0,3.33825,1.784125,0.000322221196
240.0,3.339,1.783875,0.000322221196
240.0,3.33875,1.78375,0.000322221196
240.0,3.33825,1.784,0.000322221196
240.0,3.3375,1.784375,0.000322221196
240.0,3.33725,1.784375,0.000322221196
240.0,3.33725,1.784375,0.000322221196
240.0,3.337375,1.784375,0.000322221196
240.0,3.337875,1.7845,0.000322221196
240.0,3.3375,1.7845,0.000322221196
240.0,3.337375,1.78475,0.000322221196
240.0,3.33825,1.785125,0.000322221196
240.0,3.338375,1.784875,0.000322221196
240.0,3.337875,1.784375,0.000322221196
240.0,3.338625,1.784,0.000322221196
240.0,3.33925,1.783875,0.000322221196
240.0,3.3385,1.78425,0.000322221196
240.0,3.339,1.78425,0.000322221196
240.0,3.3395,1.784,0.000322221196
240.0,3.338875,1.78375,0.000322221196
240.0,3.337875,1.78425,0.000322221196
240.0,3.337625,1.7845,0.000322221196
240.0,3.33775,1.7845,0.000322221196
240.0,3.33775,1.7845,0.000322221196
240.0,3.338375,1.784625,0.000322221196
240.0,3.338125,1.78475,0.000322221196
240.0,3.33725,1.7845,0.000322221196
240.0,3.3375,1.784875,0.000322221196
240.0,3.338375,1.785375,0.000322221196
240.0,3.338375,1.784875,0.000322221196
240.0,3.338,1.7845,0.000322221196
240.0,3.33825,1.784125,0.000322221196
240.0,3.33825,1.78425,0.000322221196
240.0,3.33825,1.784375,0.000322221196
240.0,3.338625,1.78425,0.000322221196
240.0,3.338625,1.783875,0.000322221196
240.0,3.338125,1.78425,0.000322221196
240.0,3.337875,1.784625,0.000322221196
240.0,3.337625,1.784375,0.000322221196
240.0,3.337625,1.784375,0.000322221196
240.0,3.338,1.78425,0.000322221196
240.0,3.338125,1.784625,0.000322221196
240.0,3.3375,1.7845,0.000322221196
240.0,3.336875,1.784625,0.000322221196
240.0,3.337375,1.785125,0.000322221196
240.0,3.338125,1.785125,0.000322221196
240.0,3.338125,1.784875,0.000322221196
240.0,3.33775,1.7845,0.000322221196
240.0,3.33775,1.784125,0.000322221196
240.0,3.337625,1.784125,0.000322221196
240.0,3.33775,1.784125,0.000322221196
240.0,3.33875,1.78375,0.000322221196
240.0,3.338875,1.783625,0.000322221196
240.0,3.3385,1.783875,0.000322221196
241.0,3.327875,1.83525,0.000322251115
241.0,3.327125,1.835625,0.000322251115
241.0,3.32725,1.835625,0.000322251115
241.0,3.327625,1.835875,0.000322251115
241.0,3.327625,1.835875,0.000322251115
241.0,3.326625,1.836,0.000322251115
241.0,3.327125,1.836375,0.000322251115
241.0,3.328,1.8365,0.000322251115
241.0,3.328,1.8365,0.000322251115
241.0,3.328,1.836375,0.000322251115
241.0,3.328,1.835875,0.000322251115
241.0,3.32825,1.835375,0.000322251115
241.0,3.32825,1.83525,0.000322251115
241.0,3.3285,1.835375,0.000322251115
241.0,3.329,1.835375,0.000322251115
241.0,3.32875,1.834875,0.000322251115
241.0,3.3285,1.835125,0.000322251115
241.0,3.3275,1.835625,0.000322251115
241.0,3.327,1.835625,0.000322251115
241.0,3.327625,1.8355,0.000322251115
241.0,3.327875,1.835875,0.000322251115
241.0,3.328,1.835875,0.000322251115
241.0,3.327375,1.835875,0.000322251115
241.0,3.327625,1.836125,0.000322251115
241.0,3.327625,1.83625,0.000322251115
241.0,3.328125,1.83625,0.000322251115
241.0,3.328,1.83575,0.000322251115
241.0,3.328125,1.8355,0.000322251115
241.0,3.328125,1.835375,0.000322251115
241.0,3.327625,1.8355,0.000322251115
241.0,3.328125,1.8355,0.000322251115
241.0,3.329375,1.8355,0.000322251115
241.0,3.329125,1.83525,0.000322251115
241.0,3.327875,1.835375,0.000322251115
241.0,3.327,1.835625,0.000322251115
241.0,3.327,1.835625,0.000322251115
241.0,3.327375,1.8355,0.000322251115
241.0,3.327625,1.83575,0.000322251115
241.0,3.327,1.836,0.000322251115
241.0,3.327,1.836,0.000322251115
241.0,3.327625,1.83625,0.000322251115
241.0,3.327625,1.83625,0.000322251115
241.0,3.32825,1.836125,0.000322251115
241.0,3.32825,1.835625,0.000322251115
241.0,3.328125,1.83525,0.000322251115
241.0,3.32825,1.83525,0.000322251115
241.0,3.327875,1.8355,0.000322251115
241.0,3.328125,1.835375,0.000322251115
241.0,3.329,1.83525,0.000322251115
241.0,3.328875,1.835,0.000322251115
241.0,3.327875,1.835375,0.000322251115
241.0,3.326875,1.835625,0.000322251115
241.0,3.327125,1.835625,0.000322251115
241.0,3.327375,1.83575,0.000322251115
241.0,3.327625,1.83575,0.000322251115
241.0,3.327,1.835875,0.000322251115
241.0,3.326875,1.836125,0.000322251115
241.0,3.326875,1.836125,0.000322251115
241.0,3.32725,1.8365,0.000322251115
241.0,3.327625,1.836,0.000322251115
241.0,3.32775,1.83575,0.000322251115
241.0,3.328,1.835375,0.000322251115
241.0,3.328125,1.835375,0.000322251115
241.0,3.328125,1.835625,0.000322251115
241.0,3.328625,1.8355,0.000322251115
241.0,3.32875,1.83525,0.000322251115
241.0,3.328625,1.835125,0.000322251115
241.0,3.3275,1.835125,0.000322251115
241.0,3.327,1.835375,0.000322251115
241.0,3.327625,1.835375,0.000322251115
241.0,3.32775,1.835875,0.000322251115
241.0,3.327875,1.835875,0.000322251115
241.0,3.3275,1.835875,0.000322251115
241.0,3.3275,1.835875,0.000322251115
241.0,3.3275,1.836375,0.000322251115
241.0,3.327875,1.836625,0.000322251115
241.0,3.327625,1.836125,0.000322251115
241.0,3.327375,1.835625,0.000322251115
241.0,3.328,1.835125,0.000322251115
241.0,3.328125,1.83525,0.000322251115
241.0,3.3285,1.835375,0.000322251115
241.0,3.329375,1.83525,0.000322251115
241.0,3.328875,1.835,0.000322251115
241.0,3.328,1.835375,0.000322251115
241.0,3.327375,1.8355,0.000322251115
241.0,3.327125,1.8355,0.000322251115
241.0,3.327375,1.835625,0.000322251115
241.0,3.32775,1.836,0.000322251115
241.0,3.32725,1.83575,0.000322251115
241.0,3.32725,1.83575,0.000322251115
241.0,3.326625,1.836,0.000322251115
241.0,3.327125,1.83625,0.000322251115
241.0,3.327625,1.836125,0.000322251115
241.0,3.327,1.835875,0.000322251115
241.0,3.32725,1.835375,0.000322251115
241.0,3.327625,1.835125,0.000322251115
241.0,3.328,1.835375,0.000322251115
241.0,3.32825,1.835375,0.000322251115
241.0,3.32875,1.835,0.000322251115
241.0,3.32875,1.834875,0.000322251115
241.0,3.327875,1.83525,0.000322251115
241.0,3.327,1.8355,0.000322251115
241.0,3.327125,1.835625,0.000322251115
241.0,3.327375,1.835875,0.000322251115
241.0,3.32725,1.836,0.000322251115
241.0,3.32725,1.836,0.000322251115
241.0,3.32675,1.83575,0.000322251115
241.0,3.326625,1.836125,0.000322251115
241.0,3.327375,1.836375,0.000322251115
241.0,3.327625,1.83625,0.000322251115
241.0,3.32725,1.835875,0.000322251115
241.0,3.327375,1.83525,0.000322251115
241.0,3.327625,1.835125,0.000322251115
241.0,3.328,1.835375,0.000322251115
241.0,3.328625,1.835375,0.000322251115
241.0,3.32875,1.835125,0.000322251115
241.0,3.328,1.835,0.000322251115
241.0,3.327375,1.835375,0.000322251115
241.0,3.32675,1.8355,0.000322251115
241.0,3.32725,1.83575,0.000322251115
241.0,3.32775,1.836,0.000322251115
241.0,3.32775,1.83575,0.000322251115
241.0,3.32725,1.83575,0.000322251115
241.0,3.326625,1.835875,0.000322251115
241.0,3.326875,1.83625,0.000322251115
241.0,3.3275,1.836375,0.000322251115
241.0,3.32725,1.835875,0.000322251115
241.0,3.327625,1.8355,0.000322251115
241.0,3.328,1.835125,0.000322251115
241.0,3.328125,1.835375,0.000322251115
241.0,3.328625,1.835375,0.000322251115
241.0,3.329,1.83525,0.000322251115
241.0,3.328625,1.834875,0.000322251115
241.0,3.328125,1.83525,0.000322251115
241.0,3.327125,1.835625,0.000322251115
241.0,3.32675,1.8355,0.000322251115
241.0,3.327125,1.835625,0.000322251115
241.0,3.327125,1.835875,0.000322251115
241.0,3.327125,1.835875,0.000322251115
241.0,3.32675,1.83575,0.000322251115
241.0,3.326375,1.836,0.000322251115
241.0,3.327125,1.836375,0.000322251115
241.0,3.328,1.836375,0.000322251115
241.0,3.327625,1.835875,0.000322251115
241.0,3.32775,1.8355,0.000322251115
241.0,3.32775,1.83525,0.000322251115
241.0,3.32775,1.8355,0.000322251115
241.0,3.328125,1.8355,0.000322251115
241.0,3.32875,1.83525,0.000322251115
241.0,3.328625,1.835,0.000322251115
241.0,3.3275,1.835375,0.000322251115
241.0,3.3265,1.835625,0.000322251115
241.0,3.327125,1.835625,0.000322251115
241.0,3.32775,1.835875,0.000322251115
241.0,3.32775,1.835875,0.000322251115
241.0,3.327625,1.835875,0.000322251115
241.0,3.326625,1.835875,0.000322251115
241.0,3.326625,1.83625,0.000322251115
241.0,3.327375,1.836625,0.000322251115
241.0,3.32725,1.836625,0.000322251115
241.0,3.327125,1.83575,0.000322251115
241.0,3.32775,1.835375,0.000322251115
241.0,3.328,1.835375,0.000322251115
241.0,3.328125,1.8355,0.000322251115
241.0,3.329,1.8355,0.000322251115
241.0,3.328875,1.83525,0.000322251115
241.0,3.32825,1.835125,0.000322251115
241.0,3.327,1.835625,0.000322251115
241.0,3.326625,1.835625,0.000322251115
242.0,3.314,1.885125,0.000322189095
242.0,3.314375,1.885375,0.000322189095
242.0,3.31425,1.88525,0.000322189095
242.0,3.313875,1.88525,0.000322189095
242.0,3.313875,1.885625,0.000322189095
242.0,3.3145,1.885625,0.000322189095
242.0,3.3145,1.88525,0.000322189095
242.0,3.31475,1.88475,0.000322189095
242.0,3.31475,1.88475,0.000322189095
242.0,3.314875,1.884625,0.000322189095
242.0,3.315125,1.88475,0.000322189095
242.0,3.3155,1.884875,0.000322189095
242.0,3.316125,1.88475,0.000322189095
242.0,3.315875,1.8845,0.000322189095
242.0,3.314875,1.884625,0.000322189095
242.0,3.31375,1.885,0.000322189095
242.0,3.313875,1.884875,0.000322189095
242.0,3.31475,1.885,0.000322189095
242.0,3.314625,1.8855,0.000322189095
242.0,3.313875,1.885375,0.000322189095
242.0,3.31375,1.885375,0.000322189095
242.0,3.31425,1.885875,0.000322189095
242.0,3.31475,1.885875,0.000322189095
242.0,3.3145,1.88525,0.000322189095
242.0,3.3145,1.884625,0.000322189095
242.0,3.314875,1.884625,0.000322189095
242.0,3.31525,1.884625,0.000322189095
242.0,3.315375,1.884875,0.000322189095
242.0,3.315625,1.884875,0.000322189095
242.0,3.315875,1.8845,0.000322189095
242.0,3.315375,1.884375,0.000322189095
242.0,3.3145,1.884875,0.000322189095
242.0,3.313875,1.885125,0.000322189095
242.0,3.314375,1.885,0.000322189095
242.0,3.31475,1.885125,0.000322189095
242.0,3.31425,1.88525,0.000322189095
242.0,3.313625,1.88525,0.000322189095
242.0,3.31375,1.885625,0.000322189095
242.0,3.3145,1.885875,0.000322189095
242.0,3.314375,1.8855,0.000322189095
242.0,3.314375,1.885125,0.000322189095
242.0,3.314,1.885125,0.000322189095
242.0,3.3145,1.884625,0.000322189095
242.0,3.31475,1.884625,0.000322189095
242.0,3.31475,1.884875,0.000322189095
242.0,3.315125,1.885,0.000322189095
242.0,3.315375,1.884625,0.000322189095
242.0,3.314875,1.884375,0.000322189095
242.0,3.3145,1.885,0.000322189095
242.0,3.3145,1.884875,0.000322189095
242.0,3.314375,1.885,0.000322189095
242.0,3.314,1.885125,0.000322189095
242.0,3.313875,1.8855,0.000322189095
242.0,3.314,1.8855,0.000322189095
242.0,3.314375,1.885625,0.000322189095
242.0,3.315125,1.88575,0.000322189095
242.0,3.315,1.885375,0.000322189095
242.0,3.315,1.885375,0.000322189095
242.0,3.31475,1.884875,0.000322189095
242.0,3.31475,1.88475,0.000322189095
242.0,3.314875,1.884875,0.000322189095
242.0,3.314875,1.884875,0.000322189095
242.0,3.3155,1.884875,0.000322189095
242.0,3.315625,1.884375,0.000322189095
242.0,3.315375,1.8845,0.000322189095
242.0,3.31475,1.885125,0.000322189095
242.0,3.313875,1.885,0.000322189095
242.0,3.314125,1.884875,0.000322189095
242.0,3.3145,1.88525,0.000322189095
242.0,3.314375,1.885375,0.000322189095
242.0,3.31425,1.885375,0.000322189095
242.0,3.314125,1.885875,0.000322189095
242.0,3.3145,1.886,0.000322189095
242.0,3.3145,1.886,0.000322189095
242.0,3.31425,1.8855,0.000322189095
242.0,3.314625,1.885125,0.000322189095
242.0,3.315,1.88475,0.000322189095
242.0,3.314875,1.884875,0.000322189095
242.0,3.31525,1.884875,0.000322189095
242.0,3.315875,1.88475,0.000322189095
242.0,3.31575,1.884375,0.000322189095
242.0,3.31525,1.884625,0.000322189095
242.0,3.314625,1.88475,0.000322189095
242.0,3.3145,1.88475,0.000322189095
242.0,3.314625,1.885,0.000322189095
242.0,3.314625,1.885125,0.000322189095
242.0,3.31425,1.88525,0.000322189095
242.0,3.314,1.885375,0.000322189095
242.0,3.314625,1.88575,0.000322189095
242.0,3.314625,1.88575,0.000322189095
242.0,3.314625,1.8855,0.000322189095
242.0,3.314625,1.884875,0.000322189095
242.0,3.31475,1.8845,0.000322189095
242.0,3.31475,1.884625,0.000322189095
242.0,3.31475,1.884625,0.000322189095
242.0,3.315625,1.884625,0.000322189095
242.0,3.3155,1.8845,0.000322189095
242.0,3.315375,1.884375,0.000322189095
242.0,3.31475,1.884875,0.000322189095
242.0,3.314125,1.884875,0.000322189095
242.0,3.31475,1.88475,0.000322189095
242.0,3.315,1.885,0.000322189095
242.0,3.31425,1.88525,0.000322189095
242.0,3.3135,1.885125,0.000322189095
242.0,3.31375,1.885375,0.000322189095
242.0,3.31375,1.885375,0.000322189095
242.0,3.314375,1.885375,0.000322189095
242.0,3.314375,1.885125,0.000322189095
242.0,3.314375,1.884875,0.000322189095
242.0,3.315125,1.884625,0.000322189095
242.0,3.315375,1.88475,0.000322189095
242.0,3.315375,1.88475,0.000322189095
242.0,3.31625,1.88475,0.000322189095
242.0,3.315875,1.884375,0.000322189095
242.0,3.315,1.8845,0.000322189095
242.0,3.314,1.885,0.000322189095
242.0,3.314125,1.885125,0.000322189095
242.0,3.31425,1.885125,0.000322189095
242.0,3.314625,1.88525,0.000322189095
242.0,3.31475,1.88525,0.000322189095
242.0,3.314125,1.8855,0.000322189095
242.0,3.314125,1.8855,0.000322189095
242.0,3.314375,1.88575,0.000322189095
242.0,3.3145,1.885625,0.000322189095
242.0,3.314125,1.88525,0.000322189095
242.0,3.3145,1.884625,0.000322189095
242.0,3.31475,1.8845,0.000322189095
242.0,3.314875,1.884625,0.000322189095
242.0,3.315625,1.884625,0.000322189095
242.0,3.316125,1.884625,0.000322189095
242.0,3.3155,1.8845,0.000322189095
242.0,3.315,1.884625,0.000322189095
242.0,3.313875,1.88475,0.000322189095
242.0,3.31375,1.884625,0.000322189095
242.0,3.31425,1.885,0.000322189095
242.0,3.3145,1.885,0.000322189095
242.0,3.313875,1.885125,0.000322189095
242.0,3.313875,1.885375,0.000322189095
242.0,3.3135,1.885375,0.000322189095
242.0,3.314375,1.885625,0.000322189095
242.0,3.314125,1.885625,0.000322189095
242.0,3.314125,1.885125,0.000322189095
242.0,3.315,1.884625,0.000322189095
242.0,3.315125,1.884625,0.000322189095
242.0,3.315125,1.884875,0.000322189095
242.0,3.31575,1.88475,0.000322189095
242.0,3.315875,1.88425,0.000322189095
242.0,3.315375,1.88425,0.000322189095
242.0,3.3145,1.884625,0.000322189095
242.0,3.313625,1.884875,0.000322189095
242.0,3.314125,1.885,0.000322189095
242.0,3.31475,1.885125,0.000322189095
242.0,3.3145,1.885125,0.000322189095
242.0,3.314125,1.88525,0.000322189095
242.0,3.314125,1.88525,0.000322189095
242.0,3.31425,1.885625,0.000322189095
242.0,3.31475,1.885875,0.000322189095
242.0,3.315,1.8855,0.000322189095
242.0,3.315,1.884875,0.000322189095
242.0,3.31525,1.8845,0.000322189095
242.0,3.315125,1.8845,0.000322189095
242.0,3.315125,1.884625,0.000322189095
242.0,3.315875,1.88475,0.000322189095
242.0,3.316,1.884375,0.000322189095
242.0,3.315375,1.884375,0.000322189095
242.0,3.3145,1.88475,0.000322189095
242.0,3.3145,1.88475,0.000322189095
242.0,3.3145,1.884875,0.000322189095
242.0,3.31475,1.885125,0.000322189095
243.0,3.300375,1.934625,0.000322039705
243.0,3.3005,1.934625,0.000322039705
243.0,3.30075,1.93475,0.000322039705
243.0,3.301375,1.93475,0.000322039705
243.0,3.30125,1.934375,0.000322039705
243.0,3.300625,1.934375,0.000322039705
243.0,3.3,1.934875,0.000322039705
243.0,3.29975,1.935,0.000322039705
243.0,3.29975,1.935,0.000322039705
243.0,3.300125,1.935,0.000322039705
243.0,3.300375,1.93525,0.000322039705
243.0,3.3,1.935125,0.000322039705
243.0,3.2995,1.93525,0.000322039705
243.0,3.299875,1.935625,0.000322039705
243.0,3.3005,1.935625,0.000322039705
243.0,3.300125,1.935375,0.000322039705
243.0,3.30025,1.93475,0.000322039705
243.0,3.300625,1.934375,0.000322039705
243.0,3.300875,1.9345,0.000322039705
243.0,3.301,1.93475,0.000322039705
243.0,3.3015,1.934625,0.000322039705
243.0,3.301375,1.93425,0.000322039705
243.0,3.300625,1.934625,0.000322039705
243.0,3.299875,1.93475,0.000322039705
243.0,3.299875,1.93475,0.000322039705
243.0,3.299625,1.93475,0.000322039705
243.0,3.300125,1.934875,0.000322039705
243.0,3.300375,1.935125,0.000322039705
243.0,3.299625,1.935,0.000322039705
243.0,3.299375,1.93525,0.000322039705
243.0,3.300125,1.93575,0.000322039705
243.0,3.300375,1.935375,0.000322039705
243.0,3.30025,1.935,0.000322039705
243.0,3.3005,1.9345,0.000322039705
243.0,3.30075,1.9345,0.000322039705
243.0,3.300875,1.934625,0.000322039705
243.0,3.301625,1.934625,0.000322039705
243.0,3.301625,1.93425,0.000322039705
243.0,3.300875,1.93425,0.000322039705
243.0,3.300125,1.93475,0.000322039705
243.0,3.300375,1.93475,0.000322039705
243.0,3.300375,1.935,0.000322039705
243.0,3.30025,1.935,0.000322039705
243.0,3.300125,1.935125,0.000322039705
243.0,3.299875,1.935375,0.000322039705
243.0,3.299375,1.93525,0.000322039705
243.0,3.2995,1.9355,0.000322039705
243.0,3.300375,1.93575,0.000322039705
243.0,3.30075,1.9355,0.000322039705
243.0,3.30075,1.934875,0.000322039705
243.0,3.300875,1.9345,0.000322039705
243.0,3.300875,1.9345,0.000322039705
243.0,3.301,1.934625,0.000322039705
243.0,3.301625,1.934625,0.000322039705
243.0,3.301625,1.934375,0.000322039705
243.0,3.30125,1.934375,0.000322039705
243.0,3.3005,1.934875,0.000322039705
243.0,3.3005,1.934875,0.000322039705
243.0,3.300125,1.934875,0.000322039705
243.0,3.30025,1.934875,0.000322039705
243.0,3.3005,1.935125,0.000322039705
243.0,3.300125,1.935125,0.000322039705
243.0,3.29925,1.9355,0.000322039705
243.0,3.299625,1.935625,0.000322039705
243.0,3.3005,1.93575,0.000322039705
243.0,3.300625,1.935375,0.000322039705
243.0,3.300625,1.93475,0.000322039705
243.0,3.30075,1.9345,0.000322039705
243.0,3.301,1.934625,0.000322039705
243.0,3.30125,1.934875,0.000322039705
243.0,3.3015,1.93475,0.000322039705
243.0,3.301375,1.934375,0.000322039705
243.0,3.301,1.9345,0.000322039705
243.0,3.301,1.9345,0.000322039705
243.0,3.300125,1.935125,0.000322039705
243.0,3.3,1.935,0.000322039705
243.0,3.300125,1.935,0.000322039705
243.0,3.30025,1.93525,0.000322039705
243.0,3.299375,1.935375,0.000322039705
243.0,3.29925,1.9355,0.000322039705
243.0,3.299625,1.936,0.000322039705
243.0,3.3,1.935875,0.000322039705
243.0,3.300375,1.935375,0.000322039705
243.0,3.300375,1.93475,0.000322039705
243.0,3.300625,1.93475,0.000322039705
243.0,3.3005,1.934875,0.000322039705
243.0,3.300625,1.934875,0.000322039705
243.0,3.30075,1.93475,0.000322039705
243.0,3.30075,1.9345,0.000322039705
243.0,3.30075,1.9345,0.000322039705
243.0,3.299875,1.934625,0.000322039705
243.0,3.299,1.93475,0.000322039705
243.0,3.299375,1.935,0.000322039705
243.0,3.299625,1.93525,0.000322039705
243.0,3.299875,1.93525,0.000322039705
243.0,3.29925,1.93525,0.000322039705
243.0,3.298875,1.9355,0.000322039705
243.0,3.299625,1.93575,0.000322039705
243.0,3.299875,1.9355,0.000322039705
243.0,3.29975,1.935,0.000322039705
243.0,3.299875,1.93475,0.000322039705
243.0,3.299875,1.934625,0.000322039705
243.0,3.300125,1.93475,0.000322039705
243.0,3.3005,1.934875,0.000322039705
243.0,3.301,1.9345,0.000322039705
243.0,3.301,1.9345,0.000322039705
243.0,3.3005,1.934625,0.000322039705
243.0,3.300125,1.935,0.000322039705
243.0,3.299125,1.935,0.000322039705
243.0,3.29925,1.934875,0.000322039705
243.0,3.2995,1.935125,0.000322039705
243.0,3.299375,1.935125,0.000322039705
243.0,3.299,1.935125,0.000322039705
243.0,3.299125,1.93575,0.000322039705
243.0,3.300125,1.935875,0.000322039705
243.0,3.3,1.9355,0.000322039705
243.0,3.30025,1.93525,0.000322039705
243.0,3.300375,1.935,0.000322039705
243.0,3.300375,1.935,0.000322039705
243.0,3.300875,1.935,0.000322039705
243.0,3.301375,1.93475,0.000322039705
243.0,3.301,1.93475,0.000322039705
243.0,3.301,1.934375,0.000322039705
243.0,3.3005,1.934375,0.000322039705
243.0,3.2995,1.935,0.000322039705
243.0,3.299375,1.93525,0.000322039705
243.0,3.2995,1.935375,0.000322039705
243.0,3.3,1.935375,0.000322039705
243.0,3.299625,1.935375,0.000322039705
243.0,3.298875,1.9355,0.000322039705
243.0,3.2995,1.935875,0.000322039705
243.0,3.300125,1.93575,0.000322039705
243.0,3.30025,1.935375,0.000322039705
243.0,3.300375,1.93475,0.000322039705
243.0,3.3005,1.934875,0.000322039705
243.0,3.300375,1.934875,0.000322039705
243.0,3.301,1.934875,0.000322039705
243.0,3.30175,1.934875,0.000322039705
243.0,3.30175,1.934625,0.000322039705
243.0,3.3015,1.934375,0.000322039705
243.0,3.30075,1.93475,0.000322039705
243.0,3.3005,1.935,0.000322039705
243.0,3.30025,1.934875,0.000322039705
243.0,3.30075,1.935125,0.000322039705
243.0,3.30075,1.935375,0.000322039705
243.0,3.299875,1.93525,0.000322039705
243.0,3.3,1.93575,0.000322039705
243.0,3.300375,1.936,0.000322039705
243.0,3.300375,1.93575,0.000322039705
243.0,3.300125,1.93525,0.000322039705
243.0,3.301,1.93475,0.000322039705
243.0,3.301,1.934875,0.000322039705
243.0,3.30125,1.935,0.000322039705
243.0,3.30175,1.934875,0.000322039705
243.0,3.30175,1.934875,0.000322039705
243.0,3.301875,1.9345,0.000322039705
243.0,3.3015,1.934375,0.000322039705
243.0,3.300375,1.934875,0.000322039705
243.0,3.29975,1.934875,0.000322039705
243.0,3.30025,1.935,0.000322039705
243.0,3.30025,1.935125,0.000322039705
243.0,3.300125,1.935375,0.000322039705
243.0,3.3,1.93525,0.000322039705
243.0,3.30025,1.9355,0.000322039705
243.0,3.30075,1.935625,0.000322039705
243.0,3.30075,1.93525,0.000322039705
243.0,3.30075,1.93475,0.000322039705
243.0,3.301,1.934375,0.000322039705
243.0,3.300875,1.934625,0.000322039705
244.0,3.285,1.98475,0.000322137581
244.0,3.285625,1.9845,0.000322137581
244.0,3.2855,1.984125,0.000322137581
244.0,3.284875,1.98425,0.000322137581
244.0,3.284125,1.984625,0.000322137581
244.0,3.284,1.984625,0.000322137581
244.0,3.284375,1.984625,0.000322137581
244.0,3.284625,1.985,0.000322137581
244.0,3.284625,1.985,0.000322137581
244.0,3.283875,1.985125,0.000322137581
244.0,3.28325,1.98525,0.000322137581
244.0,3.28375,1.98575,0.000322137581
244.0,3.28425,1.985625,0.000322137581
244.0,3.284375,1.985375,0.000322137581
244.0,3.284625,1.984625,0.000322137581
244.0,3.2845,1.9845,0.000322137581
244.0,3.284625,1.984625,0.000322137581
244.0,3.28475,1.98475,0.000322137581
244.0,3.285,1.984375,0.000322137581
244.0,3.284625,1.98425,0.000322137581
244.0,3.28425,1.9845,0.000322137581
244.0,3.283875,1.984625,0.000322137581
244.0,3.28375,1.984625,0.000322137581
244.0,3.283875,1.985,0.000322137581
244.0,3.283875,1.98525,0.000322137581
244.0,3.284,1.98525,0.000322137581
244.0,3.2835,1.985,0.000322137581
244.0,3.28375,1.985375,0.000322137581
244.0,3.284125,1.985625,0.000322137581
244.0,3.2845,1.985375,0.000322137581
244.0,3.284375,1.985,0.000322137581
244.0,3.284625,1.984625,0.000322137581
244.0,3.28475,1.984625,0.000322137581
244.0,3.2845,1.984625,0.000322137581
244.0,3.28525,1.9845,0.000322137581
244.0,3.285125,1.98425,0.000322137581
244.0,3.28475,1.984125,0.000322137581
244.0,3.284,1.984625,0.000322137581
244.0,3.283,1.9845,0.000322137581
244.0,3.283875,1.984625,0.000322137581
244.0,3.284125,1.985,0.000322137581
244.0,3.284125,1.985,0.000322137581
244.0,3.284,1.985,0.000322137581
244.0,3.2835,1.985,0.000322137581
244.0,3.28375,1.985375,0.000322137581
244.0,3.284375,1.985625,0.000322137581
244.0,3.28425,1.9855,0.000322137581
244.0,3.2845,1.984875,0.000322137581
244.0,3.285,1.984625,0.000322137581
244.0,3.284875,1.984625,0.000322137581
244.0,3.285125,1.98475,0.000322137581
244.0,3.2855,1.984625,0.000322137581
244.0,3.285,1.98425,0.000322137581
244.0,3.284875,1.98425,0.000322137581
244.0,3.284125,1.984875,0.000322137581
244.0,3.284,1.985,0.000322137581
244.0,3.2845,1.984875,0.000322137581
244.0,3.2845,1.984875,0.000322137581
244.0,3.284375,1.984875,0.000322137581
244.0,3.284,1.985,0.000322137581
244.0,3.2835,1.98525,0.000322137581
244.0,3.284,1.985625,0.000322137581
244.0,3.2845,1.985625,0.000322137581
244.0,3.2845,1.985375,0.000322137581
244.0,3.28425,1.984625,0.000322137581
244.0,3.284875,1.984375,0.000322137581
244.0,3.284625,1.984375,0.000322137581
244.0,3.284875,1.98475,0.000322137581
244.0,3.28525,1.98425,0.000322137581
244.0,3.28525,1.983875,0.000322137581
244.0,3.284625,1.98425,0.000322137581
244.0,3.28375,1.9845,0.000322137581
244.0,3.284,1.9845,0.000322137581
244.0,3.284,1.9845,0.000322137581
244.0,3.284125,1.984875,0.000322137581
244.0,3.283875,1.985125,0.000322137581
244.0,3.28375,1.985,0.000322137581
244.0,3.283875,1.98525,0.000322137581
244.0,3.284375,1.98575,0.000322137581
244.0,3.284875,1.985375,0.000322137581
244.0,3.28475,1.985,0.000322137581
244.0,3.28525,1.9845,0.000322137581
244.0,3.284875,1.984375,0.000322137581
244.0,3.284375,1.98475,0.000322137581
244.0,3.28475,1.98475,0.000322137581
244.0,3.285375,1.984375,0.000322137581
244.0,3.285375,1.98425,0.000322137581
244.0,3.284375,1.984625,0.000322137581
244.0,3.283625,1.98475,0.000322137581
244.0,3.283625,1.98475,0.000322137581
244.0,3.284125,1.98475,0.000322137581
244.0,3.284,1.985,0.000322137581
244.0,3.28375,1.985,0.000322137581
244.0,3.283125,1.985125,0.000322137581
244.0,3.283625,1.985375,0.000322137581
244.0,3.28425,1.98575,0.000322137581
244.0,3.284375,1.9855,0.000322137581
244.0,3.2845,1.984875,0.000322137581
244.0,3.285,1.9845,0.000322137581
244.0,3.285125,1.984625,0.000322137581
244.0,3.284875,1.984875,0.000322137581
244.0,3.2855,1.98475,0.000322137581
244.0,3.285625,1.984375,0.000322137581
244.0,3.284625,1.9845,0.000322137581
244.0,3.2835,1.984625,0.000322137581
244.0,3.2835,1.984625,0.000322137581
244.0,3.2835,1.98475,0.000322137581
244.0,3.284125,1.984875,0.000322137581
244.0,3.284875,1.985125,0.000322137581
244.0,3.284625,1.985125,0.000322137581
244.0,3.283625,1.98525,0.000322137581
244.0,3.283625,1.98575,0.000322137581
244.0,3.284375,1.985625,0.000322137581
244.0,3.284375,1.985375,0.000322137581
244.0,3.284125,1.984625,0.000322137581
244.0,3.28425,1.984375,0.000322137581
244.0,3.284625,1.984625,0.000322137581
244.0,3.284875,1.984625,0.000322137581
244.0,3.285375,1.9845,0.000322137581
244.0,3.285375,1.98425,0.000322137581
244.0,3.28475,1.9845,0.000322137581
244.0,3.28475,1.985,0.000322137581
244.0,3.283875,1.985,0.000322137581
244.0,3.283875,1.98475,0.000322137581
244.0,3.2845,1.98475,0.000322137581
244.0,3.284375,1.985125,0.000322137581
244.0,3.283375,1.984875,0.000322137581
244.0,3.283375,1.985375,0.000322137581
244.0,3.28425,1.985625,0.000322137581
244.0,3.2845,1.985375,0.000322137581
244.0,3.285,1.985125,0.000322137581
244.0,3.285,1.9845,0.000322137581
244.0,3.285,1.984625,0.000322137581
244.0,3.285,1.98475,0.000322137581
244.0,3.28575,1.984625,0.000322137581
244.0,3.286125,1.98425,0.000322137581
244.0,3.2855,1.98425,0.000322137581
244.0,3.2845,1.98475,0.000322137581
244.0,3.2845,1.98475,0.000322137581
244.0,3.283875,1.984875,0.000322137581
244.0,3.283875,1.9845,0.000322137581
244.0,3.284375,1.985,0.000322137581
244.0,3.284375,1.985125,0.000322137581
244.0,3.2835,1.985125,0.000322137581
244.0,3.283625,1.98525,0.000322137581
244.0,3.2845,1.98575,0.000322137581
244.0,3.28475,1.985375,0.000322137581
244.0,3.284875,1.984875,0.000322137581
244.0,3.284875,1.984625,0.000322137581
244.0,3.284625,1.98475,0.000322137581
244.0,3.284375,1.98475,0.000322137581
244.0,3.285,1.984625,0.000322137581
244.0,3.285625,1.984375,0.000322137581
244.0,3.285,1.984375,0.000322137581
244.0,3.285,1.984375,0.000322137581
244.0,3.284125,1.984875,0.000322137581
244.0,3.283875,1.985,0.000322137581
244.0,3.284125,1.984875,0.000322137581
244.0,3.284625,1.98525,0.000322137581
244.0,3.284375,1.985,0.000322137581
244.0,3.283625,1.985125,0.000322137581
244.0,3.284125,1.985625,0.000322137581
244.0,3.284625,1.985625,0.000322137581
244.0,3.2845,1.98525,0.000322137581
244.0,3.284875,1.984875,0.000322137581
244.0,3.284875,1.9845,0.000322137581
244.0,3.28475,1.98475,0.000322137581
244.0,3.284875,1.98475,0.000322137581
244.0,3.285375,1.9845,0.000322137581
245.0,3.266375,2.0335,0.000322127453
245.0,3.26675,2.0335,0.000322127453
245.0,3.26675,2.03325,0.000322127453
245.0,3.2665,2.033,0.000322127453
245.0,3.26575,2.033375,0.000322127453
245.0,3.26525,2.033375,0.000322127453
245.0,3.26575,2.033625,0.000322127453
245.0,3.266,2.033875,0.000322127453
245.0,3.266,2.033875,0.000322127453
245.0,3.265625,2.03375,0.000322127453
245.0,3.265375,2.033875,0.000322127453
245.0,3.26575,2.03425,0.000322127453
245.0,3.266375,2.034375,0.000322127453
245.0,3.266,2.03425,0.000322127453
245.0,3.266125,2.0335,0.000322127453
245.0,3.2665,2.03325,0.000322127453
245.0,3.2665,2.033375,0.000322127453
245.0,3.26675,2.0335,0.000322127453
245.0,3.267125,2.033375,0.000322127453
245.0,3.267,2.03325,0.000322127453
245.0,3.26675,2.03325,0.000322127453
245.0,3.26575,2.033875,0.000322127453
245.0,3.265375,2.0335,0.000322127453
245.0,3.2655,2.033625,0.000322127453
245.0,3.2655,2.033625,0.000322127453
245.0,3.26575,2.034,0.000322127453
245.0,3.2655,2.033875,0.000322127453
245.0,3.265125,2.034125,0.000322127453
245.0,3.2655,2.0345,0.000322127453
245.0,3.266125,2.0345,0.000322127453
245.0,3.26575,2.03375,0.000322127453
245.0,3.266,2.033125,0.000322127453
245.0,3.266125,2.03325,0.000322127453
245.0,3.266125,2.033375,0.000322127453
245.0,3.266375,2.0335,0.000322127453
245.0,3.266875,2.033375,0.000322127453
245.0,3.2665,2.032875,0.000322127453
245.0,3.265375,2.03325,0.000322127453
245.0,3.265,2.033625,0.000322127453
245.0,3.265125,2.033625,0.000322127453
245.0,3.265125,2.03375,0.000322127453
245.0,3.265875,2.03375,0.000322127453
245.0,3.265875,2.033875,0.000322127453
245.0,3.2655,2.033875,0.000322127453
245.0,3.2655,2.034125,0.000322127453
245.0,3.265875,2.0345,0.000322127453
245.0,3.266125,2.034375,0.000322127453
245.0,3.26575,2.033625,0.000322127453
245.0,3.266125,2.03325,0.000322127453
245.0,3.266125,2.033375,0.000322127453
245.0,3.265875,2.033375,0.000322127453
245.0,3.266875,2.033375,0.000322127453
245.0,3.267125,2.033125,0.000322127453
245.0,3.266625,2.03325,0.000322127453
245.0,3.2655,2.0335,0.000322127453
245.0,3.264875,2.033625,0.000322127453
245.0,3.265,2.0335,0.000322127453
245.0,3.265,2.0335,0.000322127453
245.0,3.2655,2.0335,0.000322127453
245.0,3.265125,2.033875,0.000322127453
245.0,3.265,2.033875,0.000322127453
245.0,3.265375,2.034125,0.000322127453
245.0,3.266,2.034375,0.000322127453
245.0,3.266,2.034125,0.000322127453
245.0,3.266,2.033625,0.000322127453
245.0,3.266625,2.03325,0.000322127453
245.0,3.266125,2.033375,0.000322127453
245.0,3.266875,2.033375,0.000322127453
245.0,3.267375,2.03325,0.000322127453
245.0,3.267125,2.033,0.000322127453
245.0,3.2665,2.03325,0.000322127453
245.0,3.26575,2.033625,0.000322127453
245.0,3.265125,2.0335,0.000322127453
245.0,3.265125,2.0335,0.000322127453
245.0,3.265875,2.03375,0.000322127453
245.0,3.26625,2.033875,0.000322127453
245.0,3.265625,2.033875,0.000322127453
245.0,3.265375,2.034,0.000322127453
245.0,3.265625,2.03425,0.000322127453
245.0,3.26625,2.03425,0.000322127453
245.0,3.266,2.033625,0.000322127453
245.0,3.2665,2.033125,0.000322127453
245.0,3.266625,2.033125,0.000322127453
245.0,3.26675,2.033375,0.000322127453
245.0,3.267125,2.033375,0.000322127453
245.0,3.267125,2.033125,0.000322127453
245.0,3.26675,2.032875,0.000322127453
245.0,3.266125,2.03325,0.000322127453
245.0,3.2655,2.033625,0.000322127453
245.0,3.2655,2.033625,0.000322127453
245.0,3.26525,2.0335,0.000322127453
245.0,3.2655,2.033625,0.000322127453
245.0,3.265625,2.03375,0.000322127453
245.0,3.265125,2.03375,0.000322127453
245.0,3.26525,2.03425,0.000322127453
245.0,3.265625,2.034625,0.000322127453
245.0,3.266,2.034375,0.000322127453
245.0,3.265875,2.03375,0.000322127453
245.0,3.26625,2.033,0.000322127453
245.0,3.266125,2.033125,0.000322127453
245.0,3.266125,2.033375,0.000322127453
245.0,3.266625,2.03325,0.000322127453
245.0,3.267125,2.032875,0.000322127453
245.0,3.267,2.032875,0.000322127453
245.0,3.266125,2.03325,0.000322127453
245.0,3.266125,2.03325,0.000322127453
245.0,3.26575,2.033625,0.000322127453
245.0,3.266,2.0335,0.000322127453
245.0,3.265875,2.033625,0.000322127453
245.0,3.26575,2.033625,0.000322127453
245.0,3.265125,2.033625,0.000322127453
245.0,3.265,2.034,0.000322127453
245.0,3.265625,2.034125,0.000322127453
245.0,3.2655,2.033875,0.000322127453
245.0,3.265875,2.0335,0.000322127453
245.0,3.266375,2.03325,0.000322127453
245.0,3.265875,2.033375,0.000322127453
245.0,3.266125,2.03325,0.000322127453
245.0,3.267125,2.033125,0.000322127453
245.0,3.267125,2.032875,0.000322127453
245.0,3.26625,2.03325,0.000322127453
245.0,3.26625,2.03325,0.000322127453
245.0,3.265125,2.0335,0.000322127453
245.0,3.265125,2.0335,0.000322127453
245.0,3.266125,2.033625,0.000322127453
245.0,3.266,2.03375,0.000322127453
245.0,3.2655,2.033875,0.000322127453
245.0,3.26525,2.034,0.000322127453
245.0,3.265875,2.034375,0.000322127453
245.0,3.266,2.034375,0.000322127453
245.0,3.2655,2.034,0.000322127453
245.0,3.26575,2.03325,0.000322127453
245.0,3.266125,2.033125,0.000322127453
245.0,3.26625,2.0335,0.000322127453
245.0,3.266875,2.0335,0.000322127453
245.0,3.26725,2.033125,0.000322127453
245.0,3.267,2.033,0.000322127453
245.0,3.266375,2.0335,0.000322127453
245.0,3.266375,2.0335,0.000322127453
245.0,3.265625,2.033875,0.000322127453
245.0,3.265875,2.03375,0.000322127453
245.0,3.26625,2.0335,0.000322127453
245.0,3.266125,2.03375,0.000322127453
245.0,3.265375,2.033875,0.000322127453
245.0,3.265125,2.034125,0.000322127453
245.0,3.265375,2.0345,0.000322127453
245.0,3.26525,2.034125,0.000322127453
245.0,3.265375,2.03375,0.000322127453
245.0,3.26625,2.03325,0.000322127453
245.0,3.266375,2.03325,0.000322127453
245.0,3.26625,2.0335,0.000322127453
245.0,3.2665,2.033375,0.000322127453
245.0,3.267,2.03275,0.000322127453
245.0,3.266625,2.03275,0.000322127453
245.0,3.266625,2.03275,0.000322127453
245.0,3.266,2.033375,0.000322127453
245.0,3.26525,2.0335,0.000322127453
245.0,3.265375,2.03325,0.000322127453
245.0,3.265875,2.033625,0.000322127453
245.0,3.26575,2.033625,0.000322127453
245.0,3.264875,2.033625,0.000322127453
245.0,3.264875,2.034,0.000322127453
245.0,3.266,2.034125,0.000322127453
245.0,3.26625,2.033875,0.000322127453
245.0,3.26625,2.033375,0.000322127453
245.0,3.26625,2.033,0.000322127453
245.0,3.266125,2.03325,0.000322127453
245.0,3.266125,2.0335,0.000322127453
245.0,3.266625,2.03325,0.000322127453
246.0,3.24425,2.0825,0.000322012609
246.0,3.244875,2.082625,0.000322012609
246.0,3.244875,2.082125,0.000322012609
246.0,3.24475,2.081625,0.000322012609
246.0,3.245125,2.0815,0.000322012609
246.0,3.245375,2.0815,0.000322012609
246.0,3.24525,2.081625,0.000322012609
246.0,3.245875,2.081375,0.000322012609
246.0,3.245875,2.081375,0.000322012609
246.0,3.245875,2.081,0.000322012609
246.0,3.245375,2.081125,0.000322012609
246.0,3.244375,2.08175,0.000322012609
246.0,3.24425,2.081625,0.000322012609
246.0,3.244625,2.082,0.000322012609
246.0,3.2445,2.08225,0.000322012609
246.0,3.244125,2.082125,0.000322012609
246.0,3.243875,2.08225,0.000322012609
246.0,3.243875,2.0825,0.000322012609
246.0,3.24475,2.082375,0.000322012609
246.0,3.2445,2.081875,0.000322012609
246.0,3.244875,2.08125,0.000322012609
246.0,3.24525,2.081375,0.000322012609
246.0,3.24525,2.081375,0.000322012609
246.0,3.246125,2.0815,0.000322012609
246.0,3.246125,2.0815,0.000322012609
246.0,3.246375,2.08125,0.000322012609
246.0,3.246125,2.081125,0.000322012609
246.0,3.245375,2.0815,0.000322012609
246.0,3.2445,2.08175,0.000322012609
246.0,3.244375,2.081625,0.000322012609
246.0,3.244875,2.081875,0.000322012609
246.0,3.244875,2.082,0.000322012609
246.0,3.244375,2.082125,0.000322012609
246.0,3.24425,2.0825,0.000322012609
246.0,3.244875,2.08275,0.000322012609
246.0,3.24475,2.082375,0.000322012609
246.0,3.24475,2.081625,0.000322012609
246.0,3.24525,2.08125,0.000322012609
246.0,3.245625,2.081375,0.000322012609
246.0,3.2455,2.081375,0.000322012609
246.0,3.24575,2.0815,0.000322012609
246.0,3.24575,2.0815,0.000322012609
246.0,3.246,2.08125,0.000322012609
246.0,3.245625,2.081375,0.000322012609
246.0,3.244875,2.081625,0.000322012609
246.0,3.24425,2.0815,0.000322012609
246.0,3.244625,2.08175,0.000322012609
246.0,3.245,2.082,0.000322012609
246.0,3.2445,2.082125,0.000322012609
246.0,3.244,2.082125,0.000322012609
246.0,3.244,2.0825,0.000322012609
246.0,3.24525,2.0825,0.000322012609
246.0,3.244625,2.082125,0.000322012609
246.0,3.24475,2.0815,0.000322012609
246.0,3.2455,2.08125,0.000322012609
246.0,3.245375,2.0815,0.000322012609
246.0,3.24575,2.08175,0.000322012609
246.0,3.24575,2.08175,0.000322012609
246.0,3.246125,2.081375,0.000322012609
246.0,3.245875,2.081125,0.000322012609
246.0,3.245375,2.08125,0.000322012609
246.0,3.2445,2.081625,0.000322012609
246.0,3.244,2.08175,0.000322012609
246.0,3.2445,2.08175,0.000322012609
246.0,3.2445,2.082125,0.000322012609
246.0,3.244375,2.082125,0.000322012609
246.0,3.24375,2.082125,0.000322012609
246.0,3.2445,2.082375,0.000322012609
246.0,3.245125,2.08225,0.000322012609
246.0,3.245,2.081875,0.000322012609
246.0,3.24525,2.0815,0.000322012609
246.0,3.245125,2.0815,0.000322012609
246.0,3.24525,2.081625,0.000322012609
246.0,3.24525,2.081625,0.000322012609
246.0,3.246,2.081625,0.000322012609
246.0,3.246,2.0815,0.000322012609
246.0,3.245375,2.08125,0.000322012609
246.0,3.24475,2.081375,0.000322012609
246.0,3.244,2.081625,0.000322012609
246.0,3.2445,2.081625,0.000322012609
246.0,3.24525,2.082,0.000322012609
246.0,3.244875,2.082,0.000322012609
246.0,3.24425,2.082,0.000322012609
246.0,3.24375,2.082375,0.000322012609
246.0,3.244125,2.082625,0.000322012609
246.0,3.24475,2.082375,0.000322012609
246.0,3.244875,2.081875,0.000322012609
246.0,3.24525,2.08125,0.000322012609
246.0,3.24525,2.08125,0.000322012609
246.0,3.24525,2.08125,0.000322012609
246.0,3.245125,2.081625,0.000322012609
246.0,3.2455,2.081375,0.000322012609
246.0,3.246,2.081,0.000322012609
246.0,3.24575,2.081,0.000322012609
246.0,3.24475,2.0815,0.000322012609
246.0,3.24425,2.0815,0.000322012609
246.0,3.24425,2.081625,0.000322012609
246.0,3.24475,2.081875,0.000322012609
246.0,3.244625,2.081875,0.000322012609
246.0,3.244125,2.082,0.000322012609
246.0,3.244,2.082375,0.000322012609
246.0,3.244875,2.0825,0.000322012609
246.0,3.24475,2.082,0.000322012609
246.0,3.244625,2.0815,0.000322012609
246.0,3.245,2.08125,0.000322012609
246.0,3.245,2.08125,0.000322012609
246.0,3.245375,2.081375,0.000322012609
246.0,3.24525,2.081625,0.000322012609
246.0,3.245625,2.081375,0.000322012609
246.0,3.246,2.081,0.000322012609
246.0,3.245375,2.08125,0.000322012609
246.0,3.244375,2.081875,0.000322012609
246.0,3.244,2.08175,0.000322012609
246.0,3.2445,2.081875,0.000322012609
246.0,3.24475,2.082,0.000322012609
246.0,3.244125,2.081875,0.000322012609
246.0,3.243875,2.082125,0.000322012609
246.0,3.244625,2.082375,0.000322012609
246.0,3.24525,2.0825,0.000322012609
246.0,3.245,2.082,0.000322012609
246.0,3.245375,2.0815,0.000322012609
246.0,3.245375,2.0815,0.000322012609
246.0,3.24525,2.0815,0.000322012609
246.0,3.24525,2.08175,0.000322012609
246.0,3.24575,2.08175,0.000322012609
246.0,3.24625,2.08125,0.000322012609
246.0,3.24575,2.080875,0.000322012609
246.0,3.244875,2.0815,0.000322012609
246.0,3.2445,2.08175,0.000322012609
246.0,3.244375,2.081375,0.000322012609
246.0,3.2445,2.08175,0.000322012609
246.0,3.2445,2.082,0.000322012609
246.0,3.244,2.082,0.000322012609
246.0,3.244125,2.08225,0.000322012609
246.0,3.244625,2.082625,0.000322012609
246.0,3.244375,2.082375,0.000322012609
246.0,3.24475,2.081875,0.000322012609
246.0,3.24525,2.08125,0.000322012609
246.0,3.24525,2.08125,0.000322012609
246.0,3.245125,2.08125,0.000322012609
246.0,3.245375,2.0815,0.000322012609
246.0,3.245875,2.0815,0.000322012609
246.0,3.246125,2.081125,0.000322012609
246.0,3.245625,2.081125,0.000322012609
246.0,3.24475,2.0815,0.000322012609
246.0,3.243875,2.081625,0.000322012609
246.0,3.244375,2.08175,0.000322012609
246.0,3.24475,2.082,0.000322012609
246.0,3.2445,2.082125,0.000322012609
246.0,3.243875,2.08225,0.000322012609
246.0,3.2445,2.0825,0.000322012609
246.0,3.245125,2.082625,0.000322012609
246.0,3.244875,2.082375,0.000322012609
246.0,3.245,2.081625,0.000322012609
246.0,3.245,2.081625,0.000322012609
246.0,3.245375,2.08125,0.000322012609
246.0,3.245,2.0815,0.000322012609
246.0,3.24525,2.081625,0.000322012609
246.0,3.246,2.081375,0.000322012609
246.0,3.246,2.081,0.000322012609
246.0,3.2455,2.08125,0.000322012609
246.0,3.24475,2.081625,0.000322012609
246.0,3.24425,2.0815,0.000322012609
246.0,3.24425,2.08175,0.000322012609
246.0,3.244375,2.082125,0.000322012609
246.0,3.244125,2.082125,0.000322012609
246.0,3.243875,2.08225,0.000322012609
246.0,3.24475,2.082625,0.000322012609
246.0,3.24525,2.082625,0.000322012609
247.0,3.224125,2.130375,0.000322049775
247.0,3.224125,2.130625,0.000322049775
247.0,3.2245,2.130625,0.000322049775
247.0,3.225125,2.130375,0.000322049775
247.0,3.22475,2.13,0.000322049775
247.0,3.224125,2.13,0.000322049775
247.0,3.223875,2.130625,0.000322049775
247.0,3.223875,2.13075,0.000322049775
247.0,3.223875,2.13075,0.000322049775
247.0,3.2235,2.130625,0.000322049775
247.0,3.2235,2.130875,0.000322049775
247.0,3.2235,2.131,0.000322049775
247.0,3.223375,2.131125,0.000322049775
247.0,3.2235,2.1315,0.000322049775
247.0,3.22425,2.131625,0.000322049775
247.0,3.22425,2.13125,0.000322049775
247.0,3.22425,2.130625,0.000322049775
247.0,3.22425,2.130375,0.000322049775
247.0,3.224375,2.130625,0.000322049775
247.0,3.225125,2.13075,0.000322049775
247.0,3.225,2.1305,0.000322049775
247.0,3.224625,2.13,0.000322049775
247.0,3.224,2.13025,0.000322049775
247.0,3.223375,2.130625,0.000322049775
247.0,3.223375,2.130625,0.000322049775
247.0,3.2235,2.130625,0.000322049775
247.0,3.223875,2.130625,0.000322049775
247.0,3.224,2.131,0.000322049775
247.0,3.223625,2.131,0.000322049775
247.0,3.222875,2.131125,0.000322049775
247.0,3.2235,2.131625,0.000322049775
247.0,3.224,2.13175,0.000322049775
247.0,3.22375,2.131125,0.000322049775
247.0,3.224125,2.1305,0.000322049775
247.0,3.22425,2.1305,0.000322049775
247.0,3.224375,2.130625,0.000322049775
247.0,3.224875,2.13075,0.000322049775
247.0,3.2255,2.130375,0.000322049775
247.0,3.225125,2.13,0.000322049775
247.0,3.224125,2.1305,0.000322049775
247.0,3.2235,2.1305,0.000322049775
247.0,3.2235,2.130625,0.000322049775
247.0,3.223625,2.130375,0.000322049775
247.0,3.223875,2.130875,0.000322049775
247.0,3.224,2.13125,0.000322049775
247.0,3.223125,2.131125,0.000322049775
247.0,3.222875,2.1315,0.000322049775
247.0,3.224,2.131625,0.000322049775
247.0,3.224125,2.131375,0.000322049775
247.0,3.224,2.13075,0.000322049775
247.0,3.224375,2.130625,0.000322049775
247.0,3.224375,2.1305,0.000322049775
247.0,3.2245,2.1305,0.000322049775
247.0,3.225125,2.130375,0.000322049775
247.0,3.225125,2.130125,0.000322049775
247.0,3.224375,2.13025,0.000322049775
247.0,3.223625,2.130625,0.000322049775
247.0,3.223625,2.130625,0.000322049775
247.0,3.223125,2.13075,0.000322049775
247.0,3.22375,2.130875,0.000322049775
247.0,3.22375,2.131125,0.000322049775
247.0,3.223625,2.131125,0.000322049775
247.0,3.2235,2.13125,0.000322049775
247.0,3.2235,2.1315,0.000322049775
247.0,3.224125,2.131625,0.000322049775
247.0,3.223875,2.131375,0.000322049775
247.0,3.223875,2.131,0.000322049775
247.0,3.224375,2.130625,0.000322049775
247.0,3.224125,2.13075,0.000322049775
247.0,3.2245,2.13075,0.000322049775
247.0,3.225125,2.130625,0.000322049775
247.0,3.225,2.13025,0.000322049775
247.0,3.22425,2.130375,0.000322049775
247.0,3.22425,2.130375,0.000322049775
247.0,3.223625,2.130625,0.000322049775
247.0,3.22325,2.130625,0.000322049775
247.0,3.224,2.130875,0.000322049775
247.0,3.224125,2.131125,0.000322049775
247.0,3.223625,2.130875,0.000322049775
247.0,3.223375,2.131125,0.000322049775
247.0,3.223875,2.131375,0.000322049775
247.0,3.2245,2.131375,0.000322049775
247.0,3.2245,2.131125,0.000322049775
247.0,3.224625,2.130375,0.000322049775
247.0,3.224625,2.130375,0.000322049775
247.0,3.2245,2.130625,0.000322049775
247.0,3.225375,2.1305,0.000322049775
247.0,3.225625,2.13025,0.000322049775
247.0,3.225125,2.129875,0.000322049775
247.0,3.225125,2.129875,0.000322049775
247.0,3.2245,2.1305,0.000322049775
247.0,3.22375,2.131,0.000322049775
247.0,3.2235,2.13075,0.000322049775
247.0,3.223875,2.130875,0.000322049775
247.0,3.224125,2.131125,0.000322049775
247.0,3.2235,2.131125,0.000322049775
247.0,3.223,2.131375,0.000322049775
247.0,3.224,2.131625,0.000322049775
247.0,3.224375,2.131375,0.000322049775
247.0,3.224375,2.13075,0.000322049775
247.0,3.22475,2.13025,0.000322049775
247.0,3.224625,2.1305,0.000322049775
247.0,3.224625,2.13075,0.000322049775
247.0,3.225125,2.130625,0.000322049775
247.0,3.225375,2.13025,0.000322049775
247.0,3.225375,2.13025,0.000322049775
247.0,3.225125,2.13025,0.000322049775
247.0,3.224125,2.13075,0.000322049775
247.0,3.223625,2.130625,0.000322049775
247.0,3.22375,2.130625,0.000322049775
247.0,3.223875,2.130875,0.000322049775
247.0,3.223625,2.131125,0.000322049775
247.0,3.223,2.131125,0.000322049775
247.0,3.223375,2.131375,0.000322049775
247.0,3.224,2.131375,0.000322049775
247.0,3.22425,2.13125,0.000322049775
247.0,3.22425,2.130625,0.000322049775
247.0,3.224375,2.13025,0.000322049775
247.0,3.224375,2.130375,0.000322049775
247.0,3.224375,2.130625,0.000322049775
247.0,3.224625,2.130625,0.000322049775
247.0,3.224625,2.130625,0.000322049775
247.0,3.2245,2.130125,0.000322049775
247.0,3.22425,2.13025,0.000322049775
247.0,3.2235,2.13075,0.000322049775
247.0,3.2235,2.130625,0.000322049775
247.0,3.223875,2.131,0.000322049775
247.0,3.22375,2.131125,0.000322049775
247.0,3.223875,2.131,0.000322049775
247.0,3.2235,2.13125,0.000322049775
247.0,3.224,2.131625,0.000322049775
247.0,3.2245,2.1315,0.000322049775
247.0,3.224125,2.131125,0.000322049775
247.0,3.224375,2.1305,0.000322049775
247.0,3.22425,2.1305,0.000322049775
247.0,3.22375,2.13075,0.000322049775
247.0,3.22475,2.130625,0.000322049775
247.0,3.2255,2.130625,0.000322049775
247.0,3.2255,2.13025,0.000322049775
247.0,3.225125,2.130125,0.000322049775
247.0,3.2245,2.130625,0.000322049775
247.0,3.223875,2.130875,0.000322049775
247.0,3.224,2.130875,0.000322049775
247.0,3.223875,2.131,0.000322049775
247.0,3.223625,2.130875,0.000322049775
247.0,3.223375,2.131,0.000322049775
247.0,3.223,2.131375,0.000322049775
247.0,3.2235,2.131625,0.000322049775
247.0,3.224,2.131375,0.000322049775
247.0,3.22375,2.130875,0.000322049775
247.0,3.224375,2.130625,0.000322049775
247.0,3.224375,2.1305,0.000322049775
247.0,3.224375,2.130625,0.000322049775
247.0,3.22525,2.1305,0.000322049775
247.0,3.22525,2.1305,0.000322049775
247.0,3.225125,2.130125,0.000322049775
247.0,3.22425,2.13025,0.000322049775
247.0,3.22375,2.130625,0.000322049775
247.0,3.223,2.13075,0.000322049775
247.0,3.223375,2.13075,0.000322049775
247.0,3.224125,2.131,0.000322049775
247.0,3.223875,2.131125,0.000322049775
247.0,3.223375,2.13125,0.000322049775
247.0,3.223375,2.131625,0.000322049775
247.0,3.224125,2.131625,0.000322049775
247.0,3.22475,2.13125,0.000322049775
247.0,3.224125,2.1305,0.000322049775
247.0,3.224125,2.13025,0.000322049775
247.0,3.22425,2.1305,0.000322049775
248.0,3.199875,2.177625,0.000322003296
248.0,3.199875,2.177375,0.000322003296
248.0,3.200125,2.17675,0.000322003296
248.0,3.2005,2.176375,0.000322003296
248.0,3.200125,2.176625,0.000322003296
248.0,3.200125,2.176625,0.000322003296
248.0,3.200875,2.1765,0.000322003296
248.0,3.201,2.176,0.000322003296
248.0,3.201,2.176,0.000322003296
248.0,3.20075,2.176,0.000322003296
248.0,3.199625,2.176625,0.000322003296
248.0,3.19925,2.176625,0.000322003296
248.0,3.19975,2.176625,0.000322003296
248.0,3.200125,2.176875,0.000322003296
248.0,3.19975,2.176875,0.000322003296
248.0,3.1995,2.177125,0.000322003296
248.0,3.2,2.1775,0.000322003296
248.0,3.200375,2.1775,0.000322003296
248.0,3.2,2.177,0.000322003296
248.0,3.200125,2.1765,0.000322003296
248.0,3.2005,2.1765,0.000322003296
248.0,3.200625,2.1765,0.000322003296
248.0,3.200625,2.176625,0.000322003296
248.0,3.201125,2.17625,0.000322003296
248.0,3.201125,2.17625,0.000322003296
248.0,3.201,2.176,0.000322003296
248.0,3.200125,2.1765,0.000322003296
248.0,3.19925,2.17675,0.000322003296
248.0,3.19925,2.17675,0.000322003296
248.0,3.2,2.17675,0.000322003296
248.0,3.20025,2.177,0.000322003296
248.0,3.1995,2.176875,0.000322003296
248.0,3.19925,2.17725,0.000322003296
248.0,3.19975,2.177375,0.000322003296
248.0,3.2,2.177125,0.000322003296
248.0,3.2,2.176625,0.000322003296
248.0,3.20025,2.17625,0.000322003296
248.0,3.200875,2.176375,0.000322003296
248.0,3.2005,2.1765,0.000322003296
248.0,3.200875,2.176625,0.000322003296
248.0,3.20125,2.17625,0.000322003296
248.0,3.20125,2.17625,0.000322003296
248.0,3.20075,2.176125,0.000322003296
248.0,3.2,2.1765,0.000322003296
248.0,3.1995,2.176625,0.000322003296
248.0,3.19975,2.176625,0.000322003296
248.0,3.2,2.176875,0.000322003296
248.0,3.2,2.177,0.000322003296
248.0,3.199625,2.176875,0.000322003296
248.0,3.1995,2.177375,0.000322003296
248.0,3.200375,2.1775,0.000322003296
248.0,3.2005,2.177125,0.000322003296
248.0,3.200125,2.176625,0.000322003296
248.0,3.200375,2.17625,0.000322003296
248.0,3.200375,2.176375,0.000322003296
248.0,3.20075,2.176625,0.000322003296
248.0,3.201375,2.176375,0.000322003296
248.0,3.201375,2.176375,0.000322003296
248.0,3.201375,2.176,0.000322003296
248.0,3.20075,2.176125,0.000322003296
248.0,3.199875,2.1765,0.000322003296
248.0,3.2,2.176625,0.000322003296
248.0,3.2,2.17675,0.000322003296
248.0,3.200625,2.176875,0.000322003296
248.0,3.199875,2.177,0.000322003296
248.0,3.199125,2.177,0.000322003296
248.0,3.1995,2.177375,0.000322003296
248.0,3.20025,2.1775,0.000322003296
248.0,3.2,2.177,0.000322003296
248.0,3.20025,2.1765,0.000322003296
248.0,3.200625,2.17625,0.000322003296
248.0,3.200625,2.176375,0.000322003296
248.0,3.200875,2.176375,0.000322003296
248.0,3.200875,2.176375,0.000322003296
248.0,3.2015,2.176,0.000322003296
248.0,3.201375,2.17575,0.000322003296
248.0,3.20025,2.176125,0.000322003296
248.0,3.199125,2.176625,0.000322003296
248.0,3.1995,2.1765,0.000322003296
248.0,3.200125,2.1765,0.000322003296
248.0,3.2,2.17675,0.000322003296
248.0,3.19975,2.17675,0.000322003296
248.0,3.1995,2.177125,0.000322003296
248.0,3.2,2.17725,0.000322003296
248.0,3.200625,2.177,0.000322003296
248.0,3.20075,2.1765,0.000322003296
248.0,3.2005,2.176,0.000322003296
248.0,3.20025,2.176125,0.000322003296
248.0,3.200375,2.17625,0.000322003296
248.0,3.200375,2.17625,0.000322003296
248.0,3.201125,2.17625,0.000322003296
248.0,3.20125,2.17575,0.000322003296
248.0,3.200875,2.17575,0.000322003296
248.0,3.200125,2.17625,0.000322003296
248.0,3.199625,2.1765,0.000322003296
248.0,3.199625,2.176625,0.000322003296
248.0,3.19975,2.176875,0.000322003296
248.0,3.199625,2.176875,0.000322003296
248.0,3.199125,2.17675,0.000322003296
248.0,3.1995,2.177125,0.000322003296
248.0,3.199875,2.177375,0.000322003296
248.0,3.199625,2.177,0.000322003296
248.0,3.2,2.1765,0.000322003296
248.0,3.2005,2.176125,0.000322003296
248.0,3.20075,2.176125,0.000322003296
248.0,3.20075,2.176125,0.000322003296
248.0,3.201,2.176375,0.000322003296
248.0,3.20125,2.176375,0.000322003296
248.0,3.200875,2.176,0.000322003296
248.0,3.200375,2.17625,0.000322003296
248.0,3.1995,2.17675,0.000322003296
248.0,3.199,2.176625,0.000322003296
248.0,3.199625,2.176625,0.000322003296
248.0,3.19975,2.176875,0.000322003296
248.0,3.19975,2.176875,0.000322003296
248.0,3.1995,2.177,0.000322003296
248.0,3.19975,2.177375,0.000322003296
248.0,3.2005,2.177375,0.000322003296
248.0,3.200125,2.17675,0.000322003296
248.0,3.200125,2.176125,0.000322003296
248.0,3.2,2.176,0.000322003296
248.0,3.2,2.176,0.000322003296
248.0,3.19975,2.176125,0.000322003296
248.0,3.2005,2.176375,0.000322003296
248.0,3.201375,2.176,0.000322003296
248.0,3.201,2.17575,0.000322003296
248.0,3.200375,2.17575,0.000322003296
248.0,3.199875,2.1765,0.000322003296
248.0,3.19975,2.176625,0.000322003296
248.0,3.199875,2.176625,0.000322003296
248.0,3.199875,2.176875,0.000322003296
248.0,3.19925,2.17675,0.000322003296
248.0,3.199,2.17725,0.000322003296
248.0,3.199875,2.177375,0.000322003296
248.0,3.2,2.177375,0.000322003296
248.0,3.19975,2.176875,0.000322003296
248.0,3.199875,2.176,0.000322003296
248.0,3.199875,2.17625,0.000322003296
248.0,3.2,2.17625,0.000322003296
248.0,3.200125,2.176375,0.000322003296
248.0,3.20075,2.17625,0.000322003296
248.0,3.200875,2.176,0.000322003296
248.0,3.20075,2.17575,0.000322003296
248.0,3.2,2.17625,0.000322003296
248.0,3.1995,2.1765,0.000322003296
248.0,3.199875,2.176375,0.000322003296
248.0,3.200375,2.176625,0.000322003296
248.0,3.2005,2.17675,0.000322003296
248.0,3.1995,2.17675,0.000322003296
248.0,3.199375,2.17725,0.000322003296
248.0,3.199875,2.177375,0.000322003296
248.0,3.19975,2.177,0.000322003296
248.0,3.199875,2.17675,0.000322003296
248.0,3.200125,2.17625,0.000322003296
248.0,3.200125,2.17625,0.000322003296
248.0,3.2,2.17625,0.000322003296
248.0,3.200375,2.176375,0.000322003296
248.0,3.201125,2.176375,0.000322003296
248.0,3.201375,2.175875,0.000322003296
248.0,3.200875,2.176,0.000322003296
248.0,3.200125,2.176625,0.000322003296
248.0,3.199625,2.17675,0.000322003296
248.0,3.199625,2.176875,0.000322003296
248.0,3.19975,2.177125,0.000322003296
248.0,3.19925,2.177,0.000322003296
248.0,3.1985,2.176875,0.000322003296
248.0,3.198875,2.1775,0.000322003296
248.0,3.200125,2.1775,0.000322003296
248.0,3.2,2.177125,0.000322003296
249.0,3.173375,2.22,0.000322097185
249.0,3.17325,2.220125,0.000322097185
249.0,3.174,2.22,0.000322097185
249.0,3.174375,2.219625,0.000322097185
249.0,3.17375,2.219625,0.000322097185
249.0,3.173,2.220125,0.000322097185
249.0,3.17275,2.220125,0.000322097185
249.0,3.17275,2.22025,0.000322097185
249.0,3.17275,2.22025,0.000322097185
249.0,3.17275,2.2205,0.000322097185
249.0,3.172125,2.220375,0.000322097185
249.0,3.1715,2.220625,0.000322097185
249.0,3.172125,2.221,0.000322097185
249.0,3.17325,2.220875,0.000322097185
249.0,3.173,2.220625,0.000322097185
249.0,3.173125,2.220125,0.000322097185
249.0,3.173375,2.219875,0.000322097185
249.0,3.173125,2.22,0.000322097185
249.0,3.173375,2.219875,0.000322097185
249.0,3.173875,2.21975,0.000322097185
249.0,3.173875,2.2195,0.000322097185
249.0,3.173,2.219625,0.000322097185
249.0,3.17225,2.22,0.000322097185
249.0,3.17225,2.219875,0.000322097185
249.0,3.172375,2.219875,0.000322097185
249.0,3.172375,2.22025,0.000322097185
249.0,3.172375,2.2205,0.000322097185
249.0,3.172125,2.220625,0.000322097185
249.0,3.1725,2.220875,0.000322097185
249.0,3.172875,2.221125,0.000322097185
249.0,3.172875,2.221,0.000322097185
249.0,3.172625,2.220375,0.000322097185
249.0,3.173,2.219625,0.000322097185
249.0,3.173,2.21975,0.000322097185
249.0,3.172625,2.22,0.000322097185
249.0,3.173125,2.22,0.000322097185
249.0,3.17375,2.21975,0.000322097185
249.0,3.173875,2.2195,0.000322097185
249.0,3.173125,2.219875,0.000322097185
249.0,3.172375,2.220375,0.000322097185
249.0,3.172375,2.220375,0.000322097185
249.0,3.172375,2.220375,0.000322097185
249.0,3.172875,2.220625,0.000322097185
249.0,3.173,2.220625,0.000322097185
249.0,3.172375,2.220625,0.000322097185
249.0,3.1725,2.221,0.000322097185
249.0,3.173,2.221,0.000322097185
249.0,3.173375,2.22075,0.000322097185
249.0,3.173125,2.22,0.000322097185
249.0,3.17375,2.21975,0.000322097185
249.0,3.1735,2.219875,0.000322097185
249.0,3.173375,2.22,0.000322097185
249.0,3.174,2.219875,0.000322097185
249.0,3.1745,2.2195,0.000322097185
249.0,3.174125,2.2195,0.000322097185
249.0,3.173,2.22,0.000322097185
249.0,3.1725,2.22025,0.000322097185
249.0,3.1725,2.22025,0.000322097185
249.0,3.172875,2.2205,0.000322097185
249.0,3.173375,2.220625,0.000322097185
249.0,3.173,2.220625,0.000322097185
249.0,3.1725,2.220625,0.000322097185
249.0,3.172625,2.221,0.000322097185
249.0,3.1735,2.221,0.000322097185
249.0,3.173,2.220625,0.000322097185
249.0,3.173,2.22,0.000322097185
249.0,3.173625,2.21975,0.000322097185
249.0,3.17325,2.22,0.000322097185
249.0,3.17325,2.220125,0.000322097185
249.0,3.174,2.219875,0.000322097185
249.0,3.17375,2.219625,0.000322097185
249.0,3.173,2.21975,0.000322097185
249.0,3.17225,2.220125,0.000322097185
249.0,3.17225,2.220125,0.000322097185
249.0,3.172625,2.220125,0.000322097185
249.0,3.173125,2.22025,0.000322097185
249.0,3.172875,2.220375,0.000322097185
249.0,3.172625,2.2205,0.000322097185
249.0,3.172375,2.220625,0.000322097185
249.0,3.17275,2.221,0.000322097185
249.0,3.173,2.220875,0.000322097185
249.0,3.172875,2.2205,0.000322097185
249.0,3.173,2.22,0.000322097185
249.0,3.173125,2.219875,0.000322097185
249.0,3.173,2.22,0.000322097185
249.0,3.1735,2.22,0.000322097185
249.0,3.173625,2.2195,0.000322097185
249.0,3.17375,2.219375,0.000322097185
249.0,3.172875,2.220125,0.000322097185
249.0,3.172875,2.220125,0.000322097185
249.0,3.172125,2.22025,0.000322097185
249.0,3.17225,2.220125,0.000322097185
249.0,3.1725,2.220375,0.000322097185
249.0,3.172375,2.2205,0.000322097185
249.0,3.172375,2.2205,0.000322097185
249.0,3.172625,2.220875,0.000322097185
249.0,3.173125,2.221125,0.000322097185
249.0,3.173125,2.22075,0.000322097185
249.0,3.172875,2.22025,0.000322097185
249.0,3.173375,2.21975,0.000322097185
249.0,3.1735,2.219875,0.000322097185
249.0,3.17375,2.220125,0.000322097185
249.0,3.174,2.219875,0.000322097185
249.0,3.174375,2.219625,0.000322097185
249.0,3.17425,2.219625,0.000322097185
249.0,3.17425,2.219625,0.000322097185
249.0,3.173125,2.22025,0.000322097185
249.0,3.172375,2.220375,0.000322097185
249.0,3.17275,2.22,0.000322097185
249.0,3.173,2.220375,0.000322097185
249.0,3.17225,2.2205,0.000322097185
249.0,3.171625,2.2205,0.000322097185
249.0,3.172,2.221,0.000322097185
249.0,3.172375,2.221,0.000322097185
249.0,3.172625,2.220875,0.000322097185
249.0,3.173125,2.220125,0.000322097185
249.0,3.173,2.219625,0.000322097185
249.0,3.172875,2.219875,0.000322097185
249.0,3.173,2.220125,0.000322097185
249.0,3.17375,2.219875,0.000322097185
249.0,3.173875,2.21975,0.000322097185
249.0,3.173125,2.21975,0.000322097185
249.0,3.173125,2.22,0.000322097185
249.0,3.17225,2.220125,0.000322097185
249.0,3.172125,2.220125,0.000322097185
249.0,3.172125,2.22025,0.000322097185
249.0,3.17225,2.2205,0.000322097185
249.0,3.172625,2.220375,0.000322097185
249.0,3.17225,2.2205,0.000322097185
249.0,3.172625,2.221125,0.000322097185
249.0,3.173125,2.221,0.000322097185
249.0,3.172875,2.220375,0.000322097185
249.0,3.172875,2.219875,0.000322097185
249.0,3.17275,2.219875,0.000322097185
249.0,3.172625,2.22,0.000322097185
249.0,3.173125,2.220125,0.000322097185
249.0,3.17375,2.21975,0.000322097185
249.0,3.173625,2.21975,0.000322097185
249.0,3.173625,2.2195,0.000322097185
249.0,3.17275,2.22,0.000322097185
249.0,3.172375,2.2205,0.000322097185
249.0,3.172375,2.22025,0.000322097185
249.0,3.172625,2.220375,0.000322097185
249.0,3.172625,2.2205,0.000322097185
249.0,3.1725,2.220625,0.000322097185
249.0,3.172125,2.221,0.000322097185
249.0,3.17225,2.221125,0.000322097185
249.0,3.172125,2.22075,0.000322097185
249.0,3.172125,2.22,0.000322097185
249.0,3.172625,2.219875,0.000322097185
249.0,3.173125,2.220125,0.000322097185
249.0,3.173125,2.220125,0.000322097185
249.0,3.173875,2.22,0.000322097185
249.0,3.1745,2.219625,0.000322097185
249.0,3.1745,2.219625,0.000322097185
249.0,3.173625,2.219625,0.000322097185
249.0,3.17275,2.22025,0.000322097185
249.0,3.172375,2.2205,0.000322097185
249.0,3.17275,2.220375,0.000322097185
249.0,3.173,2.2205,0.000322097185
249.0,3.172625,2.22075,0.000322097185
249.0,3.17225,2.220875,0.000322097185
249.0,3.1725,2.221125,0.000322097185
249.0,3.1725,2.221125,0.000322097185
249.0,3.172625,2.22075,0.000322097185
249.0,3.172625,2.220125,0.000322097185
249.0,3.173,2.219875,0.000322097185
249.0,3.17275,2.22,0.000322097185
249.0,3.172875,2.220125,0.000322097185
250.0,3.14575,2.2655,0.000322247593
250.0,3.14525,2.265875,0.000322247593
250.0,3.14425,2.266125,0.000322247593
250.0,3.144125,2.266,0.000322247593
250.0,3.14475,2.266125,0.000322247593
250.0,3.144875,2.266375,0.000322247593
250.0,3.144375,2.266375,0.000322247593
250.0,3.14425,2.266625,0.000322247593
250.0,3.14425,2.266625,0.000322247593
250.0,3.144875,2.267,0.000322247593
250.0,3.1455,2.266875,0.000322247593
250.0,3.1455,2.2665,0.000322247593
250.0,3.145375,2.265875,0.000322247593
250.0,3.1455,2.26575,0.000322247593
250.0,3.14525,2.266,0.000322247593
250.0,3.14575,2.265875,0.000322247593
250.0,3.14575,2.265375,0.000322247593
250.0,3.145875,2.265375,0.000322247593
250.0,3.145125,2.265875,0.000322247593
250.0,3.144625,2.266,0.000322247593
250.0,3.144625,2.266,0.000322247593
250.0,3.144875,2.266125,0.000322247593
250.0,3.145,2.26625,0.000322247593
250.0,3.14425,2.266375,0.000322247593
250.0,3.14425,2.26675,0.000322247593
250.0,3.144,2.26675,0.000322247593
250.0,3.144375,2.267,0.000322247593
250.0,3.1445,2.26675,0.000322247593
250.0,3.145,2.266,0.000322247593
250.0,3.145125,2.26575,0.000322247593
250.0,3.145375,2.266,0.000322247593
250.0,3.1455,2.266,0.000322247593
250.0,3.145875,2.265875,0.000322247593
250.0,3.145875,2.265375,0.000322247593
250.0,3.14575,2.2655,0.000322247593
250.0,3.145125,2.266,0.000322247593
250.0,3.1445,2.266,0.000322247593
250.0,3.145125,2.266,0.000322247593
250.0,3.145125,2.26625,0.000322247593
250.0,3.144375,2.266375,0.000322247593
250.0,3.144,2.2665,0.000322247593
250.0,3.144,2.2665,0.000322247593
250.0,3.144625,2.267,0.000322247593
250.0,3.145125,2.266875,0.000322247593
250.0,3.1455,2.26625,0.000322247593
250.0,3.14525,2.265625,0.000322247593
250.0,3.145125,2.265625,0.000322247593
250.0,3.144875,2.266,0.000322247593
250.0,3.14525,2.266125,0.000322247593
250.0,3.145875,2.265875,0.000322247593
250.0,3.145875,2.26525,0.000322247593
250.0,3.145,2.2655,0.000322247593
250.0,3.144375,2.266,0.000322247593
250.0,3.144125,2.265875,0.000322247593
250.0,3.144875,2.266125,0.000322247593
250.0,3.145125,2.266375,0.000322247593
250.0,3.1445,2.26625,0.000322247593
250.0,3.1445,2.26625,0.000322247593
250.0,3.143875,2.2665,0.000322247593
250.0,3.1445,2.266875,0.000322247593
250.0,3.145,2.266875,0.000322247593
250.0,3.144625,2.266375,0.000322247593
250.0,3.1455,2.26575,0.000322247593
250.0,3.145625,2.26575,0.000322247593
250.0,3.145625,2.26575,0.000322247593
250.0,3.146125,2.266,0.000322247593
250.0,3.146375,2.2655,0.000322247593
250.0,3.1455,2.2655,0.000322247593
250.0,3.144625,2.266,0.000322247593
250.0,3.144125,2.266125,0.000322247593
250.0,3.14425,2.265875,0.000322247593
250.0,3.1445,2.26625,0.000322247593
250.0,3.144625,2.266375,0.000322247593
250.0,3.144625,2.266375,0.000322247593
250.0,3.14425,2.2665,0.000322247593
250.0,3.1445,2.26675,0.000322247593
250.0,3.145125,2.267125,0.000322247593
250.0,3.145,2.26675,0.000322247593
250.0,3.144875,2.266125,0.000322247593
250.0,3.145375,2.265625,0.000322247593
250.0,3.14525,2.266,0.000322247593
250.0,3.145625,2.266,0.000322247593
250.0,3.14625,2.265875,0.000322247593
250.0,3.146375,2.2655,0.000322247593
250.0,3.145625,2.265625,0.000322247593
250.0,3.145,2.266125,0.000322247593
250.0,3.1445,2.26625,0.000322247593
250.0,3.144625,2.26625,0.000322247593
250.0,3.144625,2.2665,0.000322247593
250.0,3.144625,2.2665,0.000322247593
250.0,3.1445,2.266625,0.000322247593
250.0,3.144125,2.266625,0.000322247593
250.0,3.144625,2.267125,0.000322247593
250.0,3.144875,2.267125,0.000322247593
250.0,3.14475,2.266625,0.000322247593
250.0,3.145,2.265875,0.000322247593
250.0,3.145375,2.265625,0.000322247593
250.0,3.145375,2.266,0.000322247593
250.0,3.145625,2.26625,0.000322247593
250.0,3.14625,2.266,0.000322247593
250.0,3.146,2.265625,0.000322247593
250.0,3.145375,2.266,0.000322247593
250.0,3.144625,2.266125,0.000322247593
250.0,3.144375,2.266,0.000322247593
250.0,3.144375,2.26625,0.000322247593
250.0,3.144375,2.26625,0.000322247593
250.0,3.144375,2.2665,0.000322247593
250.0,3.144,2.2665,0.000322247593
250.0,3.143875,2.267,0.000322247593
250.0,3.14475,2.26725,0.000322247593
250.0,3.145125,2.267125,0.000322247593
250.0,3.144875,2.2665,0.000322247593
250.0,3.14475,2.265875,0.000322247593
250.0,3.145375,2.265875,0.000322247593
250.0,3.145375,2.266,0.000322247593
250.0,3.146125,2.266125,0.000322247593
250.0,3.14675,2.265625,0.000322247593
250.0,3.146125,2.265375,0.000322247593
250.0,3.145,2.26575,0.000322247593
250.0,3.144375,2.266,0.000322247593
250.0,3.1445,2.266125,0.000322247593
250.0,3.1445,2.2665,0.000322247593
250.0,3.144875,2.2665,0.000322247593
250.0,3.144625,2.26625,0.000322247593
250.0,3.144125,2.26625,0.000322247593
250.0,3.14425,2.266625,0.000322247593
250.0,3.144875,2.267,0.000322247593
250.0,3.145,2.26675,0.000322247593
250.0,3.145125,2.266125,0.000322247593
250.0,3.145375,2.2655,0.000322247593
250.0,3.145375,2.26575,0.000322247593
250.0,3.14525,2.265875,0.000322247593
250.0,3.146,2.265875,0.000322247593
250.0,3.1465,2.265625,0.000322247593
250.0,3.145875,2.265625,0.000322247593
250.0,3.144625,2.266,0.000322247593
250.0,3.14425,2.266,0.000322247593
250.0,3.145125,2.266125,0.000322247593
250.0,3.145125,2.266125,0.000322247593
250.0,3.14525,2.26625,0.000322247593
250.0,3.14475,2.266125,0.000322247593
250.0,3.144,2.26625,0.000322247593
250.0,3.143875,2.266875,0.000322247593
250.0,3.144375,2.266875,0.000322247593
250.0,3.144875,2.266625,0.000322247593
250.0,3.145125,2.266,0.000322247593
250.0,3.145125,2.26575,0.000322247593
250.0,3.145125,2.266,0.000322247593
250.0,3.1455,2.266125,0.000322247593
250.0,3.146,2.266,0.000322247593
250.0,3.145875,2.265625,0.000322247593
250.0,3.1455,2.265875,0.000322247593
250.0,3.14475,2.266125,0.000322247593
250.0,3.14475,2.266125,0.000322247593
250.0,3.14475,2.266125,0.000322247593
250.0,3.145125,2.266125,0.000322247593
250.0,3.144875,2.266375,0.000322247593
250.0,3.144375,2.266375,0.000322247593
250.0,3.144375,2.26675,0.000322247593
250.0,3.14475,2.267125,0.000322247593
250.0,3.145125,2.266875,0.000322247593
250.0,3.145,2.26625,0.000322247593
250.0,3.14525,2.265875,0.000322247593
250.0,3.1455,2.265875,0.000322247593
250.0,3.145375,2.266,0.000322247593
250.0,3.145875,2.265875,0.000322247593
250.0,3.146,2.265625,0.000322247593
250.0,3.145875,2.265375,0.000322247593
250.0,3.145375,2.26575,0.000322247593
251.0,3.11475,2.31175,0.000322069915
251.0,3.115,2.312125,0.000322069915
251.0,3.1155,2.312375,0.000322069915
251.0,3.11525,2.312125,0.000322069915
251.0,3.115375,2.31125,0.000322069915
251.0,3.1155,2.311,0.000322069915
251.0,3.1155,2.311,0.000322069915
251.0,3.115875,2.311125,0.000322069915
251.0,3.115875,2.311125,0.000322069915
251.0,3.1165,2.310875,0.000322069915
251.0,3.116625,2.310625,0.000322069915
251.0,3.116125,2.31075,0.000322069915
251.0,3.115625,2.3115,0.000322069915
251.0,3.115375,2.311375,0.000322069915
251.0,3.11525,2.3115,0.000322069915
251.0,3.115125,2.311875,0.000322069915
251.0,3.11525,2.311875,0.000322069915
251.0,3.115,2.311875,0.000322069915
251.0,3.115125,2.312375,0.000322069915
251.0,3.115625,2.312375,0.000322069915
251.0,3.115625,2.312,0.000322069915
251.0,3.1155,2.31125,0.000322069915
251.0,3.115875,2.311,0.000322069915
251.0,3.11625,2.31125,0.000322069915
251.0,3.11625,2.31125,0.000322069915
251.0,3.116125,2.31125,0.000322069915
251.0,3.117125,2.311,0.000322069915
251.0,3.117125,2.310625,0.000322069915
251.0,3.116125,2.310875,0.000322069915
251.0,3.1155,2.31125,0.000322069915
251.0,3.11525,2.311375,0.000322069915
251.0,3.11525,2.311625,0.000322069915
251.0,3.115625,2.311875,0.000322069915
251.0,3.115125,2.31175,0.000322069915
251.0,3.114625,2.312,0.000322069915
251.0,3.115375,2.312375,0.000322069915
251.0,3.116125,2.31225,0.000322069915
251.0,3.115625,2.31175,0.000322069915
251.0,3.11575,2.311125,0.000322069915
251.0,3.115625,2.311,0.000322069915
251.0,3.115625,2.311125,0.000322069915
251.0,3.1155,2.311125,0.000322069915
251.0,3.115875,2.31125,0.000322069915
251.0,3.116125,2.311125,0.000322069915
251.0,3.116125,2.310875,0.000322069915
251.0,3.115875,2.3115,0.000322069915
251.0,3.115,2.3115,0.000322069915
251.0,3.11475,2.3115,0.000322069915
251.0,3.115375,2.311625,0.000322069915
251.0,3.1155,2.311875,0.000322069915
251.0,3.11475,2.31175,0.000322069915
251.0,3.114375,2.312125,0.000322069915
251.0,3.11525,2.31225,0.000322069915
251.0,3.1155,2.312125,0.000322069915
251.0,3.11525,2.3115,0.000322069915
251.0,3.115375,2.31075,0.000322069915
251.0,3.115625,2.310875,0.000322069915
251.0,3.115625,2.310875,0.000322069915
251.0,3.1155,2.311125,0.000322069915
251.0,3.11625,2.31075,0.000322069915
251.0,3.11675,2.3105,0.000322069915
251.0,3.11625,2.310625,0.000322069915
251.0,3.115375,2.31125,0.000322069915
251.0,3.115,2.311375,0.000322069915
251.0,3.11525,2.311375,0.000322069915
251.0,3.11525,2.311625,0.000322069915
251.0,3.11525,2.311625,0.000322069915
251.0,3.11475,2.31175,0.000322069915
251.0,3.11525,2.3125,0.000322069915
251.0,3.116125,2.312375,0.000322069915
251.0,3.1155,2.311875,0.000322069915
251.0,3.116,2.311,0.000322069915
251.0,3.11625,2.31075,0.000322069915
251.0,3.11625,2.31075,0.000322069915
251.0,3.115875,2.310875,0.000322069915
251.0,3.116125,2.310875,0.000322069915
251.0,3.117,2.31075,0.000322069915
251.0,3.117,2.31075,0.000322069915
251.0,3.116125,2.310875,0.000322069915
251.0,3.115375,2.31125,0.000322069915
251.0,3.1155,2.311125,0.000322069915
251.0,3.116,2.311375,0.000322069915
251.0,3.11575,2.31175,0.000322069915
251.0,3.115375,2.311875,0.000322069915
251.0,3.115,2.312,0.000322069915
251.0,3.115625,2.3125,0.000322069915
251.0,3.116,2.312375,0.000322069915
251.0,3.115875,2.31175,0.000322069915
251.0,3.116125,2.311125,0.000322069915
251.0,3.116125,2.311125,0.000322069915
251.0,3.11625,2.311,0.000322069915
251.0,3.116125,2.311125,0.000322069915
251.0,3.116875,2.311375,0.000322069915
251.0,3.117125,2.310875,0.000322069915
251.0,3.116625,2.310625,0.000322069915
251.0,3.11575,2.31125,0.000322069915
251.0,3.115125,2.311625,0.000322069915
251.0,3.115125,2.311375,0.000322069915
251.0,3.1155,2.3115,0.000322069915
251.0,3.11525,2.311875,0.000322069915
251.0,3.114625,2.311875,0.000322069915
251.0,3.1145,2.312125,0.000322069915
251.0,3.115375,2.312375,0.000322069915
251.0,3.115875,2.311875,0.000322069915
251.0,3.115875,2.31125,0.000322069915
251.0,3.115875,2.31125,0.000322069915
251.0,3.115875,2.311,0.000322069915
251.0,3.11575,2.311125,0.000322069915
251.0,3.116,2.311375,0.000322069915
251.0,3.116875,2.31125,0.000322069915
251.0,3.117,2.31075,0.000322069915
251.0,3.116375,2.31075,0.000322069915
251.0,3.115625,2.311125,0.000322069915
251.0,3.115,2.31125,0.000322069915
251.0,3.1155,2.3115,0.000322069915
251.0,3.115625,2.311875,0.000322069915
251.0,3.11525,2.311875,0.000322069915
251.0,3.115,2.31175,0.000322069915
251.0,3.114875,2.312375,0.000322069915
251.0,3.11575,2.3125,0.000322069915
251.0,3.115875,2.312125,0.000322069915
251.0,3.115875,2.312125,0.000322069915
251.0,3.1155,2.31125,0.000322069915
251.0,3.115875,2.311125,0.000322069915
251.0,3.11575,2.311375,0.000322069915
251.0,3.11625,2.3115,0.000322069915
251.0,3.117,2.311125,0.000322069915
251.0,3.1165,2.310875,0.000322069915
251.0,3.1155,2.310875,0.000322069915
251.0,3.114875,2.311375,0.000322069915
251.0,3.115125,2.311375,0.000322069915
251.0,3.115625,2.311625,0.000322069915
251.0,3.11575,2.311875,0.000322069915
251.0,3.11525,2.311875,0.000322069915
251.0,3.115125,2.312125,0.000322069915
251.0,3.115625,2.3125,0.000322069915
251.0,3.115875,2.31225,0.000322069915
251.0,3.115875,2.31175,0.000322069915
251.0,3.1155,2.31175,0.000322069915
251.0,3.115625,2.31125,0.000322069915
251.0,3.11575,2.311125,0.000322069915
251.0,3.116,2.311375,0.000322069915
251.0,3.1165,2.311375,0.000322069915
251.0,3.116875,2.311,0.000322069915
251.0,3.11625,2.31075,0.000322069915
251.0,3.115375,2.311125,0.000322069915
251.0,3.114875,2.311375,0.000322069915
251.0,3.115125,2.31125,0.000322069915
251.0,3.115625,2.3115,0.000322069915
251.0,3.115625,2.311875,0.000322069915
251.0,3.114875,2.311875,0.000322069915
251.0,3.114875,2.31225,0.000322069915
251.0,3.115375,2.3125,0.000322069915
251.0,3.11575,2.312125,0.000322069915
251.0,3.11575,2.312125,0.000322069915
251.0,3.115625,2.311625,0.000322069915
251.0,3.115625,2.311125,0.000322069915
251.0,3.11575,2.311125,0.000322069915
251.0,3.116,2.31125,0.000322069915
251.0,3.11625,2.31125,0.000322069915
251.0,3.116625,2.310875,0.000322069915
251.0,3.116625,2.310875,0.000322069915
251.0,3.1155,2.311375,0.000322069915
251.0,3.114875,2.3115,0.000322069915
251.0,3.115375,2.311625,0.000322069915
251.0,3.116,2.312,0.000322069915
251.0,3.115375,2.312,0.000322069915
251.0,3.1145,2.312,0.000322069915
251.0,3.115,2.31225,0.000322069915
252.0,3.084125,2.35375,0.000322262786
252.0,3.0835,2.35425,0.000322262786
252.0,3.08375,2.35425,0.000322262786
252.0,3.084375,2.354375,0.000322262786
252.0,3.084125,2.354375,0.000322262786
252.0,3.08325,2.354375,0.000322262786
252.0,3.08325,2.354875,0.000322262786
252.0,3.08375,2.355125,0.000322262786
252.0,3.08375,2.355125,0.000322262786
252.0,3.08425,2.35475,0.000322262786
252.0,3.084125,2.35425,0.000322262786
252.0,3.084875,2.353625,0.000322262786
252.0,3.085125,2.35375,0.000322262786
252.0,3.084625,2.353875,0.000322262786
252.0,3.08475,2.354,0.000322262786
252.0,3.085375,2.353625,0.000322262786
252.0,3.08525,2.3535,0.000322262786
252.0,3.08425,2.354,0.000322262786
252.0,3.08375,2.354125,0.000322262786
252.0,3.084,2.354,0.000322262786
252.0,3.0845,2.35425,0.000322262786
252.0,3.084125,2.35425,0.000322262786
252.0,3.08325,2.3545,0.000322262786
252.0,3.083625,2.355125,0.000322262786
252.0,3.084,2.355125,0.000322262786
252.0,3.084,2.355125,0.000322262786
252.0,3.084,2.354625,0.000322262786
252.0,3.084125,2.354125,0.000322262786
252.0,3.08425,2.35375,0.000322262786
252.0,3.084375,2.353875,0.000322262786
252.0,3.084875,2.354,0.000322262786
252.0,3.085375,2.35375,0.000322262786
252.0,3.085,2.3535,0.000322262786
252.0,3.08475,2.35375,0.000322262786
252.0,3.08375,2.354375,0.000322262786
252.0,3.083875,2.35425,0.000322262786
252.0,3.084,2.35425,0.000322262786
252.0,3.084375,2.3545,0.000322262786
252.0,3.084,2.354375,0.000322262786
252.0,3.083625,2.354625,0.000322262786
252.0,3.084125,2.35525,0.000322262786
252.0,3.084125,2.35525,0.000322262786
252.0,3.0845,2.355,0.000322262786
252.0,3.084375,2.35425,0.000322262786
252.0,3.0845,2.353875,0.000322262786
252.0,3.084375,2.353875,0.000322262786
252.0,3.084625,2.354125,0.000322262786
252.0,3.085125,2.354,0.000322262786
252.0,3.0855,2.353875,0.000322262786
252.0,3.085,2.353625,0.000322262786
252.0,3.084625,2.354,0.000322262786
252.0,3.084125,2.354375,0.000322262786
252.0,3.083875,2.354375,0.000322262786
252.0,3.08425,2.354625,0.000322262786
252.0,3.08425,2.354625,0.000322262786
252.0,3.08375,2.354625,0.000322262786
252.0,3.083875,2.355,0.000322262786
252.0,3.083875,2.355,0.000322262786
252.0,3.084375,2.3555,0.000322262786
252.0,3.0845,2.355,0.000322262786
252.0,3.0845,2.354375,0.000322262786
252.0,3.084875,2.353875,0.000322262786
252.0,3.085,2.354,0.000322262786
252.0,3.085,2.35425,0.000322262786
252.0,3.08525,2.35425,0.000322262786
252.0,3.0855,2.35375,0.000322262786
252.0,3.085125,2.35375,0.000322262786
252.0,3.08425,2.354125,0.000322262786
252.0,3.08375,2.35425,0.000322262786
252.0,3.08425,2.35425,0.000322262786
252.0,3.084375,2.3545,0.000322262786
252.0,3.083875,2.3545,0.000322262786
252.0,3.08375,2.3545,0.000322262786
252.0,3.08375,2.3545,0.000322262786
252.0,3.084125,2.354875,0.000322262786
252.0,3.0845,2.354875,0.000322262786
252.0,3.08425,2.35475,0.000322262786
252.0,3.08425,2.35425,0.000322262786
252.0,3.0845,2.353625,0.000322262786
252.0,3.0845,2.35375,0.000322262786
252.0,3.08475,2.354125,0.000322262786
252.0,3.085375,2.353875,0.000322262786
252.0,3.085375,2.353375,0.000322262786
252.0,3.08475,2.353625,0.000322262786
252.0,3.084,2.354,0.000322262786
252.0,3.083875,2.353875,0.000322262786
252.0,3.084375,2.354,0.000322262786
252.0,3.0845,2.3545,0.000322262786
252.0,3.083625,2.354625,0.000322262786
252.0,3.083625,2.354625,0.000322262786
252.0,3.0835,2.354625,0.000322262786
252.0,3.084375,2.355125,0.000322262786
252.0,3.0845,2.354875,0.000322262786
252.0,3.084375,2.35425,0.000322262786
252.0,3.084875,2.35375,0.000322262786
252.0,3.085,2.35375,0.000322262786
252.0,3.084875,2.354,0.000322262786
252.0,3.085125,2.354,0.000322262786
252.0,3.086,2.353625,0.000322262786
252.0,3.086,2.35325,0.000322262786
252.0,3.085375,2.35375,0.000322262786
252.0,3.0845,2.354,0.000322262786
252.0,3.083875,2.353875,0.000322262786
252.0,3.084,2.354125,0.000322262786
252.0,3.08425,2.354375,0.000322262786
252.0,3.08425,2.354375,0.000322262786
252.0,3.083625,2.354375,0.000322262786
252.0,3.08375,2.35475,0.000322262786
252.0,3.0845,2.35525,0.000322262786
252.0,3.084625,2.354875,0.000322262786
252.0,3.08475,2.35425,0.000322262786
252.0,3.084875,2.353625,0.000322262786
252.0,3.0845,2.35375,0.000322262786
252.0,3.084625,2.354,0.000322262786
252.0,3.08525,2.354,0.000322262786
252.0,3.085625,2.35375,0.000322262786
252.0,3.08475,2.353625,0.000322262786
252.0,3.084,2.354,0.000322262786
252.0,3.0835,2.354125,0.000322262786
252.0,3.083875,2.354125,0.000322262786
252.0,3.084375,2.354375,0.000322262786
252.0,3.08425,2.3545,0.000322262786
252.0,3.08425,2.3545,0.000322262786
252.0,3.083375,2.354625,0.000322262786
252.0,3.083625,2.354875,0.000322262786
252.0,3.0845,2.355125,0.000322262786
252.0,3.0845,2.35475,0.000322262786
252.0,3.08425,2.354,0.000322262786
252.0,3.084625,2.353875,0.000322262786
252.0,3.084625,2.354,0.000322262786
252.0,3.084875,2.354,0.000322262786
252.0,3.085,2.35375,0.000322262786
252.0,3.08475,2.353625,0.000322262786
252.0,3.085,2.35375,0.000322262786
252.0,3.08425,2.354125,0.000322262786
252.0,3.084,2.354,0.000322262786
252.0,3.08425,2.354375,0.000322262786
252.0,3.0845,2.3545,0.000322262786
252.0,3.0845,2.3545,0.000322262786
252.0,3.084125,2.354375,0.000322262786
252.0,3.0835,2.3545,0.000322262786
252.0,3.08425,2.355,0.000322262786
252.0,3.0845,2.355,0.000322262786
252.0,3.084,2.3545,0.000322262786
252.0,3.08425,2.354,0.000322262786
252.0,3.084625,2.354,0.000322262786
252.0,3.084625,2.354,0.000322262786
252.0,3.08525,2.354125,0.000322262786
252.0,3.086,2.354,0.000322262786
252.0,3.0855,2.353625,0.000322262786
252.0,3.084875,2.353875,0.000322262786
252.0,3.084125,2.3545,0.000322262786
252.0,3.084125,2.354375,0.000322262786
252.0,3.08425,2.354625,0.000322262786
252.0,3.08425,2.354625,0.000322262786
252.0,3.08475,2.354625,0.000322262786
252.0,3.083875,2.35475,0.000322262786
252.0,3.083875,2.355125,0.000322262786
252.0,3.0845,2.355375,0.000322262786
252.0,3.08475,2.35525,0.000322262786
252.0,3.0845,2.354625,0.000322262786
252.0,3.08475,2.354,0.000322262786
252.0,3.084875,2.353875,0.000322262786
252.0,3.084875,2.354125,0.000322262786
252.0,3.085625,2.354125,0.000322262786
252.0,3.085625,2.35375,0.000322262786
252.0,3.085375,2.35375,0.000322262786
252.0,3.084375,2.35425,0.000322262786
252.0,3.084,2.35425,0.000322262786
253.0,3.05175,2.395875,0.000322064094
253.0,3.051875,2.395625,0.000322064094
253.0,3.052,2.395875,0.000322064094
253.0,3.05225,2.396,0.000322064094
253.0,3.052875,2.395375,0.000322064094
253.0,3.052375,2.394875,0.000322064094
253.0,3.05175,2.395625,0.000322064094
253.0,3.051625,2.395875,0.000322064094
253.0,3.051625,2.395875,0.000322064094
253.0,3.05125,2.395625,0.000322064094
253.0,3.05175,2.396,0.000322064094
253.0,3.0515,2.396125,0.000322064094
253.0,3.051,2.396125,0.000322064094
253.0,3.05125,2.396625,0.000322064094
253.0,3.051875,2.396875,0.000322064094
253.0,3.051625,2.396625,0.000322064094
253.0,3.05175,2.395875,0.000322064094
253.0,3.052125,2.395375,0.000322064094
253.0,3.052375,2.39575,0.000322064094
253.0,3.052375,2.395625,0.000322064094
253.0,3.05275,2.3955,0.000322064094
253.0,3.05275,2.395125,0.000322064094
253.0,3.0525,2.39525,0.000322064094
253.0,3.051375,2.396,0.000322064094
253.0,3.051375,2.396,0.000322064094
253.0,3.050875,2.395875,0.000322064094
253.0,3.0515,2.396,0.000322064094
253.0,3.05175,2.396375,0.000322064094
253.0,3.0515,2.39625,0.000322064094
253.0,3.05075,2.39625,0.000322064094
253.0,3.05075,2.39675,0.000322064094
253.0,3.05125,2.396875,0.000322064094
253.0,3.0515,2.3965,0.000322064094
253.0,3.05175,2.3955,0.000322064094
253.0,3.051625,2.395375,0.000322064094
253.0,3.052125,2.395875,0.000322064094
253.0,3.0525,2.395875,0.000322064094
253.0,3.05325,2.3955,0.000322064094
253.0,3.053,2.395125,0.000322064094
253.0,3.052125,2.395625,0.000322064094
253.0,3.05125,2.395625,0.000322064094
253.0,3.05125,2.396125,0.000322064094
253.0,3.05125,2.396,0.000322064094
253.0,3.051625,2.396,0.000322064094
253.0,3.05175,2.396125,0.000322064094
253.0,3.051,2.39625,0.000322064094
253.0,3.05075,2.39675,0.000322064094
253.0,3.05125,2.397125,0.000322064094
253.0,3.051625,2.396875,0.000322064094
253.0,3.0515,2.396375,0.000322064094
253.0,3.052,2.39575,0.000322064094
253.0,3.052,2.39575,0.000322064094
253.0,3.051875,2.396,0.000322064094
253.0,3.0525,2.396,0.000322064094
253.0,3.05275,2.3955,0.000322064094
253.0,3.052375,2.395375,0.000322064094
253.0,3.0515,2.395875,0.000322064094
253.0,3.0515,2.395875,0.000322064094
253.0,3.051375,2.396125,0.000322064094
253.0,3.051625,2.396,0.000322064094
253.0,3.051875,2.39625,0.000322064094
253.0,3.0515,2.396375,0.000322064094
253.0,3.05075,2.39625,0.000322064094
253.0,3.051125,2.39675,0.000322064094
253.0,3.051625,2.397,0.000322064094
253.0,3.0515,2.3965,0.000322064094
253.0,3.051375,2.395875,0.000322064094
253.0,3.052125,2.395625,0.000322064094
253.0,3.05225,2.395625,0.000322064094
253.0,3.052375,2.395875,0.000322064094
253.0,3.052875,2.39575,0.000322064094
253.0,3.053,2.395375,0.000322064094
253.0,3.052625,2.3955,0.000322064094
253.0,3.052625,2.3955,0.000322064094
253.0,3.0515,2.395875,0.000322064094
253.0,3.0515,2.396,0.000322064094
253.0,3.051625,2.396,0.000322064094
253.0,3.05175,2.396375,0.000322064094
253.0,3.05125,2.396375,0.000322064094
253.0,3.050625,2.396375,0.000322064094
253.0,3.051,2.396625,0.000322064094
253.0,3.052125,2.397,0.000322064094
253.0,3.051875,2.396375,0.000322064094
253.0,3.051625,2.395625,0.000322064094
253.0,3.052,2.3955,0.000322064094
253.0,3.05225,2.395625,0.000322064094
253.0,3.052875,2.39575,0.000322064094
253.0,3.053125,2.395625,0.000322064094
253.0,3.05275,2.39525,0.000322064094
253.0,3.05275,2.39525,0.000322064094
253.0,3.05225,2.395625,0.000322064094
253.0,3.05125,2.395875,0.000322064094
253.0,3.051375,2.396,0.000322064094
253.0,3.051625,2.39625,0.000322064094
253.0,3.052,2.396375,0.000322064094
253.0,3.051125,2.396375,0.000322064094
253.0,3.051125,2.396875,0.000322064094
253.0,3.0515,2.39725,0.000322064094
253.0,3.05125,2.397125,0.000322064094
253.0,3.051375,2.39625,0.000322064094
253.0,3.051875,2.395625,0.000322064094
253.0,3.05175,2.395875,0.000322064094
253.0,3.051875,2.396,0.000322064094
253.0,3.052125,2.396,0.000322064094
253.0,3.053,2.395375,0.000322064094
253.0,3.053,2.395375,0.000322064094
253.0,3.052625,2.39525,0.000322064094
253.0,3.051625,2.39575,0.000322064094
253.0,3.051,2.396,0.000322064094
253.0,3.05125,2.396,0.000322064094
253.0,3.051875,2.396125,0.000322064094
253.0,3.0515,2.396125,0.000322064094
253.0,3.050875,2.396125,0.000322064094
253.0,3.051125,2.39675,0.000322064094
253.0,3.052125,2.397125,0.000322064094
253.0,3.052125,2.39675,0.000322064094
253.0,3.051875,2.396125,0.000322064094
253.0,3.05225,2.395625,0.000322064094
253.0,3.052125,2.395625,0.000322064094
253.0,3.05225,2.395875,0.000322064094
253.0,3.0525,2.39575,0.000322064094
253.0,3.0525,2.39575,0.000322064094
253.0,3.052625,2.39525,0.000322064094
253.0,3.052625,2.395375,0.000322064094
253.0,3.052,2.395875,0.000322064094
253.0,3.051875,2.395875,0.000322064094
253.0,3.051875,2.396,0.000322064094
253.0,3.052125,2.396125,0.000322064094
253.0,3.051375,2.39625,0.000322064094
253.0,3.05075,2.3965,0.000322064094
253.0,3.0515,2.39675,0.000322064094
253.0,3.051875,2.39675,0.000322064094
253.0,3.051875,2.3965,0.000322064094
253.0,3.052,2.39575,0.000322064094
253.0,3.052375,2.3955,0.000322064094
253.0,3.052375,2.39575,0.000322064094
253.0,3.0525,2.395875,0.000322064094
253.0,3.052625,2.395875,0.000322064094
253.0,3.052625,2.395875,0.000322064094
253.0,3.05275,2.395375,0.000322064094
253.0,3.052625,2.3955,0.000322064094
253.0,3.051625,2.395875,0.000322064094
253.0,3.051125,2.395875,0.000322064094
253.0,3.0515,2.396,0.000322064094
253.0,3.051625,2.3965,0.000322064094
253.0,3.051375,2.396375,0.000322064094
253.0,3.051,2.39675,0.000322064094
253.0,3.0515,2.397125,0.000322064094
253.0,3.051625,2.397,0.000322064094
253.0,3.0515,2.396,0.000322064094
253.0,3.051875,2.395625,0.000322064094
253.0,3.052,2.395875,0.000322064094
253.0,3.052,2.396,0.000322064094
253.0,3.05275,2.396,0.000322064094
253.0,3.05275,2.396,0.000322064094
253.0,3.053,2.39575,0.000322064094
253.0,3.05275,2.3955,0.000322064094
253.0,3.052375,2.396,0.000322064094
253.0,3.051625,2.396375,0.000322064094
253.0,3.051375,2.396125,0.000322064094
253.0,3.0515,2.396375,0.000322064094
253.0,3.051375,2.3965,0.000322064094
253.0,3.051125,2.3965,0.000322064094
253.0,3.051,2.39675,0.000322064094
253.0,3.05175,2.396875,0.000322064094
253.0,3.051625,2.396625,0.000322064094
253.0,3.051,2.396125,0.000322064094
253.0,3.051625,2.3955,0.000322064094
253.0,3.051875,2.3955,0.000322064094
254.0,3.016125,2.436875,0.000322222651
254.0,3.01625,2.437125,0.000322222651
254.0,3.0165,2.43725,0.000322222651
254.0,3.016375,2.437375,0.000322222651
254.0,3.0165,2.43775,0.000322222651
254.0,3.017125,2.43775,0.000322222651
254.0,3.01675,2.437625,0.000322222651
254.0,3.016375,2.437125,0.000322222651
254.0,3.016375,2.437125,0.000322222651
254.0,3.017,2.436625,0.000322222651
254.0,3.017125,2.436625,0.000322222651
254.0,3.0175,2.437,0.000322222651
254.0,3.018,2.43675,0.000322222651
254.0,3.017875,2.436375,0.000322222651
254.0,3.016875,2.4365,0.000322222651
254.0,3.015875,2.437125,0.000322222651
254.0,3.0155,2.436875,0.000322222651
254.0,3.016375,2.437125,0.000322222651
254.0,3.016625,2.43725,0.000322222651
254.0,3.016375,2.437125,0.000322222651
254.0,3.016,2.4375,0.000322222651
254.0,3.01625,2.438125,0.000322222651
254.0,3.017,2.438,0.000322222651
254.0,3.016875,2.437375,0.000322222651
254.0,3.016875,2.43675,0.000322222651
254.0,3.017,2.43675,0.000322222651
254.0,3.017375,2.4365,0.000322222651
254.0,3.0175,2.436625,0.000322222651
254.0,3.01775,2.43675,0.000322222651
254.0,3.017625,2.4365,0.000322222651
254.0,3.0175,2.4365,0.000322222651
254.0,3.01725,2.436875,0.000322222651
254.0,3.016375,2.437125,0.000322222651
254.0,3.016375,2.43675,0.000322222651
254.0,3.016875,2.436875,0.000322222651
254.0,3.017,2.437125,0.000322222651
254.0,3.016625,2.437125,0.000322222651
254.0,3.016625,2.4375,0.000322222651
254.0,3.017125,2.437625,0.000322222651
254.0,3.016875,2.437375,0.000322222651
254.0,3.016625,2.436875,0.000322222651
254.0,3.016625,2.436875,0.000322222651
254.0,3.01725,2.436375,0.000322222651
254.0,3.017125,2.436625,0.000322222651
254.0,3.017125,2.43675,0.000322222651
254.0,3.017375,2.43675,0.000322222651
254.0,3.018,2.43625,0.000322222651
254.0,3.017625,2.43625,0.000322222651
254.0,3.016625,2.43675,0.000322222651
254.0,3.01575,2.436875,0.000322222651
254.0,3.0165,2.43675,0.000322222651
254.0,3.016625,2.437375,0.000322222651
254.0,3.01625,2.437375,0.000322222651
254.0,3.015875,2.43725,0.000322222651
254.0,3.016375,2.437625,0.000322222651
254.0,3.017125,2.438,0.000322222651
254.0,3.01725,2.4375,0.000322222651
254.0,3.01725,2.4375,0.000322222651
254.0,3.01675,2.436625,0.000322222651
254.0,3.016875,2.436375,0.000322222651
254.0,3.017,2.436875,0.000322222651
254.0,3.017,2.437,0.000322222651
254.0,3.01775,2.43675,0.000322222651
254.0,3.017875,2.43625,0.000322222651
254.0,3.017375,2.436375,0.000322222651
254.0,3.0165,2.436875,0.000322222651
254.0,3.016375,2.436875,0.000322222651
254.0,3.016375,2.437,0.000322222651
254.0,3.016125,2.43725,0.000322222651
254.0,3.016,2.43725,0.000322222651
254.0,3.0155,2.4375,0.000322222651
254.0,3.016125,2.438,0.000322222651
254.0,3.01675,2.437875,0.000322222651
254.0,3.01675,2.437875,0.000322222651
254.0,3.017125,2.437375,0.000322222651
254.0,3.01725,2.436875,0.000322222651
254.0,3.017125,2.436625,0.000322222651
254.0,3.01675,2.436875,0.000322222651
254.0,3.017375,2.436875,0.000322222651
254.0,3.017875,2.43675,0.000322222651
254.0,3.017625,2.436375,0.000322222651
254.0,3.017125,2.436625,0.000322222651
254.0,3.016125,2.437,0.000322222651
254.0,3.016,2.43675,0.000322222651
254.0,3.016375,2.436875,0.000322222651
254.0,3.01625,2.43725,0.000322222651
254.0,3.015625,2.4375,0.000322222651
254.0,3.0155,2.43775,0.000322222651
254.0,3.01625,2.438,0.000322222651
254.0,3.01625,2.438,0.000322222651
254.0,3.016625,2.43775,0.000322222651
254.0,3.016375,2.437,0.000322222651
254.0,3.017,2.4365,0.000322222651
254.0,3.0175,2.436625,0.000322222651
254.0,3.0175,2.43675,0.000322222651
254.0,3.018,2.43675,0.000322222651
254.0,3.018,2.4365,0.000322222651
254.0,3.017625,2.43625,0.000322222651
254.0,3.0165,2.43675,0.000322222651
254.0,3.016125,2.436875,0.000322222651
254.0,3.016375,2.437,0.000322222651
254.0,3.016875,2.43725,0.000322222651
254.0,3.0165,2.437375,0.000322222651
254.0,3.016125,2.437375,0.000322222651
254.0,3.016375,2.437875,0.000322222651
254.0,3.016375,2.437875,0.000322222651
254.0,3.016875,2.438125,0.000322222651
254.0,3.017375,2.43775,0.000322222651
254.0,3.016875,2.437125,0.000322222651
254.0,3.016875,2.436625,0.000322222651
254.0,3.01725,2.437,0.000322222651
254.0,3.017125,2.437,0.000322222651
254.0,3.017625,2.43675,0.000322222651
254.0,3.017875,2.4365,0.000322222651
254.0,3.01725,2.43675,0.000322222651
254.0,3.01675,2.437,0.000322222651
254.0,3.016375,2.43675,0.000322222651
254.0,3.016375,2.437,0.000322222651
254.0,3.01625,2.437375,0.000322222651
254.0,3.01625,2.437625,0.000322222651
254.0,3.016,2.43775,0.000322222651
254.0,3.016,2.438125,0.000322222651
254.0,3.016125,2.438125,0.000322222651
254.0,3.016625,2.438,0.000322222651
254.0,3.0165,2.437375,0.000322222651
254.0,3.017,2.436875,0.000322222651
254.0,3.0175,2.43675,0.000322222651
254.0,3.017125,2.437,0.000322222651
254.0,3.017375,2.437,0.000322222651
254.0,3.017875,2.436625,0.000322222651
254.0,3.017625,2.436625,0.000322222651
254.0,3.017,2.43675,0.000322222651
254.0,3.01675,2.43725,0.000322222651
254.0,3.01675,2.437125,0.000322222651
254.0,3.016875,2.437375,0.000322222651
254.0,3.01675,2.4375,0.000322222651
254.0,3.016375,2.437375,0.000322222651
254.0,3.016375,2.43775,0.000322222651
254.0,3.01625,2.43775,0.000322222651
254.0,3.016875,2.438125,0.000322222651
254.0,3.017,2.438,0.000322222651
254.0,3.01675,2.43725,0.000322222651
254.0,3.017,2.4365,0.000322222651
254.0,3.01725,2.4365,0.000322222651
254.0,3.017375,2.436875,0.000322222651
254.0,3.017875,2.436875,0.000322222651
254.0,3.01825,2.436375,0.000322222651
254.0,3.017875,2.43625,0.000322222651
254.0,3.017125,2.436625,0.000322222651
254.0,3.01625,2.437,0.000322222651
254.0,3.01675,2.437,0.000322222651
254.0,3.016875,2.43725,0.000322222651
254.0,3.016875,2.43725,0.000322222651
254.0,3.0165,2.43725,0.000322222651
254.0,3.0165,2.43725,0.000322222651
254.0,3.01625,2.43775,0.000322222651
254.0,3.01725,2.438,0.000322222651
254.0,3.016875,2.43775,0.000322222651
254.0,3.016125,2.436875,0.000322222651
254.0,3.016875,2.4365,0.000322222651
254.0,3.016875,2.43675,0.000322222651
254.0,3.01675,2.437,0.000322222651
254.0,3.0175,2.436875,0.000322222651
254.0,3.0175,2.43625,0.000322222651
254.0,3.01725,2.436375,0.000322222651
254.0,3.016375,2.437125,0.000322222651
254.0,3.016375,2.437,0.000322222651
254.0,3.016625,2.437125,0.000322222651
254.0,3.01675,2.43725,0.000322222651
255.0,2.98025,2.477625,0.000322025997
255.0,2.9805,2.477625,0.000322025997
255.0,2.97975,2.47675,0.000322025997
255.0,2.979875,2.476125,0.000322025997
255.0,2.980125,2.47625,0.000322025997
255.0,2.98,2.476625,0.000322025997
255.0,2.981,2.476625,0.000322025997
255.0,2.9815,2.476125,0.000322025997
255.0,2.9815,2.476125,0.000322025997
255.0,2.980625,2.476125,0.000322025997
255.0,2.979875,2.476875,0.000322025997
255.0,2.97975,2.476875,0.000322025997
255.0,2.98,2.47675,0.000322025997
255.0,2.979875,2.477125,0.000322025997
255.0,2.979625,2.47725,0.000322025997
255.0,2.979375,2.47725,0.000322025997
255.0,2.979375,2.477625,0.000322025997
255.0,2.98,2.477625,0.000322025997
255.0,2.98,2.47725,0.000322025997
255.0,2.979875,2.476625,0.000322025997
255.0,2.980625,2.476375,0.000322025997
255.0,2.980375,2.476625,0.000322025997
255.0,2.98075,2.47675,0.000322025997
255.0,2.981625,2.4765,0.000322025997
255.0,2.981625,2.476,0.000322025997
255.0,2.981,2.476,0.000322025997
255.0,2.980125,2.476125,0.000322025997
255.0,2.9795,2.47675,0.000322025997
255.0,2.9795,2.476625,0.000322025997
255.0,2.980375,2.47675,0.000322025997
255.0,2.9805,2.476875,0.000322025997
255.0,2.979875,2.477,0.000322025997
255.0,2.9795,2.47725,0.000322025997
255.0,2.98,2.47775,0.000322025997
255.0,2.981,2.477625,0.000322025997
255.0,2.9805,2.477125,0.000322025997
255.0,2.980375,2.476375,0.000322025997
255.0,2.98075,2.476375,0.000322025997
255.0,2.98025,2.476375,0.000322025997
255.0,2.980625,2.4765,0.000322025997
255.0,2.980625,2.476,0.000322025997
255.0,2.9815,2.476,0.000322025997
255.0,2.981,2.476,0.000322025997
255.0,2.98025,2.47625,0.000322025997
255.0,2.9795,2.4765,0.000322025997
255.0,2.979875,2.4765,0.000322025997
255.0,2.980375,2.476875,0.000322025997
255.0,2.980375,2.477,0.000322025997
255.0,2.98,2.476875,0.000322025997
255.0,2.979875,2.477375,0.000322025997
255.0,2.98025,2.4775,0.000322025997
255.0,2.979875,2.4775,0.000322025997
255.0,2.9795,2.476875,0.000322025997
255.0,2.980125,2.476375,0.000322025997
255.0,2.9805,2.476375,0.000322025997
255.0,2.980375,2.476625,0.000322025997
255.0,2.981,2.476375,0.000322025997
255.0,2.981,2.476375,0.000322025997
255.0,2.981125,2.476,0.000322025997
255.0,2.981,2.475875,0.000322025997
255.0,2.98,2.476375,0.000322025997
255.0,2.979375,2.47675,0.000322025997
255.0,2.979625,2.47675,0.000322025997
255.0,2.97975,2.477,0.000322025997
255.0,2.979875,2.47725,0.000322025997
255.0,2.97975,2.47725,0.000322025997
255.0,2.98,2.47775,0.000322025997
255.0,2.980375,2.477625,0.000322025997
255.0,2.980375,2.477125,0.000322025997
255.0,2.980125,2.4765,0.000322025997
255.0,2.980375,2.476375,0.000322025997
255.0,2.980625,2.4765,0.000322025997
255.0,2.981,2.4765,0.000322025997
255.0,2.981,2.4765,0.000322025997
255.0,2.981375,2.4765,0.000322025997
255.0,2.9815,2.476,0.000322025997
255.0,2.98075,2.476125,0.000322025997
255.0,2.9795,2.47675,0.000322025997
255.0,2.9795,2.4765,0.000322025997
255.0,2.979875,2.4765,0.000322025997
255.0,2.98,2.477,0.000322025997
255.0,2.979875,2.477,0.000322025997
255.0,2.979625,2.477375,0.000322025997
255.0,2.98,2.47775,0.000322025997
255.0,2.980625,2.47775,0.000322025997
255.0,2.98075,2.477,0.000322025997
255.0,2.980625,2.47625,0.000322025997
255.0,2.980375,2.47625,0.000322025997
255.0,2.980125,2.4765,0.000322025997
255.0,2.980125,2.4765,0.000322025997
255.0,2.9805,2.476625,0.000322025997
255.0,2.980875,2.476375,0.000322025997
255.0,2.980875,2.475875,0.000322025997
255.0,2.980375,2.47625,0.000322025997
255.0,2.979875,2.47675,0.000322025997
255.0,2.98025,2.476625,0.000322025997
255.0,2.980125,2.477,0.000322025997
255.0,2.979875,2.47725,0.000322025997
255.0,2.979375,2.477125,0.000322025997
255.0,2.978875,2.477625,0.000322025997
255.0,2.979625,2.477875,0.000322025997
255.0,2.979875,2.477625,0.000322025997
255.0,2.979875,2.477125,0.000322025997
255.0,2.9805,2.476375,0.000322025997
255.0,2.9805,2.4765,0.000322025997
255.0,2.9805,2.4765,0.000322025997
255.0,2.9805,2.476875,0.000322025997
255.0,2.98125,2.476875,0.000322025997
255.0,2.98125,2.47625,0.000322025997
255.0,2.98075,2.476,0.000322025997
255.0,2.97975,2.4765,0.000322025997
255.0,2.979125,2.47675,0.000322025997
255.0,2.9795,2.476875,0.000322025997
255.0,2.9795,2.477125,0.000322025997
255.0,2.979375,2.47725,0.000322025997
255.0,2.97925,2.47725,0.000322025997
255.0,2.979375,2.47775,0.000322025997
255.0,2.98,2.478125,0.000322025997
255.0,2.98,2.477375,0.000322025997
255.0,2.98,2.47675,0.000322025997
255.0,2.98025,2.476375,0.000322025997
255.0,2.98025,2.476625,0.000322025997
255.0,2.980125,2.476625,0.000322025997
255.0,2.98025,2.47675,0.000322025997
255.0,2.980875,2.4765,0.000322025997
255.0,2.981,2.476,0.000322025997
255.0,2.980375,2.47625,0.000322025997
255.0,2.9795,2.476875,0.000322025997
255.0,2.979,2.47675,0.000322025997
255.0,2.979125,2.476875,0.000322025997
255.0,2.979875,2.477125,0.000322025997
255.0,2.979875,2.477,0.000322025997
255.0,2.9795,2.477125,0.000322025997
255.0,2.98,2.47775,0.000322025997
255.0,2.98025,2.477625,0.000322025997
255.0,2.979625,2.477125,0.000322025997
255.0,2.979875,2.4765,0.000322025997
255.0,2.979875,2.4765,0.000322025997
255.0,2.979875,2.4765,0.000322025997
255.0,2.979875,2.47675,0.000322025997
255.0,2.980125,2.476625,0.000322025997
255.0,2.981125,2.47625,0.000322025997
255.0,2.981375,2.475875,0.000322025997
255.0,2.980375,2.476375,0.000322025997
255.0,2.979875,2.47675,0.000322025997
255.0,2.979875,2.47675,0.000322025997
255.0,2.980125,2.477125,0.000322025997
255.0,2.98025,2.477375,0.000322025997
255.0,2.97975,2.47725,0.000322025997
255.0,2.9795,2.477625,0.000322025997
255.0,2.979625,2.477875,0.000322025997
255.0,2.979625,2.4775,0.000322025997
255.0,2.97975,2.476625,0.000322025997
255.0,2.98025,2.476,0.000322025997
255.0,2.98025,2.476,0.000322025997
255.0,2.9805,2.476375,0.000322025997
255.0,2.9805,2.476625,0.000322025997
255.0,2.981,2.47675,0.000322025997
255.0,2.980875,2.476375,0.000322025997
255.0,2.9805,2.47625,0.000322025997
255.0,2.9805,2.476625,0.000322025997
255.0,2.97975,2.476625,0.000322025997
255.0,2.98,2.47675,0.000322025997
255.0,2.979875,2.477,0.000322025997
255.0,2.979625,2.477,0.000322025997
255.0,2.97925,2.477125,0.000322025997
255.0,2.979125,2.477625,0.000322025997
255.0,2.98,2.477875,0.000322025997
255.0,2.98025,2.477125,0.000322025997
256.0,2.94225,2.51525,0.000322158769
256.0,2.942875,2.515125,0.000322158769
256.0,2.942875,2.51475,0.000322158769
256.0,2.941875,2.514625,0.000322158769
256.0,2.941,2.51525,0.000322158769
256.0,2.941,2.515375,0.000322158769
256.0,2.94175,2.515375,0.000322158769
256.0,2.942,2.515625,0.000322158769
256.0,2.942,2.515625,0.000322158769
256.0,2.941625,2.51575,0.000322158769
256.0,2.940875,2.516125,0.000322158769
256.0,2.941125,2.516375,0.000322158769
256.0,2.941375,2.5165,0.000322158769
256.0,2.941625,2.515875,0.000322158769
256.0,2.94175,2.515375,0.000322158769
256.0,2.942,2.515125,0.000322158769
256.0,2.941625,2.515375,0.000322158769
256.0,2.942125,2.515375,0.000322158769
256.0,2.942875,2.515125,0.000322158769
256.0,2.942875,2.514875,0.000322158769
256.0,2.94225,2.515,0.000322158769
256.0,2.941375,2.5155,0.000322158769
256.0,2.9415,2.51525,0.000322158769
256.0,2.941625,2.515375,0.000322158769
256.0,2.941625,2.515375,0.000322158769
256.0,2.941125,2.51575,0.000322158769
256.0,2.940875,2.516,0.000322158769
256.0,2.94075,2.51625,0.000322158769
256.0,2.941125,2.51675,0.000322158769
256.0,2.941625,2.516625,0.000322158769
256.0,2.941625,2.516,0.000322158769
256.0,2.942125,2.51525,0.000322158769
256.0,2.942,2.515125,0.000322158769
256.0,2.94175,2.515375,0.000322158769
256.0,2.94225,2.515375,0.000322158769
256.0,2.9425,2.515125,0.000322158769
256.0,2.942125,2.51475,0.000322158769
256.0,2.9415,2.515,0.000322158769
256.0,2.940625,2.5155,0.000322158769
256.0,2.941,2.515375,0.000322158769
256.0,2.941,2.51575,0.000322158769
256.0,2.9415,2.51575,0.000322158769
256.0,2.9415,2.515875,0.000322158769
256.0,2.941,2.515625,0.000322158769
256.0,2.940625,2.516,0.000322158769
256.0,2.941,2.5165,0.000322158769
256.0,2.941375,2.51625,0.000322158769
256.0,2.941375,2.515625,0.000322158769
256.0,2.942,2.515125,0.000322158769
256.0,2.94175,2.515125,0.000322158769
256.0,2.94175,2.5155,0.000322158769
256.0,2.9425,2.5155,0.000322158769
256.0,2.94275,2.515125,0.000322158769
256.0,2.942375,2.515,0.000322158769
256.0,2.94175,2.515375,0.000322158769
256.0,2.941375,2.5155,0.000322158769
256.0,2.941875,2.5155,0.000322158769
256.0,2.941875,2.5155,0.000322158769
256.0,2.942,2.51575,0.000322158769
256.0,2.94175,2.515625,0.000322158769
256.0,2.941125,2.5155,0.000322158769
256.0,2.941,2.516375,0.000322158769
256.0,2.941875,2.516375,0.000322158769
256.0,2.942,2.516125,0.000322158769
256.0,2.94175,2.5155,0.000322158769
256.0,2.942,2.515125,0.000322158769
256.0,2.942,2.51525,0.000322158769
256.0,2.94225,2.515375,0.000322158769
256.0,2.94275,2.515125,0.000322158769
256.0,2.942875,2.514875,0.000322158769
256.0,2.942125,2.515,0.000322158769
256.0,2.941125,2.515625,0.000322158769
256.0,2.941,2.515625,0.000322158769
256.0,2.941,2.515625,0.000322158769
256.0,2.94175,2.5155,0.000322158769
256.0,2.941625,2.515875,0.000322158769
256.0,2.941125,2.515875,0.000322158769
256.0,2.940625,2.51625,0.000322158769
256.0,2.941,2.516625,0.000322158769
256.0,2.9415,2.516375,0.000322158769
256.0,2.941375,2.516,0.000322158769
256.0,2.941625,2.51525,0.000322158769
256.0,2.941875,2.515,0.000322158769
256.0,2.941375,2.515125,0.000322158769
256.0,2.941875,2.51525,0.000322158769
256.0,2.942625,2.515,0.000322158769
256.0,2.942625,2.51475,0.000322158769
256.0,2.942125,2.515125,0.000322158769
256.0,2.941125,2.515375,0.000322158769
256.0,2.941125,2.515375,0.000322158769
256.0,2.941125,2.51525,0.000322158769
256.0,2.941625,2.515625,0.000322158769
256.0,2.941875,2.51575,0.000322158769
256.0,2.941375,2.51575,0.000322158769
256.0,2.941125,2.51625,0.000322158769
256.0,2.941875,2.516625,0.000322158769
256.0,2.94175,2.5165,0.000322158769
256.0,2.94175,2.51575,0.000322158769
256.0,2.94175,2.514875,0.000322158769
256.0,2.94175,2.515,0.000322158769
256.0,2.941875,2.51525,0.000322158769
256.0,2.9425,2.51525,0.000322158769
256.0,2.94275,2.514875,0.000322158769
256.0,2.942375,2.515,0.000322158769
256.0,2.9415,2.5155,0.000322158769
256.0,2.9415,2.5155,0.000322158769
256.0,2.940375,2.5155,0.000322158769
256.0,2.941,2.5155,0.000322158769
256.0,2.941375,2.51575,0.000322158769
256.0,2.9415,2.515875,0.000322158769
256.0,2.941125,2.516125,0.000322158769
256.0,2.941125,2.516375,0.000322158769
256.0,2.942,2.5165,0.000322158769
256.0,2.942125,2.515875,0.000322158769
256.0,2.94175,2.515375,0.000322158769
256.0,2.942,2.515125,0.000322158769
256.0,2.941875,2.515375,0.000322158769
256.0,2.942,2.5155,0.000322158769
256.0,2.94275,2.515375,0.000322158769
256.0,2.942625,2.515,0.000322158769
256.0,2.9425,2.515,0.000322158769
256.0,2.9425,2.515,0.000322158769
256.0,2.94175,2.515375,0.000322158769
256.0,2.94125,2.515625,0.000322158769
256.0,2.9415,2.515625,0.000322158769
256.0,2.9415,2.51575,0.000322158769
256.0,2.94125,2.515625,0.000322158769
256.0,2.941125,2.516,0.000322158769
256.0,2.941375,2.516375,0.000322158769
256.0,2.941875,2.516125,0.000322158769
256.0,2.941375,2.515625,0.000322158769
256.0,2.9415,2.515,0.000322158769
256.0,2.94175,2.514625,0.000322158769
256.0,2.941625,2.515125,0.000322158769
256.0,2.94225,2.51525,0.000322158769
256.0,2.942625,2.515,0.000322158769
256.0,2.942625,2.5145,0.000322158769
256.0,2.942625,2.515125,0.000322158769
256.0,2.94225,2.515125,0.000322158769
256.0,2.941375,2.5155,0.000322158769
256.0,2.941,2.515125,0.000322158769
256.0,2.941375,2.5155,0.000322158769
256.0,2.941,2.51575,0.000322158769
256.0,2.94075,2.516,0.000322158769
256.0,2.94075,2.51625,0.000322158769
256.0,2.9415,2.516625,0.000322158769
256.0,2.942,2.516625,0.000322158769
256.0,2.94175,2.515625,0.000322158769
256.0,2.94175,2.51475,0.000322158769
256.0,2.942,2.514875,0.000322158769
256.0,2.942,2.515375,0.000322158769
256.0,2.9425,2.515375,0.000322158769
256.0,2.942875,2.515,0.000322158769
256.0,2.942,2.51475,0.000322158769
256.0,2.942,2.51475,0.000322158769
256.0,2.941625,2.5155,0.000322158769
256.0,2.941,2.51575,0.000322158769
256.0,2.94125,2.515625,0.000322158769
256.0,2.94175,2.51575,0.000322158769
256.0,2.941625,2.516,0.000322158769
256.0,2.941125,2.516,0.000322158769
256.0,2.941125,2.5165,0.000322158769
256.0,2.9415,2.5165,0.000322158769
256.0,2.941875,2.516125,0.000322158769
256.0,2.941875,2.515625,0.000322158769
256.0,2.942,2.51525,0.000322158769
256.0,2.941625,2.5155,0.000322158769
256.0,2.941625,2.5155,0.000322158769
256.0,2.94275,2.51525,0.000322158769
257.0,2.902,2.55375,0.000322098436
257.0,2.90125,2.554,0.000322098436
257.0,2.9015,2.554625,0.000322098436
257.0,2.90225,2.5545,0.000322098436
257.0,2.9025,2.554,0.000322098436
257.0,2.902375,2.553375,0.000322098436
257.0,2.90225,2.55325,0.000322098436
257.0,2.902,2.55325,0.000322098436
257.0,2.902,2.55325,0.000322098436
257.0,2.902125,2.55325,0.000322098436
257.0,2.90275,2.553,0.000322098436
257.0,2.902875,2.55275,0.000322098436
257.0,2.9025,2.552875,0.000322098436
257.0,2.902125,2.5535,0.000322098436
257.0,2.901875,2.5535,0.000322098436
257.0,2.90225,2.553375,0.000322098436
257.0,2.902375,2.553875,0.000322098436
257.0,2.901875,2.553875,0.000322098436
257.0,2.9015,2.554125,0.000322098436
257.0,2.902,2.554625,0.000322098436
257.0,2.90275,2.5545,0.000322098436
257.0,2.902375,2.554,0.000322098436
257.0,2.90275,2.553125,0.000322098436
257.0,2.90275,2.553125,0.000322098436
257.0,2.902625,2.553375,0.000322098436
257.0,2.902625,2.553375,0.000322098436
257.0,2.90325,2.553375,0.000322098436
257.0,2.90375,2.552875,0.000322098436
257.0,2.90325,2.552625,0.000322098436
257.0,2.90275,2.553125,0.000322098436
257.0,2.902,2.5535,0.000322098436
257.0,2.902125,2.5535,0.000322098436
257.0,2.9025,2.553625,0.000322098436
257.0,2.90225,2.553875,0.000322098436
257.0,2.902125,2.55375,0.000322098436
257.0,2.901625,2.554125,0.000322098436
257.0,2.90175,2.554375,0.000322098436
257.0,2.902375,2.55425,0.000322098436
257.0,2.902125,2.553625,0.000322098436
257.0,2.902625,2.55275,0.000322098436
257.0,2.9025,2.552875,0.000322098436
257.0,2.9025,2.552875,0.000322098436
257.0,2.90225,2.553125,0.000322098436
257.0,2.90325,2.553,0.000322098436
257.0,2.903375,2.552625,0.000322098436
257.0,2.903125,2.552625,0.000322098436
257.0,2.902375,2.553125,0.000322098436
257.0,2.901875,2.55325,0.000322098436
257.0,2.901875,2.553125,0.000322098436
257.0,2.902125,2.5535,0.000322098436
257.0,2.902,2.553625,0.000322098436
257.0,2.9015,2.553625,0.000322098436
257.0,2.90175,2.554125,0.000322098436
257.0,2.9025,2.554125,0.000322098436
257.0,2.902625,2.55375,0.000322098436
257.0,2.90275,2.553125,0.000322098436
257.0,2.90275,2.552875,0.000322098436
257.0,2.90275,2.552875,0.000322098436
257.0,2.902625,2.553,0.000322098436
257.0,2.903125,2.553,0.000322098436
257.0,2.90375,2.55275,0.000322098436
257.0,2.904125,2.5525,0.000322098436
257.0,2.9035,2.5525,0.000322098436
257.0,2.902125,2.553375,0.000322098436
257.0,2.9015,2.55325,0.000322098436
257.0,2.902125,2.5535,0.000322098436
257.0,2.902375,2.553625,0.000322098436
257.0,2.902125,2.55375,0.000322098436
257.0,2.901625,2.553875,0.000322098436
257.0,2.902125,2.554375,0.000322098436
257.0,2.9025,2.554,0.000322098436
257.0,2.902625,2.5535,0.000322098436
257.0,2.902875,2.553125,0.000322098436
257.0,2.902875,2.553125,0.000322098436
257.0,2.902625,2.553,0.000322098436
257.0,2.902625,2.553125,0.000322098436
257.0,2.90325,2.553125,0.000322098436
257.0,2.90425,2.552875,0.000322098436
257.0,2.904,2.552625,0.000322098436
257.0,2.903,2.553125,0.000322098436
257.0,2.902,2.55325,0.000322098436
257.0,2.90225,2.55325,0.000322098436
257.0,2.9025,2.5535,0.000322098436
257.0,2.902625,2.553625,0.000322098436
257.0,2.90225,2.553625,0.000322098436
257.0,2.901875,2.554,0.000322098436
257.0,2.902625,2.55425,0.000322098436
257.0,2.90275,2.553875,0.000322098436
257.0,2.90275,2.553,0.000322098436
257.0,2.90275,2.553,0.000322098436
257.0,2.903,2.5525,0.000322098436
257.0,2.903125,2.55275,0.000322098436
257.0,2.903125,2.552875,0.000322098436
257.0,2.903125,2.55275,0.000322098436
257.0,2.90375,2.552375,0.000322098436
257.0,2.90325,2.5525,0.000322098436
257.0,2.9025,2.55325,0.000322098436
257.0,2.9025,2.55325,0.000322098436
257.0,2.902375,2.55325,0.000322098436
257.0,2.902625,2.553625,0.000322098436
257.0,2.90275,2.553625,0.000322098436
257.0,2.902375,2.553625,0.000322098436
257.0,2.90225,2.554,0.000322098436
257.0,2.902875,2.554125,0.000322098436
257.0,2.90325,2.55375,0.000322098436
257.0,2.90325,2.55375,0.000322098436
257.0,2.902875,2.552875,0.000322098436
257.0,2.90325,2.5525,0.000322098436
257.0,2.903,2.553,0.000322098436
257.0,2.90325,2.553,0.000322098436
257.0,2.904,2.552875,0.000322098436
257.0,2.904,2.5525,0.000322098436
257.0,2.903625,2.5525,0.000322098436
257.0,2.902875,2.55325,0.000322098436
257.0,2.90225,2.55325,0.000322098436
257.0,2.902375,2.5535,0.000322098436
257.0,2.902875,2.55375,0.000322098436
257.0,2.9025,2.55375,0.000322098436
257.0,2.902125,2.553875,0.000322098436
257.0,2.9025,2.55425,0.000322098436
257.0,2.903,2.554375,0.000322098436
257.0,2.903125,2.554375,0.000322098436
257.0,2.903125,2.55375,0.000322098436
257.0,2.903375,2.553,0.000322098436
257.0,2.903125,2.553,0.000322098436
257.0,2.902875,2.553125,0.000322098436
257.0,2.9035,2.553125,0.000322098436
257.0,2.90425,2.55275,0.000322098436
257.0,2.904125,2.552625,0.000322098436
257.0,2.903125,2.553,0.000322098436
257.0,2.902375,2.553375,0.000322098436
257.0,2.90275,2.55325,0.000322098436
257.0,2.902875,2.5535,0.000322098436
257.0,2.902875,2.55375,0.000322098436
257.0,2.902625,2.553625,0.000322098436
257.0,2.902375,2.554,0.000322098436
257.0,2.902875,2.554375,0.000322098436
257.0,2.902875,2.554375,0.000322098436
257.0,2.902875,2.554125,0.000322098436
257.0,2.903,2.553375,0.000322098436
257.0,2.903375,2.55275,0.000322098436
257.0,2.903375,2.55275,0.000322098436
257.0,2.903,2.553,0.000322098436
257.0,2.90375,2.552875,0.000322098436
257.0,2.904,2.552625,0.000322098436
257.0,2.903875,2.5525,0.000322098436
257.0,2.903,2.553,0.000322098436
257.0,2.9025,2.553125,0.000322098436
257.0,2.902625,2.553,0.000322098436
257.0,2.90275,2.553375,0.000322098436
257.0,2.902375,2.5535,0.000322098436
257.0,2.901875,2.5535,0.000322098436
257.0,2.902,2.554125,0.000322098436
257.0,2.90275,2.55425,0.000322098436
257.0,2.90275,2.55425,0.000322098436
257.0,2.90275,2.553625,0.000322098436
257.0,2.90275,2.55325,0.000322098436
257.0,2.903125,2.55275,0.000322098436
257.0,2.90325,2.55275,0.000322098436
257.0,2.9035,2.553,0.000322098436
257.0,2.904125,2.55275,0.000322098436
257.0,2.904125,2.5525,0.000322098436
257.0,2.9035,2.552875,0.000322098436
257.0,2.90275,2.55325,0.000322098436
257.0,2.902125,2.553125,0.000322098436
257.0,2.902375,2.55325,0.000322098436
257.0,2.9025,2.5535,0.000322098436
257.0,2.9025,2.55375,0.000322098436
257.0,2.902125,2.554,0.000322098436
258.0,2.86225,2.588875,0.00032206616
258.0,2.8625,2.589,0.00032206616
258.0,2.86225,2.5895,0.00032206616
258.0,2.862625,2.589375,0.00032206616
258.0,2.862625,2.588875,0.00032206616
258.0,2.862375,2.58875,0.00032206616
258.0,2.862,2.5895,0.00032206616
258.0,2.861625,2.5895,0.00032206616
258.0,2.861625,2.5895,0.00032206616
258.0,2.86175,2.5895,0.00032206616
258.0,2.862,2.589625,0.00032206616
258.0,2.86175,2.589875,0.00032206616
258.0,2.861,2.589875,0.00032206616
258.0,2.86125,2.590375,0.00032206616
258.0,2.862125,2.590375,0.00032206616
258.0,2.862,2.59,0.00032206616
258.0,2.862,2.589375,0.00032206616
258.0,2.861875,2.589125,0.00032206616
258.0,2.861875,2.589375,0.00032206616
258.0,2.862625,2.58925,0.00032206616
258.0,2.86325,2.589125,0.00032206616
258.0,2.863,2.58875,0.00032206616
258.0,2.86225,2.589,0.00032206616
258.0,2.8615,2.5895,0.00032206616
258.0,2.8615,2.589375,0.00032206616
258.0,2.86125,2.589375,0.00032206616
258.0,2.8615,2.589625,0.00032206616
258.0,2.86175,2.58975,0.00032206616
258.0,2.862125,2.589875,0.00032206616
258.0,2.8615,2.590125,0.00032206616
258.0,2.861375,2.5905,0.00032206616
258.0,2.861625,2.590375,0.00032206616
258.0,2.86225,2.589875,0.00032206616
258.0,2.862125,2.58925,0.00032206616
258.0,2.862375,2.588875,0.00032206616
258.0,2.86225,2.58925,0.00032206616
258.0,2.862875,2.58925,0.00032206616
258.0,2.86325,2.58875,0.00032206616
258.0,2.86275,2.588625,0.00032206616
258.0,2.862375,2.589125,0.00032206616
258.0,2.862375,2.5895,0.00032206616
258.0,2.861875,2.5895,0.00032206616
258.0,2.86175,2.5895,0.00032206616
258.0,2.86175,2.5895,0.00032206616
258.0,2.861625,2.58975,0.00032206616
258.0,2.8615,2.58975,0.00032206616
258.0,2.86125,2.59025,0.00032206616
258.0,2.861875,2.5905,0.00032206616
258.0,2.862375,2.590125,0.00032206616
258.0,2.86225,2.589625,0.00032206616
258.0,2.8625,2.589125,0.00032206616
258.0,2.862625,2.589,0.00032206616
258.0,2.862625,2.589375,0.00032206616
258.0,2.862875,2.589375,0.00032206616
258.0,2.863375,2.588875,0.00032206616
258.0,2.862875,2.588625,0.00032206616
258.0,2.861875,2.58925,0.00032206616
258.0,2.861875,2.58925,0.00032206616
258.0,2.8615,2.5895,0.00032206616
258.0,2.86175,2.5895,0.00032206616
258.0,2.862,2.58975,0.00032206616
258.0,2.86175,2.589875,0.00032206616
258.0,2.8615,2.59,0.00032206616
258.0,2.86175,2.5905,0.00032206616
258.0,2.86225,2.5905,0.00032206616
258.0,2.862125,2.59,0.00032206616
258.0,2.862375,2.5895,0.00032206616
258.0,2.862625,2.589,0.00032206616
258.0,2.862875,2.589375,0.00032206616
258.0,2.863,2.5895,0.00032206616
258.0,2.8635,2.58925,0.00032206616
258.0,2.863625,2.588875,0.00032206616
258.0,2.862875,2.588875,0.00032206616
258.0,2.862875,2.588875,0.00032206616
258.0,2.86175,2.589625,0.00032206616
258.0,2.861375,2.589625,0.00032206616
258.0,2.861625,2.589625,0.00032206616
258.0,2.862,2.589875,0.00032206616
258.0,2.861875,2.58975,0.00032206616
258.0,2.861375,2.59,0.00032206616
258.0,2.861625,2.590625,0.00032206616
258.0,2.861875,2.59025,0.00032206616
258.0,2.862125,2.58975,0.00032206616
258.0,2.862375,2.589375,0.00032206616
258.0,2.86275,2.589,0.00032206616
258.0,2.862875,2.58925,0.00032206616
258.0,2.863125,2.589375,0.00032206616
258.0,2.863375,2.588875,0.00032206616
258.0,2.863125,2.5885,0.00032206616
258.0,2.863125,2.5885,0.00032206616
258.0,2.862375,2.588875,0.00032206616
258.0,2.8615,2.58925,0.00032206616
258.0,2.861875,2.589,0.00032206616
258.0,2.862125,2.58925,0.00032206616
258.0,2.861875,2.589625,0.00032206616
258.0,2.861375,2.589625,0.00032206616
258.0,2.86175,2.59,0.00032206616
258.0,2.862125,2.590375,0.00032206616
258.0,2.862125,2.59025,0.00032206616
258.0,2.86175,2.58925,0.00032206616
258.0,2.862375,2.58875,0.00032206616
258.0,2.8625,2.589,0.00032206616
258.0,2.86275,2.589125,0.00032206616
258.0,2.8635,2.589125,0.00032206616
258.0,2.863625,2.58875,0.00032206616
258.0,2.863625,2.58875,0.00032206616
258.0,2.863375,2.588375,0.00032206616
258.0,2.862375,2.589,0.00032206616
258.0,2.8615,2.5895,0.00032206616
258.0,2.86175,2.589375,0.00032206616
258.0,2.862,2.589625,0.00032206616
258.0,2.861625,2.589625,0.00032206616
258.0,2.861375,2.58975,0.00032206616
258.0,2.86125,2.59025,0.00032206616
258.0,2.862,2.590375,0.00032206616
258.0,2.861875,2.589875,0.00032206616
258.0,2.86225,2.589375,0.00032206616
258.0,2.86275,2.589125,0.00032206616
258.0,2.862625,2.58925,0.00032206616
258.0,2.86275,2.58925,0.00032206616
258.0,2.8635,2.589,0.00032206616
258.0,2.8635,2.58875,0.00032206616
258.0,2.863375,2.58875,0.00032206616
258.0,2.862875,2.588875,0.00032206616
258.0,2.86175,2.5895,0.00032206616
258.0,2.861625,2.589375,0.00032206616
258.0,2.862125,2.589375,0.00032206616
258.0,2.862125,2.589625,0.00032206616
258.0,2.86175,2.58975,0.00032206616
258.0,2.86125,2.58975,0.00032206616
258.0,2.861875,2.59025,0.00032206616
258.0,2.862375,2.59,0.00032206616
258.0,2.8625,2.58975,0.00032206616
258.0,2.8625,2.589125,0.00032206616
258.0,2.8625,2.589,0.00032206616
258.0,2.862375,2.589125,0.00032206616
258.0,2.862625,2.58925,0.00032206616
258.0,2.862625,2.588875,0.00032206616
258.0,2.863,2.588875,0.00032206616
258.0,2.863125,2.588625,0.00032206616
258.0,2.86275,2.589,0.00032206616
258.0,2.861875,2.58925,0.00032206616
258.0,2.861625,2.589,0.00032206616
258.0,2.862,2.58925,0.00032206616
258.0,2.86175,2.589625,0.00032206616
258.0,2.861625,2.5895,0.00032206616
258.0,2.862125,2.589875,0.00032206616
258.0,2.86225,2.59025,0.00032206616
258.0,2.862,2.590125,0.00032206616
258.0,2.862,2.5895,0.00032206616
258.0,2.862875,2.58875,0.00032206616
258.0,2.862875,2.588875,0.00032206616
258.0,2.862875,2.589125,0.00032206616
258.0,2.8635,2.589125,0.00032206616
258.0,2.8635,2.589125,0.00032206616
258.0,2.863125,2.58875,0.00032206616
258.0,2.8625,2.58875,0.00032206616
258.0,2.86225,2.589125,0.00032206616
258.0,2.861875,2.589375,0.00032206616
258.0,2.862,2.58925,0.00032206616
258.0,2.861875,2.58975,0.00032206616
258.0,2.861875,2.58975,0.00032206616
258.0,2.861375,2.589875,0.00032206616
258.0,2.861625,2.590125,0.00032206616
258.0,2.862125,2.59025,0.00032206616
258.0,2.862125,2.59,0.00032206616
258.0,2.861875,2.5895,0.00032206616
258.0,2.862125,2.589,0.00032206616
258.0,2.86225,2.58925,0.00032206616
259.0,2.819375,2.623375,0.000322285166
259.0,2.818875,2.623625,0.000322285166
259.0,2.81925,2.62375,0.000322285166
259.0,2.81975,2.624125,0.000322285166
259.0,2.81925,2.62425,0.000322285166
259.0,2.818625,2.624375,0.000322285166
259.0,2.818875,2.62475,0.000322285166
259.0,2.8195,2.625,0.000322285166
259.0,2.8195,2.625,0.000322285166
259.0,2.819375,2.62475,0.000322285166
259.0,2.819375,2.624125,0.000322285166
259.0,2.819875,2.6235,0.000322285166
259.0,2.819625,2.623625,0.000322285166
259.0,2.81975,2.623875,0.000322285166
259.0,2.820125,2.623875,0.000322285166
259.0,2.820125,2.62325,0.000322285166
259.0,2.819625,2.62325,0.000322285166
259.0,2.818875,2.623875,0.000322285166
259.0,2.818875,2.624,0.000322285166
259.0,2.819375,2.62425,0.000322285166
259.0,2.819125,2.6245,0.000322285166
259.0,2.818625,2.624375,0.000322285166
259.0,2.818375,2.6245,0.000322285166
259.0,2.818625,2.625,0.000322285166
259.0,2.81925,2.625,0.000322285166
259.0,2.81925,2.625125,0.000322285166
259.0,2.8195,2.624625,0.000322285166
259.0,2.81975,2.624,0.000322285166
259.0,2.819875,2.6235,0.000322285166
259.0,2.81975,2.623875,0.000322285166
259.0,2.819875,2.624,0.000322285166
259.0,2.820125,2.623875,0.000322285166
259.0,2.820125,2.623375,0.000322285166
259.0,2.81975,2.623625,0.000322285166
259.0,2.818875,2.62425,0.000322285166
259.0,2.81875,2.624,0.000322285166
259.0,2.819125,2.624125,0.000322285166
259.0,2.819125,2.62425,0.000322285166
259.0,2.81875,2.62425,0.000322285166
259.0,2.81825,2.624625,0.000322285166
259.0,2.81925,2.625125,0.000322285166
259.0,2.81925,2.625125,0.000322285166
259.0,2.81975,2.625125,0.000322285166
259.0,2.819375,2.6245,0.000322285166
259.0,2.819625,2.623875,0.000322285166
259.0,2.819625,2.62375,0.000322285166
259.0,2.8195,2.624,0.000322285166
259.0,2.820125,2.624,0.000322285166
259.0,2.820125,2.623625,0.000322285166
259.0,2.820125,2.623125,0.000322285166
259.0,2.819625,2.623875,0.000322285166
259.0,2.81925,2.62425,0.000322285166
259.0,2.8195,2.624125,0.000322285166
259.0,2.8195,2.624375,0.000322285166
259.0,2.819375,2.6245,0.000322285166
259.0,2.819,2.624625,0.000322285166
259.0,2.818625,2.624875,0.000322285166
259.0,2.818625,2.624875,0.000322285166
259.0,2.81925,2.62525,0.000322285166
259.0,2.819375,2.624875,0.000322285166
259.0,2.819125,2.62425,0.000322285166
259.0,2.8195,2.623625,0.000322285166
259.0,2.819375,2.62375,0.000322285166
259.0,2.819625,2.624,0.000322285166
259.0,2.8205,2.624125,0.000322285166
259.0,2.8205,2.623375,0.000322285166
259.0,2.82,2.623375,0.000322285166
259.0,2.81925,2.623875,0.000322285166
259.0,2.819,2.624125,0.000322285166
259.0,2.818875,2.624,0.000322285166
259.0,2.81925,2.624375,0.000322285166
259.0,2.81925,2.624625,0.000322285166
259.0,2.818875,2.624625,0.000322285166
259.0,2.818875,2.624625,0.000322285166
259.0,2.818875,2.625,0.000322285166
259.0,2.819125,2.625125,0.000322285166
259.0,2.81925,2.62475,0.000322285166
259.0,2.819125,2.623875,0.000322285166
259.0,2.819625,2.6235,0.000322285166
259.0,2.819625,2.623875,0.000322285166
259.0,2.819625,2.624125,0.000322285166
259.0,2.8205,2.62375,0.000322285166
259.0,2.820375,2.623375,0.000322285166
259.0,2.82,2.623625,0.000322285166
259.0,2.8195,2.624125,0.000322285166
259.0,2.81875,2.624,0.000322285166
259.0,2.81875,2.62425,0.000322285166
259.0,2.819375,2.624375,0.000322285166
259.0,2.818875,2.6245,0.000322285166
259.0,2.818875,2.6245,0.000322285166
259.0,2.818875,2.62475,0.000322285166
259.0,2.819625,2.625125,0.000322285166
259.0,2.82,2.625,0.000322285166
259.0,2.819875,2.624375,0.000322285166
259.0,2.81975,2.6235,0.000322285166
259.0,2.819875,2.623375,0.000322285166
259.0,2.819875,2.623875,0.000322285166
259.0,2.820375,2.624,0.000322285166
259.0,2.820625,2.623625,0.000322285166
259.0,2.820125,2.62325,0.000322285166
259.0,2.81975,2.62375,0.000322285166
259.0,2.819125,2.62425,0.000322285166
259.0,2.819375,2.624,0.000322285166
259.0,2.81975,2.62425,0.000322285166
259.0,2.8195,2.624375,0.000322285166
259.0,2.8195,2.624375,0.000322285166
259.0,2.818625,2.624375,0.000322285166
259.0,2.818375,2.62475,0.000322285166
259.0,2.819125,2.624875,0.000322285166
259.0,2.819125,2.62475,0.000322285166
259.0,2.818875,2.624,0.000322285166
259.0,2.819,2.623375,0.000322285166
259.0,2.8195,2.623625,0.000322285166
259.0,2.81925,2.623875,0.000322285166
259.0,2.82025,2.624,0.000322285166
259.0,2.82075,2.6235,0.000322285166
259.0,2.820375,2.62325,0.000322285166
259.0,2.81975,2.623625,0.000322285166
259.0,2.81925,2.623875,0.000322285166
259.0,2.8195,2.623875,0.000322285166
259.0,2.81975,2.62425,0.000322285166
259.0,2.819375,2.62425,0.000322285166
259.0,2.819375,2.6245,0.000322285166
259.0,2.818625,2.624625,0.000322285166
259.0,2.81875,2.625,0.000322285166
259.0,2.81925,2.624875,0.000322285166
259.0,2.8195,2.6245,0.000322285166
259.0,2.81975,2.623875,0.000322285166
259.0,2.81975,2.6235,0.000322285166
259.0,2.81975,2.62375,0.000322285166
259.0,2.82025,2.623875,0.000322285166
259.0,2.82125,2.62375,0.000322285166
259.0,2.820625,2.62325,0.000322285166
259.0,2.8195,2.623375,0.000322285166
259.0,2.819,2.623875,0.000322285166
259.0,2.81925,2.62375,0.000322285166
259.0,2.81925,2.623875,0.000322285166
259.0,2.819125,2.624375,0.000322285166
259.0,2.819125,2.624375,0.000322285166
259.0,2.81875,2.62425,0.000322285166
259.0,2.818625,2.6245,0.000322285166
259.0,2.819125,2.625,0.000322285166
259.0,2.8195,2.624875,0.000322285166
259.0,2.81975,2.62425,0.000322285166
259.0,2.82,2.62375,0.000322285166
259.0,2.82025,2.623625,0.000322285166
259.0,2.819875,2.623875,0.000322285166
259.0,2.81975,2.623875,0.000322285166
259.0,2.8205,2.623625,0.000322285166
259.0,2.820125,2.62325,0.000322285166
259.0,2.81925,2.6235,0.000322285166
259.0,2.819125,2.624,0.000322285166
259.0,2.8195,2.62375,0.000322285166
259.0,2.81925,2.624,0.000322285166
259.0,2.81925,2.624,0.000322285166
259.0,2.819125,2.62425,0.000322285166
259.0,2.819125,2.62425,0.000322285166
259.0,2.819,2.62475,0.000322285166
259.0,2.819375,2.62525,0.000322285166
259.0,2.819125,2.625,0.000322285166
259.0,2.81925,2.624125,0.000322285166
259.0,2.819875,2.623625,0.000322285166
259.0,2.819875,2.623625,0.000322285166
259.0,2.819625,2.623875,0.000322285166
259.0,2.820125,2.62375,0.000322285166
259.0,2.8205,2.623625,0.000322285166
259.0,2.820125,2.6235,0.000322285166
259.0,2.819375,2.624125,0.000322285166
259.0,2.818875,2.624125,0.000322285166
260.0,2.775875,2.657125,0.000322271837
260.0,2.77525,2.657375,0.000322271837
260.0,2.7755,2.657375,0.000322271837
260.0,2.776,2.657625,0.000322271837
260.0,2.775875,2.65775,0.000322271837
260.0,2.775625,2.657625,0.000322271837
260.0,2.775625,2.658125,0.000322271837
260.0,2.77575,2.6585,0.000322271837
260.0,2.77575,2.6585,0.000322271837
260.0,2.775875,2.658125,0.000322271837
260.0,2.77575,2.657375,0.000322271837
260.0,2.775875,2.656875,0.000322271837
260.0,2.776,2.657,0.000322271837
260.0,2.775875,2.657125,0.000322271837
260.0,2.776375,2.657125,0.000322271837
260.0,2.77675,2.656625,0.000322271837
260.0,2.7765,2.656375,0.000322271837
260.0,2.776,2.657,0.000322271837
260.0,2.775375,2.65725,0.000322271837
260.0,2.7755,2.657375,0.000322271837
260.0,2.77575,2.65775,0.000322271837
260.0,2.775375,2.658,0.000322271837
260.0,2.775125,2.657875,0.000322271837
260.0,2.77525,2.6585,0.000322271837
260.0,2.77525,2.6585,0.000322271837
260.0,2.776,2.658375,0.000322271837
260.0,2.775875,2.657875,0.000322271837
260.0,2.775625,2.657125,0.000322271837
260.0,2.776,2.656875,0.000322271837
260.0,2.776,2.657125,0.000322271837
260.0,2.775625,2.657375,0.000322271837
260.0,2.77625,2.65725,0.000322271837
260.0,2.77675,2.656625,0.000322271837
260.0,2.77575,2.656875,0.000322271837
260.0,2.774875,2.65775,0.000322271837
260.0,2.774625,2.6575,0.000322271837
260.0,2.775125,2.657625,0.000322271837
260.0,2.77525,2.657875,0.000322271837
260.0,2.77525,2.657875,0.000322271837
260.0,2.774875,2.658,0.000322271837
260.0,2.77525,2.6585,0.000322271837
260.0,2.77525,2.6585,0.000322271837
260.0,2.775875,2.658625,0.000322271837
260.0,2.775625,2.657875,0.000322271837
260.0,2.776125,2.657,0.000322271837
260.0,2.776125,2.656875,0.000322271837
260.0,2.775875,2.657375,0.000322271837
260.0,2.7765,2.657375,0.000322271837
260.0,2.77725,2.65675,0.000322271837
260.0,2.776875,2.656625,0.000322271837
260.0,2.775875,2.657,0.000322271837
260.0,2.7755,2.657375,0.000322271837
260.0,2.7755,2.6575,0.000322271837
260.0,2.776125,2.65775,0.000322271837
260.0,2.775625,2.65775,0.000322271837
260.0,2.775,2.65775,0.000322271837
260.0,2.775125,2.65825,0.000322271837
260.0,2.775125,2.65825,0.000322271837
260.0,2.775625,2.658625,0.000322271837
260.0,2.77575,2.65825,0.000322271837
260.0,2.77575,2.657375,0.000322271837
260.0,2.776,2.656875,0.000322271837
260.0,2.776125,2.657125,0.000322271837
260.0,2.77625,2.65725,0.000322271837
260.0,2.7765,2.657375,0.000322271837
260.0,2.776625,2.656875,0.000322271837
260.0,2.776,2.656625,0.000322271837
260.0,2.775625,2.657375,0.000322271837
260.0,2.775375,2.657375,0.000322271837
260.0,2.77575,2.6575,0.000322271837
260.0,2.776125,2.65775,0.000322271837
260.0,2.775625,2.657875,0.000322271837
260.0,2.775,2.658,0.000322271837
260.0,2.775,2.658,0.000322271837
260.0,2.775125,2.658375,0.000322271837
260.0,2.776125,2.658375,0.000322271837
260.0,2.77575,2.65775,0.000322271837
260.0,2.775625,2.657,0.000322271837
260.0,2.776125,2.656875,0.000322271837
260.0,2.77625,2.65725,0.000322271837
260.0,2.776375,2.657375,0.000322271837
260.0,2.777,2.657125,0.000322271837
260.0,2.776875,2.65675,0.000322271837
260.0,2.776125,2.657,0.000322271837
260.0,2.775375,2.657625,0.000322271837
260.0,2.77525,2.6575,0.000322271837
260.0,2.7755,2.657625,0.000322271837
260.0,2.775625,2.658125,0.000322271837
260.0,2.775375,2.658,0.000322271837
260.0,2.775375,2.658,0.000322271837
260.0,2.775375,2.65825,0.000322271837
260.0,2.775875,2.658625,0.000322271837
260.0,2.77575,2.6585,0.000322271837
260.0,2.776,2.65775,0.000322271837
260.0,2.776,2.657125,0.000322271837
260.0,2.775875,2.657125,0.000322271837
260.0,2.776,2.65725,0.000322271837
260.0,2.7765,2.65725,0.000322271837
260.0,2.776875,2.657,0.000322271837
260.0,2.77675,2.656625,0.000322271837
260.0,2.776125,2.656875,0.000322271837
260.0,2.775625,2.6575,0.000322271837
260.0,2.77575,2.657375,0.000322271837
260.0,2.77575,2.657625,0.000322271837
260.0,2.77575,2.657875,0.000322271837
260.0,2.77575,2.657875,0.000322271837
260.0,2.775,2.657875,0.000322271837
260.0,2.775375,2.658375,0.000322271837
260.0,2.776,2.65875,0.000322271837
260.0,2.77625,2.65825,0.000322271837
260.0,2.77625,2.6575,0.000322271837
260.0,2.77625,2.656875,0.000322271837
260.0,2.776125,2.65725,0.000322271837
260.0,2.776125,2.657375,0.000322271837
260.0,2.776875,2.65725,0.000322271837
260.0,2.777,2.656875,0.000322271837
260.0,2.7765,2.656875,0.000322271837
260.0,2.77575,2.657375,0.000322271837
260.0,2.77525,2.657375,0.000322271837
260.0,2.775625,2.6575,0.000322271837
260.0,2.77575,2.657625,0.000322271837
260.0,2.77575,2.657625,0.000322271837
260.0,2.77575,2.657875,0.000322271837
260.0,2.7755,2.658,0.000322271837
260.0,2.77525,2.6585,0.000322271837
260.0,2.775625,2.658625,0.000322271837
260.0,2.775875,2.658125,0.000322271837
260.0,2.776,2.65725,0.000322271837
260.0,2.776125,2.657,0.000322271837
260.0,2.776375,2.657125,0.000322271837
260.0,2.776625,2.65725,0.000322271837
260.0,2.777,2.657,0.000322271837
260.0,2.77725,2.656625,0.000322271837
260.0,2.7765,2.65675,0.000322271837
260.0,2.775625,2.657375,0.000322271837
260.0,2.775375,2.6575,0.000322271837
260.0,2.77575,2.657625,0.000322271837
260.0,2.775625,2.657625,0.000322271837
260.0,2.775625,2.657875,0.000322271837
260.0,2.775625,2.65775,0.000322271837
260.0,2.775375,2.658125,0.000322271837
260.0,2.77575,2.6585,0.000322271837
260.0,2.776125,2.6585,0.000322271837
260.0,2.77625,2.657875,0.000322271837
260.0,2.77625,2.656875,0.000322271837
260.0,2.77625,2.656875,0.000322271837
260.0,2.77575,2.65725,0.000322271837
260.0,2.7765,2.657375,0.000322271837
260.0,2.777125,2.657,0.000322271837
260.0,2.77675,2.65675,0.000322271837
260.0,2.776,2.657125,0.000322271837
260.0,2.775625,2.657375,0.000322271837
260.0,2.775875,2.65725,0.000322271837
260.0,2.775625,2.65725,0.000322271837
260.0,2.775625,2.657625,0.000322271837
260.0,2.775375,2.657875,0.000322271837
260.0,2.775375,2.65775,0.000322271837
260.0,2.775375,2.65825,0.000322271837
260.0,2.77575,2.658625,0.000322271837
260.0,2.77575,2.65825,0.000322271837
260.0,2.775875,2.65775,0.000322271837
260.0,2.776375,2.657125,0.000322271837
260.0,2.7765,2.65725,0.000322271837
260.0,2.7765,2.6575,0.000322271837
260.0,2.776875,2.657375,0.000322271837
260.0,2.777125,2.657,0.000322271837
260.0,2.776625,2.656625,0.000322271837
260.0,2.776,2.65725,0.000322271837
260.0,2.7755,2.657625,0.000322271837
261.0,2.731,2.69025,0.000322173553
261.0,2.7305,2.690125,0.000322173553
261.0,2.730125,2.6905,0.000322173553
261.0,2.730625,2.691,0.000322173553
261.0,2.730875,2.69075,0.000322173553
261.0,2.7305,2.690125,0.000322173553
261.0,2.73075,2.689375,0.000322173553
261.0,2.731,2.6895,0.000322173553
261.0,2.731,2.6895,0.000322173553
261.0,2.7315,2.68975,0.000322173553
261.0,2.731875,2.68975,0.000322173553
261.0,2.732375,2.68925,0.000322173553
261.0,2.73225,2.68925,0.000322173553
261.0,2.731125,2.689625,0.000322173553
261.0,2.730375,2.68975,0.000322173553
261.0,2.730625,2.689875,0.000322173553
261.0,2.730875,2.690125,0.000322173553
261.0,2.731,2.69025,0.000322173553
261.0,2.73075,2.69025,0.000322173553
261.0,2.7305,2.690625,0.000322173553
261.0,2.731,2.690875,0.000322173553
261.0,2.7315,2.69025,0.000322173553
261.0,2.73125,2.68975,0.000322173553
261.0,2.73125,2.6895,0.000322173553
261.0,2.73125,2.68975,0.000322173553
261.0,2.73175,2.68975,0.000322173553
261.0,2.73175,2.68975,0.000322173553
261.0,2.731875,2.689625,0.000322173553
261.0,2.732,2.689125,0.000322173553
261.0,2.731875,2.689375,0.000322173553
261.0,2.730875,2.689875,0.000322173553
261.0,2.7305,2.689875,0.000322173553
261.0,2.731,2.689875,0.000322173553
261.0,2.730875,2.690125,0.000322173553
261.0,2.730625,2.690125,0.000322173553
261.0,2.73025,2.690375,0.000322173553
261.0,2.730625,2.690875,0.000322173553
261.0,2.731125,2.691,0.000322173553
261.0,2.73125,2.6905,0.000322173553
261.0,2.731,2.690125,0.000322173553
261.0,2.731,2.6895,0.000322173553
261.0,2.731,2.6895,0.000322173553
261.0,2.731375,2.68975,0.000322173553
261.0,2.731875,2.68975,0.000322173553
261.0,2.73225,2.6895,0.000322173553
261.0,2.7325,2.689,0.000322173553
261.0,2.731625,2.689375,0.000322173553
261.0,2.731,2.689875,0.000322173553
261.0,2.730625,2.69,0.000322173553
261.0,2.730625,2.690125,0.000322173553
261.0,2.731,2.690375,0.000322173553
261.0,2.730625,2.690375,0.000322173553
261.0,2.730375,2.690625,0.000322173553
261.0,2.730875,2.691,0.000322173553
261.0,2.731,2.690875,0.000322173553
261.0,2.731125,2.690125,0.000322173553
261.0,2.73125,2.689375,0.000322173553
261.0,2.73125,2.689375,0.000322173553
261.0,2.731625,2.689375,0.000322173553
261.0,2.73175,2.689625,0.000322173553
261.0,2.732,2.689625,0.000322173553
261.0,2.732125,2.68925,0.000322173553
261.0,2.73225,2.689125,0.000322173553
261.0,2.731625,2.689625,0.000322173553
261.0,2.731,2.690125,0.000322173553
261.0,2.731125,2.69,0.000322173553
261.0,2.73125,2.690125,0.000322173553
261.0,2.731125,2.69025,0.000322173553
261.0,2.73075,2.69025,0.000322173553
261.0,2.731125,2.690625,0.000322173553
261.0,2.73125,2.69075,0.000322173553
261.0,2.73125,2.690625,0.000322173553
261.0,2.7315,2.68975,0.000322173553
261.0,2.7315,2.68975,0.000322173553
261.0,2.731375,2.689,0.000322173553
261.0,2.7315,2.68925,0.000322173553
261.0,2.73175,2.68975,0.000322173553
261.0,2.732125,2.689625,0.000322173553
261.0,2.732625,2.689125,0.000322173553
261.0,2.732,2.68925,0.000322173553
261.0,2.731125,2.69,0.000322173553
261.0,2.73125,2.69,0.000322173553
261.0,2.731125,2.689875,0.000322173553
261.0,2.73125,2.690125,0.000322173553
261.0,2.731,2.690125,0.000322173553
261.0,2.7305,2.69025,0.000322173553
261.0,2.731125,2.690875,0.000322173553
261.0,2.731875,2.691,0.000322173553
261.0,2.7315,2.690625,0.000322173553
261.0,2.7315,2.690625,0.000322173553
261.0,2.731375,2.689875,0.000322173553
261.0,2.732,2.6895,0.000322173553
261.0,2.732125,2.689625,0.000322173553
261.0,2.73225,2.68975,0.000322173553
261.0,2.73225,2.6895,0.000322173553
261.0,2.73175,2.689125,0.000322173553
261.0,2.73125,2.68925,0.000322173553
261.0,2.730625,2.689875,0.000322173553
261.0,2.731,2.689875,0.000322173553
261.0,2.731125,2.69,0.000322173553
261.0,2.731,2.69025,0.000322173553
261.0,2.730375,2.690375,0.000322173553
261.0,2.7305,2.690625,0.000322173553
261.0,2.73075,2.691,0.000322173553
261.0,2.731375,2.690875,0.000322173553
261.0,2.731375,2.690875,0.000322173553
261.0,2.7315,2.69025,0.000322173553
261.0,2.73125,2.6895,0.000322173553
261.0,2.7315,2.6895,0.000322173553
261.0,2.731625,2.689625,0.000322173553
261.0,2.731625,2.689875,0.000322173553
261.0,2.732,2.689375,0.000322173553
261.0,2.731875,2.689125,0.000322173553
261.0,2.7315,2.689625,0.000322173553
261.0,2.731125,2.689875,0.000322173553
261.0,2.730875,2.689875,0.000322173553
261.0,2.730875,2.689875,0.000322173553
261.0,2.731125,2.69025,0.000322173553
261.0,2.730875,2.69025,0.000322173553
261.0,2.73075,2.6905,0.000322173553
261.0,2.731125,2.690625,0.000322173553
261.0,2.731125,2.6905,0.000322173553
261.0,2.731125,2.6905,0.000322173553
261.0,2.7315,2.68975,0.000322173553
261.0,2.73175,2.68925,0.000322173553
261.0,2.731375,2.6895,0.000322173553
261.0,2.731125,2.68975,0.000322173553
261.0,2.731625,2.68975,0.000322173553
261.0,2.732,2.68925,0.000322173553
261.0,2.732,2.689125,0.000322173553
261.0,2.73125,2.68975,0.000322173553
261.0,2.7305,2.689875,0.000322173553
261.0,2.73075,2.689875,0.000322173553
261.0,2.73125,2.690125,0.000322173553
261.0,2.73125,2.690125,0.000322173553
261.0,2.7305,2.690125,0.000322173553
261.0,2.73075,2.690625,0.000322173553
261.0,2.73075,2.690625,0.000322173553
261.0,2.73125,2.690625,0.000322173553
261.0,2.731125,2.6905,0.000322173553
261.0,2.730875,2.68975,0.000322173553
261.0,2.731375,2.68925,0.000322173553
261.0,2.73175,2.6895,0.000322173553
261.0,2.732,2.689875,0.000322173553
261.0,2.732375,2.689625,0.000322173553
261.0,2.73225,2.689125,0.000322173553
261.0,2.73175,2.689375,0.000322173553
261.0,2.731375,2.69,0.000322173553
261.0,2.731,2.69,0.000322173553
261.0,2.731,2.69,0.000322173553
261.0,2.731125,2.690125,0.000322173553
261.0,2.73125,2.690125,0.000322173553
261.0,2.730625,2.690375,0.000322173553
261.0,2.730875,2.69075,0.000322173553
261.0,2.730875,2.69075,0.000322173553
261.0,2.731125,2.690625,0.000322173553
261.0,2.731375,2.69,0.000322173553
261.0,2.7315,2.689375,0.000322173553
261.0,2.7315,2.68925,0.000322173553
261.0,2.7315,2.689625,0.000322173553
261.0,2.732,2.68975,0.000322173553
261.0,2.73225,2.689375,0.000322173553
261.0,2.732125,2.68925,0.000322173553
261.0,2.731375,2.6895,0.000322173553
261.0,2.7305,2.69,0.000322173553
261.0,2.73075,2.689875,0.000322173553
261.0,2.731125,2.689875,0.000322173553
261.0,2.731375,2.69025,0.000322173553
261.0,2.730875,2.690125,0.000322173553
262.0,2.684625,2.720375,0.000322194333
262.0,2.684375,2.720375,0.000322194333
262.0,2.683875,2.7205,0.000322194333
262.0,2.684125,2.720875,0.000322194333
262.0,2.684875,2.72125,0.000322194333
262.0,2.684875,2.72075,0.000322194333
262.0,2.685,2.720125,0.000322194333
262.0,2.685,2.71975,0.000322194333
262.0,2.685,2.71975,0.000322194333
262.0,2.68525,2.71975,0.000322194333
262.0,2.685125,2.72,0.000322194333
262.0,2.685,2.720125,0.000322194333
262.0,2.685375,2.719625,0.000322194333
262.0,2.68525,2.719625,0.000322194333
262.0,2.68475,2.720125,0.000322194333
262.0,2.684,2.72,0.000322194333
262.0,2.68375,2.720125,0.000322194333
262.0,2.68425,2.720375,0.000322194333
262.0,2.684125,2.7205,0.000322194333
262.0,2.683875,2.720625,0.000322194333
262.0,2.684,2.721125,0.000322194333
262.0,2.684375,2.72125,0.000322194333
262.0,2.6845,2.72075,0.000322194333
262.0,2.685,2.72,0.000322194333
262.0,2.685125,2.72,0.000322194333
262.0,2.685125,2.719625,0.000322194333
262.0,2.68475,2.72,0.000322194333
262.0,2.68475,2.72025,0.000322194333
262.0,2.6855,2.720125,0.000322194333
262.0,2.6855,2.719625,0.000322194333
262.0,2.685125,2.719875,0.000322194333
262.0,2.684625,2.7205,0.000322194333
262.0,2.6845,2.7205,0.000322194333
262.0,2.684625,2.7205,0.000322194333
262.0,2.685125,2.720875,0.000322194333
262.0,2.6845,2.720875,0.000322194333
262.0,2.684375,2.721125,0.000322194333
262.0,2.68475,2.721375,0.000322194333
262.0,2.68525,2.7215,0.000322194333
262.0,2.685,2.720875,0.000322194333
262.0,2.684625,2.719875,0.000322194333
262.0,2.684625,2.719875,0.000322194333
262.0,2.685,2.719875,0.000322194333
262.0,2.685,2.720125,0.000322194333
262.0,2.68525,2.72025,0.000322194333
262.0,2.68575,2.71975,0.000322194333
262.0,2.68575,2.7195,0.000322194333
262.0,2.684875,2.720125,0.000322194333
262.0,2.68425,2.72075,0.000322194333
262.0,2.68425,2.72075,0.000322194333
262.0,2.684375,2.721,0.000322194333
262.0,2.6845,2.721,0.000322194333
262.0,2.684375,2.720875,0.000322194333
262.0,2.684125,2.721125,0.000322194333
262.0,2.68475,2.721625,0.000322194333
262.0,2.685375,2.7215,0.000322194333
262.0,2.684875,2.720875,0.000322194333
262.0,2.684875,2.720875,0.000322194333
262.0,2.684875,2.72025,0.000322194333
262.0,2.6845,2.72025,0.000322194333
262.0,2.684625,2.7205,0.000322194333
262.0,2.685375,2.720375,0.000322194333
262.0,2.685875,2.72,0.000322194333
262.0,2.685375,2.72,0.000322194333
262.0,2.684375,2.7205,0.000322194333
262.0,2.684,2.720375,0.000322194333
262.0,2.6845,2.720125,0.000322194333
262.0,2.684625,2.720625,0.000322194333
262.0,2.684125,2.72075,0.000322194333
262.0,2.68375,2.72075,0.000322194333
262.0,2.68425,2.72125,0.000322194333
262.0,2.68475,2.7215,0.000322194333
262.0,2.684625,2.721125,0.000322194333
262.0,2.684625,2.721125,0.000322194333
262.0,2.684125,2.7205,0.000322194333
262.0,2.684625,2.72,0.000322194333
262.0,2.684875,2.72025,0.000322194333
262.0,2.684875,2.7205,0.000322194333
262.0,2.68575,2.72025,0.000322194333
262.0,2.685875,2.71975,0.000322194333
262.0,2.6855,2.71975,0.000322194333
262.0,2.684375,2.720375,0.000322194333
262.0,2.6835,2.7205,0.000322194333
262.0,2.68425,2.7205,0.000322194333
262.0,2.68475,2.72075,0.000322194333
262.0,2.684375,2.72075,0.000322194333
262.0,2.68425,2.721125,0.000322194333
262.0,2.684625,2.721625,0.000322194333
262.0,2.685,2.7215,0.000322194333
262.0,2.685,2.7215,0.000322194333
262.0,2.685125,2.721,0.000322194333
262.0,2.685125,2.720125,0.000322194333
262.0,2.685375,2.720125,0.000322194333
262.0,2.685125,2.72025,0.000322194333
262.0,2.68525,2.72025,0.000322194333
262.0,2.685875,2.72,0.000322194333
262.0,2.68575,2.719625,0.000322194333
262.0,2.685,2.719875,0.000322194333
262.0,2.68425,2.720375,0.000322194333
262.0,2.684625,2.720375,0.000322194333
262.0,2.684875,2.7205,0.000322194333
262.0,2.685,2.72075,0.000322194333
262.0,2.684375,2.72075,0.000322194333
262.0,2.6845,2.721125,0.000322194333
262.0,2.685,2.721375,0.000322194333
262.0,2.685,2.721375,0.000322194333
262.0,2.685375,2.721125,0.000322194333
262.0,2.685125,2.720625,0.000322194333
262.0,2.685125,2.719875,0.000322194333
262.0,2.685125,2.72,0.000322194333
262.0,2.685,2.720125,0.000322194333
262.0,2.68525,2.720125,0.000322194333
262.0,2.685625,2.71975,0.000322194333
262.0,2.685125,2.719625,0.000322194333
262.0,2.6845,2.72025,0.000322194333
262.0,2.684375,2.720375,0.000322194333
262.0,2.6845,2.720375,0.000322194333
262.0,2.684625,2.720625,0.000322194333
262.0,2.6845,2.72075,0.000322194333
262.0,2.68425,2.720875,0.000322194333
262.0,2.6845,2.721375,0.000322194333
262.0,2.6845,2.721375,0.000322194333
262.0,2.68475,2.721625,0.000322194333
262.0,2.684625,2.72125,0.000322194333
262.0,2.684625,2.720375,0.000322194333
262.0,2.685125,2.72,0.000322194333
262.0,2.68525,2.72,0.000322194333
262.0,2.685375,2.72025,0.000322194333
262.0,2.68575,2.720125,0.000322194333
262.0,2.685375,2.71975,0.000322194333
262.0,2.685,2.719875,0.000322194333
262.0,2.6845,2.72025,0.000322194333
262.0,2.684125,2.72025,0.000322194333
262.0,2.68425,2.7205,0.000322194333
262.0,2.684625,2.72075,0.000322194333
262.0,2.68425,2.72075,0.000322194333
262.0,2.68375,2.720875,0.000322194333
262.0,2.684,2.720875,0.000322194333
262.0,2.684,2.7215,0.000322194333
262.0,2.68425,2.721375,0.000322194333
262.0,2.68425,2.72075,0.000322194333
262.0,2.68425,2.719875,0.000322194333
262.0,2.68425,2.719875,0.000322194333
262.0,2.684625,2.72025,0.000322194333
262.0,2.685375,2.72025,0.000322194333
262.0,2.686,2.719875,0.000322194333
262.0,2.6855,2.719375,0.000322194333
262.0,2.684625,2.71975,0.000322194333
262.0,2.684375,2.720375,0.000322194333
262.0,2.6845,2.7205,0.000322194333
262.0,2.6845,2.720625,0.000322194333
262.0,2.684625,2.72075,0.000322194333
262.0,2.684375,2.720875,0.000322194333
262.0,2.684125,2.721125,0.000322194333
262.0,2.684125,2.721125,0.000322194333
262.0,2.6845,2.7215,0.000322194333
262.0,2.684875,2.72125,0.000322194333
262.0,2.68475,2.720375,0.000322194333
262.0,2.6845,2.719875,0.000322194333
262.0,2.685125,2.720125,0.000322194333
262.0,2.685375,2.720375,0.000322194333
262.0,2.685625,2.72025,0.000322194333
262.0,2.6855,2.71975,0.000322194333
262.0,2.6855,2.719625,0.000322194333
262.0,2.685,2.72025,0.000322194333
262.0,2.684375,2.720625,0.000322194333
262.0,2.684375,2.720375,0.000322194333
262.0,2.6845,2.72075,0.000322194333
262.0,2.684625,2.720875,0.000322194333
263.0,2.638375,2.748875,0.000322267646
263.0,2.637625,2.749125,0.000322267646
263.0,2.6375,2.748875,0.000322267646
263.0,2.63775,2.74925,0.000322267646
263.0,2.637625,2.749625,0.000322267646
263.0,2.637375,2.74975,0.000322267646
263.0,2.63725,2.750125,0.000322267646
263.0,2.63775,2.750375,0.000322267646
263.0,2.63775,2.750375,0.000322267646
263.0,2.63775,2.749875,0.000322267646
263.0,2.638,2.749125,0.000322267646
263.0,2.63825,2.748625,0.000322267646
263.0,2.63825,2.74875,0.000322267646
263.0,2.638375,2.749,0.000322267646
263.0,2.638875,2.749,0.000322267646
263.0,2.639,2.7485,0.000322267646
263.0,2.6385,2.7485,0.000322267646
263.0,2.638125,2.74925,0.000322267646
263.0,2.637625,2.74925,0.000322267646
263.0,2.638,2.749125,0.000322267646
263.0,2.63825,2.74925,0.000322267646
263.0,2.638125,2.749375,0.000322267646
263.0,2.637625,2.74975,0.000322267646
263.0,2.6375,2.75025,0.000322267646
263.0,2.6375,2.75025,0.000322267646
263.0,2.638,2.75025,0.000322267646
263.0,2.638125,2.749625,0.000322267646
263.0,2.63825,2.749,0.000322267646
263.0,2.638125,2.748375,0.000322267646
263.0,2.63825,2.74875,0.000322267646
263.0,2.638625,2.749,0.000322267646
263.0,2.63875,2.74875,0.000322267646
263.0,2.638875,2.74825,0.000322267646
263.0,2.63825,2.748375,0.000322267646
263.0,2.63775,2.749,0.000322267646
263.0,2.637625,2.748875,0.000322267646
263.0,2.63775,2.749,0.000322267646
263.0,2.638,2.749375,0.000322267646
263.0,2.63775,2.749375,0.000322267646
263.0,2.63775,2.749625,0.000322267646
263.0,2.637625,2.75,0.000322267646
263.0,2.637625,2.75,0.000322267646
263.0,2.63825,2.75,0.000322267646
263.0,2.638375,2.74925,0.000322267646
263.0,2.63825,2.748625,0.000322267646
263.0,2.638625,2.74875,0.000322267646
263.0,2.638375,2.748875,0.000322267646
263.0,2.63875,2.749,0.000322267646
263.0,2.63925,2.748625,0.000322267646
263.0,2.63925,2.748375,0.000322267646
263.0,2.6385,2.748875,0.000322267646
263.0,2.6375,2.74925,0.000322267646
263.0,2.637375,2.749,0.000322267646
263.0,2.638,2.74925,0.000322267646
263.0,2.638375,2.7495,0.000322267646
263.0,2.637875,2.749375,0.000322267646
263.0,2.637375,2.749875,0.000322267646
263.0,2.637375,2.749875,0.000322267646
263.0,2.637875,2.75025,0.000322267646
263.0,2.637875,2.749875,0.000322267646
263.0,2.637875,2.74925,0.000322267646
263.0,2.638375,2.74875,0.000322267646
263.0,2.638375,2.748875,0.000322267646
263.0,2.6385,2.748875,0.000322267646
263.0,2.639375,2.748875,0.000322267646
263.0,2.6395,2.7485,0.000322267646
263.0,2.639,2.748375,0.000322267646
263.0,2.638125,2.74875,0.000322267646
263.0,2.637875,2.748875,0.000322267646
263.0,2.637875,2.748875,0.000322267646
263.0,2.638125,2.74925,0.000322267646
263.0,2.63775,2.749375,0.000322267646
263.0,2.637625,2.749625,0.000322267646
263.0,2.637625,2.749625,0.000322267646
263.0,2.638125,2.75,0.000322267646
263.0,2.638,2.750125,0.000322267646
263.0,2.63775,2.749875,0.000322267646
263.0,2.63825,2.74925,0.000322267646
263.0,2.63825,2.748625,0.000322267646
263.0,2.638125,2.748625,0.000322267646
263.0,2.638625,2.74875,0.000322267646
263.0,2.639125,2.748625,0.000322267646
263.0,2.638875,2.74825,0.000322267646
263.0,2.638125,2.748375,0.000322267646
263.0,2.637875,2.749,0.000322267646
263.0,2.6375,2.748875,0.000322267646
263.0,2.637625,2.749,0.000322267646
263.0,2.638125,2.749375,0.000322267646
263.0,2.637875,2.749375,0.000322267646
263.0,2.637875,2.749375,0.000322267646
263.0,2.6375,2.7495,0.000322267646
263.0,2.63775,2.75,0.000322267646
263.0,2.638125,2.749875,0.000322267646
263.0,2.638,2.7495,0.000322267646
263.0,2.638,2.748875,0.000322267646
263.0,2.638375,2.748875,0.000322267646
263.0,2.638375,2.749,0.000322267646
263.0,2.638625,2.749,0.000322267646
263.0,2.63925,2.748625,0.000322267646
263.0,2.639,2.74825,0.000322267646
263.0,2.63825,2.748875,0.000322267646
263.0,2.6375,2.74925,0.000322267646
263.0,2.637625,2.749,0.000322267646
263.0,2.637625,2.74925,0.000322267646
263.0,2.63775,2.749375,0.000322267646
263.0,2.63725,2.749375,0.000322267646
263.0,2.63725,2.7495,0.000322267646
263.0,2.63725,2.749875,0.000322267646
263.0,2.638375,2.750125,0.000322267646
263.0,2.638,2.749875,0.000322267646
263.0,2.637375,2.74925,0.000322267646
263.0,2.638,2.7485,0.000322267646
263.0,2.638,2.748625,0.000322267646
263.0,2.63825,2.74875,0.000322267646
263.0,2.63875,2.748625,0.000322267646
263.0,2.638875,2.74825,0.000322267646
263.0,2.63875,2.748125,0.000322267646
263.0,2.637875,2.748875,0.000322267646
263.0,2.637625,2.74925,0.000322267646
263.0,2.637875,2.749125,0.000322267646
263.0,2.637875,2.749375,0.000322267646
263.0,2.637875,2.749375,0.000322267646
263.0,2.637875,2.749375,0.000322267646
263.0,2.63775,2.7495,0.000322267646
263.0,2.637875,2.750125,0.000322267646
263.0,2.638125,2.75025,0.000322267646
263.0,2.63775,2.749625,0.000322267646
263.0,2.637875,2.749125,0.000322267646
263.0,2.638,2.74875,0.000322267646
263.0,2.638125,2.748875,0.000322267646
263.0,2.63825,2.749,0.000322267646
263.0,2.638875,2.7485,0.000322267646
263.0,2.6395,2.74825,0.000322267646
263.0,2.6385,2.7485,0.000322267646
263.0,2.637375,2.748875,0.000322267646
263.0,2.637375,2.749,0.000322267646
263.0,2.63825,2.749,0.000322267646
263.0,2.638375,2.74925,0.000322267646
263.0,2.638375,2.74925,0.000322267646
263.0,2.637875,2.749375,0.000322267646
263.0,2.6375,2.7495,0.000322267646
263.0,2.637625,2.750125,0.000322267646
263.0,2.6385,2.750125,0.000322267646
263.0,2.6385,2.7495,0.000322267646
263.0,2.638375,2.748625,0.000322267646
263.0,2.63825,2.7485,0.000322267646
263.0,2.637875,2.74875,0.000322267646
263.0,2.638125,2.74875,0.000322267646
263.0,2.63875,2.7485,0.000322267646
263.0,2.638875,2.748125,0.000322267646
263.0,2.63825,2.748625,0.000322267646
263.0,2.637,2.749125,0.000322267646
263.0,2.637125,2.749125,0.000322267646
263.0,2.637625,2.749375,0.000322267646
263.0,2.637625,2.749375,0.000322267646
263.0,2.63775,2.7495,0.000322267646
263.0,2.6375,2.7495,0.000322267646
263.0,2.637,2.74975,0.000322267646
263.0,2.637625,2.75,0.000322267646
263.0,2.638125,2.749875,0.000322267646
263.0,2.63775,2.7495,0.000322267646
263.0,2.638125,2.74875,0.000322267646
263.0,2.638125,2.74875,0.000322267646
263.0,2.63825,2.749,0.000322267646
263.0,2.639,2.749,0.000322267646
263.0,2.6395,2.748375,0.000322267646
263.0,2.639125,2.748,0.000322267646
263.0,2.638125,2.748875,0.000322267646
263.0,2.637625,2.749,0.000322267646
264.0,2.58925,2.77575,0.000322110514
264.0,2.589125,2.775875,0.000322110514
264.0,2.5895,2.775875,0.000322110514
264.0,2.589875,2.77525,0.000322110514
264.0,2.5895,2.77525,0.000322110514
264.0,2.5885,2.775875,0.000322110514
264.0,2.58825,2.775875,0.000322110514
264.0,2.58875,2.77575,0.000322110514
264.0,2.58875,2.77575,0.000322110514
264.0,2.58875,2.776,0.000322110514
264.0,2.588625,2.77625,0.000322110514
264.0,2.588,2.77625,0.000322110514
264.0,2.5885,2.77675,0.000322110514
264.0,2.589125,2.776875,0.000322110514
264.0,2.589125,2.776625,0.000322110514
264.0,2.58925,2.77575,0.000322110514
264.0,2.589375,2.775375,0.000322110514
264.0,2.589375,2.775625,0.000322110514
264.0,2.58975,2.775875,0.000322110514
264.0,2.59025,2.775625,0.000322110514
264.0,2.59,2.77525,0.000322110514
264.0,2.589375,2.775375,0.000322110514
264.0,2.589,2.776125,0.000322110514
264.0,2.588625,2.776125,0.000322110514
264.0,2.588625,2.776125,0.000322110514
264.0,2.588625,2.776125,0.000322110514
264.0,2.589,2.7765,0.000322110514
264.0,2.588625,2.7765,0.000322110514
264.0,2.58875,2.77675,0.000322110514
264.0,2.589125,2.77725,0.000322110514
264.0,2.589125,2.777125,0.000322110514
264.0,2.588625,2.776375,0.000322110514
264.0,2.588875,2.775625,0.000322110514
264.0,2.58925,2.7755,0.000322110514
264.0,2.588875,2.775875,0.000322110514
264.0,2.589375,2.775875,0.000322110514
264.0,2.590125,2.775625,0.000322110514
264.0,2.589875,2.775125,0.000322110514
264.0,2.588875,2.775625,0.000322110514
264.0,2.588375,2.776125,0.000322110514
264.0,2.58875,2.775875,0.000322110514
264.0,2.58875,2.775875,0.000322110514
264.0,2.589,2.776125,0.000322110514
264.0,2.588625,2.776375,0.000322110514
264.0,2.58825,2.776625,0.000322110514
264.0,2.588625,2.776875,0.000322110514
264.0,2.589125,2.777125,0.000322110514
264.0,2.589125,2.77675,0.000322110514
264.0,2.58925,2.776125,0.000322110514
264.0,2.5895,2.7755,0.000322110514
264.0,2.589625,2.7755,0.000322110514
264.0,2.58925,2.77575,0.000322110514
264.0,2.5895,2.775625,0.000322110514
264.0,2.58975,2.775375,0.000322110514
264.0,2.589125,2.77525,0.000322110514
264.0,2.589,2.775875,0.000322110514
264.0,2.588625,2.775875,0.000322110514
264.0,2.588625,2.775875,0.000322110514
264.0,2.58875,2.775875,0.000322110514
264.0,2.589125,2.776375,0.000322110514
264.0,2.589,2.77625,0.000322110514
264.0,2.58875,2.77625,0.000322110514
264.0,2.58875,2.77675,0.000322110514
264.0,2.58925,2.776875,0.000322110514
264.0,2.589125,2.776625,0.000322110514
264.0,2.58925,2.775625,0.000322110514
264.0,2.589125,2.7755,0.000322110514
264.0,2.58925,2.775625,0.000322110514
264.0,2.589375,2.775875,0.000322110514
264.0,2.590125,2.77575,0.000322110514
264.0,2.59025,2.77525,0.000322110514
264.0,2.5895,2.775375,0.000322110514
264.0,2.588625,2.776,0.000322110514
264.0,2.588625,2.776,0.000322110514
264.0,2.588,2.776,0.000322110514
264.0,2.588625,2.776125,0.000322110514
264.0,2.588875,2.77625,0.000322110514
264.0,2.589125,2.77625,0.000322110514
264.0,2.5885,2.776625,0.000322110514
264.0,2.58825,2.77725,0.000322110514
264.0,2.588625,2.777,0.000322110514
264.0,2.588625,2.7765,0.000322110514
264.0,2.588875,2.77575,0.000322110514
264.0,2.58925,2.77575,0.000322110514
264.0,2.58925,2.77575,0.000322110514
264.0,2.5895,2.77575,0.000322110514
264.0,2.59,2.775375,0.000322110514
264.0,2.589875,2.775125,0.000322110514
264.0,2.589125,2.775625,0.000322110514
264.0,2.589125,2.775625,0.000322110514
264.0,2.588375,2.775875,0.000322110514
264.0,2.5885,2.775625,0.000322110514
264.0,2.58875,2.776125,0.000322110514
264.0,2.58925,2.776375,0.000322110514
264.0,2.588875,2.776375,0.000322110514
264.0,2.58875,2.776875,0.000322110514
264.0,2.58925,2.777125,0.000322110514
264.0,2.589375,2.77675,0.000322110514
264.0,2.589375,2.776125,0.000322110514
264.0,2.58975,2.775625,0.000322110514
264.0,2.589625,2.775625,0.000322110514
264.0,2.589375,2.77575,0.000322110514
264.0,2.590125,2.77575,0.000322110514
264.0,2.59025,2.77525,0.000322110514
264.0,2.589625,2.775125,0.000322110514
264.0,2.589625,2.775125,0.000322110514
264.0,2.588625,2.77575,0.000322110514
264.0,2.588625,2.776,0.000322110514
264.0,2.588875,2.775875,0.000322110514
264.0,2.58925,2.77625,0.000322110514
264.0,2.588875,2.77625,0.000322110514
264.0,2.588375,2.776375,0.000322110514
264.0,2.588625,2.776875,0.000322110514
264.0,2.588875,2.777125,0.000322110514
264.0,2.58875,2.77675,0.000322110514
264.0,2.588875,2.776,0.000322110514
264.0,2.589,2.775375,0.000322110514
264.0,2.589,2.77575,0.000322110514
264.0,2.58875,2.776,0.000322110514
264.0,2.589625,2.77575,0.000322110514
264.0,2.58975,2.775375,0.000322110514
264.0,2.58975,2.775375,0.000322110514
264.0,2.589125,2.775375,0.000322110514
264.0,2.5885,2.776,0.000322110514
264.0,2.588625,2.776,0.000322110514
264.0,2.58875,2.776,0.000322110514
264.0,2.588875,2.776375,0.000322110514
264.0,2.58875,2.77625,0.000322110514
264.0,2.58825,2.77625,0.000322110514
264.0,2.588625,2.776875,0.000322110514
264.0,2.589125,2.776875,0.000322110514
264.0,2.58875,2.776625,0.000322110514
264.0,2.588625,2.77575,0.000322110514
264.0,2.588875,2.77525,0.000322110514
264.0,2.589125,2.775625,0.000322110514
264.0,2.5895,2.775875,0.000322110514
264.0,2.59,2.775625,0.000322110514
264.0,2.590125,2.775375,0.000322110514
264.0,2.590125,2.775375,0.000322110514
264.0,2.589125,2.77575,0.000322110514
264.0,2.588625,2.77625,0.000322110514
264.0,2.5885,2.776125,0.000322110514
264.0,2.58875,2.77625,0.000322110514
264.0,2.58875,2.7765,0.000322110514
264.0,2.58825,2.776375,0.000322110514
264.0,2.58825,2.77675,0.000322110514
264.0,2.589125,2.777,0.000322110514
264.0,2.58925,2.776875,0.000322110514
264.0,2.589125,2.77625,0.000322110514
264.0,2.589375,2.7755,0.000322110514
264.0,2.589375,2.7755,0.000322110514
264.0,2.589375,2.775625,0.000322110514
264.0,2.58975,2.7755,0.000322110514
264.0,2.589875,2.77525,0.000322110514
264.0,2.589875,2.77525,0.000322110514
264.0,2.58975,2.775375,0.000322110514
264.0,2.589,2.775875,0.000322110514
264.0,2.5885,2.776,0.000322110514
264.0,2.588625,2.776,0.000322110514
264.0,2.5885,2.77625,0.000322110514
264.0,2.588375,2.77625,0.000322110514
264.0,2.58825,2.776375,0.000322110514
264.0,2.588375,2.776875,0.000322110514
264.0,2.589,2.777,0.000322110514
264.0,2.589125,2.776375,0.000322110514
264.0,2.588875,2.77575,0.000322110514
264.0,2.58925,2.775375,0.000322110514
264.0,2.58925,2.77575,0.000322110514
264.0,2.5895,2.77575,0.000322110514
265.0,2.540125,2.801625,0.000322162319
265.0,2.540125,2.80125,0.000322162319
265.0,2.54025,2.801,0.000322162319
265.0,2.53975,2.80125,0.000322162319
265.0,2.53875,2.801625,0.000322162319
265.0,2.53875,2.80175,0.000322162319
265.0,2.53925,2.802,0.000322162319
265.0,2.538875,2.802125,0.000322162319
265.0,2.538875,2.802125,0.000322162319
265.0,2.53875,2.802125,0.000322162319
265.0,2.538625,2.8025,0.000322162319
265.0,2.539,2.803125,0.000322162319
265.0,2.539375,2.80275,0.000322162319
265.0,2.539375,2.801875,0.000322162319
265.0,2.539625,2.801125,0.000322162319
265.0,2.539625,2.801375,0.000322162319
265.0,2.539375,2.80175,0.000322162319
265.0,2.54,2.801875,0.000322162319
265.0,2.5405,2.801375,0.000322162319
265.0,2.54025,2.800875,0.000322162319
265.0,2.539375,2.801625,0.000322162319
265.0,2.538875,2.802,0.000322162319
265.0,2.539,2.80175,0.000322162319
265.0,2.5395,2.802125,0.000322162319
265.0,2.5395,2.80225,0.000322162319
265.0,2.5395,2.80225,0.000322162319
265.0,2.5395,2.802375,0.000322162319
265.0,2.53925,2.802625,0.000322162319
265.0,2.5395,2.803125,0.000322162319
265.0,2.5395,2.80275,0.000322162319
265.0,2.5395,2.801875,0.000322162319
265.0,2.53975,2.801375,0.000322162319
265.0,2.539875,2.801625,0.000322162319
265.0,2.539875,2.80175,0.000322162319
265.0,2.540125,2.80175,0.000322162319
265.0,2.540375,2.801375,0.000322162319
265.0,2.540125,2.80125,0.000322162319
265.0,2.53925,2.801875,0.000322162319
265.0,2.539,2.801625,0.000322162319
265.0,2.539625,2.80175,0.000322162319
265.0,2.539375,2.802125,0.000322162319
265.0,2.539375,2.802125,0.000322162319
265.0,2.538625,2.802125,0.000322162319
265.0,2.538375,2.802375,0.000322162319
265.0,2.538875,2.803,0.000322162319
265.0,2.54,2.803,0.000322162319
265.0,2.53975,2.802375,0.000322162319
265.0,2.5395,2.8015,0.000322162319
265.0,2.53975,2.80125,0.000322162319
265.0,2.53925,2.801625,0.000322162319
265.0,2.539625,2.801625,0.000322162319
265.0,2.54025,2.801375,0.000322162319
265.0,2.54,2.801125,0.000322162319
265.0,2.53975,2.801375,0.000322162319
265.0,2.539,2.80175,0.000322162319
265.0,2.538875,2.80175,0.000322162319
265.0,2.53925,2.80175,0.000322162319
265.0,2.53925,2.80175,0.000322162319
265.0,2.539,2.802125,0.000322162319
265.0,2.53875,2.802125,0.000322162319
265.0,2.5385,2.8025,0.000322162319
265.0,2.538875,2.802875,0.000322162319
265.0,2.5395,2.802625,0.000322162319
265.0,2.539875,2.802125,0.000322162319
265.0,2.539875,2.801375,0.000322162319
265.0,2.540125,2.801375,0.000322162319
265.0,2.539875,2.801625,0.000322162319
265.0,2.54025,2.80175,0.000322162319
265.0,2.54,2.80125,0.000322162319
265.0,2.5395,2.80125,0.000322162319
265.0,2.539375,2.801875,0.000322162319
265.0,2.539125,2.802125,0.000322162319
265.0,2.539125,2.80175,0.000322162319
265.0,2.539125,2.80175,0.000322162319
265.0,2.539,2.802,0.000322162319
265.0,2.538875,2.80225,0.000322162319
265.0,2.539,2.802375,0.000322162319
265.0,2.538875,2.802875,0.000322162319
265.0,2.53925,2.803125,0.000322162319
265.0,2.539375,2.80275,0.000322162319
265.0,2.539625,2.802,0.000322162319
265.0,2.539875,2.801375,0.000322162319
265.0,2.53975,2.801625,0.000322162319
265.0,2.539875,2.80175,0.000322162319
265.0,2.540125,2.801625,0.000322162319
265.0,2.540125,2.801,0.000322162319
265.0,2.539875,2.801125,0.000322162319
265.0,2.539125,2.801875,0.000322162319
265.0,2.538875,2.802,0.000322162319
265.0,2.538875,2.802,0.000322162319
265.0,2.539,2.802,0.000322162319
265.0,2.538875,2.80225,0.000322162319
265.0,2.538625,2.802375,0.000322162319
265.0,2.538875,2.80225,0.000322162319
265.0,2.539,2.802875,0.000322162319
265.0,2.5395,2.803,0.000322162319
265.0,2.539625,2.802375,0.000322162319
265.0,2.53975,2.8015,0.000322162319
265.0,2.539875,2.80125,0.000322162319
265.0,2.53925,2.80175,0.000322162319
265.0,2.53975,2.80175,0.000322162319
265.0,2.54025,2.801375,0.000322162319
265.0,2.54,2.801125,0.000322162319
265.0,2.539875,2.801375,0.000322162319
265.0,2.53925,2.801625,0.000322162319
265.0,2.53925,2.801625,0.000322162319
265.0,2.53925,2.8015,0.000322162319
265.0,2.539125,2.801875,0.000322162319
265.0,2.53925,2.802125,0.000322162319
265.0,2.53875,2.802125,0.000322162319
265.0,2.538375,2.8025,0.000322162319
265.0,2.539,2.803,0.000322162319
265.0,2.5395,2.802625,0.000322162319
265.0,2.53925,2.801875,0.000322162319
265.0,2.5395,2.80125,0.000322162319
265.0,2.539625,2.8015,0.000322162319
265.0,2.539375,2.801625,0.000322162319
265.0,2.540125,2.801625,0.000322162319
265.0,2.540875,2.80125,0.000322162319
265.0,2.540375,2.801,0.000322162319
265.0,2.5395,2.801625,0.000322162319
265.0,2.539125,2.801625,0.000322162319
265.0,2.539125,2.801875,0.000322162319
265.0,2.539375,2.801875,0.000322162319
265.0,2.5395,2.80225,0.000322162319
265.0,2.539375,2.80225,0.000322162319
265.0,2.538625,2.80225,0.000322162319
265.0,2.5385,2.80275,0.000322162319
265.0,2.53925,2.803,0.000322162319
265.0,2.5395,2.8025,0.000322162319
265.0,2.5395,2.80175,0.000322162319
265.0,2.53975,2.80125,0.000322162319
265.0,2.5395,2.80125,0.000322162319
265.0,2.539625,2.801375,0.000322162319
265.0,2.54025,2.8015,0.000322162319
265.0,2.54075,2.801125,0.000322162319
265.0,2.540375,2.801125,0.000322162319
265.0,2.539375,2.8015,0.000322162319
265.0,2.539375,2.8015,0.000322162319
265.0,2.539,2.8015,0.000322162319
265.0,2.539375,2.801625,0.000322162319
265.0,2.539375,2.802,0.000322162319
265.0,2.53925,2.80225,0.000322162319
265.0,2.53875,2.80225,0.000322162319
265.0,2.53875,2.80275,0.000322162319
265.0,2.5395,2.80275,0.000322162319
265.0,2.539625,2.80225,0.000322162319
265.0,2.53975,2.80175,0.000322162319
265.0,2.54,2.8015,0.000322162319
265.0,2.539875,2.80175,0.000322162319
265.0,2.539875,2.80175,0.000322162319
265.0,2.540375,2.8015,0.000322162319
265.0,2.540375,2.801,0.000322162319
265.0,2.5395,2.801125,0.000322162319
265.0,2.5395,2.801125,0.000322162319
265.0,2.53875,2.801875,0.000322162319
265.0,2.5385,2.801625,0.000322162319
265.0,2.539125,2.801875,0.000322162319
265.0,2.539125,2.802125,0.000322162319
265.0,2.53875,2.802125,0.000322162319
265.0,2.538625,2.802625,0.000322162319
265.0,2.539125,2.80275,0.000322162319
265.0,2.5395,2.802625,0.000322162319
265.0,2.539375,2.802125,0.000322162319
265.0,2.539375,2.80125,0.000322162319
265.0,2.539375,2.80125,0.000322162319
265.0,2.5395,2.80175,0.000322162319
265.0,2.54025,2.8015,0.000322162319
265.0,2.5405,2.801125,0.000322162319
266.0,2.487875,2.825875,0.00032222562
266.0,2.488125,2.825875,0.00032222562
266.0,2.4885,2.82625,0.00032222562
266.0,2.48825,2.82625,0.00032222562
266.0,2.488,2.8265,0.00032222562
266.0,2.488375,2.827125,0.00032222562
266.0,2.488375,2.826875,0.00032222562
266.0,2.488,2.826125,0.00032222562
266.0,2.488,2.826125,0.00032222562
266.0,2.488375,2.825375,0.00032222562
266.0,2.488875,2.825375,0.00032222562
266.0,2.488875,2.82575,0.00032222562
266.0,2.489375,2.825875,0.00032222562
266.0,2.489375,2.82525,0.00032222562
266.0,2.488875,2.825,0.00032222562
266.0,2.4885,2.825375,0.00032222562
266.0,2.48825,2.8255,0.00032222562
266.0,2.488125,2.825625,0.00032222562
266.0,2.48825,2.826,0.00032222562
266.0,2.4885,2.82625,0.00032222562
266.0,2.487875,2.82625,0.00032222562
266.0,2.487875,2.826625,0.00032222562
266.0,2.488875,2.827,0.00032222562
266.0,2.489,2.82675,0.00032222562
266.0,2.489,2.82675,0.00032222562
266.0,2.4885,2.825625,0.00032222562
266.0,2.488625,2.82525,0.00032222562
266.0,2.48875,2.825375,0.00032222562
266.0,2.48875,2.825625,0.00032222562
266.0,2.489,2.825625,0.00032222562
266.0,2.489125,2.82525,0.00032222562
266.0,2.489375,2.825,0.00032222562
266.0,2.48875,2.8255,0.00032222562
266.0,2.48825,2.82575,0.00032222562
266.0,2.4885,2.825625,0.00032222562
266.0,2.488625,2.826125,0.00032222562
266.0,2.4885,2.82625,0.00032222562
266.0,2.48775,2.8265,0.00032222562
266.0,2.487875,2.827125,0.00032222562
266.0,2.4885,2.827375,0.00032222562
266.0,2.48875,2.82675,0.00032222562
266.0,2.48875,2.82675,0.00032222562
266.0,2.488625,2.825875,0.00032222562
266.0,2.489,2.825375,0.00032222562
266.0,2.48875,2.825875,0.00032222562
266.0,2.488875,2.826,0.00032222562
266.0,2.48925,2.825625,0.00032222562
266.0,2.489375,2.825,0.00032222562
266.0,2.48925,2.82525,0.00032222562
266.0,2.48825,2.826,0.00032222562
266.0,2.488,2.825625,0.00032222562
266.0,2.48825,2.82575,0.00032222562
266.0,2.488625,2.826125,0.00032222562
266.0,2.488125,2.82625,0.00032222562
266.0,2.4875,2.826625,0.00032222562
266.0,2.488375,2.827125,0.00032222562
266.0,2.489,2.826625,0.00032222562
266.0,2.489,2.826625,0.00032222562
266.0,2.488625,2.826125,0.00032222562
266.0,2.488625,2.82525,0.00032222562
266.0,2.48875,2.8255,0.00032222562
266.0,2.488375,2.825875,0.00032222562
266.0,2.489,2.82575,0.00032222562
266.0,2.489625,2.825375,0.00032222562
266.0,2.489125,2.825125,0.00032222562
266.0,2.488375,2.825625,0.00032222562
266.0,2.488,2.826125,0.00032222562
266.0,2.48825,2.825875,0.00032222562
266.0,2.488125,2.826125,0.00032222562
266.0,2.4885,2.82625,0.00032222562
266.0,2.488125,2.826375,0.00032222562
266.0,2.488,2.82675,0.00032222562
266.0,2.4885,2.827,0.00032222562
266.0,2.4885,2.827,0.00032222562
266.0,2.48875,2.826625,0.00032222562
266.0,2.488875,2.826,0.00032222562
266.0,2.48875,2.825625,0.00032222562
266.0,2.488625,2.825625,0.00032222562
266.0,2.48875,2.825875,0.00032222562
266.0,2.48925,2.825625,0.00032222562
266.0,2.4895,2.82525,0.00032222562
266.0,2.489125,2.825125,0.00032222562
266.0,2.48825,2.825875,0.00032222562
266.0,2.48825,2.825875,0.00032222562
266.0,2.48825,2.82575,0.00032222562
266.0,2.4885,2.825875,0.00032222562
266.0,2.488375,2.826,0.00032222562
266.0,2.48775,2.82625,0.00032222562
266.0,2.488,2.826875,0.00032222562
266.0,2.488,2.826875,0.00032222562
266.0,2.488375,2.827,0.00032222562
266.0,2.488125,2.8265,0.00032222562
266.0,2.4885,2.825625,0.00032222562
266.0,2.48875,2.82525,0.00032222562
266.0,2.488375,2.8255,0.00032222562
266.0,2.4885,2.82575,0.00032222562
266.0,2.489,2.8255,0.00032222562
266.0,2.48875,2.825,0.00032222562
266.0,2.48825,2.825125,0.00032222562
266.0,2.487875,2.82575,0.00032222562
266.0,2.487625,2.825875,0.00032222562
266.0,2.488,2.826,0.00032222562
266.0,2.487875,2.826375,0.00032222562
266.0,2.488,2.826375,0.00032222562
266.0,2.487625,2.826625,0.00032222562
266.0,2.487625,2.826625,0.00032222562
266.0,2.488125,2.826875,0.00032222562
266.0,2.488875,2.826875,0.00032222562
266.0,2.488625,2.826375,0.00032222562
266.0,2.4885,2.8255,0.00032222562
266.0,2.488625,2.825375,0.00032222562
266.0,2.488625,2.825875,0.00032222562
266.0,2.488875,2.825875,0.00032222562
266.0,2.4895,2.825375,0.00032222562
266.0,2.489625,2.825125,0.00032222562
266.0,2.488625,2.8255,0.00032222562
266.0,2.487625,2.825875,0.00032222562
266.0,2.487875,2.825625,0.00032222562
266.0,2.488375,2.82575,0.00032222562
266.0,2.48825,2.826125,0.00032222562
266.0,2.487625,2.826375,0.00032222562
266.0,2.487625,2.82675,0.00032222562
266.0,2.48775,2.82675,0.00032222562
266.0,2.4885,2.827125,0.00032222562
266.0,2.4885,2.82675,0.00032222562
266.0,2.488125,2.826,0.00032222562
266.0,2.4885,2.825375,0.00032222562
266.0,2.488625,2.8255,0.00032222562
266.0,2.488625,2.825625,0.00032222562
266.0,2.489125,2.82575,0.00032222562
266.0,2.489,2.82525,0.00032222562
266.0,2.4885,2.82525,0.00032222562
266.0,2.48775,2.82575,0.00032222562
266.0,2.487625,2.826,0.00032222562
266.0,2.48775,2.826,0.00032222562
266.0,2.48825,2.826125,0.00032222562
266.0,2.488,2.82625,0.00032222562
266.0,2.487625,2.8265,0.00032222562
266.0,2.487625,2.8265,0.00032222562
266.0,2.48775,2.827,0.00032222562
266.0,2.48825,2.827125,0.00032222562
266.0,2.488375,2.8265,0.00032222562
266.0,2.4885,2.826,0.00032222562
266.0,2.488375,2.825625,0.00032222562
266.0,2.488,2.825875,0.00032222562
266.0,2.488375,2.826,0.00032222562
266.0,2.488875,2.825625,0.00032222562
266.0,2.489625,2.82525,0.00032222562
266.0,2.48925,2.825375,0.00032222562
266.0,2.488375,2.825875,0.00032222562
266.0,2.48825,2.82575,0.00032222562
266.0,2.48825,2.82575,0.00032222562
266.0,2.488,2.82625,0.00032222562
266.0,2.48775,2.82625,0.00032222562
266.0,2.48775,2.82625,0.00032222562
266.0,2.487375,2.8265,0.00032222562
266.0,2.48775,2.827,0.00032222562
266.0,2.488625,2.826625,0.00032222562
266.0,2.4885,2.826,0.00032222562
266.0,2.488375,2.8255,0.00032222562
266.0,2.488625,2.82525,0.00032222562
266.0,2.488375,2.825625,0.00032222562
266.0,2.488625,2.825625,0.00032222562
266.0,2.489125,2.82525,0.00032222562
266.0,2.48925,2.824875,0.00032222562
266.0,2.48875,2.82525,0.00032222562
266.0,2.488125,2.825875,0.00032222562
266.0,2.48825,2.82575,0.00032222562
266.0,2.488375,2.825875,0.00032222562
267.0,2.43775,2.847625,0.000322260341
267.0,2.437,2.847875,0.000322260341
267.0,2.43625,2.84825,0.000322260341
267.0,2.436375,2.848125,0.000322260341
267.0,2.436875,2.848375,0.000322260341
267.0,2.436875,2.848625,0.000322260341
267.0,2.4365,2.848625,0.000322260341
267.0,2.43625,2.849125,0.000322260341
267.0,2.43625,2.849125,0.000322260341
267.0,2.436875,2.849375,0.000322260341
267.0,2.437,2.84925,0.000322260341
267.0,2.436625,2.848625,0.000322260341
267.0,2.43675,2.847875,0.000322260341
267.0,2.437,2.848,0.000322260341
267.0,2.43725,2.84825,0.000322260341
267.0,2.43725,2.84825,0.000322260341
267.0,2.4375,2.847875,0.000322260341
267.0,2.437375,2.847875,0.000322260341
267.0,2.43725,2.848125,0.000322260341
267.0,2.436875,2.84825,0.000322260341
267.0,2.436625,2.848375,0.000322260341
267.0,2.4365,2.848625,0.000322260341
267.0,2.43675,2.8485,0.000322260341
267.0,2.436625,2.848625,0.000322260341
267.0,2.436625,2.848625,0.000322260341
267.0,2.436625,2.84925,0.000322260341
267.0,2.43725,2.849375,0.000322260341
267.0,2.437125,2.848875,0.000322260341
267.0,2.436875,2.848375,0.000322260341
267.0,2.437,2.847875,0.000322260341
267.0,2.437125,2.848375,0.000322260341
267.0,2.437625,2.848625,0.000322260341
267.0,2.43775,2.84825,0.000322260341
267.0,2.437625,2.84775,0.000322260341
267.0,2.437125,2.847875,0.000322260341
267.0,2.43625,2.848375,0.000322260341
267.0,2.4365,2.848125,0.000322260341
267.0,2.43675,2.848375,0.000322260341
267.0,2.437,2.84875,0.000322260341
267.0,2.437,2.848625,0.000322260341
267.0,2.436625,2.848625,0.000322260341
267.0,2.436625,2.84875,0.000322260341
267.0,2.43675,2.849375,0.000322260341
267.0,2.437375,2.8495,0.000322260341
267.0,2.437,2.84875,0.000322260341
267.0,2.437375,2.848125,0.000322260341
267.0,2.437625,2.848,0.000322260341
267.0,2.4375,2.848375,0.000322260341
267.0,2.437625,2.848375,0.000322260341
267.0,2.437875,2.848125,0.000322260341
267.0,2.438,2.847875,0.000322260341
267.0,2.437375,2.8485,0.000322260341
267.0,2.4365,2.8485,0.000322260341
267.0,2.43675,2.848125,0.000322260341
267.0,2.436875,2.8485,0.000322260341
267.0,2.436625,2.848625,0.000322260341
267.0,2.43625,2.84875,0.000322260341
267.0,2.43625,2.84875,0.000322260341
267.0,2.436625,2.84925,0.000322260341
267.0,2.437125,2.84975,0.000322260341
267.0,2.437125,2.8495,0.000322260341
267.0,2.43675,2.848875,0.000322260341
267.0,2.437,2.84825,0.000322260341
267.0,2.436625,2.84825,0.000322260341
267.0,2.437,2.848375,0.000322260341
267.0,2.4375,2.84825,0.000322260341
267.0,2.437625,2.84775,0.000322260341
267.0,2.4375,2.847625,0.000322260341
267.0,2.436875,2.848125,0.000322260341
267.0,2.43675,2.84825,0.000322260341
267.0,2.43675,2.848375,0.000322260341
267.0,2.436875,2.8485,0.000322260341
267.0,2.437125,2.848625,0.000322260341
267.0,2.437125,2.848625,0.000322260341
267.0,2.43675,2.84875,0.000322260341
267.0,2.43675,2.84925,0.000322260341
267.0,2.436875,2.8495,0.000322260341
267.0,2.436875,2.849125,0.000322260341
267.0,2.436625,2.84825,0.000322260341
267.0,2.43725,2.848,0.000322260341
267.0,2.437375,2.848125,0.000322260341
267.0,2.4375,2.84825,0.000322260341
267.0,2.438,2.84825,0.000322260341
267.0,2.43775,2.847875,0.000322260341
267.0,2.437375,2.847875,0.000322260341
267.0,2.437,2.84825,0.000322260341
267.0,2.437,2.848375,0.000322260341
267.0,2.436875,2.8485,0.000322260341
267.0,2.437,2.84875,0.000322260341
267.0,2.437,2.84875,0.000322260341
267.0,2.4365,2.848625,0.000322260341
267.0,2.436,2.84875,0.000322260341
267.0,2.4365,2.84925,0.000322260341
267.0,2.436875,2.849375,0.000322260341
267.0,2.436875,2.848875,0.000322260341
267.0,2.437375,2.848125,0.000322260341
267.0,2.4375,2.847875,0.000322260341
267.0,2.437375,2.848125,0.000322260341
267.0,2.437625,2.848125,0.000322260341
267.0,2.438,2.847875,0.000322260341
267.0,2.43775,2.847625,0.000322260341
267.0,2.437125,2.848,0.000322260341
267.0,2.43675,2.84825,0.000322260341
267.0,2.43675,2.848125,0.000322260341
267.0,2.437125,2.848375,0.000322260341
267.0,2.437125,2.848375,0.000322260341
267.0,2.437125,2.848875,0.000322260341
267.0,2.436625,2.848875,0.000322260341
267.0,2.436125,2.849125,0.000322260341
267.0,2.436875,2.84975,0.000322260341
267.0,2.437,2.849625,0.000322260341
267.0,2.437,2.84875,0.000322260341
267.0,2.437,2.848,0.000322260341
267.0,2.437375,2.84825,0.000322260341
267.0,2.437,2.8485,0.000322260341
267.0,2.43725,2.848375,0.000322260341
267.0,2.437625,2.847875,0.000322260341
267.0,2.43775,2.84775,0.000322260341
267.0,2.437,2.84825,0.000322260341
267.0,2.43675,2.8485,0.000322260341
267.0,2.43675,2.8485,0.000322260341
267.0,2.4365,2.8485,0.000322260341
267.0,2.4365,2.848875,0.000322260341
267.0,2.436875,2.849,0.000322260341
267.0,2.43625,2.849,0.000322260341
267.0,2.43625,2.8495,0.000322260341
267.0,2.43675,2.849625,0.000322260341
267.0,2.43675,2.849,0.000322260341
267.0,2.436625,2.848375,0.000322260341
267.0,2.436875,2.848,0.000322260341
267.0,2.437,2.848125,0.000322260341
267.0,2.437125,2.848375,0.000322260341
267.0,2.43775,2.84825,0.000322260341
267.0,2.437875,2.84775,0.000322260341
267.0,2.437625,2.847875,0.000322260341
267.0,2.436625,2.848625,0.000322260341
267.0,2.4365,2.8485,0.000322260341
267.0,2.436875,2.8485,0.000322260341
267.0,2.436875,2.8485,0.000322260341
267.0,2.437,2.84875,0.000322260341
267.0,2.437,2.848875,0.000322260341
267.0,2.43675,2.849,0.000322260341
267.0,2.437,2.849375,0.000322260341
267.0,2.437,2.849375,0.000322260341
267.0,2.437,2.848875,0.000322260341
267.0,2.43725,2.847875,0.000322260341
267.0,2.43725,2.84775,0.000322260341
267.0,2.437375,2.848,0.000322260341
267.0,2.437625,2.84825,0.000322260341
267.0,2.43775,2.848,0.000322260341
267.0,2.437875,2.847625,0.000322260341
267.0,2.4375,2.848,0.000322260341
267.0,2.43675,2.84875,0.000322260341
267.0,2.4365,2.848375,0.000322260341
267.0,2.4365,2.848375,0.000322260341
267.0,2.43675,2.848625,0.000322260341
267.0,2.437,2.84875,0.000322260341
267.0,2.4365,2.848875,0.000322260341
267.0,2.43625,2.84925,0.000322260341
267.0,2.43675,2.849625,0.000322260341
267.0,2.436375,2.8495,0.000322260341
267.0,2.436375,2.8485,0.000322260341
267.0,2.43725,2.847875,0.000322260341
267.0,2.437375,2.847875,0.000322260341
267.0,2.437,2.84825,0.000322260341
267.0,2.43725,2.848375,0.000322260341
267.0,2.437625,2.848,0.000322260341
267.0,2.437875,2.84775,0.000322260341
267.0,2.436875,2.84825,0.000322260341
268.0,2.385,2.86875,0.000322258187
268.0,2.384875,2.86875,0.000322258187
268.0,2.385125,2.869,0.000322258187
268.0,2.385125,2.869375,0.000322258187
268.0,2.38475,2.86925,0.000322258187
268.0,2.384375,2.86975,0.000322258187
268.0,2.384875,2.870125,0.000322258187
268.0,2.385,2.87,0.000322258187
268.0,2.385,2.87,0.000322258187
268.0,2.385125,2.86925,0.000322258187
268.0,2.385125,2.8685,0.000322258187
268.0,2.385375,2.868625,0.000322258187
268.0,2.385625,2.86875,0.000322258187
268.0,2.386,2.868875,0.000322258187
268.0,2.386375,2.868375,0.000322258187
268.0,2.386,2.86825,0.000322258187
268.0,2.385125,2.868625,0.000322258187
268.0,2.3845,2.869,0.000322258187
268.0,2.385,2.86875,0.000322258187
268.0,2.385375,2.86925,0.000322258187
268.0,2.385125,2.869375,0.000322258187
268.0,2.384375,2.869375,0.000322258187
268.0,2.384625,2.87,0.000322258187
268.0,2.385375,2.87025,0.000322258187
268.0,2.385375,2.86975,0.000322258187
268.0,2.38525,2.86975,0.000322258187
268.0,2.38475,2.869125,0.000322258187
268.0,2.385,2.8685,0.000322258187
268.0,2.385375,2.868625,0.000322258187
268.0,2.38525,2.86875,0.000322258187
268.0,2.38575,2.868625,0.000322258187
268.0,2.385875,2.86825,0.000322258187
268.0,2.385375,2.86825,0.000322258187
268.0,2.38475,2.868875,0.000322258187
268.0,2.38475,2.868875,0.000322258187
268.0,2.385,2.869,0.000322258187
268.0,2.385125,2.8695,0.000322258187
268.0,2.38525,2.8695,0.000322258187
268.0,2.384625,2.86975,0.000322258187
268.0,2.384625,2.87025,0.000322258187
268.0,2.38525,2.870125,0.000322258187
268.0,2.38525,2.870125,0.000322258187
268.0,2.3855,2.86925,0.000322258187
268.0,2.3855,2.868375,0.000322258187
268.0,2.385625,2.868375,0.000322258187
268.0,2.385625,2.86875,0.000322258187
268.0,2.3855,2.868875,0.000322258187
268.0,2.3855,2.86825,0.000322258187
268.0,2.385625,2.867875,0.000322258187
268.0,2.385375,2.868625,0.000322258187
268.0,2.384625,2.869,0.000322258187
268.0,2.385,2.868875,0.000322258187
268.0,2.385125,2.869,0.000322258187
268.0,2.385125,2.86925,0.000322258187
268.0,2.384875,2.869375,0.000322258187
268.0,2.38475,2.869625,0.000322258187
268.0,2.385125,2.869875,0.000322258187
268.0,2.385125,2.869875,0.000322258187
268.0,2.38525,2.86975,0.000322258187
268.0,2.385375,2.86925,0.000322258187
268.0,2.385375,2.868375,0.000322258187
268.0,2.3855,2.8685,0.000322258187
268.0,2.3855,2.868875,0.000322258187
268.0,2.385625,2.868875,0.000322258187
268.0,2.386,2.86825,0.000322258187
268.0,2.3855,2.86775,0.000322258187
268.0,2.385125,2.868625,0.000322258187
268.0,2.384875,2.868875,0.000322258187
268.0,2.385,2.868625,0.000322258187
268.0,2.38525,2.869125,0.000322258187
268.0,2.385125,2.86925,0.000322258187
268.0,2.384375,2.869375,0.000322258187
268.0,2.384375,2.869875,0.000322258187
268.0,2.384375,2.869875,0.000322258187
268.0,2.385375,2.870125,0.000322258187
268.0,2.3855,2.86975,0.000322258187
268.0,2.385375,2.868875,0.000322258187
268.0,2.385875,2.868375,0.000322258187
268.0,2.385625,2.868625,0.000322258187
268.0,2.38575,2.868875,0.000322258187
268.0,2.386125,2.86875,0.000322258187
268.0,2.386125,2.86825,0.000322258187
268.0,2.3855,2.8685,0.000322258187
268.0,2.38525,2.869,0.000322258187
268.0,2.38525,2.8685,0.000322258187
268.0,2.385125,2.868625,0.000322258187
268.0,2.385125,2.86925,0.000322258187
268.0,2.385125,2.869375,0.000322258187
268.0,2.384875,2.869625,0.000322258187
268.0,2.384875,2.869625,0.000322258187
268.0,2.38475,2.87,0.000322258187
268.0,2.385375,2.869875,0.000322258187
268.0,2.385625,2.8695,0.000322258187
268.0,2.385625,2.868625,0.000322258187
268.0,2.385625,2.8685,0.000322258187
268.0,2.3855,2.86875,0.000322258187
268.0,2.386,2.868875,0.000322258187
268.0,2.385875,2.868625,0.000322258187
268.0,2.385625,2.86825,0.000322258187
268.0,2.385375,2.868625,0.000322258187
268.0,2.384875,2.86925,0.000322258187
268.0,2.38475,2.869125,0.000322258187
268.0,2.385125,2.86925,0.000322258187
268.0,2.385375,2.86925,0.000322258187
268.0,2.38525,2.86925,0.000322258187
268.0,2.38525,2.86925,0.000322258187
268.0,2.384875,2.86975,0.000322258187
268.0,2.385125,2.870125,0.000322258187
268.0,2.3855,2.869875,0.000322258187
268.0,2.38525,2.869,0.000322258187
268.0,2.385,2.86825,0.000322258187
268.0,2.385375,2.868375,0.000322258187
268.0,2.385125,2.868875,0.000322258187
268.0,2.385875,2.868625,0.000322258187
268.0,2.3865,2.868,0.000322258187
268.0,2.386,2.868125,0.000322258187
268.0,2.385,2.86875,0.000322258187
268.0,2.38475,2.869125,0.000322258187
268.0,2.384875,2.868875,0.000322258187
268.0,2.38475,2.869125,0.000322258187
268.0,2.385,2.869125,0.000322258187
268.0,2.385,2.869125,0.000322258187
268.0,2.384875,2.869125,0.000322258187
268.0,2.384875,2.86975,0.000322258187
268.0,2.385375,2.87025,0.000322258187
268.0,2.385375,2.87,0.000322258187
268.0,2.385375,2.869125,0.000322258187
268.0,2.3855,2.868625,0.000322258187
268.0,2.385375,2.86875,0.000322258187
268.0,2.385375,2.869,0.000322258187
268.0,2.386125,2.868875,0.000322258187
268.0,2.38625,2.86825,0.000322258187
268.0,2.38525,2.86825,0.000322258187
268.0,2.3845,2.868625,0.000322258187
268.0,2.384625,2.868875,0.000322258187
268.0,2.384125,2.869125,0.000322258187
268.0,2.38475,2.8695,0.000322258187
268.0,2.38475,2.869375,0.000322258187
268.0,2.38475,2.869375,0.000322258187
268.0,2.3845,2.8695,0.000322258187
268.0,2.385125,2.87025,0.000322258187
268.0,2.3855,2.87025,0.000322258187
268.0,2.385125,2.86975,0.000322258187
268.0,2.385125,2.869,0.000322258187
268.0,2.385375,2.868625,0.000322258187
268.0,2.384875,2.86875,0.000322258187
268.0,2.38525,2.868875,0.000322258187
268.0,2.3855,2.8685,0.000322258187
268.0,2.38575,2.868,0.000322258187
268.0,2.385375,2.8685,0.000322258187
268.0,2.385375,2.86875,0.000322258187
268.0,2.385,2.868625,0.000322258187
268.0,2.384875,2.869,0.000322258187
268.0,2.385125,2.86925,0.000322258187
268.0,2.385125,2.86925,0.000322258187
268.0,2.38475,2.86925,0.000322258187
268.0,2.38475,2.869625,0.000322258187
268.0,2.385375,2.870125,0.000322258187
268.0,2.38525,2.869875,0.000322258187
268.0,2.384875,2.869125,0.000322258187
268.0,2.385125,2.86825,0.000322258187
268.0,2.385125,2.86825,0.000322258187
268.0,2.385125,2.868625,0.000322258187
268.0,2.385875,2.86875,0.000322258187
268.0,2.38625,2.868375,0.000322258187
268.0,2.386,2.868,0.000322258187
268.0,2.385,2.8685,0.000322258187
268.0,2.384625,2.868875,0.000322258187
268.0,2.384875,2.868875,0.000322258187
269.0,2.3325,2.889125,0.000321971747
269.0,2.332375,2.888875,0.000321971747
269.0,2.33225,2.888125,0.000321971747
269.0,2.3325,2.887625,0.000321971747
269.0,2.333,2.887625,0.000321971747
269.0,2.33275,2.887875,0.000321971747
269.0,2.333125,2.887875,0.000321971747
269.0,2.33375,2.8875,0.000321971747
269.0,2.33375,2.8875,0.000321971747
269.0,2.33275,2.887125,0.000321971747
269.0,2.332,2.887625,0.000321971747
269.0,2.3315,2.888125,0.000321971747
269.0,2.331625,2.888125,0.000321971747
269.0,2.332,2.88825,0.000321971747
269.0,2.332125,2.8885,0.000321971747
269.0,2.3315,2.8885,0.000321971747
269.0,2.331875,2.888875,0.000321971747
269.0,2.332375,2.889375,0.000321971747
269.0,2.3325,2.889,0.000321971747
269.0,2.332125,2.88825,0.000321971747
269.0,2.332375,2.887625,0.000321971747
269.0,2.3325,2.88775,0.000321971747
269.0,2.332375,2.887875,0.000321971747
269.0,2.33275,2.887625,0.000321971747
269.0,2.33275,2.887625,0.000321971747
269.0,2.332875,2.887375,0.000321971747
269.0,2.3325,2.887375,0.000321971747
269.0,2.3315,2.888,0.000321971747
269.0,2.33125,2.88825,0.000321971747
269.0,2.331625,2.888125,0.000321971747
269.0,2.332125,2.888375,0.000321971747
269.0,2.332125,2.888375,0.000321971747
269.0,2.33175,2.8885,0.000321971747
269.0,2.332125,2.889125,0.000321971747
269.0,2.332625,2.889,0.000321971747
269.0,2.332625,2.8885,0.000321971747
269.0,2.332625,2.887875,0.000321971747
269.0,2.332625,2.887625,0.000321971747
269.0,2.33275,2.887875,0.000321971747
269.0,2.33325,2.887875,0.000321971747
269.0,2.3335,2.88775,0.000321971747
269.0,2.3335,2.88775,0.000321971747
269.0,2.33325,2.887375,0.000321971747
269.0,2.33275,2.88775,0.000321971747
269.0,2.332125,2.888125,0.000321971747
269.0,2.332125,2.888,0.000321971747
269.0,2.332125,2.88825,0.000321971747
269.0,2.332,2.8885,0.000321971747
269.0,2.332,2.8885,0.000321971747
269.0,2.3315,2.888875,0.000321971747
269.0,2.332125,2.88925,0.000321971747
269.0,2.33275,2.889,0.000321971747
269.0,2.33275,2.888375,0.000321971747
269.0,2.33275,2.887625,0.000321971747
269.0,2.33275,2.88775,0.000321971747
269.0,2.332875,2.888,0.000321971747
269.0,2.33325,2.887875,0.000321971747
269.0,2.33325,2.887875,0.000321971747
269.0,2.33325,2.887375,0.000321971747
269.0,2.332875,2.887125,0.000321971747
269.0,2.3325,2.88775,0.000321971747
269.0,2.331875,2.888,0.000321971747
269.0,2.332125,2.888,0.000321971747
269.0,2.33225,2.88825,0.000321971747
269.0,2.332,2.888375,0.000321971747
269.0,2.331875,2.8885,0.000321971747
269.0,2.33175,2.889,0.000321971747
269.0,2.332375,2.889125,0.000321971747
269.0,2.332625,2.88875,0.000321971747
269.0,2.332625,2.888,0.000321971747
269.0,2.332625,2.887375,0.000321971747
269.0,2.33225,2.88775,0.000321971747
269.0,2.3325,2.888125,0.000321971747
269.0,2.3325,2.888125,0.000321971747
269.0,2.333125,2.887875,0.000321971747
269.0,2.33325,2.8875,0.000321971747
269.0,2.333,2.8875,0.000321971747
269.0,2.332125,2.887875,0.000321971747
269.0,2.33175,2.887875,0.000321971747
269.0,2.332125,2.888125,0.000321971747
269.0,2.332375,2.8885,0.000321971747
269.0,2.33225,2.88825,0.000321971747
269.0,2.33175,2.8885,0.000321971747
269.0,2.332,2.88925,0.000321971747
269.0,2.3325,2.88925,0.000321971747
269.0,2.3325,2.888625,0.000321971747
269.0,2.33275,2.887875,0.000321971747
269.0,2.332875,2.8875,0.000321971747
269.0,2.332625,2.88775,0.000321971747
269.0,2.332625,2.88775,0.000321971747
269.0,2.33275,2.887875,0.000321971747
269.0,2.33325,2.887625,0.000321971747
269.0,2.333375,2.887125,0.000321971747
269.0,2.332625,2.887375,0.000321971747
269.0,2.332,2.888,0.000321971747
269.0,2.332,2.887625,0.000321971747
269.0,2.3325,2.887875,0.000321971747
269.0,2.3325,2.888375,0.000321971747
269.0,2.332125,2.888375,0.000321971747
269.0,2.331625,2.88875,0.000321971747
269.0,2.332375,2.889125,0.000321971747
269.0,2.3325,2.889,0.000321971747
269.0,2.332375,2.888125,0.000321971747
269.0,2.332375,2.8875,0.000321971747
269.0,2.332875,2.8875,0.000321971747
269.0,2.332875,2.8875,0.000321971747
269.0,2.332875,2.88775,0.000321971747
269.0,2.333,2.8875,0.000321971747
269.0,2.333625,2.887125,0.000321971747
269.0,2.333375,2.886875,0.000321971747
269.0,2.3325,2.8875,0.000321971747
269.0,2.331875,2.888,0.000321971747
269.0,2.331875,2.88775,0.000321971747
269.0,2.332,2.888,0.000321971747
269.0,2.331875,2.888375,0.000321971747
269.0,2.332,2.8885,0.000321971747
269.0,2.331625,2.888875,0.000321971747
269.0,2.33175,2.889,0.000321971747
269.0,2.332125,2.888875,0.000321971747
269.0,2.33225,2.888375,0.000321971747
269.0,2.333,2.8875,0.000321971747
269.0,2.333,2.8875,0.000321971747
269.0,2.3325,2.887625,0.000321971747
269.0,2.332625,2.887875,0.000321971747
269.0,2.333125,2.88775,0.000321971747
269.0,2.333,2.88725,0.000321971747
269.0,2.332875,2.887125,0.000321971747
269.0,2.332,2.887875,0.000321971747
269.0,2.3315,2.887875,0.000321971747
269.0,2.332125,2.88775,0.000321971747
269.0,2.3325,2.888375,0.000321971747
269.0,2.332125,2.888375,0.000321971747
269.0,2.332,2.888625,0.000321971747
269.0,2.332125,2.889125,0.000321971747
269.0,2.332625,2.889125,0.000321971747
269.0,2.332125,2.888625,0.000321971747
269.0,2.332125,2.88775,0.000321971747
269.0,2.3325,2.887375,0.000321971747
269.0,2.3325,2.887375,0.000321971747
269.0,2.332375,2.88775,0.000321971747
269.0,2.3325,2.887875,0.000321971747
269.0,2.3335,2.887625,0.000321971747
269.0,2.3335,2.887,0.000321971747
269.0,2.333125,2.887375,0.000321971747
269.0,2.33275,2.888,0.000321971747
269.0,2.33225,2.88775,0.000321971747
269.0,2.332375,2.888,0.000321971747
269.0,2.332375,2.888125,0.000321971747
269.0,2.33225,2.888125,0.000321971747
269.0,2.331875,2.888625,0.000321971747
269.0,2.332125,2.889,0.000321971747
269.0,2.332375,2.888875,0.000321971747
269.0,2.332375,2.88825,0.000321971747
269.0,2.332625,2.88775,0.000321971747
269.0,2.332625,2.88775,0.000321971747
269.0,2.332875,2.887625,0.000321971747
269.0,2.33275,2.88775,0.000321971747
269.0,2.33275,2.887875,0.000321971747
269.0,2.332875,2.887375,0.000321971747
269.0,2.3325,2.88725,0.000321971747
269.0,2.331625,2.88775,0.000321971747
269.0,2.331625,2.88825,0.000321971747
269.0,2.331625,2.888125,0.000321971747
269.0,2.332125,2.888625,0.000321971747
269.0,2.3325,2.888375,0.000321971747
269.0,2.331875,2.888375,0.000321971747
269.0,2.332,2.888875,0.000321971747
269.0,2.332375,2.889125,0.000321971747
269.0,2.3325,2.888625,0.000321971747
270.0,2.278125,2.9055,0.000322220032
270.0,2.278,2.90525,0.000322220032
270.0,2.278125,2.9055,0.000322220032
270.0,2.278,2.905875,0.000322220032
270.0,2.278125,2.905875,0.000322220032
270.0,2.277625,2.906125,0.000322220032
270.0,2.27825,2.906625,0.000322220032
270.0,2.2785,2.906625,0.000322220032
270.0,2.2785,2.906625,0.000322220032
270.0,2.27825,2.906125,0.000322220032
270.0,2.2785,2.90525,0.000322220032
270.0,2.27825,2.90525,0.000322220032
270.0,2.278,2.9055,0.000322220032
270.0,2.2785,2.905375,0.000322220032
270.0,2.279125,2.905125,0.000322220032
270.0,2.279,2.904875,0.000322220032
270.0,2.2785,2.90525,0.000322220032
270.0,2.278,2.9055,0.000322220032
270.0,2.277875,2.9055,0.000322220032
270.0,2.278,2.905875,0.000322220032
270.0,2.27825,2.905875,0.000322220032
270.0,2.278,2.90575,0.000322220032
270.0,2.277875,2.906375,0.000322220032
270.0,2.2785,2.9065,0.000322220032
270.0,2.2785,2.9065,0.000322220032
270.0,2.2785,2.90625,0.000322220032
270.0,2.27875,2.90525,0.000322220032
270.0,2.278875,2.904875,0.000322220032
270.0,2.278875,2.90525,0.000322220032
270.0,2.278625,2.9055,0.000322220032
270.0,2.278875,2.90525,0.000322220032
270.0,2.2795,2.9045,0.000322220032
270.0,2.279375,2.904625,0.000322220032
270.0,2.278625,2.90525,0.000322220032
270.0,2.2785,2.905375,0.000322220032
270.0,2.278375,2.905625,0.000322220032
270.0,2.278375,2.905875,0.000322220032
270.0,2.27825,2.90575,0.000322220032
270.0,2.277875,2.905875,0.000322220032
270.0,2.27775,2.906375,0.000322220032
270.0,2.27775,2.9065,0.000322220032
270.0,2.27825,2.9065,0.000322220032
270.0,2.278625,2.906,0.000322220032
270.0,2.278375,2.90525,0.000322220032
270.0,2.27875,2.904875,0.000322220032
270.0,2.278625,2.90525,0.000322220032
270.0,2.278625,2.905375,0.000322220032
270.0,2.279625,2.905125,0.000322220032
270.0,2.279625,2.904625,0.000322220032
270.0,2.27925,2.905125,0.000322220032
270.0,2.27825,2.905625,0.000322220032
270.0,2.278,2.905375,0.000322220032
270.0,2.277875,2.905625,0.000322220032
270.0,2.278,2.906,0.000322220032
270.0,2.278125,2.90575,0.000322220032
270.0,2.2775,2.906125,0.000322220032
270.0,2.277625,2.906625,0.000322220032
270.0,2.277625,2.906625,0.000322220032
270.0,2.278,2.906375,0.000322220032
270.0,2.27825,2.90575,0.000322220032
270.0,2.2785,2.904625,0.000322220032
270.0,2.278375,2.904875,0.000322220032
270.0,2.27825,2.905375,0.000322220032
270.0,2.278375,2.90525,0.000322220032
270.0,2.279,2.905,0.000322220032
270.0,2.27875,2.90475,0.000322220032
270.0,2.278125,2.90525,0.000322220032
270.0,2.277625,2.90575,0.000322220032
270.0,2.277875,2.905375,0.000322220032
270.0,2.2785,2.905625,0.000322220032
270.0,2.278625,2.905875,0.000322220032
270.0,2.278375,2.905875,0.000322220032
270.0,2.278125,2.906375,0.000322220032
270.0,2.278125,2.906375,0.000322220032
270.0,2.278875,2.90675,0.000322220032
270.0,2.278875,2.906375,0.000322220032
270.0,2.278625,2.905625,0.000322220032
270.0,2.278625,2.904875,0.000322220032
270.0,2.27875,2.905125,0.000322220032
270.0,2.278875,2.9055,0.000322220032
270.0,2.27875,2.9055,0.000322220032
270.0,2.279125,2.904625,0.000322220032
270.0,2.279,2.9045,0.000322220032
270.0,2.278125,2.905375,0.000322220032
270.0,2.27775,2.905375,0.000322220032
270.0,2.278,2.90525,0.000322220032
270.0,2.277625,2.90575,0.000322220032
270.0,2.27775,2.905875,0.000322220032
270.0,2.27775,2.906,0.000322220032
270.0,2.27775,2.906,0.000322220032
270.0,2.27825,2.906625,0.000322220032
270.0,2.278625,2.906625,0.000322220032
270.0,2.278625,2.906125,0.000322220032
270.0,2.27875,2.90525,0.000322220032
270.0,2.2785,2.904875,0.000322220032
270.0,2.278375,2.90525,0.000322220032
270.0,2.278625,2.905125,0.000322220032
270.0,2.279125,2.905,0.000322220032
270.0,2.27925,2.904625,0.000322220032
270.0,2.27875,2.904875,0.000322220032
270.0,2.278,2.905625,0.000322220032
270.0,2.277625,2.905375,0.000322220032
270.0,2.278,2.9055,0.000322220032
270.0,2.27775,2.905625,0.000322220032
270.0,2.277375,2.905625,0.000322220032
270.0,2.277375,2.905625,0.000322220032
270.0,2.2775,2.906,0.000322220032
270.0,2.277875,2.906625,0.000322220032
270.0,2.2785,2.906375,0.000322220032
270.0,2.278125,2.905625,0.000322220032
270.0,2.278625,2.90475,0.000322220032
270.0,2.278625,2.905,0.000322220032
270.0,2.278625,2.905375,0.000322220032
270.0,2.279125,2.9055,0.000322220032
270.0,2.278875,2.905125,0.000322220032
270.0,2.2785,2.90475,0.000322220032
270.0,2.278375,2.90525,0.000322220032
270.0,2.277625,2.905625,0.000322220032
270.0,2.277875,2.905375,0.000322220032
270.0,2.27825,2.905625,0.000322220032
270.0,2.278375,2.905875,0.000322220032
270.0,2.278375,2.905875,0.000322220032
270.0,2.277875,2.906,0.000322220032
270.0,2.278,2.906375,0.000322220032
270.0,2.27875,2.906625,0.000322220032
270.0,2.278875,2.906375,0.000322220032
270.0,2.2785,2.9055,0.000322220032
270.0,2.2785,2.90475,0.000322220032
270.0,2.2785,2.90475,0.000322220032
270.0,2.278625,2.905125,0.000322220032
270.0,2.279375,2.905,0.000322220032
270.0,2.279375,2.9045,0.000322220032
270.0,2.278875,2.904625,0.000322220032
270.0,2.2785,2.90525,0.000322220032
270.0,2.27875,2.905375,0.000322220032
270.0,2.2785,2.905125,0.000322220032
270.0,2.278125,2.905625,0.000322220032
270.0,2.278,2.905625,0.000322220032
270.0,2.278,2.905625,0.000322220032
270.0,2.277875,2.90575,0.000322220032
270.0,2.278,2.906375,0.000322220032
270.0,2.278875,2.906375,0.000322220032
270.0,2.278625,2.906,0.000322220032
270.0,2.278875,2.905125,0.000322220032
270.0,2.278875,2.904625,0.000322220032
270.0,2.27825,2.904875,0.000322220032
270.0,2.278375,2.90525,0.000322220032
270.0,2.2795,2.905125,0.000322220032
270.0,2.27925,2.904625,0.000322220032
270.0,2.278875,2.904875,0.000322220032
270.0,2.27825,2.905375,0.000322220032
270.0,2.278125,2.905125,0.000322220032
270.0,2.278375,2.90525,0.000322220032
270.0,2.278375,2.905625,0.000322220032
270.0,2.278375,2.905625,0.000322220032
270.0,2.278125,2.905625,0.000322220032
270.0,2.2775,2.906125,0.000322220032
270.0,2.27775,2.906875,0.000322220032
270.0,2.2785,2.9065,0.000322220032
270.0,2.278,2.90575,0.000322220032
270.0,2.27825,2.905,0.000322220032
270.0,2.2785,2.905,0.000322220032
270.0,2.27875,2.905375,0.000322220032
270.0,2.279375,2.905375,0.000322220032
270.0,2.279125,2.905,0.000322220032
270.0,2.27925,2.904875,0.000322220032
270.0,2.278875,2.90525,0.000322220032
270.0,2.278125,2.9055,0.000322220032
270.0,2.278125,2.905375,0.000322220032
271.0,2.224375,2.920375,0.000322211621
271.0,2.224,2.9205,0.000322211621
271.0,2.223,2.921125,0.000322211621
271.0,2.22275,2.920875,0.000322211621
271.0,2.2235,2.921125,0.000322211621
271.0,2.223625,2.921625,0.000322211621
271.0,2.222875,2.921625,0.000322211621
271.0,2.222875,2.921875,0.000322211621
271.0,2.222875,2.921875,0.000322211621
271.0,2.2235,2.922375,0.000322211621
271.0,2.223625,2.92225,0.000322211621
271.0,2.223625,2.9215,0.000322211621
271.0,2.22375,2.921,0.000322211621
271.0,2.223875,2.92075,0.000322211621
271.0,2.223875,2.921125,0.000322211621
271.0,2.22425,2.921125,0.000322211621
271.0,2.22475,2.920625,0.000322211621
271.0,2.224625,2.9205,0.000322211621
271.0,2.224,2.921125,0.000322211621
271.0,2.22325,2.9215,0.000322211621
271.0,2.223625,2.92125,0.000322211621
271.0,2.223875,2.921625,0.000322211621
271.0,2.223625,2.92175,0.000322211621
271.0,2.2235,2.921625,0.000322211621
271.0,2.2235,2.921625,0.000322211621
271.0,2.223375,2.922125,0.000322211621
271.0,2.224125,2.922375,0.000322211621
271.0,2.224,2.922,0.000322211621
271.0,2.223375,2.92125,0.000322211621
271.0,2.223625,2.920625,0.000322211621
271.0,2.223875,2.920875,0.000322211621
271.0,2.223875,2.921125,0.000322211621
271.0,2.224125,2.921,0.000322211621
271.0,2.2245,2.9205,0.000322211621
271.0,2.224625,2.9205,0.000322211621
271.0,2.224,2.921375,0.000322211621
271.0,2.2235,2.9215,0.000322211621
271.0,2.224,2.92125,0.000322211621
271.0,2.223625,2.92175,0.000322211621
271.0,2.223375,2.922,0.000322211621
271.0,2.223125,2.922,0.000322211621
271.0,2.223125,2.922,0.000322211621
271.0,2.223125,2.922375,0.000322211621
271.0,2.223875,2.922375,0.000322211621
271.0,2.224125,2.92175,0.000322211621
271.0,2.22375,2.920875,0.000322211621
271.0,2.22375,2.920625,0.000322211621
271.0,2.22375,2.921,0.000322211621
271.0,2.223875,2.921,0.000322211621
271.0,2.2245,2.92075,0.000322211621
271.0,2.224625,2.920375,0.000322211621
271.0,2.224125,2.920625,0.000322211621
271.0,2.22375,2.92125,0.000322211621
271.0,2.223375,2.921125,0.000322211621
271.0,2.2235,2.921375,0.000322211621
271.0,2.2235,2.9215,0.000322211621
271.0,2.22325,2.9215,0.000322211621
271.0,2.22325,2.9215,0.000322211621
271.0,2.223125,2.921625,0.000322211621
271.0,2.223375,2.922375,0.000322211621
271.0,2.223875,2.922,0.000322211621
271.0,2.224,2.9215,0.000322211621
271.0,2.224125,2.921,0.000322211621
271.0,2.2245,2.920875,0.000322211621
271.0,2.22425,2.92125,0.000322211621
271.0,2.224125,2.92125,0.000322211621
271.0,2.224625,2.92075,0.000322211621
271.0,2.224125,2.9205,0.000322211621
271.0,2.22375,2.921,0.000322211621
271.0,2.2235,2.921375,0.000322211621
271.0,2.2235,2.921375,0.000322211621
271.0,2.223375,2.921625,0.000322211621
271.0,2.223625,2.921625,0.000322211621
271.0,2.223625,2.921625,0.000322211621
271.0,2.223,2.9215,0.000322211621
271.0,2.222875,2.922,0.000322211621
271.0,2.223625,2.922375,0.000322211621
271.0,2.224,2.922125,0.000322211621
271.0,2.22375,2.92125,0.000322211621
271.0,2.224,2.92075,0.000322211621
271.0,2.224,2.92075,0.000322211621
271.0,2.224,2.92125,0.000322211621
271.0,2.224375,2.921,0.000322211621
271.0,2.224125,2.9205,0.000322211621
271.0,2.224,2.92075,0.000322211621
271.0,2.223625,2.9215,0.000322211621
271.0,2.223375,2.9215,0.000322211621
271.0,2.223625,2.9215,0.000322211621
271.0,2.223875,2.92175,0.000322211621
271.0,2.223875,2.92175,0.000322211621
271.0,2.224,2.921875,0.000322211621
271.0,2.223375,2.92175,0.000322211621
271.0,2.223625,2.92225,0.000322211621
271.0,2.224125,2.922375,0.000322211621
271.0,2.22375,2.9215,0.000322211621
271.0,2.223375,2.92075,0.000322211621
271.0,2.223875,2.9205,0.000322211621
271.0,2.224125,2.920875,0.000322211621
271.0,2.223875,2.921,0.000322211621
271.0,2.224125,2.920875,0.000322211621
271.0,2.224375,2.920375,0.000322211621
271.0,2.224625,2.920375,0.000322211621
271.0,2.22375,2.92075,0.000322211621
271.0,2.2235,2.921,0.000322211621
271.0,2.2235,2.92125,0.000322211621
271.0,2.2235,2.92125,0.000322211621
271.0,2.22375,2.9215,0.000322211621
271.0,2.223625,2.9215,0.000322211621
271.0,2.2235,2.922,0.000322211621
271.0,2.22375,2.922625,0.000322211621
271.0,2.224375,2.922625,0.000322211621
271.0,2.224125,2.921625,0.000322211621
271.0,2.224125,2.92075,0.000322211621
271.0,2.224375,2.921,0.000322211621
271.0,2.22425,2.921125,0.000322211621
271.0,2.22475,2.921125,0.000322211621
271.0,2.22475,2.920875,0.000322211621
271.0,2.224625,2.9205,0.000322211621
271.0,2.224,2.921,0.000322211621
271.0,2.22325,2.921625,0.000322211621
271.0,2.223375,2.921375,0.000322211621
271.0,2.223875,2.921375,0.000322211621
271.0,2.223875,2.9215,0.000322211621
271.0,2.224,2.921875,0.000322211621
271.0,2.22325,2.921875,0.000322211621
271.0,2.223125,2.922375,0.000322211621
271.0,2.2235,2.922625,0.000322211621
271.0,2.223625,2.922125,0.000322211621
271.0,2.223625,2.921375,0.000322211621
271.0,2.224,2.921,0.000322211621
271.0,2.223875,2.921125,0.000322211621
271.0,2.224,2.92125,0.000322211621
271.0,2.2245,2.92125,0.000322211621
271.0,2.224625,2.920875,0.000322211621
271.0,2.22425,2.920875,0.000322211621
271.0,2.223625,2.92125,0.000322211621
271.0,2.223375,2.921375,0.000322211621
271.0,2.22375,2.921375,0.000322211621
271.0,2.22375,2.92125,0.000322211621
271.0,2.223875,2.921625,0.000322211621
271.0,2.22375,2.92175,0.000322211621
271.0,2.2235,2.92175,0.000322211621
271.0,2.2235,2.922125,0.000322211621
271.0,2.224125,2.92225,0.000322211621
271.0,2.224125,2.92175,0.000322211621
271.0,2.223875,2.920875,0.000322211621
271.0,2.223875,2.920625,0.000322211621
271.0,2.2235,2.920875,0.000322211621
271.0,2.223875,2.921,0.000322211621
271.0,2.2245,2.920875,0.000322211621
271.0,2.224375,2.920375,0.000322211621
271.0,2.224125,2.9205,0.000322211621
271.0,2.223875,2.92125,0.000322211621
271.0,2.2235,2.921125,0.000322211621
271.0,2.2235,2.921125,0.000322211621
271.0,2.2235,2.921125,0.000322211621
271.0,2.2235,2.9215,0.000322211621
271.0,2.223375,2.9215,0.000322211621
271.0,2.223125,2.92175,0.000322211621
271.0,2.2235,2.922375,0.000322211621
271.0,2.22425,2.92225,0.000322211621
271.0,2.22425,2.9215,0.000322211621
271.0,2.224125,2.920875,0.000322211621
271.0,2.224,2.92075,0.000322211621
271.0,2.22375,2.921125,0.000322211621
271.0,2.223875,2.92125,0.000322211621
271.0,2.224125,2.920875,0.000322211621
271.0,2.224,2.9205,0.000322211621
271.0,2.2235,2.920875,0.000322211621
272.0,2.169125,2.934125,0.00032221913
272.0,2.168375,2.934625,0.00032221913
272.0,2.168,2.935125,0.00032221913
272.0,2.168125,2.93525,0.00032221913
272.0,2.1685,2.935375,0.00032221913
272.0,2.168625,2.9355,0.00032221913
272.0,2.168125,2.935625,0.00032221913
272.0,2.16825,2.936125,0.00032221913
272.0,2.16825,2.936125,0.00032221913
272.0,2.16875,2.936375,0.00032221913
272.0,2.16875,2.935875,0.00032221913
272.0,2.16825,2.934875,0.00032221913
272.0,2.16825,2.934625,0.00032221913
272.0,2.168625,2.934875,0.00032221913
272.0,2.169125,2.934875,0.00032221913
272.0,2.169625,2.93475,0.00032221913
272.0,2.169375,2.934125,0.00032221913
272.0,2.1695,2.934125,0.00032221913
272.0,2.1685,2.934875,0.00032221913
272.0,2.168375,2.93475,0.00032221913
272.0,2.168375,2.93475,0.00032221913
272.0,2.16825,2.935375,0.00032221913
272.0,2.168375,2.935625,0.00032221913
272.0,2.16825,2.935625,0.00032221913
272.0,2.16825,2.935625,0.00032221913
272.0,2.16825,2.936125,0.00032221913
272.0,2.168875,2.93625,0.00032221913
272.0,2.168625,2.935875,0.00032221913
272.0,2.168375,2.935,0.00032221913
272.0,2.169,2.934875,0.00032221913
272.0,2.16925,2.935125,0.00032221913
272.0,2.16925,2.93525,0.00032221913
272.0,2.16925,2.934875,0.00032221913
272.0,2.169125,2.9345,0.00032221913
272.0,2.168625,2.934625,0.00032221913
272.0,2.167875,2.935125,0.00032221913
272.0,2.168125,2.934875,0.00032221913
272.0,2.16825,2.93525,0.00032221913
272.0,2.168625,2.935375,0.00032221913
272.0,2.16825,2.9355,0.00032221913
272.0,2.168,2.935625,0.00032221913
272.0,2.168,2.935625,0.00032221913
272.0,2.168875,2.936,0.00032221913
272.0,2.16925,2.93575,0.00032221913
272.0,2.168625,2.935,0.00032221913
272.0,2.16875,2.9345,0.00032221913
272.0,2.16925,2.9345,0.00032221913
272.0,2.169125,2.93475,0.00032221913
272.0,2.169,2.934875,0.00032221913
272.0,2.16975,2.9345,0.00032221913
272.0,2.169875,2.934,0.00032221913
272.0,2.169125,2.93425,0.00032221913
272.0,2.168375,2.934625,0.00032221913
272.0,2.16825,2.93475,0.00032221913
272.0,2.16875,2.935,0.00032221913
272.0,2.16875,2.93525,0.00032221913
272.0,2.16825,2.935375,0.00032221913
272.0,2.16825,2.935375,0.00032221913
272.0,2.16825,2.93575,0.00032221913
272.0,2.168625,2.936375,0.00032221913
272.0,2.16875,2.936125,0.00032221913
272.0,2.16875,2.93525,0.00032221913
272.0,2.168875,2.9345,0.00032221913
272.0,2.16925,2.93475,0.00032221913
272.0,2.16925,2.934875,0.00032221913
272.0,2.1695,2.93475,0.00032221913
272.0,2.169625,2.934375,0.00032221913
272.0,2.169375,2.934375,0.00032221913
272.0,2.168625,2.935125,0.00032221913
272.0,2.16825,2.935,0.00032221913
272.0,2.168625,2.935125,0.00032221913
272.0,2.1685,2.935375,0.00032221913
272.0,2.168625,2.9355,0.00032221913
272.0,2.168625,2.9355,0.00032221913
272.0,2.16825,2.93575,0.00032221913
272.0,2.1685,2.936375,0.00032221913
272.0,2.169,2.936375,0.00032221913
272.0,2.16925,2.93575,0.00032221913
272.0,2.168875,2.935125,0.00032221913
272.0,2.16925,2.93475,0.00032221913
272.0,2.168875,2.935,0.00032221913
272.0,2.16875,2.935125,0.00032221913
272.0,2.169,2.935125,0.00032221913
272.0,2.1695,2.934625,0.00032221913
272.0,2.169,2.934875,0.00032221913
272.0,2.16825,2.9355,0.00032221913
272.0,2.16825,2.935375,0.00032221913
272.0,2.168625,2.9355,0.00032221913
272.0,2.1685,2.935625,0.00032221913
272.0,2.1685,2.935625,0.00032221913
272.0,2.167875,2.935875,0.00032221913
272.0,2.16825,2.936,0.00032221913
272.0,2.168625,2.9365,0.00032221913
272.0,2.169,2.93625,0.00032221913
272.0,2.168625,2.9355,0.00032221913
272.0,2.16875,2.934625,0.00032221913
272.0,2.168875,2.934625,0.00032221913
272.0,2.16875,2.934875,0.00032221913
272.0,2.169125,2.935,0.00032221913
272.0,2.16925,2.93475,0.00032221913
272.0,2.169375,2.934375,0.00032221913
272.0,2.169,2.934625,0.00032221913
272.0,2.168625,2.935,0.00032221913
272.0,2.16875,2.935,0.00032221913
272.0,2.168875,2.93525,0.00032221913
272.0,2.168875,2.93525,0.00032221913
272.0,2.16875,2.9355,0.00032221913
272.0,2.168375,2.9355,0.00032221913
272.0,2.16825,2.936125,0.00032221913
272.0,2.16875,2.936625,0.00032221913
272.0,2.1685,2.93625,0.00032221913
272.0,2.168375,2.9355,0.00032221913
272.0,2.169,2.93475,0.00032221913
272.0,2.169,2.934875,0.00032221913
272.0,2.168875,2.93525,0.00032221913
272.0,2.169,2.935125,0.00032221913
272.0,2.169125,2.934625,0.00032221913
272.0,2.169375,2.9345,0.00032221913
272.0,2.16875,2.935,0.00032221913
272.0,2.168125,2.935,0.00032221913
272.0,2.16825,2.934875,0.00032221913
272.0,2.16825,2.93525,0.00032221913
272.0,2.168375,2.93525,0.00032221913
272.0,2.16825,2.9355,0.00032221913
272.0,2.168125,2.93575,0.00032221913
272.0,2.168375,2.93625,0.00032221913
272.0,2.1685,2.936125,0.00032221913
272.0,2.1685,2.93575,0.00032221913
272.0,2.168375,2.935,0.00032221913
272.0,2.16875,2.934625,0.00032221913
272.0,2.16875,2.935,0.00032221913
272.0,2.168875,2.935125,0.00032221913
272.0,2.16925,2.935125,0.00032221913
272.0,2.169375,2.9345,0.00032221913
272.0,2.16875,2.935,0.00032221913
272.0,2.168,2.93575,0.00032221913
272.0,2.168125,2.93525,0.00032221913
272.0,2.168125,2.9355,0.00032221913
272.0,2.16825,2.9355,0.00032221913
272.0,2.168625,2.935625,0.00032221913
272.0,2.168375,2.93575,0.00032221913
272.0,2.16775,2.936,0.00032221913
272.0,2.168125,2.936375,0.00032221913
272.0,2.168375,2.93625,0.00032221913
272.0,2.167875,2.935625,0.00032221913
272.0,2.1685,2.9345,0.00032221913
272.0,2.169,2.9345,0.00032221913
272.0,2.168875,2.93475,0.00032221913
272.0,2.1695,2.934875,0.00032221913
272.0,2.1695,2.934625,0.00032221913
272.0,2.16975,2.93425,0.00032221913
272.0,2.16925,2.93475,0.00032221913
272.0,2.168375,2.935125,0.00032221913
272.0,2.168375,2.935,0.00032221913
272.0,2.168375,2.935,0.00032221913
272.0,2.168375,2.935375,0.00032221913
272.0,2.16875,2.935625,0.00032221913
272.0,2.1685,2.935625,0.00032221913
272.0,2.16825,2.93625,0.00032221913
272.0,2.168375,2.936375,0.00032221913
272.0,2.168875,2.936,0.00032221913
272.0,2.169,2.935375,0.00032221913
272.0,2.16925,2.93475,0.00032221913
272.0,2.169,2.934875,0.00032221913
272.0,2.168875,2.935125,0.00032221913
272.0,2.16875,2.935,0.00032221913
272.0,2.168875,2.9345,0.00032221913
272.0,2.168875,2.934375,0.00032221913
272.0,2.168125,2.93525,0.00032221913
273.0,2.11375,2.94725,0.000321982836
273.0,2.114125,2.9465,0.000321982836
273.0,2.11425,2.946375,0.000321982836
273.0,2.114125,2.9465,0.000321982836
273.0,2.1145,2.9465,0.000321982836
273.0,2.1145,2.94625,0.000321982836
273.0,2.114375,2.946125,0.000321982836
273.0,2.113875,2.94675,0.000321982836
273.0,2.113875,2.94675,0.000321982836
273.0,2.113625,2.94675,0.000321982836
273.0,2.113625,2.946875,0.000321982836
273.0,2.11325,2.94725,0.000321982836
273.0,2.1135,2.94725,0.000321982836
273.0,2.11325,2.9475,0.000321982836
273.0,2.113125,2.948,0.000321982836
273.0,2.1135,2.948,0.000321982836
273.0,2.113875,2.9475,0.000321982836
273.0,2.113625,2.94675,0.000321982836
273.0,2.1135,2.946125,0.000321982836
273.0,2.113875,2.946375,0.000321982836
273.0,2.114125,2.946625,0.000321982836
273.0,2.114625,2.946375,0.000321982836
273.0,2.11475,2.945875,0.000321982836
273.0,2.1145,2.94625,0.000321982836
273.0,2.1145,2.94625,0.000321982836
273.0,2.113625,2.946625,0.000321982836
273.0,2.113375,2.94675,0.000321982836
273.0,2.113625,2.946875,0.000321982836
273.0,2.113625,2.947125,0.000321982836
273.0,2.113375,2.947125,0.000321982836
273.0,2.113,2.947375,0.000321982836
273.0,2.1135,2.947875,0.000321982836
273.0,2.113875,2.948,0.000321982836
273.0,2.1135,2.94725,0.000321982836
273.0,2.11375,2.946375,0.000321982836
273.0,2.114,2.94625,0.000321982836
273.0,2.11375,2.946625,0.000321982836
273.0,2.113875,2.94675,0.000321982836
273.0,2.114375,2.9465,0.000321982836
273.0,2.114375,2.946,0.000321982836
273.0,2.114375,2.94625,0.000321982836
273.0,2.11375,2.94625,0.000321982836
273.0,2.1135,2.946875,0.000321982836
273.0,2.113625,2.946875,0.000321982836
273.0,2.114,2.947125,0.000321982836
273.0,2.11375,2.94725,0.000321982836
273.0,2.113125,2.947125,0.000321982836
273.0,2.1135,2.94775,0.000321982836
273.0,2.113875,2.948,0.000321982836
273.0,2.114,2.94775,0.000321982836
273.0,2.1135,2.947,0.000321982836
273.0,2.113875,2.9465,0.000321982836
273.0,2.114125,2.9465,0.000321982836
273.0,2.114125,2.94675,0.000321982836
273.0,2.1145,2.946625,0.000321982836
273.0,2.114875,2.94625,0.000321982836
273.0,2.114375,2.946,0.000321982836
273.0,2.114375,2.946,0.000321982836
273.0,2.1135,2.946625,0.000321982836
273.0,2.11325,2.946625,0.000321982836
273.0,2.1135,2.94675,0.000321982836
273.0,2.113875,2.947125,0.000321982836
273.0,2.113625,2.947125,0.000321982836
273.0,2.113,2.94725,0.000321982836
273.0,2.113375,2.94775,0.000321982836
273.0,2.113875,2.94775,0.000321982836
273.0,2.113875,2.947375,0.000321982836
273.0,2.11375,2.946875,0.000321982836
273.0,2.114,2.946125,0.000321982836
273.0,2.11375,2.9465,0.000321982836
273.0,2.113875,2.946625,0.000321982836
273.0,2.114375,2.946375,0.000321982836
273.0,2.11425,2.945875,0.000321982836
273.0,2.11425,2.945875,0.000321982836
273.0,2.11425,2.946125,0.000321982836
273.0,2.113625,2.94675,0.000321982836
273.0,2.11325,2.94675,0.000321982836
273.0,2.11375,2.94675,0.000321982836
273.0,2.114,2.947125,0.000321982836
273.0,2.114125,2.947,0.000321982836
273.0,2.113625,2.947125,0.000321982836
273.0,2.11375,2.947875,0.000321982836
273.0,2.113875,2.947875,0.000321982836
273.0,2.1135,2.947125,0.000321982836
273.0,2.113875,2.9465,0.000321982836
273.0,2.114375,2.946375,0.000321982836
273.0,2.114125,2.946625,0.000321982836
273.0,2.114375,2.946625,0.000321982836
273.0,2.114625,2.946375,0.000321982836
273.0,2.114625,2.946375,0.000321982836
273.0,2.11425,2.946125,0.000321982836
273.0,2.11375,2.946375,0.000321982836
273.0,2.11325,2.94675,0.000321982836
273.0,2.11325,2.946625,0.000321982836
273.0,2.11375,2.947,0.000321982836
273.0,2.113875,2.94725,0.000321982836
273.0,2.113625,2.94725,0.000321982836
273.0,2.113625,2.9475,0.000321982836
273.0,2.113875,2.948,0.000321982836
273.0,2.1145,2.94775,0.000321982836
273.0,2.114125,2.94675,0.000321982836
273.0,2.114,2.94625,0.000321982836
273.0,2.113875,2.9465,0.000321982836
273.0,2.11375,2.946625,0.000321982836
273.0,2.114375,2.9465,0.000321982836
273.0,2.114375,2.9465,0.000321982836
273.0,2.1145,2.946125,0.000321982836
273.0,2.1145,2.946,0.000321982836
273.0,2.11425,2.946375,0.000321982836
273.0,2.11375,2.946875,0.000321982836
273.0,2.113625,2.946875,0.000321982836
273.0,2.113625,2.947,0.000321982836
273.0,2.113375,2.94725,0.000321982836
273.0,2.113,2.94725,0.000321982836
273.0,2.113125,2.94775,0.000321982836
273.0,2.1135,2.948,0.000321982836
273.0,2.113875,2.9475,0.000321982836
273.0,2.11375,2.946625,0.000321982836
273.0,2.114125,2.946125,0.000321982836
273.0,2.113875,2.946375,0.000321982836
273.0,2.113875,2.946625,0.000321982836
273.0,2.113875,2.946625,0.000321982836
273.0,2.11475,2.9465,0.000321982836
273.0,2.114625,2.945875,0.000321982836
273.0,2.114125,2.946,0.000321982836
273.0,2.113375,2.94675,0.000321982836
273.0,2.11325,2.94675,0.000321982836
273.0,2.11375,2.94675,0.000321982836
273.0,2.114,2.947125,0.000321982836
273.0,2.113625,2.94725,0.000321982836
273.0,2.113,2.947375,0.000321982836
273.0,2.11325,2.947875,0.000321982836
273.0,2.113625,2.947625,0.000321982836
273.0,2.113875,2.946875,0.000321982836
273.0,2.113625,2.946375,0.000321982836
273.0,2.113625,2.94625,0.000321982836
273.0,2.113625,2.9465,0.000321982836
273.0,2.113625,2.946625,0.000321982836
273.0,2.11425,2.946625,0.000321982836
273.0,2.114875,2.94625,0.000321982836
273.0,2.11475,2.945875,0.000321982836
273.0,2.114,2.94625,0.000321982836
273.0,2.1135,2.94675,0.000321982836
273.0,2.113375,2.946875,0.000321982836
273.0,2.1135,2.947,0.000321982836
273.0,2.113625,2.947125,0.000321982836
273.0,2.1135,2.947125,0.000321982836
273.0,2.113125,2.9475,0.000321982836
273.0,2.11325,2.948,0.000321982836
273.0,2.113625,2.94775,0.000321982836
273.0,2.113625,2.947,0.000321982836
273.0,2.113625,2.94625,0.000321982836
273.0,2.1135,2.9465,0.000321982836
273.0,2.113875,2.94675,0.000321982836
273.0,2.113875,2.94675,0.000321982836
273.0,2.11425,2.946625,0.000321982836
273.0,2.1145,2.946125,0.000321982836
273.0,2.114,2.946125,0.000321982836
273.0,2.113375,2.94675,0.000321982836
273.0,2.113125,2.947,0.000321982836
273.0,2.113125,2.946875,0.000321982836
273.0,2.11325,2.947125,0.000321982836
273.0,2.113375,2.94725,0.000321982836
273.0,2.11275,2.947375,0.000321982836
273.0,2.113,2.948,0.000321982836
273.0,2.114,2.948,0.000321982836
273.0,2.114,2.947375,0.000321982836
273.0,2.113875,2.94675,0.000321982836
273.0,2.114125,2.94625,0.000321982836
274.0,2.05775,2.958625,0.000321943924
274.0,2.058,2.958375,0.000321943924
274.0,2.057875,2.957625,0.000321943924
274.0,2.05825,2.957125,0.000321943924
274.0,2.0585,2.957375,0.000321943924
274.0,2.058625,2.9575,0.000321943924
274.0,2.059,2.957375,0.000321943924
274.0,2.05925,2.957,0.000321943924
274.0,2.05925,2.957,0.000321943924
274.0,2.05875,2.956875,0.000321943924
274.0,2.05825,2.957375,0.000321943924
274.0,2.057875,2.9575,0.000321943924
274.0,2.058,2.957625,0.000321943924
274.0,2.058,2.958,0.000321943924
274.0,2.057625,2.957875,0.000321943924
274.0,2.05725,2.958125,0.000321943924
274.0,2.05725,2.958625,0.000321943924
274.0,2.058,2.9585,0.000321943924
274.0,2.058125,2.958125,0.000321943924
274.0,2.05825,2.95725,0.000321943924
274.0,2.058375,2.957,0.000321943924
274.0,2.058125,2.957375,0.000321943924
274.0,2.0585,2.957375,0.000321943924
274.0,2.058875,2.957,0.000321943924
274.0,2.059,2.957,0.000321943924
274.0,2.059,2.956625,0.000321943924
274.0,2.0585,2.957125,0.000321943924
274.0,2.057875,2.957875,0.000321943924
274.0,2.057875,2.957625,0.000321943924
274.0,2.058125,2.957625,0.000321943924
274.0,2.05825,2.957875,0.000321943924
274.0,2.057625,2.958,0.000321943924
274.0,2.057625,2.958375,0.000321943924
274.0,2.058125,2.958875,0.000321943924
274.0,2.058375,2.958625,0.000321943924
274.0,2.05825,2.957875,0.000321943924
274.0,2.058625,2.957125,0.000321943924
274.0,2.058375,2.957375,0.000321943924
274.0,2.058375,2.9575,0.000321943924
274.0,2.0585,2.9575,0.000321943924
274.0,2.058875,2.9575,0.000321943924
274.0,2.058875,2.957,0.000321943924
274.0,2.058875,2.9565,0.000321943924
274.0,2.058375,2.957,0.000321943924
274.0,2.058,2.957625,0.000321943924
274.0,2.058125,2.957375,0.000321943924
274.0,2.058375,2.957625,0.000321943924
274.0,2.058125,2.957875,0.000321943924
274.0,2.057625,2.957875,0.000321943924
274.0,2.0575,2.9585,0.000321943924
274.0,2.05775,2.958625,0.000321943924
274.0,2.05825,2.95825,0.000321943924
274.0,2.058125,2.9575,0.000321943924
274.0,2.0585,2.956875,0.000321943924
274.0,2.0585,2.957125,0.000321943924
274.0,2.05825,2.9575,0.000321943924
274.0,2.05875,2.957375,0.000321943924
274.0,2.05875,2.957375,0.000321943924
274.0,2.05925,2.956875,0.000321943924
274.0,2.059,2.956875,0.000321943924
274.0,2.058,2.957625,0.000321943924
274.0,2.057375,2.95775,0.000321943924
274.0,2.057625,2.95775,0.000321943924
274.0,2.058,2.958125,0.000321943924
274.0,2.058,2.958125,0.000321943924
274.0,2.057625,2.95825,0.000321943924
274.0,2.057875,2.95875,0.000321943924
274.0,2.057875,2.95875,0.000321943924
274.0,2.058125,2.958125,0.000321943924
274.0,2.058,2.95725,0.000321943924
274.0,2.058375,2.956875,0.000321943924
274.0,2.05825,2.9575,0.000321943924
274.0,2.058375,2.957625,0.000321943924
274.0,2.058375,2.957625,0.000321943924
274.0,2.05925,2.9575,0.000321943924
274.0,2.059375,2.956875,0.000321943924
274.0,2.058375,2.957125,0.000321943924
274.0,2.0575,2.957625,0.000321943924
274.0,2.05775,2.957625,0.000321943924
274.0,2.058,2.957875,0.000321943924
274.0,2.057875,2.958125,0.000321943924
274.0,2.057625,2.958125,0.000321943924
274.0,2.05775,2.9585,0.000321943924
274.0,2.058125,2.959,0.000321943924
274.0,2.058625,2.959,0.000321943924
274.0,2.058375,2.95825,0.000321943924
274.0,2.0585,2.9575,0.000321943924
274.0,2.058875,2.95725,0.000321943924
274.0,2.058625,2.9575,0.000321943924
274.0,2.058625,2.9575,0.000321943924
274.0,2.059,2.9575,0.000321943924
274.0,2.059,2.957,0.000321943924
274.0,2.058625,2.9565,0.000321943924
274.0,2.058125,2.95725,0.000321943924
274.0,2.057625,2.957625,0.000321943924
274.0,2.05775,2.957375,0.000321943924
274.0,2.058125,2.957625,0.000321943924
274.0,2.058125,2.958,0.000321943924
274.0,2.057625,2.958,0.000321943924
274.0,2.057625,2.958375,0.000321943924
274.0,2.05825,2.958625,0.000321943924
274.0,2.058125,2.95825,0.000321943924
274.0,2.05825,2.957625,0.000321943924
274.0,2.058625,2.957,0.000321943924
274.0,2.058625,2.957125,0.000321943924
274.0,2.058625,2.957125,0.000321943924
274.0,2.05875,2.957375,0.000321943924
274.0,2.05925,2.95725,0.000321943924
274.0,2.05925,2.956625,0.000321943924
274.0,2.058875,2.956625,0.000321943924
274.0,2.05825,2.95725,0.000321943924
274.0,2.057875,2.957375,0.000321943924
274.0,2.058,2.9575,0.000321943924
274.0,2.05825,2.957875,0.000321943924
274.0,2.057875,2.958,0.000321943924
274.0,2.057625,2.958125,0.000321943924
274.0,2.057625,2.95875,0.000321943924
274.0,2.058125,2.9585,0.000321943924
274.0,2.057875,2.958125,0.000321943924
274.0,2.05825,2.957125,0.000321943924
274.0,2.05825,2.957,0.000321943924
274.0,2.05825,2.957,0.000321943924
274.0,2.05825,2.957375,0.000321943924
274.0,2.05825,2.957375,0.000321943924
274.0,2.058875,2.956875,0.000321943924
274.0,2.058625,2.956625,0.000321943924
274.0,2.058125,2.957,0.000321943924
274.0,2.05775,2.9575,0.000321943924
274.0,2.05775,2.95725,0.000321943924
274.0,2.058125,2.957625,0.000321943924
274.0,2.058375,2.957875,0.000321943924
274.0,2.058125,2.958,0.000321943924
274.0,2.057875,2.95825,0.000321943924
274.0,2.05825,2.95875,0.000321943924
274.0,2.058,2.958625,0.000321943924
274.0,2.058,2.95775,0.000321943924
274.0,2.05825,2.957125,0.000321943924
274.0,2.058125,2.957125,0.000321943924
274.0,2.058125,2.95725,0.000321943924
274.0,2.058,2.957625,0.000321943924
274.0,2.058375,2.9575,0.000321943924
274.0,2.059125,2.957,0.000321943924
274.0,2.059,2.95675,0.000321943924
274.0,2.058375,2.957375,0.000321943924
274.0,2.058125,2.957625,0.000321943924
274.0,2.05775,2.9575,0.000321943924
274.0,2.057875,2.95775,0.000321943924
274.0,2.058,2.95775,0.000321943924
274.0,2.0575,2.957875,0.000321943924
274.0,2.0575,2.95825,0.000321943924
274.0,2.05825,2.958875,0.000321943924
274.0,2.058375,2.9585,0.000321943924
274.0,2.0585,2.957375,0.000321943924
274.0,2.058625,2.956875,0.000321943924
274.0,2.058625,2.956875,0.000321943924
274.0,2.058625,2.957,0.000321943924
274.0,2.0585,2.95725,0.000321943924
274.0,2.059,2.95725,0.000321943924
274.0,2.059,2.956625,0.000321943924
274.0,2.058375,2.956875,0.000321943924
274.0,2.058,2.957375,0.000321943924
274.0,2.057625,2.957625,0.000321943924
274.0,2.057875,2.957625,0.000321943924
274.0,2.05825,2.957875,0.000321943924
274.0,2.058,2.957875,0.000321943924
274.0,2.057875,2.958125,0.000321943924
274.0,2.058125,2.9585,0.000321943924
274.0,2.058375,2.958625,0.000321943924
274.0,2.058125,2.958125,0.000321943924
275.0,2.002625,2.9675,0.000321945758
275.0,2.002375,2.966875,0.000321945758
275.0,2.00225,2.966125,0.000321945758
275.0,2.0025,2.96625,0.000321945758
275.0,2.0025,2.966375,0.000321945758
275.0,2.002375,2.966375,0.000321945758
275.0,2.002375,2.966,0.000321945758
275.0,2.0025,2.965625,0.000321945758
275.0,2.0025,2.965625,0.000321945758
275.0,2.00225,2.96625,0.000321945758
275.0,2.00175,2.966625,0.000321945758
275.0,2.002,2.9665,0.000321945758
275.0,2.00175,2.966875,0.000321945758
275.0,2.0015,2.967125,0.000321945758
275.0,2.0015,2.96725,0.000321945758
275.0,2.001875,2.967625,0.000321945758
275.0,2.002125,2.967625,0.000321945758
275.0,2.002,2.96725,0.000321945758
275.0,2.002,2.966625,0.000321945758
275.0,2.00275,2.966,0.000321945758
275.0,2.00275,2.96625,0.000321945758
275.0,2.002375,2.9665,0.000321945758
275.0,2.00275,2.96625,0.000321945758
275.0,2.003125,2.96575,0.000321945758
275.0,2.003125,2.965875,0.000321945758
275.0,2.00275,2.965875,0.000321945758
275.0,2.001875,2.966625,0.000321945758
275.0,2.001375,2.966625,0.000321945758
275.0,2.00175,2.9665,0.000321945758
275.0,2.00175,2.966875,0.000321945758
275.0,2.00175,2.967,0.000321945758
275.0,2.001875,2.967125,0.000321945758
275.0,2.002,2.9675,0.000321945758
275.0,2.002625,2.967625,0.000321945758
275.0,2.0025,2.967125,0.000321945758
275.0,2.00225,2.966125,0.000321945758
275.0,2.002375,2.966,0.000321945758
275.0,2.002125,2.9665,0.000321945758
275.0,2.002375,2.9665,0.000321945758
275.0,2.003,2.966375,0.000321945758
275.0,2.003,2.96575,0.000321945758
275.0,2.003,2.96575,0.000321945758
275.0,2.002625,2.966125,0.000321945758
275.0,2.002,2.96675,0.000321945758
275.0,2.001875,2.9665,0.000321945758
275.0,2.002125,2.966625,0.000321945758
275.0,2.00225,2.96675,0.000321945758
275.0,2.002125,2.966875,0.000321945758
275.0,2.002,2.967375,0.000321945758
275.0,2.002375,2.968125,0.000321945758
275.0,2.0025,2.967875,0.000321945758
275.0,2.002375,2.967125,0.000321945758
275.0,2.0025,2.966375,0.000321945758
275.0,2.002,2.966375,0.000321945758
275.0,2.00225,2.966625,0.000321945758
275.0,2.00275,2.966625,0.000321945758
275.0,2.003125,2.965875,0.000321945758
275.0,2.003125,2.965875,0.000321945758
275.0,2.003,2.965875,0.000321945758
275.0,2.002625,2.966375,0.000321945758
275.0,2.00175,2.966875,0.000321945758
275.0,2.0015,2.966625,0.000321945758
275.0,2.002,2.966875,0.000321945758
275.0,2.0025,2.967,0.000321945758
275.0,2.002125,2.967,0.000321945758
275.0,2.002125,2.96775,0.000321945758
275.0,2.00225,2.968125,0.000321945758
275.0,2.002,2.967875,0.000321945758
275.0,2.002375,2.966875,0.000321945758
275.0,2.0025,2.966125,0.000321945758
275.0,2.0025,2.966625,0.000321945758
275.0,2.002625,2.966625,0.000321945758
275.0,2.003,2.9665,0.000321945758
275.0,2.003,2.9665,0.000321945758
275.0,2.003,2.966125,0.000321945758
275.0,2.002375,2.965875,0.000321945758
275.0,2.00225,2.966375,0.000321945758
275.0,2.001875,2.96675,0.000321945758
275.0,2.001875,2.96675,0.000321945758
275.0,2.001625,2.967,0.000321945758
275.0,2.001625,2.967125,0.000321945758
275.0,2.001875,2.96725,0.000321945758
275.0,2.00225,2.967875,0.000321945758
275.0,2.0025,2.968,0.000321945758
275.0,2.00275,2.96725,0.000321945758
275.0,2.0025,2.9665,0.000321945758
275.0,2.002375,2.966125,0.000321945758
275.0,2.002625,2.9665,0.000321945758
275.0,2.0025,2.966625,0.000321945758
275.0,2.0025,2.966625,0.000321945758
275.0,2.00275,2.966375,0.000321945758
275.0,2.002875,2.96575,0.000321945758
275.0,2.0025,2.96625,0.000321945758
275.0,2.00225,2.967,0.000321945758
275.0,2.002125,2.96675,0.000321945758
275.0,2.001625,2.966875,0.000321945758
275.0,2.001875,2.96725,0.000321945758
275.0,2.001625,2.967,0.000321945758
275.0,2.001625,2.96725,0.000321945758
275.0,2.002125,2.967875,0.000321945758
275.0,2.00225,2.96775,0.000321945758
275.0,2.002125,2.967,0.000321945758
275.0,2.00275,2.96625,0.000321945758
275.0,2.0025,2.966,0.000321945758
275.0,2.00225,2.966375,0.000321945758
275.0,2.00225,2.966375,0.000321945758
275.0,2.002875,2.966625,0.000321945758
275.0,2.00325,2.96625,0.000321945758
275.0,2.00325,2.96575,0.000321945758
275.0,2.002625,2.966375,0.000321945758
275.0,2.00225,2.966625,0.000321945758
275.0,2.002125,2.9665,0.000321945758
275.0,2.00225,2.967,0.000321945758
275.0,2.002125,2.96725,0.000321945758
275.0,2.001625,2.967125,0.000321945758
275.0,2.00175,2.967625,0.000321945758
275.0,2.002125,2.968,0.000321945758
275.0,2.001875,2.9675,0.000321945758
275.0,2.002125,2.966625,0.000321945758
275.0,2.0025,2.966,0.000321945758
275.0,2.0025,2.96625,0.000321945758
275.0,2.0025,2.9665,0.000321945758
275.0,2.0025,2.9665,0.000321945758
275.0,2.002625,2.966375,0.000321945758
275.0,2.003125,2.965875,0.000321945758
275.0,2.003125,2.966,0.000321945758
275.0,2.002875,2.966625,0.000321945758
275.0,2.002125,2.96675,0.000321945758
275.0,2.00175,2.966625,0.000321945758
275.0,2.002125,2.967,0.000321945758
275.0,2.002,2.967125,0.000321945758
275.0,2.001625,2.96725,0.000321945758
275.0,2.002,2.96775,0.000321945758
275.0,2.002375,2.967875,0.000321945758
275.0,2.002375,2.9675,0.000321945758
275.0,2.00225,2.966625,0.000321945758
275.0,2.00275,2.966125,0.000321945758
275.0,2.00275,2.96625,0.000321945758
275.0,2.0025,2.96625,0.000321945758
275.0,2.002,2.966625,0.000321945758
275.0,2.0025,2.96625,0.000321945758
275.0,2.003,2.965875,0.000321945758
275.0,2.0025,2.966125,0.000321945758
275.0,2.002125,2.96675,0.000321945758
275.0,2.002125,2.966625,0.000321945758
275.0,2.002,2.966625,0.000321945758
275.0,2.002125,2.967,0.000321945758
275.0,2.002125,2.967125,0.000321945758
275.0,2.00175,2.967375,0.000321945758
275.0,2.00175,2.968,0.000321945758
275.0,2.00225,2.967875,0.000321945758
275.0,2.002,2.967125,0.000321945758
275.0,2.002375,2.9665,0.000321945758
275.0,2.00225,2.9665,0.000321945758
275.0,2.00225,2.9665,0.000321945758
275.0,2.0025,2.966625,0.000321945758
275.0,2.002375,2.96675,0.000321945758
275.0,2.002875,2.966125,0.000321945758
275.0,2.00275,2.966,0.000321945758
275.0,2.00225,2.966375,0.000321945758
275.0,2.00225,2.96675,0.000321945758
275.0,2.002125,2.966625,0.000321945758
275.0,2.001875,2.967,0.000321945758
275.0,2.001875,2.96725,0.000321945758
275.0,2.002125,2.967125,0.000321945758
275.0,2.002125,2.967625,0.000321945758
275.0,2.0025,2.967875,0.000321945758
275.0,2.002375,2.9675,0.000321945758
275.0,2.0025,2.966875,0.000321945758
276.0,1.946,2.97275,0.000322180975
276.0,1.94525,2.97325,0.000322180975
276.0,1.944875,2.973375,0.000322180975
276.0,1.945125,2.973375,0.000322180975
276.0,1.9455,2.97375,0.000322180975
276.0,1.94525,2.97375,0.000322180975
276.0,1.945125,2.974,0.000322180975
276.0,1.945125,2.974375,0.000322180975
276.0,1.945125,2.974375,0.000322180975
276.0,1.94575,2.974375,0.000322180975
276.0,1.94575,2.97375,0.000322180975
276.0,1.946,2.972875,0.000322180975
276.0,1.946125,2.972875,0.000322180975
276.0,1.945875,2.973125,0.000322180975
276.0,1.946125,2.973125,0.000322180975
276.0,1.94625,2.972875,0.000322180975
276.0,1.946,2.972375,0.000322180975
276.0,1.946,2.972875,0.000322180975
276.0,1.94575,2.97325,0.000322180975
276.0,1.945375,2.973125,0.000322180975
276.0,1.9455,2.97325,0.000322180975
276.0,1.94575,2.9735,0.000322180975
276.0,1.94525,2.9735,0.000322180975
276.0,1.94525,2.973875,0.000322180975
276.0,1.945,2.973875,0.000322180975
276.0,1.945,2.97425,0.000322180975
276.0,1.945375,2.974125,0.000322180975
276.0,1.94525,2.973375,0.000322180975
276.0,1.9455,2.9725,0.000322180975
276.0,1.94575,2.9725,0.000322180975
276.0,1.94575,2.973,0.000322180975
276.0,1.94625,2.973,0.000322180975
276.0,1.946375,2.972625,0.000322180975
276.0,1.946,2.9725,0.000322180975
276.0,1.945625,2.97325,0.000322180975
276.0,1.945,2.973375,0.000322180975
276.0,1.94525,2.97325,0.000322180975
276.0,1.94525,2.9735,0.000322180975
276.0,1.945125,2.97375,0.000322180975
276.0,1.944875,2.973875,0.000322180975
276.0,1.944875,2.973875,0.000322180975
276.0,1.944875,2.9745,0.000322180975
276.0,1.945125,2.97475,0.000322180975
276.0,1.9455,2.974125,0.000322180975
276.0,1.945375,2.973125,0.000322180975
276.0,1.945375,2.97275,0.000322180975
276.0,1.945375,2.973,0.000322180975
276.0,1.945875,2.973125,0.000322180975
276.0,1.946375,2.973125,0.000322180975
276.0,1.94625,2.9725,0.000322180975
276.0,1.946,2.972375,0.000322180975
276.0,1.945375,2.97325,0.000322180975
276.0,1.945,2.973375,0.000322180975
276.0,1.94525,2.973375,0.000322180975
276.0,1.9455,2.97375,0.000322180975
276.0,1.945125,2.973875,0.000322180975
276.0,1.9445,2.974,0.000322180975
276.0,1.9445,2.974,0.000322180975
276.0,1.945375,2.974625,0.000322180975
276.0,1.945375,2.974625,0.000322180975
276.0,1.94525,2.974,0.000322180975
276.0,1.94575,2.97325,0.000322180975
276.0,1.945875,2.973,0.000322180975
276.0,1.945875,2.97325,0.000322180975
276.0,1.946125,2.973375,0.000322180975
276.0,1.94625,2.972875,0.000322180975
276.0,1.94625,2.9725,0.000322180975
276.0,1.94575,2.972875,0.000322180975
276.0,1.945,2.97325,0.000322180975
276.0,1.945375,2.973125,0.000322180975
276.0,1.94525,2.9735,0.000322180975
276.0,1.945625,2.973625,0.000322180975
276.0,1.94575,2.973625,0.000322180975
276.0,1.94575,2.973625,0.000322180975
276.0,1.94525,2.973875,0.000322180975
276.0,1.94575,2.974375,0.000322180975
276.0,1.946,2.974125,0.000322180975
276.0,1.945625,2.9735,0.000322180975
276.0,1.94575,2.97275,0.000322180975
276.0,1.945875,2.972625,0.000322180975
276.0,1.94575,2.973,0.000322180975
276.0,1.9465,2.973,0.000322180975
276.0,1.9465,2.9725,0.000322180975
276.0,1.946,2.97225,0.000322180975
276.0,1.945625,2.973,0.000322180975
276.0,1.945375,2.973375,0.000322180975
276.0,1.94525,2.97325,0.000322180975
276.0,1.945625,2.973625,0.000322180975
276.0,1.945625,2.973875,0.000322180975
276.0,1.945625,2.973875,0.000322180975
276.0,1.945125,2.974,0.000322180975
276.0,1.945,2.97425,0.000322180975
276.0,1.945625,2.9745,0.000322180975
276.0,1.94575,2.974,0.000322180975
276.0,1.9455,2.97325,0.000322180975
276.0,1.9455,2.97275,0.000322180975
276.0,1.945625,2.972875,0.000322180975
276.0,1.945875,2.973125,0.000322180975
276.0,1.9465,2.973,0.000322180975
276.0,1.9465,2.9725,0.000322180975
276.0,1.946125,2.9725,0.000322180975
276.0,1.9455,2.97325,0.000322180975
276.0,1.94525,2.97325,0.000322180975
276.0,1.9455,2.97325,0.000322180975
276.0,1.945625,2.973625,0.000322180975
276.0,1.945625,2.973625,0.000322180975
276.0,1.9455,2.973625,0.000322180975
276.0,1.945,2.97375,0.000322180975
276.0,1.945125,2.9745,0.000322180975
276.0,1.945625,2.97425,0.000322180975
276.0,1.945875,2.973875,0.000322180975
276.0,1.945875,2.972875,0.000322180975
276.0,1.945625,2.9725,0.000322180975
276.0,1.945625,2.972875,0.000322180975
276.0,1.94575,2.973125,0.000322180975
276.0,1.946125,2.972875,0.000322180975
276.0,1.946125,2.972375,0.000322180975
276.0,1.945875,2.972625,0.000322180975
276.0,1.945125,2.973125,0.000322180975
276.0,1.945375,2.972875,0.000322180975
276.0,1.9455,2.973125,0.000322180975
276.0,1.945,2.973125,0.000322180975
276.0,1.945,2.9735,0.000322180975
276.0,1.944875,2.9735,0.000322180975
276.0,1.944875,2.974,0.000322180975
276.0,1.9455,2.97425,0.000322180975
276.0,1.945875,2.97425,0.000322180975
276.0,1.945875,2.97375,0.000322180975
276.0,1.94575,2.973,0.000322180975
276.0,1.946,2.97275,0.000322180975
276.0,1.945625,2.973,0.000322180975
276.0,1.945875,2.973,0.000322180975
276.0,1.94625,2.9725,0.000322180975
276.0,1.946375,2.972375,0.000322180975
276.0,1.94575,2.972875,0.000322180975
276.0,1.945375,2.97325,0.000322180975
276.0,1.9455,2.97325,0.000322180975
276.0,1.94525,2.97325,0.000322180975
276.0,1.94525,2.9735,0.000322180975
276.0,1.945,2.97375,0.000322180975
276.0,1.944625,2.974,0.000322180975
276.0,1.944625,2.9745,0.000322180975
276.0,1.94525,2.974625,0.000322180975
276.0,1.9455,2.97425,0.000322180975
276.0,1.945625,2.973125,0.000322180975
276.0,1.945875,2.97275,0.000322180975
276.0,1.94575,2.973,0.000322180975
276.0,1.946,2.973125,0.000322180975
276.0,1.946125,2.973,0.000322180975
276.0,1.9465,2.9725,0.000322180975
276.0,1.94625,2.9725,0.000322180975
276.0,1.94525,2.97325,0.000322180975
276.0,1.945125,2.97325,0.000322180975
276.0,1.94525,2.97325,0.000322180975
276.0,1.94525,2.97325,0.000322180975
276.0,1.94525,2.9735,0.000322180975
276.0,1.945375,2.973625,0.000322180975
276.0,1.94525,2.97375,0.000322180975
276.0,1.945375,2.974375,0.000322180975
276.0,1.945875,2.9745,0.000322180975
276.0,1.945625,2.974,0.000322180975
276.0,1.945625,2.973125,0.000322180975
276.0,1.945625,2.972625,0.000322180975
276.0,1.94575,2.973125,0.000322180975
276.0,1.945875,2.973125,0.000322180975
276.0,1.94575,2.972875,0.000322180975
276.0,1.946,2.972375,0.000322180975
276.0,1.945875,2.972625,0.000322180975
276.0,1.945375,2.973125,0.000322180975
277.0,1.88825,2.9785,0.000321996777
277.0,1.888125,2.979,0.000321996777
277.0,1.888875,2.979125,0.000321996777
277.0,1.88875,2.978875,0.000321996777
277.0,1.889,2.977875,0.000321996777
277.0,1.88925,2.977375,0.000321996777
277.0,1.889,2.97775,0.000321996777
277.0,1.88875,2.978,0.000321996777
277.0,1.88875,2.978,0.000321996777
277.0,1.889125,2.977875,0.000321996777
277.0,1.88925,2.97725,0.000321996777
277.0,1.88875,2.977375,0.000321996777
277.0,1.888375,2.978125,0.000321996777
277.0,1.888125,2.978,0.000321996777
277.0,1.888375,2.978,0.000321996777
277.0,1.888625,2.978375,0.000321996777
277.0,1.888125,2.978375,0.000321996777
277.0,1.887625,2.97875,0.000321996777
277.0,1.887875,2.979375,0.000321996777
277.0,1.888375,2.979375,0.000321996777
277.0,1.888625,2.97875,0.000321996777
277.0,1.88875,2.977875,0.000321996777
277.0,1.889,2.977625,0.000321996777
277.0,1.889125,2.977875,0.000321996777
277.0,1.889125,2.978,0.000321996777
277.0,1.889,2.978,0.000321996777
277.0,1.889375,2.977625,0.000321996777
277.0,1.88925,2.97725,0.000321996777
277.0,1.88875,2.977875,0.000321996777
277.0,1.88825,2.97825,0.000321996777
277.0,1.888,2.978,0.000321996777
277.0,1.88825,2.97825,0.000321996777
277.0,1.88875,2.978625,0.000321996777
277.0,1.8885,2.978625,0.000321996777
277.0,1.88825,2.978875,0.000321996777
277.0,1.8885,2.979125,0.000321996777
277.0,1.888625,2.97875,0.000321996777
277.0,1.888625,2.978,0.000321996777
277.0,1.888625,2.97775,0.000321996777
277.0,1.88875,2.977875,0.000321996777
277.0,1.889,2.978,0.000321996777
277.0,1.889,2.978,0.000321996777
277.0,1.8895,2.97775,0.000321996777
277.0,1.8895,2.9775,0.000321996777
277.0,1.88925,2.97725,0.000321996777
277.0,1.88875,2.978,0.000321996777
277.0,1.88825,2.978125,0.000321996777
277.0,1.888375,2.97825,0.000321996777
277.0,1.888625,2.978625,0.000321996777
277.0,1.88875,2.978625,0.000321996777
277.0,1.8885,2.978625,0.000321996777
277.0,1.888875,2.979125,0.000321996777
277.0,1.88875,2.979625,0.000321996777
277.0,1.8885,2.979125,0.000321996777
277.0,1.8885,2.978125,0.000321996777
277.0,1.888375,2.977875,0.000321996777
277.0,1.88875,2.978125,0.000321996777
277.0,1.88875,2.978125,0.000321996777
277.0,1.888875,2.97825,0.000321996777
277.0,1.889125,2.978,0.000321996777
277.0,1.889125,2.9775,0.000321996777
277.0,1.888625,2.977625,0.000321996777
277.0,1.88825,2.978125,0.000321996777
277.0,1.888125,2.97825,0.000321996777
277.0,1.88825,2.978375,0.000321996777
277.0,1.88825,2.978625,0.000321996777
277.0,1.888375,2.9785,0.000321996777
277.0,1.888125,2.978875,0.000321996777
277.0,1.888125,2.979375,0.000321996777
277.0,1.888375,2.979125,0.000321996777
277.0,1.888375,2.9785,0.000321996777
277.0,1.888625,2.97775,0.000321996777
277.0,1.889,2.977625,0.000321996777
277.0,1.889,2.977625,0.000321996777
277.0,1.8885,2.97775,0.000321996777
277.0,1.888625,2.978,0.000321996777
277.0,1.889375,2.977625,0.000321996777
277.0,1.88925,2.977125,0.000321996777
277.0,1.88875,2.9775,0.000321996777
277.0,1.887875,2.97825,0.000321996777
277.0,1.888,2.97825,0.000321996777
277.0,1.88825,2.97825,0.000321996777
277.0,1.8885,2.9785,0.000321996777
277.0,1.8885,2.978375,0.000321996777
277.0,1.888375,2.978875,0.000321996777
277.0,1.888875,2.979375,0.000321996777
277.0,1.889,2.979,0.000321996777
277.0,1.889,2.978125,0.000321996777
277.0,1.889,2.9775,0.000321996777
277.0,1.889,2.9775,0.000321996777
277.0,1.888875,2.977625,0.000321996777
277.0,1.888875,2.978,0.000321996777
277.0,1.889375,2.978,0.000321996777
277.0,1.8895,2.9775,0.000321996777
277.0,1.889375,2.977375,0.000321996777
277.0,1.889,2.977875,0.000321996777
277.0,1.8885,2.978375,0.000321996777
277.0,1.888625,2.978125,0.000321996777
277.0,1.888875,2.978375,0.000321996777
277.0,1.888875,2.9785,0.000321996777
277.0,1.888375,2.978625,0.000321996777
277.0,1.88825,2.979125,0.000321996777
277.0,1.888625,2.9795,0.000321996777
277.0,1.88875,2.979,0.000321996777
277.0,1.88875,2.978,0.000321996777
277.0,1.88875,2.978,0.000321996777
277.0,1.888625,2.9775,0.000321996777
277.0,1.88875,2.97775,0.000321996777
277.0,1.889125,2.978125,0.000321996777
277.0,1.889375,2.977875,0.000321996777
277.0,1.889375,2.97725,0.000321996777
277.0,1.889125,2.9775,0.000321996777
277.0,1.88825,2.978,0.000321996777
277.0,1.888125,2.978,0.000321996777
277.0,1.888625,2.978,0.000321996777
277.0,1.888625,2.978375,0.000321996777
277.0,1.887875,2.9785,0.000321996777
277.0,1.888,2.978625,0.000321996777
277.0,1.88825,2.979125,0.000321996777
277.0,1.888875,2.979125,0.000321996777
277.0,1.889,2.978625,0.000321996777
277.0,1.889,2.978625,0.000321996777
277.0,1.888875,2.977875,0.000321996777
277.0,1.889125,2.977625,0.000321996777
277.0,1.888875,2.978,0.000321996777
277.0,1.88875,2.978,0.000321996777
277.0,1.889125,2.977625,0.000321996777
277.0,1.889125,2.977125,0.000321996777
277.0,1.888625,2.9775,0.000321996777
277.0,1.888125,2.978,0.000321996777
277.0,1.888,2.978,0.000321996777
277.0,1.8885,2.97825,0.000321996777
277.0,1.889,2.978625,0.000321996777
277.0,1.8885,2.9785,0.000321996777
277.0,1.8885,2.978875,0.000321996777
277.0,1.888875,2.979375,0.000321996777
277.0,1.888875,2.979125,0.000321996777
277.0,1.888875,2.978375,0.000321996777
277.0,1.888875,2.978375,0.000321996777
277.0,1.889125,2.97775,0.000321996777
277.0,1.889125,2.977625,0.000321996777
277.0,1.888875,2.977875,0.000321996777
277.0,1.88925,2.978,0.000321996777
277.0,1.889625,2.9775,0.000321996777
277.0,1.889125,2.97725,0.000321996777
277.0,1.888375,2.977625,0.000321996777
277.0,1.888,2.978125,0.000321996777
277.0,1.88825,2.97825,0.000321996777
277.0,1.887875,2.978625,0.000321996777
277.0,1.888375,2.978625,0.000321996777
277.0,1.88825,2.978625,0.000321996777
277.0,1.88825,2.97925,0.000321996777
277.0,1.888625,2.979625,0.000321996777
277.0,1.88875,2.979125,0.000321996777
277.0,1.88875,2.979125,0.000321996777
277.0,1.88875,2.97825,0.000321996777
277.0,1.88875,2.977625,0.000321996777
277.0,1.889,2.977875,0.000321996777
277.0,1.889125,2.978,0.000321996777
277.0,1.8895,2.978,0.000321996777
277.0,1.8895,2.9775,0.000321996777
277.0,1.88925,2.977375,0.000321996777
277.0,1.8885,2.978125,0.000321996777
277.0,1.888125,2.978375,0.000321996777
277.0,1.888375,2.978125,0.000321996777
277.0,1.888625,2.978625,0.000321996777
277.0,1.888625,2.97875,0.000321996777
277.0,1.888375,2.97875,0.000321996777
277.0,1.888625,2.97925,0.000321996777
278.0,1.832,2.981125,0.000322051463
278.0,1.83225,2.981375,0.000322051463
278.0,1.832625,2.981,0.000322051463
278.0,1.83275,2.980625,0.000322051463
278.0,1.832375,2.981,0.000322051463
278.0,1.831625,2.981625,0.000322051463
278.0,1.832,2.981625,0.000322051463
278.0,1.831875,2.98175,0.000322051463
278.0,1.831875,2.98175,0.000322051463
278.0,1.83175,2.981875,0.000322051463
278.0,1.83125,2.981875,0.000322051463
278.0,1.83125,2.982375,0.000322051463
278.0,1.831875,2.98275,0.000322051463
278.0,1.832375,2.9825,0.000322051463
278.0,1.8325,2.98175,0.000322051463
278.0,1.83225,2.981,0.000322051463
278.0,1.832125,2.981125,0.000322051463
278.0,1.83175,2.98125,0.000322051463
278.0,1.832375,2.981375,0.000322051463
278.0,1.832875,2.981,0.000322051463
278.0,1.8325,2.981,0.000322051463
278.0,1.832,2.9815,0.000322051463
278.0,1.83175,2.981375,0.000322051463
278.0,1.831875,2.981125,0.000322051463
278.0,1.832,2.981125,0.000322051463
278.0,1.832,2.9815,0.000322051463
278.0,1.832125,2.981625,0.000322051463
278.0,1.831875,2.98175,0.000322051463
278.0,1.832125,2.9825,0.000322051463
278.0,1.832375,2.982375,0.000322051463
278.0,1.832,2.98175,0.000322051463
278.0,1.83225,2.981125,0.000322051463
278.0,1.832375,2.980625,0.000322051463
278.0,1.83225,2.980875,0.000322051463
278.0,1.83225,2.981,0.000322051463
278.0,1.833125,2.980875,0.000322051463
278.0,1.832875,2.980375,0.000322051463
278.0,1.832375,2.9805,0.000322051463
278.0,1.83175,2.98125,0.000322051463
278.0,1.83175,2.981125,0.000322051463
278.0,1.832,2.981125,0.000322051463
278.0,1.832,2.981125,0.000322051463
278.0,1.832125,2.9815,0.000322051463
278.0,1.831625,2.981625,0.000322051463
278.0,1.83125,2.982125,0.000322051463
278.0,1.831625,2.9825,0.000322051463
278.0,1.832125,2.982375,0.000322051463
278.0,1.831875,2.981625,0.000322051463
278.0,1.832125,2.98075,0.000322051463
278.0,1.83275,2.9805,0.000322051463
278.0,1.8325,2.981,0.000322051463
278.0,1.8325,2.981125,0.000322051463
278.0,1.833,2.98075,0.000322051463
278.0,1.832625,2.9805,0.000322051463
278.0,1.832125,2.981,0.000322051463
278.0,1.8315,2.9815,0.000322051463
278.0,1.831875,2.981375,0.000322051463
278.0,1.831875,2.981375,0.000322051463
278.0,1.832125,2.981625,0.000322051463
278.0,1.832125,2.981875,0.000322051463
278.0,1.831875,2.981875,0.000322051463
278.0,1.8315,2.982375,0.000322051463
278.0,1.831625,2.9825,0.000322051463
278.0,1.831875,2.98225,0.000322051463
278.0,1.832,2.981625,0.000322051463
278.0,1.83225,2.981125,0.000322051463
278.0,1.832375,2.98125,0.000322051463
278.0,1.832375,2.981375,0.000322051463
278.0,1.83275,2.98125,0.000322051463
278.0,1.833,2.980875,0.000322051463
278.0,1.832625,2.98075,0.000322051463
278.0,1.831875,2.98125,0.000322051463
278.0,1.8315,2.98125,0.000322051463
278.0,1.8315,2.98125,0.000322051463
278.0,1.831625,2.98125,0.000322051463
278.0,1.832,2.981625,0.000322051463
278.0,1.832125,2.981625,0.000322051463
278.0,1.832125,2.98175,0.000322051463
278.0,1.832125,2.982125,0.000322051463
278.0,1.8325,2.98225,0.000322051463
278.0,1.8325,2.981875,0.000322051463
278.0,1.83225,2.981,0.000322051463
278.0,1.832375,2.980625,0.000322051463
278.0,1.8325,2.980875,0.000322051463
278.0,1.832375,2.981125,0.000322051463
278.0,1.832375,2.980875,0.000322051463
278.0,1.8325,2.9805,0.000322051463
278.0,1.832,2.980625,0.000322051463
278.0,1.832125,2.981375,0.000322051463
278.0,1.832125,2.981375,0.000322051463
278.0,1.832125,2.98125,0.000322051463
278.0,1.83225,2.981375,0.000322051463
278.0,1.83225,2.98175,0.000322051463
278.0,1.832125,2.98175,0.000322051463
278.0,1.832,2.981875,0.000322051463
278.0,1.832125,2.982375,0.000322051463
278.0,1.832625,2.982375,0.000322051463
278.0,1.83225,2.981625,0.000322051463
278.0,1.832125,2.980875,0.000322051463
278.0,1.832625,2.980875,0.000322051463
278.0,1.832625,2.981125,0.000322051463
278.0,1.832625,2.981125,0.000322051463
278.0,1.83275,2.98075,0.000322051463
278.0,1.832625,2.9805,0.000322051463
278.0,1.831875,2.981,0.000322051463
278.0,1.831875,2.981,0.000322051463
278.0,1.831625,2.9815,0.000322051463
278.0,1.83175,2.98125,0.000322051463
278.0,1.83225,2.9815,0.000322051463
278.0,1.8325,2.981875,0.000322051463
278.0,1.832,2.981875,0.000322051463
278.0,1.831625,2.9825,0.000322051463
278.0,1.832,2.982625,0.000322051463
278.0,1.8325,2.98225,0.000322051463
278.0,1.832,2.981875,0.000322051463
278.0,1.832125,2.981,0.000322051463
278.0,1.83225,2.981,0.000322051463
278.0,1.832375,2.98125,0.000322051463
278.0,1.832625,2.981125,0.000322051463
278.0,1.8325,2.9805,0.000322051463
278.0,1.832125,2.980625,0.000322051463
278.0,1.831875,2.980625,0.000322051463
278.0,1.831875,2.981125,0.000322051463
278.0,1.8315,2.981375,0.000322051463
278.0,1.831625,2.98125,0.000322051463
278.0,1.83175,2.9815,0.000322051463
278.0,1.832,2.981625,0.000322051463
278.0,1.83175,2.98175,0.000322051463
278.0,1.83175,2.982125,0.000322051463
278.0,1.83225,2.982375,0.000322051463
278.0,1.832125,2.981875,0.000322051463
278.0,1.832125,2.980875,0.000322051463
278.0,1.83275,2.9805,0.000322051463
278.0,1.832375,2.980875,0.000322051463
278.0,1.83225,2.981125,0.000322051463
278.0,1.832625,2.981,0.000322051463
278.0,1.832875,2.9805,0.000322051463
278.0,1.8325,2.9805,0.000322051463
278.0,1.8325,2.980625,0.000322051463
278.0,1.832375,2.981,0.000322051463
278.0,1.832125,2.981,0.000322051463
278.0,1.831875,2.981125,0.000322051463
278.0,1.83175,2.9815,0.000322051463
278.0,1.83175,2.981625,0.000322051463
278.0,1.831625,2.981875,0.000322051463
278.0,1.832125,2.982375,0.000322051463
278.0,1.832125,2.982125,0.000322051463
278.0,1.832375,2.981625,0.000322051463
278.0,1.83225,2.980875,0.000322051463
278.0,1.832,2.98075,0.000322051463
278.0,1.832,2.981,0.000322051463
278.0,1.832375,2.981125,0.000322051463
278.0,1.83225,2.98075,0.000322051463
278.0,1.83225,2.980375,0.000322051463
278.0,1.83225,2.980375,0.000322051463
278.0,1.832,2.98075,0.000322051463
278.0,1.83175,2.981375,0.000322051463
278.0,1.831625,2.981375,0.000322051463
278.0,1.832,2.981375,0.000322051463
278.0,1.832375,2.981625,0.000322051463
278.0,1.831625,2.98175,0.000322051463
278.0,1.831,2.98225,0.000322051463
278.0,1.83175,2.982625,0.000322051463
278.0,1.83225,2.98225,0.000322051463
278.0,1.832125,2.9815,0.000322051463
278.0,1.832125,2.98075,0.000322051463
278.0,1.832125,2.980875,0.000322051463
278.0,1.832125,2.981125,0.000322051463
278.0,1.832375,2.98125,0.000322051463
279.0,1.775625,2.983125,0.000322179665
279.0,1.775375,2.983625,0.000322179665
279.0,1.775375,2.98375,0.000322179665
279.0,1.775375,2.98375,0.000322179665
279.0,1.7755,2.984,0.000322179665
279.0,1.775375,2.984,0.000322179665
279.0,1.775,2.984375,0.000322179665
279.0,1.7755,2.98475,0.000322179665
279.0,1.7755,2.98475,0.000322179665
279.0,1.775625,2.9845,0.000322179665
279.0,1.77525,2.983875,0.000322179665
279.0,1.775375,2.983,0.000322179665
279.0,1.775375,2.983,0.000322179665
279.0,1.77525,2.983375,0.000322179665
279.0,1.776125,2.98325,0.000322179665
279.0,1.7765,2.983,0.000322179665
279.0,1.776125,2.983,0.000322179665
279.0,1.7755,2.983625,0.000322179665
279.0,1.775,2.98375,0.000322179665
279.0,1.77475,2.98375,0.000322179665
279.0,1.774875,2.984125,0.000322179665
279.0,1.77475,2.984375,0.000322179665
279.0,1.775125,2.98425,0.000322179665
279.0,1.775375,2.984875,0.000322179665
279.0,1.775375,2.984875,0.000322179665
279.0,1.775625,2.985125,0.000322179665
279.0,1.77575,2.984625,0.000322179665
279.0,1.77575,2.98375,0.000322179665
279.0,1.77575,2.983125,0.000322179665
279.0,1.77575,2.9835,0.000322179665
279.0,1.77625,2.983625,0.000322179665
279.0,1.7765,2.983375,0.000322179665
279.0,1.776125,2.983,0.000322179665
279.0,1.77575,2.98325,0.000322179665
279.0,1.77525,2.983875,0.000322179665
279.0,1.775,2.984,0.000322179665
279.0,1.775375,2.984,0.000322179665
279.0,1.7755,2.984,0.000322179665
279.0,1.775375,2.98425,0.000322179665
279.0,1.77525,2.984375,0.000322179665
279.0,1.7755,2.984375,0.000322179665
279.0,1.7755,2.985,0.000322179665
279.0,1.775375,2.984875,0.000322179665
279.0,1.775125,2.98425,0.000322179665
279.0,1.775625,2.983125,0.000322179665
279.0,1.77575,2.983,0.000322179665
279.0,1.775375,2.98325,0.000322179665
279.0,1.77575,2.9835,0.000322179665
279.0,1.776125,2.983125,0.000322179665
279.0,1.776125,2.98275,0.000322179665
279.0,1.77575,2.983125,0.000322179665
279.0,1.77525,2.98375,0.000322179665
279.0,1.77525,2.9835,0.000322179665
279.0,1.77525,2.98375,0.000322179665
279.0,1.775625,2.984,0.000322179665
279.0,1.7755,2.984,0.000322179665
279.0,1.775125,2.9845,0.000322179665
279.0,1.775125,2.9845,0.000322179665
279.0,1.775375,2.984625,0.000322179665
279.0,1.77575,2.9845,0.000322179665
279.0,1.775875,2.98375,0.000322179665
279.0,1.77575,2.983125,0.000322179665
279.0,1.775875,2.98325,0.000322179665
279.0,1.775875,2.983375,0.000322179665
279.0,1.775625,2.983375,0.000322179665
279.0,1.7755,2.983125,0.000322179665
279.0,1.77575,2.98275,0.000322179665
279.0,1.7755,2.983375,0.000322179665
279.0,1.775,2.98375,0.000322179665
279.0,1.774625,2.98375,0.000322179665
279.0,1.775,2.984,0.000322179665
279.0,1.77525,2.984125,0.000322179665
279.0,1.775,2.98425,0.000322179665
279.0,1.775,2.98425,0.000322179665
279.0,1.775125,2.984875,0.000322179665
279.0,1.77575,2.985,0.000322179665
279.0,1.77575,2.984625,0.000322179665
279.0,1.775375,2.983625,0.000322179665
279.0,1.775625,2.983125,0.000322179665
279.0,1.7755,2.983625,0.000322179665
279.0,1.77575,2.983875,0.000322179665
279.0,1.7765,2.9835,0.000322179665
279.0,1.776375,2.982875,0.000322179665
279.0,1.776375,2.982875,0.000322179665
279.0,1.775625,2.98325,0.000322179665
279.0,1.775125,2.9835,0.000322179665
279.0,1.775125,2.983875,0.000322179665
279.0,1.775125,2.984125,0.000322179665
279.0,1.774875,2.98425,0.000322179665
279.0,1.774875,2.98425,0.000322179665
279.0,1.775,2.984375,0.000322179665
279.0,1.775,2.984875,0.000322179665
279.0,1.7755,2.98475,0.000322179665
279.0,1.775875,2.984,0.000322179665
279.0,1.776,2.983125,0.000322179665
279.0,1.77625,2.98325,0.000322179665
279.0,1.775875,2.983375,0.000322179665
279.0,1.775625,2.983625,0.000322179665
279.0,1.776125,2.983375,0.000322179665
279.0,1.776,2.983125,0.000322179665
279.0,1.775375,2.9835,0.000322179665
279.0,1.774875,2.984,0.000322179665
279.0,1.775,2.983875,0.000322179665
279.0,1.7755,2.984,0.000322179665
279.0,1.7755,2.98425,0.000322179665
279.0,1.7755,2.98425,0.000322179665
279.0,1.775375,2.984125,0.000322179665
279.0,1.775375,2.984625,0.000322179665
279.0,1.775375,2.98525,0.000322179665
279.0,1.77575,2.98475,0.000322179665
279.0,1.7755,2.983875,0.000322179665
279.0,1.77575,2.98325,0.000322179665
279.0,1.77575,2.983375,0.000322179665
279.0,1.776125,2.98375,0.000322179665
279.0,1.77625,2.98375,0.000322179665
279.0,1.776375,2.98325,0.000322179665
279.0,1.775875,2.983,0.000322179665
279.0,1.7755,2.983625,0.000322179665
279.0,1.775,2.983625,0.000322179665
279.0,1.775,2.983625,0.000322179665
279.0,1.775,2.983875,0.000322179665
279.0,1.775,2.983875,0.000322179665
279.0,1.77525,2.984125,0.000322179665
279.0,1.775125,2.98425,0.000322179665
279.0,1.775,2.984625,0.000322179665
279.0,1.775625,2.984875,0.000322179665
279.0,1.77575,2.9845,0.000322179665
279.0,1.775625,2.98375,0.000322179665
279.0,1.775875,2.98325,0.000322179665
279.0,1.7755,2.983625,0.000322179665
279.0,1.77575,2.983625,0.000322179665
279.0,1.77625,2.983375,0.000322179665
279.0,1.77625,2.982875,0.000322179665
279.0,1.775875,2.983,0.000322179665
279.0,1.77525,2.98375,0.000322179665
279.0,1.775,2.98375,0.000322179665
279.0,1.775,2.9835,0.000322179665
279.0,1.7755,2.9835,0.000322179665
279.0,1.7755,2.983875,0.000322179665
279.0,1.775125,2.984125,0.000322179665
279.0,1.77475,2.98425,0.000322179665
279.0,1.775,2.98475,0.000322179665
279.0,1.775625,2.98475,0.000322179665
279.0,1.775375,2.984,0.000322179665
279.0,1.77575,2.98325,0.000322179665
279.0,1.775875,2.983125,0.000322179665
279.0,1.77575,2.9835,0.000322179665
279.0,1.776125,2.98375,0.000322179665
279.0,1.776375,2.983375,0.000322179665
279.0,1.7765,2.983,0.000322179665
279.0,1.77575,2.9835,0.000322179665
279.0,1.7755,2.983875,0.000322179665
279.0,1.77525,2.98375,0.000322179665
279.0,1.77525,2.983875,0.000322179665
279.0,1.77525,2.983875,0.000322179665
279.0,1.775125,2.984125,0.000322179665
279.0,1.774875,2.98425,0.000322179665
279.0,1.774625,2.984375,0.000322179665
279.0,1.775125,2.984875,0.000322179665
279.0,1.77575,2.98475,0.000322179665
279.0,1.77575,2.983875,0.000322179665
279.0,1.77575,2.98325,0.000322179665
279.0,1.77575,2.9835,0.000322179665
279.0,1.775875,2.983625,0.000322179665
279.0,1.776125,2.9835,0.000322179665
279.0,1.776375,2.983125,0.000322179665
279.0,1.776,2.98275,0.000322179665
279.0,1.775125,2.9835,0.000322179665
279.0,1.774875,2.983875,0.000322179665
280.0,1.71775,2.984375,0.000322011067
280.0,1.7175,2.984625,0.000322011067
280.0,1.718,2.985,0.000322011067
280.0,1.718375,2.985125,0.000322011067
280.0,1.717875,2.9845,0.000322011067
280.0,1.718,2.98375,0.000322011067
280.0,1.718375,2.983625,0.000322011067
280.0,1.718125,2.983875,0.000322011067
280.0,1.718125,2.983875,0.000322011067
280.0,1.7185,2.984,0.000322011067
280.0,1.718875,2.98375,0.000322011067
280.0,1.7185,2.9835,0.000322011067
280.0,1.717875,2.983625,0.000322011067
280.0,1.71775,2.98425,0.000322011067
280.0,1.718,2.98425,0.000322011067
280.0,1.718125,2.9845,0.000322011067
280.0,1.718375,2.984625,0.000322011067
280.0,1.717875,2.9845,0.000322011067
280.0,1.7175,2.985,0.000322011067
280.0,1.717875,2.9855,0.000322011067
280.0,1.718375,2.985125,0.000322011067
280.0,1.718375,2.9845,0.000322011067
280.0,1.71825,2.983625,0.000322011067
280.0,1.71825,2.983625,0.000322011067
280.0,1.71825,2.98375,0.000322011067
280.0,1.717875,2.98375,0.000322011067
280.0,1.718,2.98375,0.000322011067
280.0,1.7185,2.9835,0.000322011067
280.0,1.7185,2.98325,0.000322011067
280.0,1.718375,2.98375,0.000322011067
280.0,1.718,2.983875,0.000322011067
280.0,1.71825,2.983875,0.000322011067
280.0,1.718375,2.98425,0.000322011067
280.0,1.718,2.984375,0.000322011067
280.0,1.71775,2.984375,0.000322011067
280.0,1.718,2.984875,0.000322011067
280.0,1.718375,2.985125,0.000322011067
280.0,1.718375,2.984625,0.000322011067
280.0,1.718125,2.984,0.000322011067
280.0,1.718625,2.983625,0.000322011067
280.0,1.7185,2.98375,0.000322011067
280.0,1.7185,2.98375,0.000322011067
280.0,1.71825,2.98375,0.000322011067
280.0,1.71875,2.983625,0.000322011067
280.0,1.71875,2.983125,0.000322011067
280.0,1.71875,2.983375,0.000322011067
280.0,1.7185,2.984,0.000322011067
280.0,1.718125,2.984125,0.000322011067
280.0,1.71825,2.98425,0.000322011067
280.0,1.718,2.9845,0.000322011067
280.0,1.71775,2.984625,0.000322011067
280.0,1.71775,2.985,0.000322011067
280.0,1.718125,2.9855,0.000322011067
280.0,1.718625,2.985625,0.000322011067
280.0,1.71875,2.985,0.000322011067
280.0,1.718625,2.984125,0.000322011067
280.0,1.7185,2.983875,0.000322011067
280.0,1.7185,2.983875,0.000322011067
280.0,1.7185,2.98425,0.000322011067
280.0,1.71875,2.984125,0.000322011067
280.0,1.718625,2.98375,0.000322011067
280.0,1.71875,2.983375,0.000322011067
280.0,1.718125,2.983875,0.000322011067
280.0,1.717875,2.98425,0.000322011067
280.0,1.718125,2.984,0.000322011067
280.0,1.717875,2.984375,0.000322011067
280.0,1.717875,2.984625,0.000322011067
280.0,1.717625,2.984625,0.000322011067
280.0,1.7175,2.984875,0.000322011067
280.0,1.71775,2.9855,0.000322011067
280.0,1.717875,2.985,0.000322011067
280.0,1.718125,2.984125,0.000322011067
280.0,1.71825,2.9835,0.000322011067
280.0,1.71825,2.9835,0.000322011067
280.0,1.718375,2.98375,0.000322011067
280.0,1.71825,2.984125,0.000322011067
280.0,1.71825,2.984125,0.000322011067
280.0,1.718875,2.9835,0.000322011067
280.0,1.719125,2.983375,0.000322011067
280.0,1.718625,2.984,0.000322011067
280.0,1.718,2.984125,0.000322011067
280.0,1.718125,2.983875,0.000322011067
280.0,1.718,2.9845,0.000322011067
280.0,1.718125,2.9845,0.000322011067
280.0,1.717625,2.9845,0.000322011067
280.0,1.7175,2.985125,0.000322011067
280.0,1.71825,2.985375,0.000322011067
280.0,1.718375,2.984875,0.000322011067
280.0,1.7185,2.983875,0.000322011067
280.0,1.7185,2.983875,0.000322011067
280.0,1.718625,2.9835,0.000322011067
280.0,1.718375,2.983625,0.000322011067
280.0,1.718375,2.983875,0.000322011067
280.0,1.71875,2.98375,0.000322011067
280.0,1.71875,2.983125,0.000322011067
280.0,1.71825,2.98325,0.000322011067
280.0,1.71775,2.98375,0.000322011067
280.0,1.7175,2.984,0.000322011067
280.0,1.71775,2.984125,0.000322011067
280.0,1.718125,2.9845,0.000322011067
280.0,1.718,2.984625,0.000322011067
280.0,1.7175,2.98475,0.000322011067
280.0,1.718,2.9855,0.000322011067
280.0,1.71875,2.985375,0.000322011067
280.0,1.718375,2.98475,0.000322011067
280.0,1.718375,2.98475,0.000322011067
280.0,1.718125,2.98375,0.000322011067
280.0,1.71825,2.983625,0.000322011067
280.0,1.718125,2.984,0.000322011067
280.0,1.71825,2.984,0.000322011067
280.0,1.718375,2.983625,0.000322011067
280.0,1.718625,2.98325,0.000322011067
280.0,1.718,2.98375,0.000322011067
280.0,1.718,2.984375,0.000322011067
280.0,1.717875,2.984125,0.000322011067
280.0,1.717875,2.984125,0.000322011067
280.0,1.718,2.9845,0.000322011067
280.0,1.71775,2.984625,0.000322011067
280.0,1.71775,2.985,0.000322011067
280.0,1.717875,2.985625,0.000322011067
280.0,1.71825,2.985375,0.000322011067
280.0,1.71825,2.984625,0.000322011067
280.0,1.718125,2.984625,0.000322011067
280.0,1.718,2.98375,0.000322011067
280.0,1.717875,2.983875,0.000322011067
280.0,1.71825,2.984,0.000322011067
280.0,1.718625,2.983875,0.000322011067
280.0,1.718625,2.9835,0.000322011067
280.0,1.718375,2.983375,0.000322011067
280.0,1.718375,2.98375,0.000322011067
280.0,1.718,2.983875,0.000322011067
280.0,1.718125,2.983875,0.000322011067
280.0,1.718375,2.98425,0.000322011067
280.0,1.718125,2.9845,0.000322011067
280.0,1.718375,2.984375,0.000322011067
280.0,1.718125,2.985125,0.000322011067
280.0,1.718375,2.985125,0.000322011067
280.0,1.718375,2.984875,0.000322011067
280.0,1.718375,2.984875,0.000322011067
280.0,1.71875,2.983875,0.000322011067
280.0,1.71875,2.983375,0.000322011067
280.0,1.718625,2.983625,0.000322011067
280.0,1.71825,2.984,0.000322011067
280.0,1.718625,2.98375,0.000322011067
280.0,1.71875,2.983125,0.000322011067
280.0,1.71825,2.98325,0.000322011067
280.0,1.71825,2.983875,0.000322011067
280.0,1.717875,2.984,0.000322011067
280.0,1.717625,2.984125,0.000322011067
280.0,1.718,2.9845,0.000322011067
280.0,1.718125,2.9845,0.000322011067
280.0,1.717875,2.98475,0.000322011067
280.0,1.717875,2.98525,0.000322011067
280.0,1.7185,2.985375,0.000322011067
280.0,1.7185,2.985375,0.000322011067
280.0,1.718625,2.984875,0.000322011067
280.0,1.718375,2.98375,0.000322011067
280.0,1.718625,2.983625,0.000322011067
280.0,1.718625,2.984125,0.000322011067
280.0,1.718375,2.984125,0.000322011067
280.0,1.7185,2.983625,0.000322011067
280.0,1.71875,2.98325,0.000322011067
280.0,1.71825,2.98375,0.000322011067
280.0,1.71775,2.98425,0.000322011067
280.0,1.71825,2.98425,0.000322011067
280.0,1.718125,2.984375,0.000322011067
280.0,1.717875,2.9845,0.000322011067
280.0,1.71775,2.98475,0.000322011067
280.0,1.717625,2.98525,0.000322011067
281.0,1.660625,2.982125,0.000322030333
281.0,1.660125,2.98225,0.000322030333
281.0,1.660125,2.98275,0.000322030333
281.0,1.66075,2.982625,0.000322030333
281.0,1.661125,2.98225,0.000322030333
281.0,1.66125,2.9815,0.000322030333
281.0,1.66125,2.981125,0.000322030333
281.0,1.66125,2.98125,0.000322030333
281.0,1.66125,2.98125,0.000322030333
281.0,1.66125,2.981375,0.000322030333
281.0,1.661625,2.98125,0.000322030333
281.0,1.6615,2.980875,0.000322030333
281.0,1.661375,2.981125,0.000322030333
281.0,1.661125,2.981875,0.000322030333
281.0,1.66075,2.981625,0.000322030333
281.0,1.661125,2.98175,0.000322030333
281.0,1.661125,2.982125,0.000322030333
281.0,1.66125,2.982,0.000322030333
281.0,1.660625,2.98225,0.000322030333
281.0,1.661,2.982875,0.000322030333
281.0,1.661,2.982875,0.000322030333
281.0,1.6605,2.982125,0.000322030333
281.0,1.660625,2.981375,0.000322030333
281.0,1.661,2.9815,0.000322030333
281.0,1.660875,2.9815,0.000322030333
281.0,1.660875,2.98175,0.000322030333
281.0,1.661,2.981625,0.000322030333
281.0,1.661625,2.98125,0.000322030333
281.0,1.66125,2.980875,0.000322030333
281.0,1.661125,2.981375,0.000322030333
281.0,1.6605,2.982125,0.000322030333
281.0,1.660625,2.98175,0.000322030333
281.0,1.6605,2.98225,0.000322030333
281.0,1.66075,2.982375,0.000322030333
281.0,1.66025,2.98225,0.000322030333
281.0,1.66025,2.98275,0.000322030333
281.0,1.66025,2.983125,0.000322030333
281.0,1.660625,2.98275,0.000322030333
281.0,1.660625,2.982125,0.000322030333
281.0,1.66075,2.981375,0.000322030333
281.0,1.660875,2.981375,0.000322030333
281.0,1.660875,2.981625,0.000322030333
281.0,1.660875,2.981875,0.000322030333
281.0,1.661375,2.98175,0.000322030333
281.0,1.661375,2.98125,0.000322030333
281.0,1.660625,2.98125,0.000322030333
281.0,1.66025,2.98175,0.000322030333
281.0,1.660375,2.98175,0.000322030333
281.0,1.6605,2.981875,0.000322030333
281.0,1.660625,2.98225,0.000322030333
281.0,1.660625,2.982375,0.000322030333
281.0,1.66025,2.9825,0.000322030333
281.0,1.660625,2.983,0.000322030333
281.0,1.661125,2.983,0.000322030333
281.0,1.660875,2.9825,0.000322030333
281.0,1.660625,2.98175,0.000322030333
281.0,1.660875,2.981375,0.000322030333
281.0,1.660875,2.981375,0.000322030333
281.0,1.66075,2.981625,0.000322030333
281.0,1.661,2.98175,0.000322030333
281.0,1.6615,2.981625,0.000322030333
281.0,1.66175,2.981125,0.000322030333
281.0,1.6615,2.98125,0.000322030333
281.0,1.660625,2.981625,0.000322030333
281.0,1.660375,2.98175,0.000322030333
281.0,1.660375,2.981875,0.000322030333
281.0,1.66,2.982125,0.000322030333
281.0,1.660375,2.98225,0.000322030333
281.0,1.6605,2.98225,0.000322030333
281.0,1.66075,2.982875,0.000322030333
281.0,1.66075,2.983,0.000322030333
281.0,1.6605,2.982125,0.000322030333
281.0,1.66075,2.98125,0.000322030333
281.0,1.66075,2.98125,0.000322030333
281.0,1.661125,2.98125,0.000322030333
281.0,1.660625,2.981625,0.000322030333
281.0,1.660625,2.981625,0.000322030333
281.0,1.66125,2.981375,0.000322030333
281.0,1.660875,2.980875,0.000322030333
281.0,1.660375,2.981375,0.000322030333
281.0,1.66025,2.981875,0.000322030333
281.0,1.66025,2.981875,0.000322030333
281.0,1.6605,2.982,0.000322030333
281.0,1.660375,2.982375,0.000322030333
281.0,1.660375,2.982375,0.000322030333
281.0,1.66025,2.982875,0.000322030333
281.0,1.66075,2.983,0.000322030333
281.0,1.660875,2.98275,0.000322030333
281.0,1.66075,2.982125,0.000322030333
281.0,1.66075,2.982125,0.000322030333
281.0,1.660875,2.9815,0.000322030333
281.0,1.661125,2.9815,0.000322030333
281.0,1.661125,2.98175,0.000322030333
281.0,1.66125,2.98175,0.000322030333
281.0,1.661125,2.98125,0.000322030333
281.0,1.661,2.980875,0.000322030333
281.0,1.660875,2.981625,0.000322030333
281.0,1.66025,2.981875,0.000322030333
281.0,1.660375,2.982,0.000322030333
281.0,1.6605,2.982125,0.000322030333
281.0,1.660375,2.982,0.000322030333
281.0,1.660375,2.982,0.000322030333
281.0,1.660125,2.982625,0.000322030333
281.0,1.660625,2.982875,0.000322030333
281.0,1.66075,2.982375,0.000322030333
281.0,1.66075,2.982375,0.000322030333
281.0,1.66025,2.9815,0.000322030333
281.0,1.660875,2.981125,0.000322030333
281.0,1.66075,2.98125,0.000322030333
281.0,1.660875,2.9815,0.000322030333
281.0,1.661,2.98125,0.000322030333
281.0,1.66125,2.98075,0.000322030333
281.0,1.660875,2.980875,0.000322030333
281.0,1.660375,2.981625,0.000322030333
281.0,1.66,2.98175,0.000322030333
281.0,1.660375,2.98175,0.000322030333
281.0,1.66025,2.982125,0.000322030333
281.0,1.66,2.982125,0.000322030333
281.0,1.66025,2.982375,0.000322030333
281.0,1.6605,2.983,0.000322030333
281.0,1.660875,2.983,0.000322030333
281.0,1.660875,2.983,0.000322030333
281.0,1.66075,2.982375,0.000322030333
281.0,1.660375,2.9815,0.000322030333
281.0,1.660375,2.981125,0.000322030333
281.0,1.66075,2.981625,0.000322030333
281.0,1.660625,2.981875,0.000322030333
281.0,1.661125,2.981375,0.000322030333
281.0,1.661125,2.980875,0.000322030333
281.0,1.660625,2.981375,0.000322030333
281.0,1.659875,2.982,0.000322030333
281.0,1.66025,2.982,0.000322030333
281.0,1.66075,2.982375,0.000322030333
281.0,1.66075,2.9825,0.000322030333
281.0,1.660375,2.9825,0.000322030333
281.0,1.66025,2.982875,0.000322030333
281.0,1.660625,2.98325,0.000322030333
281.0,1.661125,2.98325,0.000322030333
281.0,1.661125,2.982875,0.000322030333
281.0,1.66075,2.982,0.000322030333
281.0,1.660625,2.981375,0.000322030333
281.0,1.660875,2.981625,0.000322030333
281.0,1.660875,2.981875,0.000322030333
281.0,1.66125,2.98175,0.000322030333
281.0,1.661375,2.981375,0.000322030333
281.0,1.66125,2.981125,0.000322030333
281.0,1.66075,2.981875,0.000322030333
281.0,1.66075,2.982,0.000322030333
281.0,1.66075,2.981875,0.000322030333
281.0,1.66075,2.98225,0.000322030333
281.0,1.66075,2.98225,0.000322030333
281.0,1.660125,2.982375,0.000322030333
281.0,1.660125,2.982875,0.000322030333
281.0,1.6605,2.983125,0.000322030333
281.0,1.6605,2.983125,0.000322030333
281.0,1.660625,2.98275,0.000322030333
281.0,1.660625,2.981875,0.000322030333
281.0,1.661,2.98125,0.000322030333
281.0,1.661125,2.9815,0.000322030333
281.0,1.661,2.98175,0.000322030333
281.0,1.661375,2.9815,0.000322030333
281.0,1.66175,2.981,0.000322030333
281.0,1.66125,2.981125,0.000322030333
281.0,1.660375,2.981875,0.000322030333
281.0,1.660125,2.982,0.000322030333
281.0,1.66025,2.982,0.000322030333
281.0,1.66025,2.98225,0.000322030333
281.0,1.6605,2.98225,0.000322030333
281.0,1.660625,2.9825,0.000322030333
282.0,1.603125,2.97725,0.000321920728
282.0,1.60325,2.9765,0.000321920728
282.0,1.603375,2.976625,0.000321920728
282.0,1.603375,2.976875,0.000321920728
282.0,1.60375,2.976875,0.000321920728
282.0,1.603875,2.976375,0.000321920728
282.0,1.60375,2.976125,0.000321920728
282.0,1.6035,2.97675,0.000321920728
282.0,1.6035,2.97675,0.000321920728
282.0,1.603,2.977,0.000321920728
282.0,1.60325,2.97675,0.000321920728
282.0,1.60325,2.977,0.000321920728
282.0,1.60325,2.977375,0.000321920728
282.0,1.603,2.9775,0.000321920728
282.0,1.603375,2.977875,0.000321920728
282.0,1.6035,2.978125,0.000321920728
282.0,1.603375,2.97775,0.000321920728
282.0,1.602875,2.977,0.000321920728
282.0,1.603375,2.976125,0.000321920728
282.0,1.603125,2.9765,0.000321920728
282.0,1.603375,2.976875,0.000321920728
282.0,1.60375,2.976625,0.000321920728
282.0,1.603875,2.97625,0.000321920728
282.0,1.60375,2.97625,0.000321920728
282.0,1.603,2.97625,0.000321920728
282.0,1.603,2.97675,0.000321920728
282.0,1.603125,2.977,0.000321920728
282.0,1.603125,2.976875,0.000321920728
282.0,1.603,2.977125,0.000321920728
282.0,1.602875,2.97725,0.000321920728
282.0,1.602875,2.9775,0.000321920728
282.0,1.603,2.978,0.000321920728
282.0,1.603125,2.978,0.000321920728
282.0,1.60325,2.977625,0.000321920728
282.0,1.6035,2.97675,0.000321920728
282.0,1.603125,2.9765,0.000321920728
282.0,1.602875,2.976625,0.000321920728
282.0,1.6035,2.976625,0.000321920728
282.0,1.604,2.976625,0.000321920728
282.0,1.603625,2.976125,0.000321920728
282.0,1.603125,2.976125,0.000321920728
282.0,1.603125,2.9765,0.000321920728
282.0,1.602875,2.976875,0.000321920728
282.0,1.602625,2.97675,0.000321920728
282.0,1.60275,2.976875,0.000321920728
282.0,1.602875,2.97725,0.000321920728
282.0,1.602875,2.97725,0.000321920728
282.0,1.603125,2.97775,0.000321920728
282.0,1.603125,2.978375,0.000321920728
282.0,1.60325,2.978125,0.000321920728
282.0,1.603625,2.977375,0.000321920728
282.0,1.6035,2.976625,0.000321920728
282.0,1.60325,2.97675,0.000321920728
282.0,1.60325,2.976875,0.000321920728
282.0,1.603625,2.97675,0.000321920728
282.0,1.603625,2.97625,0.000321920728
282.0,1.60325,2.976125,0.000321920728
282.0,1.60325,2.976125,0.000321920728
282.0,1.603,2.9765,0.000321920728
282.0,1.602875,2.976875,0.000321920728
282.0,1.602875,2.976875,0.000321920728
282.0,1.603375,2.977375,0.000321920728
282.0,1.6035,2.977375,0.000321920728
282.0,1.603,2.9775,0.000321920728
282.0,1.603125,2.978,0.000321920728
282.0,1.603375,2.978125,0.000321920728
282.0,1.6035,2.97775,0.000321920728
282.0,1.603375,2.97675,0.000321920728
282.0,1.603875,2.976125,0.000321920728
282.0,1.6035,2.9765,0.000321920728
282.0,1.603375,2.97675,0.000321920728
282.0,1.60375,2.9765,0.000321920728
282.0,1.603625,2.976125,0.000321920728
282.0,1.603625,2.976125,0.000321920728
282.0,1.60325,2.976125,0.000321920728
282.0,1.60325,2.976625,0.000321920728
282.0,1.603125,2.976875,0.000321920728
282.0,1.60325,2.97675,0.000321920728
282.0,1.60325,2.977,0.000321920728
282.0,1.602875,2.97725,0.000321920728
282.0,1.602875,2.977375,0.000321920728
282.0,1.60325,2.978,0.000321920728
282.0,1.6035,2.978,0.000321920728
282.0,1.6035,2.977375,0.000321920728
282.0,1.6035,2.976375,0.000321920728
282.0,1.60325,2.976125,0.000321920728
282.0,1.603125,2.9765,0.000321920728
282.0,1.60325,2.97675,0.000321920728
282.0,1.603625,2.9765,0.000321920728
282.0,1.603625,2.9765,0.000321920728
282.0,1.60375,2.975875,0.000321920728
282.0,1.60325,2.976125,0.000321920728
282.0,1.602875,2.977,0.000321920728
282.0,1.602625,2.976875,0.000321920728
282.0,1.602875,2.977125,0.000321920728
282.0,1.602875,2.97725,0.000321920728
282.0,1.60275,2.977125,0.000321920728
282.0,1.602625,2.9775,0.000321920728
282.0,1.60325,2.978,0.000321920728
282.0,1.603,2.978,0.000321920728
282.0,1.60325,2.977375,0.000321920728
282.0,1.60325,2.9765,0.000321920728
282.0,1.603,2.9765,0.000321920728
282.0,1.603375,2.97675,0.000321920728
282.0,1.603625,2.977,0.000321920728
282.0,1.603625,2.977,0.000321920728
282.0,1.60375,2.9765,0.000321920728
282.0,1.6035,2.97625,0.000321920728
282.0,1.603375,2.97675,0.000321920728
282.0,1.60325,2.977,0.000321920728
282.0,1.603125,2.976875,0.000321920728
282.0,1.603,2.97725,0.000321920728
282.0,1.603125,2.97725,0.000321920728
282.0,1.603125,2.97725,0.000321920728
282.0,1.60325,2.977875,0.000321920728
282.0,1.60325,2.978125,0.000321920728
282.0,1.603625,2.977875,0.000321920728
282.0,1.6035,2.97725,0.000321920728
282.0,1.6035,2.976625,0.000321920728
282.0,1.60325,2.976625,0.000321920728
282.0,1.603125,2.976625,0.000321920728
282.0,1.603125,2.976625,0.000321920728
282.0,1.60375,2.976625,0.000321920728
282.0,1.603875,2.976375,0.000321920728
282.0,1.6035,2.97625,0.000321920728
282.0,1.6035,2.976875,0.000321920728
282.0,1.603,2.976875,0.000321920728
282.0,1.60275,2.97675,0.000321920728
282.0,1.603,2.97725,0.000321920728
282.0,1.603375,2.97725,0.000321920728
282.0,1.603125,2.97725,0.000321920728
282.0,1.603125,2.97775,0.000321920728
282.0,1.603375,2.978,0.000321920728
282.0,1.603375,2.977375,0.000321920728
282.0,1.6035,2.9765,0.000321920728
282.0,1.6035,2.976125,0.000321920728
282.0,1.603,2.976375,0.000321920728
282.0,1.60325,2.976375,0.000321920728
282.0,1.60325,2.976875,0.000321920728
282.0,1.604,2.976625,0.000321920728
282.0,1.604,2.97625,0.000321920728
282.0,1.6035,2.976375,0.000321920728
282.0,1.602875,2.97675,0.000321920728
282.0,1.603,2.976625,0.000321920728
282.0,1.60325,2.977,0.000321920728
282.0,1.602875,2.97725,0.000321920728
282.0,1.602875,2.977375,0.000321920728
282.0,1.603,2.97775,0.000321920728
282.0,1.603375,2.978,0.000321920728
282.0,1.603375,2.977875,0.000321920728
282.0,1.603125,2.977125,0.000321920728
282.0,1.603375,2.9765,0.000321920728
282.0,1.603,2.976625,0.000321920728
282.0,1.602875,2.976875,0.000321920728
282.0,1.602875,2.976875,0.000321920728
282.0,1.603375,2.97675,0.000321920728
282.0,1.603625,2.976375,0.000321920728
282.0,1.6035,2.97625,0.000321920728
282.0,1.603125,2.97675,0.000321920728
282.0,1.602875,2.977125,0.000321920728
282.0,1.6025,2.977,0.000321920728
282.0,1.603,2.97725,0.000321920728
282.0,1.603,2.977375,0.000321920728
282.0,1.60275,2.977375,0.000321920728
282.0,1.602625,2.97775,0.000321920728
282.0,1.60325,2.978125,0.000321920728
282.0,1.6035,2.977875,0.000321920728
282.0,1.603125,2.97725,0.000321920728
282.0,1.602875,2.976375,0.000321920728
283.0,1.546125,2.97025,0.000322098203
283.0,1.54625,2.97075,0.000322098203
283.0,1.54625,2.97075,0.000322098203
283.0,1.546375,2.971125,0.000322098203
283.0,1.54625,2.97175,0.000322098203
283.0,1.5465,2.97175,0.000322098203
283.0,1.5465,2.971,0.000322098203
283.0,1.546375,2.970125,0.000322098203
283.0,1.546375,2.970125,0.000322098203
283.0,1.5465,2.97,0.000322098203
283.0,1.546375,2.97025,0.000322098203
283.0,1.546625,2.97025,0.000322098203
283.0,1.547625,2.969875,0.000322098203
283.0,1.54725,2.969375,0.000322098203
283.0,1.546625,2.96975,0.000322098203
283.0,1.54625,2.97025,0.000322098203
283.0,1.546625,2.970125,0.000322098203
283.0,1.546625,2.970625,0.000322098203
283.0,1.546375,2.97075,0.000322098203
283.0,1.54625,2.97075,0.000322098203
283.0,1.546,2.971125,0.000322098203
283.0,1.54625,2.97175,0.000322098203
283.0,1.546375,2.971125,0.000322098203
283.0,1.546375,2.970375,0.000322098203
283.0,1.546375,2.970375,0.000322098203
283.0,1.546875,2.96975,0.000322098203
283.0,1.54675,2.969875,0.000322098203
283.0,1.54675,2.97025,0.000322098203
283.0,1.54725,2.970125,0.000322098203
283.0,1.547,2.9695,0.000322098203
283.0,1.546625,2.969625,0.000322098203
283.0,1.5465,2.970375,0.000322098203
283.0,1.546125,2.970625,0.000322098203
283.0,1.546,2.97025,0.000322098203
283.0,1.54625,2.970375,0.000322098203
283.0,1.546375,2.9705,0.000322098203
283.0,1.54625,2.97075,0.000322098203
283.0,1.546625,2.97125,0.000322098203
283.0,1.546875,2.9715,0.000322098203
283.0,1.547,2.971125,0.000322098203
283.0,1.547,2.970375,0.000322098203
283.0,1.54675,2.970375,0.000322098203
283.0,1.546625,2.969875,0.000322098203
283.0,1.546625,2.97025,0.000322098203
283.0,1.546375,2.9705,0.000322098203
283.0,1.54675,2.970375,0.000322098203
283.0,1.54675,2.969875,0.000322098203
283.0,1.54675,2.969875,0.000322098203
283.0,1.546125,2.9705,0.000322098203
283.0,1.546125,2.97025,0.000322098203
283.0,1.546125,2.970375,0.000322098203
283.0,1.546125,2.97075,0.000322098203
283.0,1.545875,2.97075,0.000322098203
283.0,1.545875,2.971,0.000322098203
283.0,1.54625,2.971625,0.000322098203
283.0,1.5465,2.971375,0.000322098203
283.0,1.54675,2.970875,0.000322098203
283.0,1.54675,2.970875,0.000322098203
283.0,1.546375,2.97025,0.000322098203
283.0,1.546375,2.97,0.000322098203
283.0,1.54625,2.97025,0.000322098203
283.0,1.546875,2.970375,0.000322098203
283.0,1.547625,2.970125,0.000322098203
283.0,1.547375,2.969625,0.000322098203
283.0,1.546875,2.97,0.000322098203
283.0,1.546375,2.9705,0.000322098203
283.0,1.54625,2.970375,0.000322098203
283.0,1.546625,2.970625,0.000322098203
283.0,1.546875,2.970875,0.000322098203
283.0,1.5465,2.970875,0.000322098203
283.0,1.54625,2.971125,0.000322098203
283.0,1.546625,2.9715,0.000322098203
283.0,1.546875,2.97125,0.000322098203
283.0,1.546875,2.97125,0.000322098203
283.0,1.546875,2.9705,0.000322098203
283.0,1.547,2.96975,0.000322098203
283.0,1.54725,2.969875,0.000322098203
283.0,1.54675,2.97,0.000322098203
283.0,1.54675,2.97,0.000322098203
283.0,1.547125,2.9695,0.000322098203
283.0,1.547375,2.969375,0.000322098203
283.0,1.546625,2.97,0.000322098203
283.0,1.54625,2.97025,0.000322098203
283.0,1.54625,2.97025,0.000322098203
283.0,1.5465,2.970625,0.000322098203
283.0,1.5465,2.97075,0.000322098203
283.0,1.546375,2.970875,0.000322098203
283.0,1.54625,2.97125,0.000322098203
283.0,1.546375,2.9715,0.000322098203
283.0,1.546375,2.9715,0.000322098203
283.0,1.54675,2.971,0.000322098203
283.0,1.546875,2.97025,0.000322098203
283.0,1.54675,2.969625,0.000322098203
283.0,1.5465,2.969875,0.000322098203
283.0,1.546625,2.970125,0.000322098203
283.0,1.547,2.97025,0.000322098203
283.0,1.54725,2.9695,0.000322098203
283.0,1.547,2.969375,0.000322098203
283.0,1.546875,2.97,0.000322098203
283.0,1.5465,2.970125,0.000322098203
283.0,1.546375,2.97025,0.000322098203
283.0,1.546125,2.9705,0.000322098203
283.0,1.546375,2.97075,0.000322098203
283.0,1.546125,2.971125,0.000322098203
283.0,1.546125,2.97175,0.000322098203
283.0,1.546125,2.97175,0.000322098203
283.0,1.5465,2.971875,0.000322098203
283.0,1.54675,2.971125,0.000322098203
283.0,1.546625,2.970375,0.000322098203
283.0,1.547,2.97,0.000322098203
283.0,1.546625,2.970125,0.000322098203
283.0,1.546625,2.97025,0.000322098203
283.0,1.547125,2.970125,0.000322098203
283.0,1.546875,2.9695,0.000322098203
283.0,1.546875,2.969875,0.000322098203
283.0,1.5465,2.970375,0.000322098203
283.0,1.546375,2.970375,0.000322098203
283.0,1.54675,2.9705,0.000322098203
283.0,1.54675,2.97075,0.000322098203
283.0,1.546625,2.97075,0.000322098203
283.0,1.546375,2.971125,0.000322098203
283.0,1.546375,2.971125,0.000322098203
283.0,1.5465,2.9715,0.000322098203
283.0,1.547125,2.97125,0.000322098203
283.0,1.546875,2.970625,0.000322098203
283.0,1.546625,2.969875,0.000322098203
283.0,1.5465,2.969875,0.000322098203
283.0,1.546625,2.97025,0.000322098203
283.0,1.547,2.970375,0.000322098203
283.0,1.54725,2.96975,0.000322098203
283.0,1.547125,2.969375,0.000322098203
283.0,1.547,2.969875,0.000322098203
283.0,1.5465,2.97025,0.000322098203
283.0,1.54625,2.970375,0.000322098203
283.0,1.5465,2.9705,0.000322098203
283.0,1.5465,2.97075,0.000322098203
283.0,1.54625,2.970875,0.000322098203
283.0,1.54625,2.971125,0.000322098203
283.0,1.546125,2.971125,0.000322098203
283.0,1.54625,2.9715,0.000322098203
283.0,1.546625,2.971,0.000322098203
283.0,1.546625,2.970375,0.000322098203
283.0,1.546875,2.969875,0.000322098203
283.0,1.547125,2.97,0.000322098203
283.0,1.54675,2.970125,0.000322098203
283.0,1.54675,2.97,0.000322098203
283.0,1.547125,2.969625,0.000322098203
283.0,1.546875,2.969625,0.000322098203
283.0,1.546375,2.970125,0.000322098203
283.0,1.5465,2.97025,0.000322098203
283.0,1.5465,2.970375,0.000322098203
283.0,1.546625,2.97075,0.000322098203
283.0,1.546375,2.970875,0.000322098203
283.0,1.546125,2.971,0.000322098203
283.0,1.546125,2.971,0.000322098203
283.0,1.546375,2.971375,0.000322098203
283.0,1.5465,2.9715,0.000322098203
283.0,1.546375,2.971125,0.000322098203
283.0,1.546625,2.9705,0.000322098203
283.0,1.54675,2.97,0.000322098203
283.0,1.546625,2.97025,0.000322098203
283.0,1.546625,2.970375,0.000322098203
283.0,1.54725,2.970125,0.000322098203
283.0,1.5475,2.969625,0.000322098203
283.0,1.547,2.97025,0.000322098203
283.0,1.54625,2.970625,0.000322098203
283.0,1.54625,2.9705,0.000322098203
283.0,1.546125,2.9705,0.000322098203
283.0,1.546625,2.970625,0.000322098203
284.0,1.489625,2.963,0.000321903848
284.0,1.489875,2.962375,0.000321903848
284.0,1.49,2.962375,0.000321903848
284.0,1.49,2.9625,0.000321903848
284.0,1.49025,2.962625,0.000321903848
284.0,1.490625,2.96225,0.000321903848
284.0,1.490625,2.962125,0.000321903848
284.0,1.490375,2.96275,0.000321903848
284.0,1.490375,2.96275,0.000321903848
284.0,1.489875,2.963125,0.000321903848
284.0,1.489625,2.9625,0.000321903848
284.0,1.4895,2.962875,0.000321903848
284.0,1.48925,2.96325,0.000321903848
284.0,1.489375,2.96325,0.000321903848
284.0,1.4895,2.963625,0.000321903848
284.0,1.489375,2.96375,0.000321903848
284.0,1.48975,2.9635,0.000321903848
284.0,1.4895,2.962875,0.000321903848
284.0,1.48975,2.96225,0.000321903848
284.0,1.489875,2.962625,0.000321903848
284.0,1.49025,2.962625,0.000321903848
284.0,1.490375,2.9625,0.000321903848
284.0,1.490375,2.962125,0.000321903848
284.0,1.490375,2.962375,0.000321903848
284.0,1.48975,2.962375,0.000321903848
284.0,1.48975,2.963,0.000321903848
284.0,1.489625,2.96275,0.000321903848
284.0,1.489875,2.962625,0.000321903848
284.0,1.4895,2.963,0.000321903848
284.0,1.48925,2.963125,0.000321903848
284.0,1.489375,2.963375,0.000321903848
284.0,1.48975,2.964,0.000321903848
284.0,1.49025,2.963875,0.000321903848
284.0,1.49,2.963375,0.000321903848
284.0,1.489875,2.9625,0.000321903848
284.0,1.49,2.962125,0.000321903848
284.0,1.49025,2.962375,0.000321903848
284.0,1.49,2.962625,0.000321903848
284.0,1.490625,2.96225,0.000321903848
284.0,1.4905,2.962,0.000321903848
284.0,1.490125,2.962,0.000321903848
284.0,1.490125,2.962375,0.000321903848
284.0,1.489875,2.963,0.000321903848
284.0,1.489625,2.96275,0.000321903848
284.0,1.4895,2.96275,0.000321903848
284.0,1.489625,2.963,0.000321903848
284.0,1.489625,2.96325,0.000321903848
284.0,1.489625,2.96375,0.000321903848
284.0,1.489875,2.964,0.000321903848
284.0,1.489875,2.96375,0.000321903848
284.0,1.48975,2.963,0.000321903848
284.0,1.489625,2.96225,0.000321903848
284.0,1.489875,2.96225,0.000321903848
284.0,1.48975,2.9625,0.000321903848
284.0,1.490375,2.962625,0.000321903848
284.0,1.490375,2.96225,0.000321903848
284.0,1.490125,2.962,0.000321903848
284.0,1.490125,2.962,0.000321903848
284.0,1.490125,2.9625,0.000321903848
284.0,1.4895,2.962875,0.000321903848
284.0,1.489375,2.96275,0.000321903848
284.0,1.48925,2.962875,0.000321903848
284.0,1.4895,2.963125,0.000321903848
284.0,1.48925,2.96325,0.000321903848
284.0,1.488875,2.96375,0.000321903848
284.0,1.4895,2.964125,0.000321903848
284.0,1.49,2.96375,0.000321903848
284.0,1.490125,2.962625,0.000321903848
284.0,1.49025,2.962125,0.000321903848
284.0,1.490125,2.962375,0.000321903848
284.0,1.490125,2.962625,0.000321903848
284.0,1.4905,2.962375,0.000321903848
284.0,1.49025,2.962,0.000321903848
284.0,1.49025,2.962,0.000321903848
284.0,1.49,2.962125,0.000321903848
284.0,1.489375,2.96275,0.000321903848
284.0,1.489,2.96275,0.000321903848
284.0,1.489375,2.962875,0.000321903848
284.0,1.489625,2.96325,0.000321903848
284.0,1.48975,2.96325,0.000321903848
284.0,1.4895,2.963375,0.000321903848
284.0,1.489625,2.96375,0.000321903848
284.0,1.48975,2.964,0.000321903848
284.0,1.48925,2.963375,0.000321903848
284.0,1.4895,2.962625,0.000321903848
284.0,1.4895,2.962125,0.000321903848
284.0,1.48975,2.96225,0.000321903848
284.0,1.49,2.962625,0.000321903848
284.0,1.489875,2.962375,0.000321903848
284.0,1.489875,2.962375,0.000321903848
284.0,1.489625,2.961875,0.000321903848
284.0,1.48975,2.962,0.000321903848
284.0,1.4895,2.962625,0.000321903848
284.0,1.4895,2.962375,0.000321903848
284.0,1.489625,2.96275,0.000321903848
284.0,1.489625,2.96325,0.000321903848
284.0,1.4895,2.96325,0.000321903848
284.0,1.489375,2.9635,0.000321903848
284.0,1.489875,2.964,0.000321903848
284.0,1.490125,2.963875,0.000321903848
284.0,1.490125,2.963,0.000321903848
284.0,1.49025,2.962125,0.000321903848
284.0,1.49025,2.96225,0.000321903848
284.0,1.490125,2.962625,0.000321903848
284.0,1.4905,2.962875,0.000321903848
284.0,1.4905,2.962875,0.000321903848
284.0,1.490875,2.9625,0.000321903848
284.0,1.49025,2.962125,0.000321903848
284.0,1.4895,2.9625,0.000321903848
284.0,1.489375,2.962875,0.000321903848
284.0,1.489875,2.96275,0.000321903848
284.0,1.489875,2.963,0.000321903848
284.0,1.49,2.963125,0.000321903848
284.0,1.489625,2.963375,0.000321903848
284.0,1.4895,2.963625,0.000321903848
284.0,1.49,2.963875,0.000321903848
284.0,1.4905,2.96325,0.000321903848
284.0,1.490375,2.962625,0.000321903848
284.0,1.49025,2.962,0.000321903848
284.0,1.489875,2.962375,0.000321903848
284.0,1.49,2.9625,0.000321903848
284.0,1.49075,2.9625,0.000321903848
284.0,1.49075,2.9625,0.000321903848
284.0,1.490625,2.961875,0.000321903848
284.0,1.49025,2.961875,0.000321903848
284.0,1.48975,2.962875,0.000321903848
284.0,1.489625,2.962875,0.000321903848
284.0,1.489875,2.962625,0.000321903848
284.0,1.49,2.962875,0.000321903848
284.0,1.489875,2.963125,0.000321903848
284.0,1.4895,2.96325,0.000321903848
284.0,1.48925,2.964,0.000321903848
284.0,1.489875,2.964125,0.000321903848
284.0,1.489875,2.9635,0.000321903848
284.0,1.48975,2.9625,0.000321903848
284.0,1.49,2.962125,0.000321903848
284.0,1.490125,2.962375,0.000321903848
284.0,1.49025,2.962375,0.000321903848
284.0,1.49025,2.962625,0.000321903848
284.0,1.490375,2.96225,0.000321903848
284.0,1.490125,2.96175,0.000321903848
284.0,1.489625,2.962125,0.000321903848
284.0,1.489375,2.96275,0.000321903848
284.0,1.489,2.9625,0.000321903848
284.0,1.489375,2.96275,0.000321903848
284.0,1.489625,2.963125,0.000321903848
284.0,1.489625,2.963125,0.000321903848
284.0,1.49,2.963375,0.000321903848
284.0,1.49,2.963875,0.000321903848
284.0,1.49,2.964,0.000321903848
284.0,1.49,2.963375,0.000321903848
284.0,1.490125,2.962375,0.000321903848
284.0,1.490375,2.96225,0.000321903848
284.0,1.489875,2.962625,0.000321903848
284.0,1.489875,2.962625,0.000321903848
284.0,1.489875,2.962625,0.000321903848
284.0,1.490375,2.96225,0.000321903848
284.0,1.49025,2.961875,0.000321903848
284.0,1.490125,2.9625,0.000321903848
284.0,1.489625,2.962875,0.000321903848
284.0,1.489375,2.962625,0.000321903848
284.0,1.48975,2.962875,0.000321903848
284.0,1.48975,2.963,0.000321903848
284.0,1.4895,2.963,0.000321903848
284.0,1.489375,2.9635,0.000321903848
284.0,1.489625,2.964125,0.000321903848
284.0,1.489625,2.963625,0.000321903848
284.0,1.48975,2.963,0.000321903848
284.0,1.489875,2.962375,0.000321903848
285.0,1.433375,2.953125,0.000321988395
285.0,1.433625,2.953375,0.000321988395
285.0,1.433875,2.95325,0.000321988395
285.0,1.433875,2.952625,0.000321988395
285.0,1.4335,2.952875,0.000321988395
285.0,1.4335,2.953375,0.000321988395
285.0,1.4335,2.953375,0.000321988395
285.0,1.433125,2.9535,0.000321988395
285.0,1.433125,2.9535,0.000321988395
285.0,1.4335,2.953875,0.000321988395
285.0,1.43325,2.953875,0.000321988395
285.0,1.43275,2.954,0.000321988395
285.0,1.433,2.954625,0.000321988395
285.0,1.433375,2.9545,0.000321988395
285.0,1.433125,2.954,0.000321988395
285.0,1.43325,2.9535,0.000321988395
285.0,1.433375,2.95325,0.000321988395
285.0,1.433625,2.953375,0.000321988395
285.0,1.43375,2.953625,0.000321988395
285.0,1.433875,2.953375,0.000321988395
285.0,1.434375,2.95275,0.000321988395
285.0,1.433875,2.953125,0.000321988395
285.0,1.433625,2.953625,0.000321988395
285.0,1.43325,2.953625,0.000321988395
285.0,1.43325,2.953625,0.000321988395
285.0,1.43325,2.95375,0.000321988395
285.0,1.433625,2.953875,0.000321988395
285.0,1.4335,2.954,0.000321988395
285.0,1.43325,2.954125,0.000321988395
285.0,1.433875,2.9545,0.000321988395
285.0,1.4335,2.95425,0.000321988395
285.0,1.433375,2.9535,0.000321988395
285.0,1.43375,2.952625,0.000321988395
285.0,1.43375,2.952875,0.000321988395
285.0,1.433375,2.953125,0.000321988395
285.0,1.4335,2.953,0.000321988395
285.0,1.433875,2.95275,0.000321988395
285.0,1.434125,2.952375,0.000321988395
285.0,1.433625,2.952875,0.000321988395
285.0,1.433125,2.95325,0.000321988395
285.0,1.433125,2.95325,0.000321988395
285.0,1.433125,2.95325,0.000321988395
285.0,1.433125,2.953375,0.000321988395
285.0,1.43325,2.953625,0.000321988395
285.0,1.433125,2.95375,0.000321988395
285.0,1.433,2.954125,0.000321988395
285.0,1.4335,2.954375,0.000321988395
285.0,1.4335,2.954125,0.000321988395
285.0,1.4335,2.95325,0.000321988395
285.0,1.433625,2.953,0.000321988395
285.0,1.433625,2.95325,0.000321988395
285.0,1.4335,2.9535,0.000321988395
285.0,1.434,2.953375,0.000321988395
285.0,1.434375,2.952875,0.000321988395
285.0,1.43375,2.952875,0.000321988395
285.0,1.4335,2.9535,0.000321988395
285.0,1.433375,2.95375,0.000321988395
285.0,1.433375,2.95375,0.000321988395
285.0,1.4335,2.9535,0.000321988395
285.0,1.43325,2.954,0.000321988395
285.0,1.43325,2.954125,0.000321988395
285.0,1.43325,2.95425,0.000321988395
285.0,1.433625,2.95475,0.000321988395
285.0,1.43375,2.95475,0.000321988395
285.0,1.4335,2.95425,0.000321988395
285.0,1.43375,2.953375,0.000321988395
285.0,1.433625,2.953125,0.000321988395
285.0,1.433125,2.95325,0.000321988395
285.0,1.43325,2.953375,0.000321988395
285.0,1.433625,2.953125,0.000321988395
285.0,1.434,2.95275,0.000321988395
285.0,1.433875,2.953,0.000321988395
285.0,1.433375,2.95375,0.000321988395
285.0,1.433375,2.95375,0.000321988395
285.0,1.43325,2.953375,0.000321988395
285.0,1.43325,2.9535,0.000321988395
285.0,1.433375,2.95375,0.000321988395
285.0,1.43275,2.95375,0.000321988395
285.0,1.432875,2.954125,0.000321988395
285.0,1.433375,2.9545,0.000321988395
285.0,1.433375,2.954375,0.000321988395
285.0,1.4335,2.953625,0.000321988395
285.0,1.433375,2.95275,0.000321988395
285.0,1.4335,2.95275,0.000321988395
285.0,1.433125,2.953125,0.000321988395
285.0,1.43375,2.953,0.000321988395
285.0,1.43375,2.95275,0.000321988395
285.0,1.433625,2.9525,0.000321988395
285.0,1.433375,2.953,0.000321988395
285.0,1.433375,2.953,0.000321988395
285.0,1.43325,2.95325,0.000321988395
285.0,1.433375,2.953125,0.000321988395
285.0,1.433625,2.9535,0.000321988395
285.0,1.4335,2.95375,0.000321988395
285.0,1.433125,2.953875,0.000321988395
285.0,1.43325,2.95425,0.000321988395
285.0,1.43325,2.954625,0.000321988395
285.0,1.433875,2.954375,0.000321988395
285.0,1.434125,2.9535,0.000321988395
285.0,1.433875,2.952875,0.000321988395
285.0,1.43375,2.953,0.000321988395
285.0,1.433875,2.95325,0.000321988395
285.0,1.43425,2.953375,0.000321988395
285.0,1.434125,2.952875,0.000321988395
285.0,1.434125,2.952875,0.000321988395
285.0,1.434125,2.952875,0.000321988395
285.0,1.433625,2.9535,0.000321988395
285.0,1.433375,2.953625,0.000321988395
285.0,1.433125,2.9535,0.000321988395
285.0,1.43325,2.95375,0.000321988395
285.0,1.43325,2.954,0.000321988395
285.0,1.432625,2.95425,0.000321988395
285.0,1.432875,2.954625,0.000321988395
285.0,1.433375,2.954625,0.000321988395
285.0,1.43375,2.954,0.000321988395
285.0,1.4335,2.95325,0.000321988395
285.0,1.4335,2.952875,0.000321988395
285.0,1.433625,2.95325,0.000321988395
285.0,1.433625,2.9535,0.000321988395
285.0,1.433875,2.95325,0.000321988395
285.0,1.43375,2.95275,0.000321988395
285.0,1.43375,2.95275,0.000321988395
285.0,1.43375,2.952875,0.000321988395
285.0,1.433375,2.9535,0.000321988395
285.0,1.43325,2.953375,0.000321988395
285.0,1.43325,2.953625,0.000321988395
285.0,1.433375,2.954,0.000321988395
285.0,1.433,2.954,0.000321988395
285.0,1.432875,2.954375,0.000321988395
285.0,1.4335,2.95475,0.000321988395
285.0,1.434,2.9545,0.000321988395
285.0,1.4335,2.95375,0.000321988395
285.0,1.433375,2.953,0.000321988395
285.0,1.433625,2.952875,0.000321988395
285.0,1.4335,2.95325,0.000321988395
285.0,1.433625,2.953125,0.000321988395
285.0,1.433875,2.952875,0.000321988395
285.0,1.434125,2.95275,0.000321988395
285.0,1.434125,2.95275,0.000321988395
285.0,1.43375,2.953125,0.000321988395
285.0,1.433375,2.9535,0.000321988395
285.0,1.433625,2.953375,0.000321988395
285.0,1.433375,2.9535,0.000321988395
285.0,1.43375,2.953625,0.000321988395
285.0,1.433375,2.953875,0.000321988395
285.0,1.433125,2.954125,0.000321988395
285.0,1.433125,2.954375,0.000321988395
285.0,1.43325,2.954,0.000321988395
285.0,1.433125,2.95325,0.000321988395
285.0,1.433625,2.952875,0.000321988395
285.0,1.433625,2.953,0.000321988395
285.0,1.433375,2.953375,0.000321988395
285.0,1.433375,2.95325,0.000321988395
285.0,1.43375,2.95275,0.000321988395
285.0,1.43375,2.95275,0.000321988395
285.0,1.433625,2.952875,0.000321988395
285.0,1.433375,2.953625,0.000321988395
285.0,1.433,2.953375,0.000321988395
285.0,1.43325,2.953125,0.000321988395
285.0,1.4335,2.953625,0.000321988395
285.0,1.4335,2.953875,0.000321988395
285.0,1.43275,2.954,0.000321988395
285.0,1.43275,2.954625,0.000321988395
285.0,1.433125,2.95475,0.000321988395
285.0,1.433625,2.954125,0.000321988395
285.0,1.433625,2.953125,0.000321988395
285.0,1.433625,2.95275,0.000321988395
285.0,1.4335,2.95325,0.000321988395
285.0,1.4335,2.95325,0.000321988395
286.0,1.37725,2.94175,0.000322074455
286.0,1.3775,2.9415,0.000322074455
286.0,1.377375,2.941125,0.000322074455
286.0,1.377,2.941625,0.000322074455
286.0,1.377,2.941875,0.000322074455
286.0,1.376625,2.94175,0.000322074455
286.0,1.376375,2.94225,0.000322074455
286.0,1.376375,2.942375,0.000322074455
286.0,1.376375,2.942375,0.000322074455
286.0,1.3765,2.9425,0.000322074455
286.0,1.376625,2.943,0.000322074455
286.0,1.377,2.943,0.000322074455
286.0,1.37725,2.9425,0.000322074455
286.0,1.37675,2.941875,0.000322074455
286.0,1.376875,2.9415,0.000322074455
286.0,1.377,2.94175,0.000322074455
286.0,1.376625,2.941875,0.000322074455
286.0,1.377125,2.941625,0.000322074455
286.0,1.377,2.941125,0.000322074455
286.0,1.37675,2.941125,0.000322074455
286.0,1.3765,2.941625,0.000322074455
286.0,1.376625,2.941625,0.000322074455
286.0,1.377,2.941875,0.000322074455
286.0,1.377,2.94225,0.000322074455
286.0,1.376625,2.94225,0.000322074455
286.0,1.376625,2.942375,0.000322074455
286.0,1.376625,2.9425,0.000322074455
286.0,1.377125,2.942875,0.000322074455
286.0,1.377375,2.943,0.000322074455
286.0,1.37675,2.942375,0.000322074455
286.0,1.376875,2.941375,0.000322074455
286.0,1.377375,2.94125,0.000322074455
286.0,1.377125,2.9415,0.000322074455
286.0,1.377375,2.941625,0.000322074455
286.0,1.3775,2.94125,0.000322074455
286.0,1.37775,2.940875,0.000322074455
286.0,1.377375,2.941375,0.000322074455
286.0,1.376875,2.941875,0.000322074455
286.0,1.3765,2.94175,0.000322074455
286.0,1.376625,2.941875,0.000322074455
286.0,1.376625,2.94225,0.000322074455
286.0,1.376625,2.94225,0.000322074455
286.0,1.376125,2.942125,0.000322074455
286.0,1.376125,2.942625,0.000322074455
286.0,1.376625,2.943125,0.000322074455
286.0,1.377125,2.943,0.000322074455
286.0,1.377125,2.942125,0.000322074455
286.0,1.377125,2.9415,0.000322074455
286.0,1.377125,2.941625,0.000322074455
286.0,1.377125,2.941875,0.000322074455
286.0,1.377375,2.94175,0.000322074455
286.0,1.3775,2.9415,0.000322074455
286.0,1.377375,2.94125,0.000322074455
286.0,1.376875,2.941625,0.000322074455
286.0,1.376625,2.941625,0.000322074455
286.0,1.3765,2.94175,0.000322074455
286.0,1.37675,2.942,0.000322074455
286.0,1.37675,2.942,0.000322074455
286.0,1.376875,2.94225,0.000322074455
286.0,1.37625,2.942375,0.000322074455
286.0,1.37675,2.942875,0.000322074455
286.0,1.377125,2.943125,0.000322074455
286.0,1.377,2.94275,0.000322074455
286.0,1.37675,2.94175,0.000322074455
286.0,1.376875,2.941125,0.000322074455
286.0,1.37675,2.94125,0.000322074455
286.0,1.376875,2.9415,0.000322074455
286.0,1.37675,2.941375,0.000322074455
286.0,1.377,2.941,0.000322074455
286.0,1.376875,2.941,0.000322074455
286.0,1.376875,2.941875,0.000322074455
286.0,1.376625,2.94175,0.000322074455
286.0,1.376625,2.941875,0.000322074455
286.0,1.376625,2.941875,0.000322074455
286.0,1.37675,2.94225,0.000322074455
286.0,1.376375,2.942375,0.000322074455
286.0,1.376,2.9425,0.000322074455
286.0,1.376375,2.942875,0.000322074455
286.0,1.377,2.943125,0.000322074455
286.0,1.376625,2.9425,0.000322074455
286.0,1.377,2.9415,0.000322074455
286.0,1.377125,2.94125,0.000322074455
286.0,1.377,2.94175,0.000322074455
286.0,1.3775,2.941875,0.000322074455
286.0,1.377625,2.9415,0.000322074455
286.0,1.3775,2.940875,0.000322074455
286.0,1.377,2.94125,0.000322074455
286.0,1.376875,2.941875,0.000322074455
286.0,1.377,2.9415,0.000322074455
286.0,1.377,2.9415,0.000322074455
286.0,1.376875,2.94175,0.000322074455
286.0,1.37675,2.94225,0.000322074455
286.0,1.37675,2.94225,0.000322074455
286.0,1.3765,2.9425,0.000322074455
286.0,1.377125,2.942875,0.000322074455
286.0,1.377125,2.942625,0.000322074455
286.0,1.377125,2.942125,0.000322074455
286.0,1.377125,2.9415,0.000322074455
286.0,1.37725,2.941625,0.000322074455
286.0,1.377,2.94175,0.000322074455
286.0,1.377125,2.941875,0.000322074455
286.0,1.37725,2.941375,0.000322074455
286.0,1.37725,2.94125,0.000322074455
286.0,1.37725,2.9415,0.000322074455
286.0,1.37675,2.941875,0.000322074455
286.0,1.37675,2.941875,0.000322074455
286.0,1.376625,2.94175,0.000322074455
286.0,1.377,2.94225,0.000322074455
286.0,1.377,2.94225,0.000322074455
286.0,1.376625,2.94225,0.000322074455
286.0,1.376375,2.942875,0.000322074455
286.0,1.37725,2.943375,0.000322074455
286.0,1.377125,2.943,0.000322074455
286.0,1.376875,2.94225,0.000322074455
286.0,1.377,2.94175,0.000322074455
286.0,1.377,2.941875,0.000322074455
286.0,1.37725,2.941875,0.000322074455
286.0,1.377625,2.94175,0.000322074455
286.0,1.3775,2.941375,0.000322074455
286.0,1.377375,2.941125,0.000322074455
286.0,1.377,2.941625,0.000322074455
286.0,1.377,2.941625,0.000322074455
286.0,1.377125,2.941875,0.000322074455
286.0,1.376625,2.941875,0.000322074455
286.0,1.37675,2.94225,0.000322074455
286.0,1.3765,2.942375,0.000322074455
286.0,1.376125,2.9425,0.000322074455
286.0,1.37625,2.943,0.000322074455
286.0,1.37675,2.943125,0.000322074455
286.0,1.377,2.9425,0.000322074455
286.0,1.377,2.9415,0.000322074455
286.0,1.377125,2.941125,0.000322074455
286.0,1.37725,2.9415,0.000322074455
286.0,1.377375,2.941625,0.000322074455
286.0,1.377375,2.9415,0.000322074455
286.0,1.3775,2.940875,0.000322074455
286.0,1.37725,2.941375,0.000322074455
286.0,1.376875,2.942,0.000322074455
286.0,1.376875,2.942,0.000322074455
286.0,1.376625,2.94175,0.000322074455
286.0,1.376625,2.941875,0.000322074455
286.0,1.37675,2.942375,0.000322074455
286.0,1.37675,2.94225,0.000322074455
286.0,1.3765,2.942625,0.000322074455
286.0,1.376625,2.943,0.000322074455
286.0,1.376875,2.942625,0.000322074455
286.0,1.37725,2.94225,0.000322074455
286.0,1.37725,2.941375,0.000322074455
286.0,1.3775,2.941375,0.000322074455
286.0,1.37725,2.941625,0.000322074455
286.0,1.377,2.9415,0.000322074455
286.0,1.37725,2.941,0.000322074455
286.0,1.37725,2.94075,0.000322074455
286.0,1.377,2.9415,0.000322074455
286.0,1.377,2.9415,0.000322074455
286.0,1.37675,2.942,0.000322074455
286.0,1.37675,2.941875,0.000322074455
286.0,1.377,2.942125,0.000322074455
286.0,1.376875,2.942125,0.000322074455
286.0,1.37675,2.94225,0.000322074455
286.0,1.37675,2.94275,0.000322074455
286.0,1.376875,2.943375,0.000322074455
286.0,1.377,2.943,0.000322074455
286.0,1.377,2.942125,0.000322074455
286.0,1.377625,2.94125,0.000322074455
286.0,1.37725,2.9415,0.000322074455
286.0,1.37725,2.94175,0.000322074455
286.0,1.377625,2.94175,0.000322074455
286.0,1.377375,2.941375,0.000322074455
287.0,1.3205,2.928375,0.000322081789
287.0,1.320375,2.928625,0.000322081789
287.0,1.3205,2.928875,0.000322081789
287.0,1.32,2.92875,0.000322081789
287.0,1.320125,2.92925,0.000322081789
287.0,1.32075,2.9295,0.000322081789
287.0,1.320875,2.92925,0.000322081789
287.0,1.320625,2.9285,0.000322081789
287.0,1.320625,2.9285,0.000322081789
287.0,1.321,2.92775,0.000322081789
287.0,1.320875,2.927875,0.000322081789
287.0,1.320625,2.92825,0.000322081789
287.0,1.321,2.92825,0.000322081789
287.0,1.32125,2.92775,0.000322081789
287.0,1.321,2.9275,0.000322081789
287.0,1.321,2.928,0.000322081789
287.0,1.320625,2.928375,0.000322081789
287.0,1.320125,2.928125,0.000322081789
287.0,1.3205,2.9285,0.000322081789
287.0,1.320375,2.92875,0.000322081789
287.0,1.320625,2.929,0.000322081789
287.0,1.321,2.9295,0.000322081789
287.0,1.320875,2.9295,0.000322081789
287.0,1.320625,2.929,0.000322081789
287.0,1.3205,2.929,0.000322081789
287.0,1.3205,2.928125,0.000322081789
287.0,1.32075,2.92775,0.000322081789
287.0,1.32075,2.92825,0.000322081789
287.0,1.321,2.92825,0.000322081789
287.0,1.3215,2.928,0.000322081789
287.0,1.321625,2.927625,0.000322081789
287.0,1.321,2.92775,0.000322081789
287.0,1.3205,2.92825,0.000322081789
287.0,1.320625,2.92825,0.000322081789
287.0,1.32075,2.928375,0.000322081789
287.0,1.320625,2.92875,0.000322081789
287.0,1.32075,2.928875,0.000322081789
287.0,1.32075,2.929125,0.000322081789
287.0,1.3205,2.929625,0.000322081789
287.0,1.320625,2.9295,0.000322081789
287.0,1.32075,2.9295,0.000322081789
287.0,1.32075,2.92875,0.000322081789
287.0,1.321125,2.928,0.000322081789
287.0,1.321,2.92775,0.000322081789
287.0,1.320375,2.92825,0.000322081789
287.0,1.32075,2.928375,0.000322081789
287.0,1.321125,2.927875,0.000322081789
287.0,1.32125,2.927625,0.000322081789
287.0,1.32075,2.928,0.000322081789
287.0,1.32025,2.928375,0.000322081789
287.0,1.320375,2.928125,0.000322081789
287.0,1.32075,2.92825,0.000322081789
287.0,1.320375,2.92875,0.000322081789
287.0,1.320125,2.928625,0.000322081789
287.0,1.32,2.92925,0.000322081789
287.0,1.320125,2.929375,0.000322081789
287.0,1.3205,2.92925,0.000322081789
287.0,1.3205,2.92925,0.000322081789
287.0,1.320875,2.928625,0.000322081789
287.0,1.32125,2.92775,0.000322081789
287.0,1.321125,2.927875,0.000322081789
287.0,1.320875,2.92825,0.000322081789
287.0,1.321,2.928125,0.000322081789
287.0,1.32125,2.92775,0.000322081789
287.0,1.3215,2.927625,0.000322081789
287.0,1.320625,2.928125,0.000322081789
287.0,1.3205,2.92825,0.000322081789
287.0,1.3205,2.928,0.000322081789
287.0,1.320625,2.928625,0.000322081789
287.0,1.32025,2.92875,0.000322081789
287.0,1.320125,2.92875,0.000322081789
287.0,1.320375,2.929375,0.000322081789
287.0,1.3205,2.929625,0.000322081789
287.0,1.3205,2.929625,0.000322081789
287.0,1.320875,2.929,0.000322081789
287.0,1.320875,2.928125,0.000322081789
287.0,1.321125,2.927875,0.000322081789
287.0,1.321,2.928,0.000322081789
287.0,1.32075,2.92825,0.000322081789
287.0,1.320875,2.92825,0.000322081789
287.0,1.321375,2.92775,0.000322081789
287.0,1.32125,2.927875,0.000322081789
287.0,1.32075,2.9285,0.000322081789
287.0,1.32075,2.92825,0.000322081789
287.0,1.320625,2.928375,0.000322081789
287.0,1.320875,2.928875,0.000322081789
287.0,1.320625,2.928875,0.000322081789
287.0,1.320625,2.929,0.000322081789
287.0,1.32075,2.92975,0.000322081789
287.0,1.32075,2.92975,0.000322081789
287.0,1.320875,2.92975,0.000322081789
287.0,1.32075,2.929,0.000322081789
287.0,1.320875,2.928,0.000322081789
287.0,1.321,2.92775,0.000322081789
287.0,1.32075,2.928125,0.000322081789
287.0,1.321,2.9285,0.000322081789
287.0,1.3215,2.92825,0.000322081789
287.0,1.321375,2.92775,0.000322081789
287.0,1.32075,2.928125,0.000322081789
287.0,1.320125,2.9285,0.000322081789
287.0,1.320375,2.928,0.000322081789
287.0,1.320375,2.9285,0.000322081789
287.0,1.3205,2.928625,0.000322081789
287.0,1.320625,2.928875,0.000322081789
287.0,1.320375,2.929375,0.000322081789
287.0,1.320375,2.929375,0.000322081789
287.0,1.3205,2.92975,0.000322081789
287.0,1.320625,2.9295,0.000322081789
287.0,1.320625,2.92875,0.000322081789
287.0,1.32075,2.928125,0.000322081789
287.0,1.320875,2.928,0.000322081789
287.0,1.320625,2.92825,0.000322081789
287.0,1.320875,2.928125,0.000322081789
287.0,1.320875,2.927875,0.000322081789
287.0,1.321,2.9275,0.000322081789
287.0,1.320625,2.928125,0.000322081789
287.0,1.3205,2.9285,0.000322081789
287.0,1.3205,2.92825,0.000322081789
287.0,1.320375,2.92875,0.000322081789
287.0,1.3205,2.928875,0.000322081789
287.0,1.32025,2.929,0.000322081789
287.0,1.320375,2.929,0.000322081789
287.0,1.320375,2.9295,0.000322081789
287.0,1.321,2.929625,0.000322081789
287.0,1.320875,2.929125,0.000322081789
287.0,1.321,2.928375,0.000322081789
287.0,1.321,2.928,0.000322081789
287.0,1.320625,2.928125,0.000322081789
287.0,1.320875,2.92825,0.000322081789
287.0,1.321375,2.928125,0.000322081789
287.0,1.321375,2.927375,0.000322081789
287.0,1.320875,2.927625,0.000322081789
287.0,1.320625,2.928375,0.000322081789
287.0,1.321,2.928375,0.000322081789
287.0,1.320875,2.9285,0.000322081789
287.0,1.32075,2.92875,0.000322081789
287.0,1.320375,2.928875,0.000322081789
287.0,1.32,2.928875,0.000322081789
287.0,1.32,2.929,0.000322081789
287.0,1.32025,2.929625,0.000322081789
287.0,1.320625,2.929625,0.000322081789
287.0,1.321,2.928875,0.000322081789
287.0,1.321,2.928125,0.000322081789
287.0,1.32125,2.927875,0.000322081789
287.0,1.321,2.92825,0.000322081789
287.0,1.320625,2.928375,0.000322081789
287.0,1.32125,2.928125,0.000322081789
287.0,1.321375,2.927625,0.000322081789
287.0,1.32075,2.928125,0.000322081789
287.0,1.320625,2.9285,0.000322081789
287.0,1.3205,2.9285,0.000322081789
287.0,1.320625,2.9285,0.000322081789
287.0,1.321,2.92875,0.000322081789
287.0,1.3205,2.928875,0.000322081789
287.0,1.3205,2.928875,0.000322081789
287.0,1.32,2.92925,0.000322081789
287.0,1.3205,2.929875,0.000322081789
287.0,1.3205,2.929625,0.000322081789
287.0,1.3205,2.928875,0.000322081789
287.0,1.32075,2.928125,0.000322081789
287.0,1.321,2.928,0.000322081789
287.0,1.321,2.928375,0.000322081789
287.0,1.3215,2.92825,0.000322081789
287.0,1.32125,2.927875,0.000322081789
287.0,1.320875,2.927625,0.000322081789
287.0,1.32075,2.92825,0.000322081789
287.0,1.32075,2.928625,0.000322081789
287.0,1.3205,2.9285,0.000322081789
287.0,1.32025,2.92875,0.000322081789
288.0,1.2655,2.9145,0.000321888918
288.0,1.26575,2.914,0.000321888918
288.0,1.265875,2.913375,0.000321888918
288.0,1.26625,2.91325,0.000321888918
288.0,1.26575,2.913375,0.000321888918
288.0,1.265875,2.9135,0.000321888918
288.0,1.26575,2.91325,0.000321888918
288.0,1.2655,2.912875,0.000321888918
288.0,1.26525,2.912875,0.000321888918
288.0,1.26525,2.913125,0.000321888918
288.0,1.265375,2.91375,0.000321888918
288.0,1.265375,2.913625,0.000321888918
288.0,1.265375,2.9135,0.000321888918
288.0,1.2655,2.913875,0.000321888918
288.0,1.26475,2.914,0.000321888918
288.0,1.265,2.91425,0.000321888918
288.0,1.2655,2.914625,0.000321888918
288.0,1.26575,2.914625,0.000321888918
288.0,1.2655,2.914,0.000321888918
288.0,1.26525,2.91325,0.000321888918
288.0,1.265375,2.913125,0.000321888918
288.0,1.2655,2.91325,0.000321888918
288.0,1.265875,2.913625,0.000321888918
288.0,1.26625,2.91325,0.000321888918
288.0,1.26625,2.91325,0.000321888918
288.0,1.26625,2.912875,0.000321888918
288.0,1.26575,2.913125,0.000321888918
288.0,1.265375,2.913875,0.000321888918
288.0,1.26525,2.9135,0.000321888918
288.0,1.26525,2.913625,0.000321888918
288.0,1.265125,2.914,0.000321888918
288.0,1.264625,2.914125,0.000321888918
288.0,1.265125,2.9145,0.000321888918
288.0,1.2655,2.914875,0.000321888918
288.0,1.266,2.914625,0.000321888918
288.0,1.265625,2.913875,0.000321888918
288.0,1.265375,2.913,0.000321888918
288.0,1.26575,2.913125,0.000321888918
288.0,1.2655,2.9135,0.000321888918
288.0,1.265875,2.9135,0.000321888918
288.0,1.26625,2.913,0.000321888918
288.0,1.26625,2.913,0.000321888918
288.0,1.266,2.913,0.000321888918
288.0,1.266,2.913625,0.000321888918
288.0,1.265625,2.91375,0.000321888918
288.0,1.26525,2.9135,0.000321888918
288.0,1.26525,2.913875,0.000321888918
288.0,1.265125,2.914,0.000321888918
288.0,1.265,2.914125,0.000321888918
288.0,1.265125,2.91475,0.000321888918
288.0,1.26525,2.914875,0.000321888918
288.0,1.2655,2.9145,0.000321888918
288.0,1.265625,2.91375,0.000321888918
288.0,1.26575,2.91325,0.000321888918
288.0,1.266,2.91325,0.000321888918
288.0,1.26575,2.9135,0.000321888918
288.0,1.265875,2.913375,0.000321888918
288.0,1.265875,2.913375,0.000321888918
288.0,1.26575,2.91275,0.000321888918
288.0,1.265875,2.912875,0.000321888918
288.0,1.265625,2.91375,0.000321888918
288.0,1.265125,2.91375,0.000321888918
288.0,1.264875,2.91375,0.000321888918
288.0,1.265,2.914,0.000321888918
288.0,1.26475,2.913875,0.000321888918
288.0,1.265,2.914125,0.000321888918
288.0,1.2655,2.914625,0.000321888918
288.0,1.2655,2.915,0.000321888918
288.0,1.2655,2.914375,0.000321888918
288.0,1.2655,2.913375,0.000321888918
288.0,1.26575,2.912875,0.000321888918
288.0,1.2655,2.913375,0.000321888918
288.0,1.26575,2.9135,0.000321888918
288.0,1.26575,2.9135,0.000321888918
288.0,1.26575,2.91325,0.000321888918
288.0,1.26625,2.912875,0.000321888918
288.0,1.265625,2.913125,0.000321888918
288.0,1.265375,2.91375,0.000321888918
288.0,1.2655,2.9135,0.000321888918
288.0,1.26525,2.91375,0.000321888918
288.0,1.265,2.913875,0.000321888918
288.0,1.26525,2.914,0.000321888918
288.0,1.265,2.914125,0.000321888918
288.0,1.26525,2.9145,0.000321888918
288.0,1.265375,2.914375,0.000321888918
288.0,1.26525,2.91375,0.000321888918
288.0,1.26525,2.913,0.000321888918
288.0,1.265875,2.913125,0.000321888918
288.0,1.265875,2.9135,0.000321888918
288.0,1.265875,2.9135,0.000321888918
288.0,1.266,2.9135,0.000321888918
288.0,1.26625,2.913125,0.000321888918
288.0,1.266,2.91275,0.000321888918
288.0,1.265875,2.913125,0.000321888918
288.0,1.26525,2.91325,0.000321888918
288.0,1.265,2.91325,0.000321888918
288.0,1.265,2.913875,0.000321888918
288.0,1.265375,2.914,0.000321888918
288.0,1.265125,2.914125,0.000321888918
288.0,1.26525,2.914625,0.000321888918
288.0,1.265125,2.914625,0.000321888918
288.0,1.2655,2.914125,0.000321888918
288.0,1.26525,2.91325,0.000321888918
288.0,1.265875,2.912875,0.000321888918
288.0,1.26575,2.91325,0.000321888918
288.0,1.265625,2.91325,0.000321888918
288.0,1.265625,2.9135,0.000321888918
288.0,1.265625,2.913375,0.000321888918
288.0,1.265875,2.913,0.000321888918
288.0,1.265875,2.91275,0.000321888918
288.0,1.265375,2.913375,0.000321888918
288.0,1.26525,2.913375,0.000321888918
288.0,1.264875,2.913625,0.000321888918
288.0,1.26525,2.914,0.000321888918
288.0,1.265625,2.913875,0.000321888918
288.0,1.2655,2.914,0.000321888918
288.0,1.265625,2.9145,0.000321888918
288.0,1.26575,2.914625,0.000321888918
288.0,1.265625,2.914,0.000321888918
288.0,1.2655,2.913375,0.000321888918
288.0,1.265625,2.913125,0.000321888918
288.0,1.265625,2.913125,0.000321888918
288.0,1.265625,2.913375,0.000321888918
288.0,1.26575,2.913375,0.000321888918
288.0,1.26625,2.913125,0.000321888918
288.0,1.26625,2.912875,0.000321888918
288.0,1.266,2.913125,0.000321888918
288.0,1.265,2.913375,0.000321888918
288.0,1.26475,2.913125,0.000321888918
288.0,1.26525,2.9135,0.000321888918
288.0,1.2655,2.91375,0.000321888918
288.0,1.265375,2.913875,0.000321888918
288.0,1.265125,2.914125,0.000321888918
288.0,1.26575,2.914625,0.000321888918
288.0,1.266125,2.914375,0.000321888918
288.0,1.26575,2.91375,0.000321888918
288.0,1.2655,2.913125,0.000321888918
288.0,1.265625,2.913125,0.000321888918
288.0,1.265625,2.913125,0.000321888918
288.0,1.265375,2.9135,0.000321888918
288.0,1.26575,2.9135,0.000321888918
288.0,1.266,2.913125,0.000321888918
288.0,1.26575,2.91275,0.000321888918
288.0,1.265625,2.913125,0.000321888918
288.0,1.2655,2.9135,0.000321888918
288.0,1.265375,2.9135,0.000321888918
288.0,1.2655,2.914,0.000321888918
288.0,1.2655,2.914,0.000321888918
288.0,1.26525,2.914,0.000321888918
288.0,1.2655,2.9145,0.000321888918
288.0,1.265375,2.91475,0.000321888918
288.0,1.265375,2.91425,0.000321888918
288.0,1.265375,2.913625,0.000321888918
288.0,1.265375,2.913125,0.000321888918
288.0,1.265375,2.913125,0.000321888918
288.0,1.26575,2.913125,0.000321888918
288.0,1.265625,2.9135,0.000321888918
288.0,1.266,2.91325,0.000321888918
288.0,1.26625,2.91275,0.000321888918
288.0,1.265875,2.912625,0.000321888918
288.0,1.26525,2.913375,0.000321888918
288.0,1.26525,2.9135,0.000321888918
288.0,1.26575,2.9135,0.000321888918
288.0,1.2655,2.914,0.000321888918
288.0,1.26525,2.913875,0.000321888918
288.0,1.264875,2.914,0.000321888918
288.0,1.26525,2.9145,0.000321888918
288.0,1.265375,2.91475,0.000321888918
288.0,1.265125,2.91425,0.000321888918
289.0,1.21075,2.896625,0.0003219106
289.0,1.21075,2.8965,0.0003219106
289.0,1.210875,2.89675,0.0003219106
289.0,1.211,2.896875,0.0003219106
289.0,1.210875,2.89675,0.0003219106
289.0,1.210625,2.89625,0.0003219106
289.0,1.210625,2.896625,0.0003219106
289.0,1.210125,2.89725,0.0003219106
289.0,1.210125,2.89725,0.0003219106
289.0,1.21025,2.89725,0.0003219106
289.0,1.210375,2.8975,0.0003219106
289.0,1.2105,2.897375,0.0003219106
289.0,1.210375,2.897375,0.0003219106
289.0,1.21025,2.897875,0.0003219106
289.0,1.2105,2.898375,0.0003219106
289.0,1.2105,2.898375,0.0003219106
289.0,1.2105,2.897625,0.0003219106
289.0,1.21075,2.897,0.0003219106
289.0,1.2105,2.896875,0.0003219106
289.0,1.210375,2.897125,0.0003219106
289.0,1.2105,2.897125,0.0003219106
289.0,1.21075,2.896625,0.0003219106
289.0,1.211,2.896375,0.0003219106
289.0,1.2105,2.896875,0.0003219106
289.0,1.210375,2.896875,0.0003219106
289.0,1.210375,2.897,0.0003219106
289.0,1.2105,2.897125,0.0003219106
289.0,1.210375,2.897375,0.0003219106
289.0,1.21025,2.8975,0.0003219106
289.0,1.21025,2.89775,0.0003219106
289.0,1.21,2.898125,0.0003219106
289.0,1.210375,2.898375,0.0003219106
289.0,1.21025,2.897875,0.0003219106
289.0,1.210625,2.89675,0.0003219106
289.0,1.211,2.896625,0.0003219106
289.0,1.210625,2.897125,0.0003219106
289.0,1.2105,2.897125,0.0003219106
289.0,1.211,2.896875,0.0003219106
289.0,1.211125,2.896375,0.0003219106
289.0,1.2105,2.896625,0.0003219106
289.0,1.210125,2.89725,0.0003219106
289.0,1.210125,2.89725,0.0003219106
289.0,1.210125,2.897,0.0003219106
289.0,1.20975,2.897,0.0003219106
289.0,1.21,2.897625,0.0003219106
289.0,1.210125,2.8975,0.0003219106
289.0,1.21025,2.897875,0.0003219106
289.0,1.2105,2.898375,0.0003219106
289.0,1.2105,2.89825,0.0003219106
289.0,1.210875,2.897625,0.0003219106
289.0,1.21075,2.896625,0.0003219106
289.0,1.210625,2.896625,0.0003219106
289.0,1.210375,2.896875,0.0003219106
289.0,1.210875,2.89675,0.0003219106
289.0,1.211,2.896375,0.0003219106
289.0,1.210875,2.896125,0.0003219106
289.0,1.210375,2.896625,0.0003219106
289.0,1.210375,2.896625,0.0003219106
289.0,1.21025,2.89725,0.0003219106
289.0,1.210125,2.897,0.0003219106
289.0,1.21,2.897375,0.0003219106
289.0,1.210125,2.8975,0.0003219106
289.0,1.21,2.8975,0.0003219106
289.0,1.21025,2.897875,0.0003219106
289.0,1.2105,2.898375,0.0003219106
289.0,1.210125,2.898125,0.0003219106
289.0,1.2105,2.8975,0.0003219106
289.0,1.21075,2.896625,0.0003219106
289.0,1.210625,2.896625,0.0003219106
289.0,1.21025,2.897,0.0003219106
289.0,1.210375,2.897,0.0003219106
289.0,1.211,2.8965,0.0003219106
289.0,1.211,2.89625,0.0003219106
289.0,1.211,2.89625,0.0003219106
289.0,1.21075,2.897,0.0003219106
289.0,1.210625,2.8975,0.0003219106
289.0,1.210375,2.89725,0.0003219106
289.0,1.21025,2.8975,0.0003219106
289.0,1.2105,2.897875,0.0003219106
289.0,1.210375,2.89775,0.0003219106
289.0,1.210375,2.898125,0.0003219106
289.0,1.21075,2.898375,0.0003219106
289.0,1.21075,2.897875,0.0003219106
289.0,1.21075,2.89725,0.0003219106
289.0,1.2105,2.896625,0.0003219106
289.0,1.21,2.89675,0.0003219106
289.0,1.21025,2.897,0.0003219106
289.0,1.210625,2.896875,0.0003219106
289.0,1.210875,2.896375,0.0003219106
289.0,1.210875,2.896375,0.0003219106
289.0,1.2105,2.896375,0.0003219106
289.0,1.21,2.896875,0.0003219106
289.0,1.20975,2.897,0.0003219106
289.0,1.21,2.89725,0.0003219106
289.0,1.21025,2.8975,0.0003219106
289.0,1.21025,2.8975,0.0003219106
289.0,1.21,2.897875,0.0003219106
289.0,1.21025,2.89825,0.0003219106
289.0,1.21075,2.898125,0.0003219106
289.0,1.210625,2.8975,0.0003219106
289.0,1.210375,2.896625,0.0003219106
289.0,1.210375,2.8965,0.0003219106
289.0,1.2105,2.896875,0.0003219106
289.0,1.210375,2.897125,0.0003219106
289.0,1.210875,2.89675,0.0003219106
289.0,1.210875,2.89675,0.0003219106
289.0,1.211375,2.89625,0.0003219106
289.0,1.211,2.89675,0.0003219106
289.0,1.210625,2.89725,0.0003219106
289.0,1.21025,2.89725,0.0003219106
289.0,1.2105,2.8975,0.0003219106
289.0,1.2105,2.897625,0.0003219106
289.0,1.21,2.897625,0.0003219106
289.0,1.21025,2.898,0.0003219106
289.0,1.2105,2.898375,0.0003219106
289.0,1.210375,2.898,0.0003219106
289.0,1.210375,2.89725,0.0003219106
289.0,1.210375,2.89675,0.0003219106
289.0,1.21025,2.89675,0.0003219106
289.0,1.210375,2.897125,0.0003219106
289.0,1.211,2.897,0.0003219106
289.0,1.2105,2.897,0.0003219106
289.0,1.2105,2.89675,0.0003219106
289.0,1.210625,2.896625,0.0003219106
289.0,1.2105,2.897,0.0003219106
289.0,1.209875,2.897375,0.0003219106
289.0,1.210375,2.897375,0.0003219106
289.0,1.21075,2.89775,0.0003219106
289.0,1.21025,2.897875,0.0003219106
289.0,1.21,2.897875,0.0003219106
289.0,1.21025,2.89825,0.0003219106
289.0,1.2105,2.8985,0.0003219106
289.0,1.2105,2.898125,0.0003219106
289.0,1.2105,2.897375,0.0003219106
289.0,1.210875,2.89675,0.0003219106
289.0,1.21075,2.897,0.0003219106
289.0,1.2105,2.897,0.0003219106
289.0,1.210625,2.896875,0.0003219106
289.0,1.210625,2.896875,0.0003219106
289.0,1.210375,2.8965,0.0003219106
289.0,1.210375,2.896625,0.0003219106
289.0,1.21,2.897,0.0003219106
289.0,1.21,2.897,0.0003219106
289.0,1.21025,2.89725,0.0003219106
289.0,1.210625,2.8975,0.0003219106
289.0,1.210625,2.8975,0.0003219106
289.0,1.2105,2.89775,0.0003219106
289.0,1.2105,2.89825,0.0003219106
289.0,1.21075,2.898125,0.0003219106
289.0,1.210625,2.897625,0.0003219106
289.0,1.210625,2.897,0.0003219106
289.0,1.210375,2.896875,0.0003219106
289.0,1.2105,2.897125,0.0003219106
289.0,1.211,2.897125,0.0003219106
289.0,1.211,2.897125,0.0003219106
289.0,1.211125,2.89675,0.0003219106
289.0,1.21125,2.89625,0.0003219106
289.0,1.211,2.896625,0.0003219106
289.0,1.2105,2.897375,0.0003219106
289.0,1.21025,2.89725,0.0003219106
289.0,1.210125,2.8975,0.0003219106
289.0,1.210375,2.89775,0.0003219106
289.0,1.210125,2.8975,0.0003219106
289.0,1.21025,2.897875,0.0003219106
289.0,1.210125,2.898375,0.0003219106
289.0,1.210375,2.898125,0.0003219106
289.0,1.2105,2.897375,0.0003219106
289.0,1.210625,2.89675,0.0003219106
289.0,1.2105,2.89675,0.0003219106
290.0,1.156125,2.88,0.000321892468
290.0,1.15625,2.880125,0.000321892468
290.0,1.156125,2.879625,0.000321892468
290.0,1.155875,2.87875,0.000321892468
290.0,1.155875,2.878375,0.000321892468
290.0,1.15575,2.87875,0.000321892468
290.0,1.156,2.878875,0.000321892468
290.0,1.156625,2.878625,0.000321892468
290.0,1.156625,2.878625,0.000321892468
290.0,1.156375,2.878,0.000321892468
290.0,1.156,2.878375,0.000321892468
290.0,1.156,2.878875,0.000321892468
290.0,1.155875,2.878875,0.000321892468
290.0,1.155875,2.879125,0.000321892468
290.0,1.156,2.87925,0.000321892468
290.0,1.15575,2.87925,0.000321892468
290.0,1.15575,2.87975,0.000321892468
290.0,1.156,2.880125,0.000321892468
290.0,1.1565,2.879875,0.000321892468
290.0,1.156375,2.87925,0.000321892468
290.0,1.1565,2.8785,0.000321892468
290.0,1.156,2.878375,0.000321892468
290.0,1.155875,2.878625,0.000321892468
290.0,1.15625,2.878625,0.000321892468
290.0,1.15625,2.878625,0.000321892468
290.0,1.15625,2.87825,0.000321892468
290.0,1.1565,2.878,0.000321892468
290.0,1.156375,2.878625,0.000321892468
290.0,1.156,2.87875,0.000321892468
290.0,1.156125,2.878875,0.000321892468
290.0,1.156,2.87925,0.000321892468
290.0,1.15575,2.879375,0.000321892468
290.0,1.155875,2.8795,0.000321892468
290.0,1.1565,2.88,0.000321892468
290.0,1.156375,2.88025,0.000321892468
290.0,1.156125,2.8795,0.000321892468
290.0,1.156125,2.87875,0.000321892468
290.0,1.1565,2.87825,0.000321892468
290.0,1.1565,2.8785,0.000321892468
290.0,1.156375,2.878875,0.000321892468
290.0,1.156625,2.87875,0.000321892468
290.0,1.156625,2.87875,0.000321892468
290.0,1.156625,2.878375,0.000321892468
290.0,1.156375,2.87825,0.000321892468
290.0,1.15575,2.87875,0.000321892468
290.0,1.155625,2.879,0.000321892468
290.0,1.156,2.879125,0.000321892468
290.0,1.156125,2.8795,0.000321892468
290.0,1.156,2.879375,0.000321892468
290.0,1.15575,2.879625,0.000321892468
290.0,1.155875,2.88025,0.000321892468
290.0,1.156,2.88025,0.000321892468
290.0,1.156125,2.879625,0.000321892468
290.0,1.156,2.878875,0.000321892468
290.0,1.155875,2.878625,0.000321892468
290.0,1.15575,2.879,0.000321892468
290.0,1.156125,2.879,0.000321892468
290.0,1.156125,2.879,0.000321892468
290.0,1.156625,2.878625,0.000321892468
290.0,1.156375,2.878,0.000321892468
290.0,1.1565,2.878375,0.000321892468
290.0,1.156375,2.878875,0.000321892468
290.0,1.155875,2.878875,0.000321892468
290.0,1.156,2.879125,0.000321892468
290.0,1.156125,2.87925,0.000321892468
290.0,1.156,2.879375,0.000321892468
290.0,1.155875,2.87975,0.000321892468
290.0,1.15625,2.880375,0.000321892468
290.0,1.156625,2.88025,0.000321892468
290.0,1.156375,2.87925,0.000321892468
290.0,1.1565,2.878625,0.000321892468
290.0,1.15625,2.8785,0.000321892468
290.0,1.156,2.87875,0.000321892468
290.0,1.156,2.87875,0.000321892468
290.0,1.156375,2.87875,0.000321892468
290.0,1.1565,2.878375,0.000321892468
290.0,1.156375,2.878,0.000321892468
290.0,1.155875,2.8785,0.000321892468
290.0,1.155875,2.879125,0.000321892468
290.0,1.15575,2.87875,0.000321892468
290.0,1.155875,2.879,0.000321892468
290.0,1.156,2.879375,0.000321892468
290.0,1.155875,2.87925,0.000321892468
290.0,1.155625,2.879875,0.000321892468
290.0,1.156125,2.880375,0.000321892468
290.0,1.156625,2.88,0.000321892468
290.0,1.156625,2.879125,0.000321892468
290.0,1.15625,2.87825,0.000321892468
290.0,1.156,2.8785,0.000321892468
290.0,1.156,2.8785,0.000321892468
290.0,1.15625,2.879,0.000321892468
290.0,1.15625,2.878875,0.000321892468
290.0,1.1565,2.87825,0.000321892468
290.0,1.156875,2.878375,0.000321892468
290.0,1.15625,2.878875,0.000321892468
290.0,1.155625,2.878875,0.000321892468
290.0,1.155875,2.87875,0.000321892468
290.0,1.155875,2.8795,0.000321892468
290.0,1.155875,2.879625,0.000321892468
290.0,1.155625,2.87975,0.000321892468
290.0,1.155625,2.880375,0.000321892468
290.0,1.156125,2.88025,0.000321892468
290.0,1.15625,2.879375,0.000321892468
290.0,1.156375,2.878875,0.000321892468
290.0,1.1565,2.87875,0.000321892468
290.0,1.1565,2.87875,0.000321892468
290.0,1.156375,2.878875,0.000321892468
290.0,1.1565,2.879,0.000321892468
290.0,1.156375,2.87875,0.000321892468
290.0,1.15625,2.878125,0.000321892468
290.0,1.156125,2.878375,0.000321892468
290.0,1.15625,2.879,0.000321892468
290.0,1.156125,2.879,0.000321892468
290.0,1.15625,2.879125,0.000321892468
290.0,1.156125,2.8795,0.000321892468
290.0,1.156125,2.8795,0.000321892468
290.0,1.156,2.879625,0.000321892468
290.0,1.15625,2.88025,0.000321892468
290.0,1.156375,2.880125,0.000321892468
290.0,1.156375,2.879375,0.000321892468
290.0,1.156375,2.878375,0.000321892468
290.0,1.156125,2.878375,0.000321892468
290.0,1.156125,2.87825,0.000321892468
290.0,1.15625,2.878625,0.000321892468
290.0,1.156625,2.87875,0.000321892468
290.0,1.15675,2.878375,0.000321892468
290.0,1.156625,2.878125,0.000321892468
290.0,1.156125,2.8785,0.000321892468
290.0,1.156,2.87875,0.000321892468
290.0,1.156,2.87875,0.000321892468
290.0,1.156125,2.87925,0.000321892468
290.0,1.15625,2.879375,0.000321892468
290.0,1.156,2.879375,0.000321892468
290.0,1.155875,2.879875,0.000321892468
290.0,1.15625,2.88025,0.000321892468
290.0,1.156,2.88,0.000321892468
290.0,1.156125,2.879125,0.000321892468
290.0,1.1565,2.878375,0.000321892468
290.0,1.1565,2.878375,0.000321892468
290.0,1.156375,2.878625,0.000321892468
290.0,1.156375,2.878875,0.000321892468
290.0,1.1565,2.878625,0.000321892468
290.0,1.1565,2.878125,0.000321892468
290.0,1.156375,2.878125,0.000321892468
290.0,1.156125,2.87875,0.000321892468
290.0,1.155625,2.879125,0.000321892468
290.0,1.155875,2.879,0.000321892468
290.0,1.156,2.879125,0.000321892468
290.0,1.156,2.87925,0.000321892468
290.0,1.155625,2.8795,0.000321892468
290.0,1.15575,2.88,0.000321892468
290.0,1.156375,2.88025,0.000321892468
290.0,1.156,2.879625,0.000321892468
290.0,1.155875,2.878875,0.000321892468
290.0,1.155875,2.878875,0.000321892468
290.0,1.156125,2.878625,0.000321892468
290.0,1.156125,2.878625,0.000321892468
290.0,1.156125,2.879,0.000321892468
290.0,1.156625,2.87875,0.000321892468
290.0,1.156875,2.8785,0.000321892468
290.0,1.1565,2.878625,0.000321892468
290.0,1.155875,2.879,0.000321892468
290.0,1.15575,2.878875,0.000321892468
290.0,1.156,2.879125,0.000321892468
290.0,1.15625,2.8795,0.000321892468
290.0,1.1555,2.87975,0.000321892468
290.0,1.1555,2.88,0.000321892468
290.0,1.156375,2.880375,0.000321892468
290.0,1.1565,2.880125,0.000321892468
291.0,1.1025,2.859375,0.000321880856
291.0,1.102625,2.858375,0.000321880856
291.0,1.10275,2.85825,0.000321880856
291.0,1.102625,2.85875,0.000321880856
291.0,1.10275,2.858875,0.000321880856
291.0,1.102875,2.85825,0.000321880856
291.0,1.103,2.858,0.000321880856
291.0,1.103,2.858625,0.000321880856
291.0,1.103,2.858625,0.000321880856
291.0,1.102625,2.85925,0.000321880856
291.0,1.10225,2.858875,0.000321880856
291.0,1.102375,2.859125,0.000321880856
291.0,1.102625,2.859375,0.000321880856
291.0,1.102375,2.85925,0.000321880856
291.0,1.10225,2.85975,0.000321880856
291.0,1.102125,2.860125,0.000321880856
291.0,1.102625,2.8595,0.000321880856
291.0,1.10275,2.859,0.000321880856
291.0,1.102625,2.858375,0.000321880856
291.0,1.102875,2.858375,0.000321880856
291.0,1.102625,2.858625,0.000321880856
291.0,1.103,2.858625,0.000321880856
291.0,1.102875,2.85825,0.000321880856
291.0,1.10225,2.858,0.000321880856
291.0,1.10225,2.858,0.000321880856
291.0,1.10225,2.859,0.000321880856
291.0,1.101875,2.85925,0.000321880856
291.0,1.10225,2.859,0.000321880856
291.0,1.10275,2.859125,0.000321880856
291.0,1.102625,2.8595,0.000321880856
291.0,1.1025,2.859375,0.000321880856
291.0,1.102625,2.85975,0.000321880856
291.0,1.102875,2.860125,0.000321880856
291.0,1.10275,2.859375,0.000321880856
291.0,1.103,2.8585,0.000321880856
291.0,1.103,2.85825,0.000321880856
291.0,1.1025,2.858625,0.000321880856
291.0,1.102375,2.8585,0.000321880856
291.0,1.10325,2.858625,0.000321880856
291.0,1.10325,2.858,0.000321880856
291.0,1.102875,2.858125,0.000321880856
291.0,1.102875,2.858125,0.000321880856
291.0,1.102625,2.858875,0.000321880856
291.0,1.102625,2.85875,0.000321880856
291.0,1.10225,2.858875,0.000321880856
291.0,1.1025,2.85925,0.000321880856
291.0,1.102625,2.85925,0.000321880856
291.0,1.102375,2.8595,0.000321880856
291.0,1.102625,2.86,0.000321880856
291.0,1.102875,2.860125,0.000321880856
291.0,1.1025,2.85925,0.000321880856
291.0,1.102625,2.858375,0.000321880856
291.0,1.102875,2.85825,0.000321880856
291.0,1.10275,2.8585,0.000321880856
291.0,1.103125,2.858625,0.000321880856
291.0,1.10325,2.85825,0.000321880856
291.0,1.10275,2.85775,0.000321880856
291.0,1.10275,2.85775,0.000321880856
291.0,1.102375,2.8585,0.000321880856
291.0,1.1025,2.85875,0.000321880856
291.0,1.102125,2.8585,0.000321880856
291.0,1.10225,2.859,0.000321880856
291.0,1.101875,2.85925,0.000321880856
291.0,1.101875,2.85925,0.000321880856
291.0,1.102,2.8595,0.000321880856
291.0,1.1025,2.85975,0.000321880856
291.0,1.102875,2.8595,0.000321880856
291.0,1.102625,2.859,0.000321880856
291.0,1.102875,2.85825,0.000321880856
291.0,1.10275,2.8585,0.000321880856
291.0,1.10275,2.858625,0.000321880856
291.0,1.10275,2.858625,0.000321880856
291.0,1.10325,2.85825,0.000321880856
291.0,1.10325,2.85825,0.000321880856
291.0,1.10325,2.858125,0.000321880856
291.0,1.103,2.858875,0.000321880856
291.0,1.102375,2.859125,0.000321880856
291.0,1.102375,2.859,0.000321880856
291.0,1.102,2.859375,0.000321880856
291.0,1.102125,2.8595,0.000321880856
291.0,1.102125,2.859625,0.000321880856
291.0,1.1025,2.86,0.000321880856
291.0,1.103,2.86025,0.000321880856
291.0,1.10275,2.859875,0.000321880856
291.0,1.103,2.859,0.000321880856
291.0,1.10325,2.858375,0.000321880856
291.0,1.10275,2.858625,0.000321880856
291.0,1.1025,2.858875,0.000321880856
291.0,1.103,2.85875,0.000321880856
291.0,1.103,2.85875,0.000321880856
291.0,1.102625,2.858125,0.000321880856
291.0,1.10275,2.85825,0.000321880856
291.0,1.10225,2.859,0.000321880856
291.0,1.102375,2.85875,0.000321880856
291.0,1.10225,2.859,0.000321880856
291.0,1.10225,2.859375,0.000321880856
291.0,1.102625,2.859375,0.000321880856
291.0,1.102625,2.8595,0.000321880856
291.0,1.1025,2.86,0.000321880856
291.0,1.10275,2.86,0.000321880856
291.0,1.102875,2.859375,0.000321880856
291.0,1.103,2.858625,0.000321880856
291.0,1.102875,2.8585,0.000321880856
291.0,1.102625,2.858875,0.000321880856
291.0,1.103,2.858875,0.000321880856
291.0,1.103,2.858875,0.000321880856
291.0,1.103125,2.8585,0.000321880856
291.0,1.1025,2.858125,0.000321880856
291.0,1.10225,2.858375,0.000321880856
291.0,1.10225,2.859,0.000321880856
291.0,1.1025,2.858875,0.000321880856
291.0,1.102375,2.85925,0.000321880856
291.0,1.102375,2.859625,0.000321880856
291.0,1.102125,2.8595,0.000321880856
291.0,1.102375,2.85975,0.000321880856
291.0,1.1025,2.860125,0.000321880856
291.0,1.10275,2.859875,0.000321880856
291.0,1.102625,2.85925,0.000321880856
291.0,1.102625,2.8585,0.000321880856
291.0,1.1025,2.8585,0.000321880856
291.0,1.10225,2.85875,0.000321880856
291.0,1.10225,2.85875,0.000321880856
291.0,1.102875,2.85875,0.000321880856
291.0,1.10325,2.858375,0.000321880856
291.0,1.102875,2.858125,0.000321880856
291.0,1.102375,2.85875,0.000321880856
291.0,1.102375,2.858875,0.000321880856
291.0,1.102375,2.85875,0.000321880856
291.0,1.102375,2.859375,0.000321880856
291.0,1.1025,2.859375,0.000321880856
291.0,1.102125,2.8595,0.000321880856
291.0,1.102375,2.859875,0.000321880856
291.0,1.102125,2.86,0.000321880856
291.0,1.102375,2.859625,0.000321880856
291.0,1.1025,2.8585,0.000321880856
291.0,1.10275,2.85825,0.000321880856
291.0,1.10275,2.858625,0.000321880856
291.0,1.102625,2.858875,0.000321880856
291.0,1.102625,2.858875,0.000321880856
291.0,1.103,2.858625,0.000321880856
291.0,1.102875,2.858,0.000321880856
291.0,1.102875,2.85825,0.000321880856
291.0,1.1025,2.859,0.000321880856
291.0,1.102125,2.858875,0.000321880856
291.0,1.102125,2.858875,0.000321880856
291.0,1.102625,2.85925,0.000321880856
291.0,1.1025,2.859125,0.000321880856
291.0,1.102125,2.85925,0.000321880856
291.0,1.102,2.86,0.000321880856
291.0,1.1025,2.86,0.000321880856
291.0,1.102625,2.85925,0.000321880856
291.0,1.102625,2.8585,0.000321880856
291.0,1.103125,2.858375,0.000321880856
291.0,1.1025,2.85875,0.000321880856
291.0,1.1025,2.85875,0.000321880856
291.0,1.102875,2.85875,0.000321880856
291.0,1.103125,2.858375,0.000321880856
291.0,1.10275,2.858,0.000321880856
291.0,1.1025,2.8585,0.000321880856
291.0,1.102375,2.859,0.000321880856
291.0,1.1025,2.85875,0.000321880856
291.0,1.102625,2.859125,0.000321880856
291.0,1.1025,2.85925,0.000321880856
291.0,1.102125,2.85925,0.000321880856
291.0,1.10225,2.859625,0.000321880856
291.0,1.102125,2.86,0.000321880856
291.0,1.102625,2.859875,0.000321880856
291.0,1.102625,2.85925,0.000321880856
291.0,1.103,2.858375,0.000321880856
292.0,1.04925,2.836375,0.000322117645
292.0,1.049,2.837125,0.000322117645
292.0,1.04875,2.837125,0.000322117645
292.0,1.04875,2.837375,0.000322117645
292.0,1.048625,2.8375,0.000322117645
292.0,1.048625,2.837375,0.000322117645
292.0,1.048875,2.83775,0.000322117645
292.0,1.04925,2.838125,0.000322117645
292.0,1.04925,2.838125,0.000322117645
292.0,1.04925,2.838,0.000322117645
292.0,1.049,2.83725,0.000322117645
292.0,1.04925,2.836375,0.000322117645
292.0,1.049375,2.836625,0.000322117645
292.0,1.049,2.836875,0.000322117645
292.0,1.049375,2.836625,0.000322117645
292.0,1.0495,2.83625,0.000322117645
292.0,1.049375,2.836125,0.000322117645
292.0,1.049,2.836625,0.000322117645
292.0,1.0485,2.836875,0.000322117645
292.0,1.048625,2.83675,0.000322117645
292.0,1.0485,2.837125,0.000322117645
292.0,1.048875,2.837125,0.000322117645
292.0,1.048875,2.83725,0.000322117645
292.0,1.048875,2.83775,0.000322117645
292.0,1.048875,2.83825,0.000322117645
292.0,1.048875,2.83825,0.000322117645
292.0,1.049,2.83775,0.000322117645
292.0,1.04875,2.837,0.000322117645
292.0,1.049,2.8365,0.000322117645
292.0,1.0485,2.836625,0.000322117645
292.0,1.048875,2.83675,0.000322117645
292.0,1.0495,2.836625,0.000322117645
292.0,1.049375,2.836125,0.000322117645
292.0,1.049,2.8365,0.000322117645
292.0,1.048875,2.83725,0.000322117645
292.0,1.049,2.837125,0.000322117645
292.0,1.049,2.837,0.000322117645
292.0,1.04875,2.837125,0.000322117645
292.0,1.04875,2.837375,0.000322117645
292.0,1.048375,2.837625,0.000322117645
292.0,1.04825,2.838,0.000322117645
292.0,1.04825,2.838,0.000322117645
292.0,1.049,2.838,0.000322117645
292.0,1.04925,2.8375,0.000322117645
292.0,1.04925,2.836625,0.000322117645
292.0,1.04925,2.8365,0.000322117645
292.0,1.049,2.83675,0.000322117645
292.0,1.049375,2.836875,0.000322117645
292.0,1.0495,2.83675,0.000322117645
292.0,1.04875,2.83625,0.000322117645
292.0,1.0485,2.836625,0.000322117645
292.0,1.048625,2.83725,0.000322117645
292.0,1.04875,2.837125,0.000322117645
292.0,1.048375,2.837125,0.000322117645
292.0,1.048875,2.8375,0.000322117645
292.0,1.049,2.83775,0.000322117645
292.0,1.04875,2.837875,0.000322117645
292.0,1.04875,2.837875,0.000322117645
292.0,1.04875,2.838125,0.000322117645
292.0,1.049,2.837875,0.000322117645
292.0,1.048875,2.837375,0.000322117645
292.0,1.04875,2.836625,0.000322117645
292.0,1.049,2.836625,0.000322117645
292.0,1.04925,2.836875,0.000322117645
292.0,1.049375,2.837,0.000322117645
292.0,1.049375,2.836375,0.000322117645
292.0,1.049375,2.836125,0.000322117645
292.0,1.0495,2.836625,0.000322117645
292.0,1.049125,2.836875,0.000322117645
292.0,1.048625,2.836875,0.000322117645
292.0,1.0485,2.837125,0.000322117645
292.0,1.0485,2.83725,0.000322117645
292.0,1.048125,2.837375,0.000322117645
292.0,1.048125,2.837375,0.000322117645
292.0,1.04875,2.837625,0.000322117645
292.0,1.049,2.838,0.000322117645
292.0,1.049125,2.837625,0.000322117645
292.0,1.049375,2.836875,0.000322117645
292.0,1.049375,2.8365,0.000322117645
292.0,1.04925,2.83675,0.000322117645
292.0,1.049125,2.837,0.000322117645
292.0,1.04925,2.836625,0.000322117645
292.0,1.049125,2.836125,0.000322117645
292.0,1.049,2.83625,0.000322117645
292.0,1.048875,2.836875,0.000322117645
292.0,1.049125,2.837,0.000322117645
292.0,1.048875,2.836875,0.000322117645
292.0,1.04875,2.837375,0.000322117645
292.0,1.048625,2.837375,0.000322117645
292.0,1.048625,2.837375,0.000322117645
292.0,1.048875,2.8375,0.000322117645
292.0,1.048875,2.838,0.000322117645
292.0,1.04875,2.837875,0.000322117645
292.0,1.04875,2.8375,0.000322117645
292.0,1.048875,2.8365,0.000322117645
292.0,1.048875,2.836375,0.000322117645
292.0,1.048875,2.83675,0.000322117645
292.0,1.049,2.83675,0.000322117645
292.0,1.049,2.8365,0.000322117645
292.0,1.049375,2.836125,0.000322117645
292.0,1.04925,2.836375,0.000322117645
292.0,1.04875,2.836875,0.000322117645
292.0,1.049125,2.83675,0.000322117645
292.0,1.048875,2.837125,0.000322117645
292.0,1.049125,2.8375,0.000322117645
292.0,1.049125,2.8375,0.000322117645
292.0,1.048875,2.8375,0.000322117645
292.0,1.0485,2.837875,0.000322117645
292.0,1.048625,2.838375,0.000322117645
292.0,1.049125,2.83825,0.000322117645
292.0,1.049375,2.837625,0.000322117645
292.0,1.04925,2.83675,0.000322117645
292.0,1.0495,2.83675,0.000322117645
292.0,1.04925,2.83675,0.000322117645
292.0,1.04925,2.836875,0.000322117645
292.0,1.04975,2.8365,0.000322117645
292.0,1.04975,2.83625,0.000322117645
292.0,1.04925,2.836875,0.000322117645
292.0,1.048875,2.837125,0.000322117645
292.0,1.04875,2.83725,0.000322117645
292.0,1.049,2.837625,0.000322117645
292.0,1.049,2.837625,0.000322117645
292.0,1.049,2.837625,0.000322117645
292.0,1.04875,2.837625,0.000322117645
292.0,1.04875,2.838,0.000322117645
292.0,1.04875,2.83825,0.000322117645
292.0,1.049,2.83775,0.000322117645
292.0,1.04925,2.837,0.000322117645
292.0,1.04925,2.8365,0.000322117645
292.0,1.04875,2.83675,0.000322117645
292.0,1.0485,2.837,0.000322117645
292.0,1.049375,2.837,0.000322117645
292.0,1.04975,2.8365,0.000322117645
292.0,1.04925,2.836375,0.000322117645
292.0,1.04875,2.837,0.000322117645
292.0,1.048625,2.837,0.000322117645
292.0,1.048625,2.837,0.000322117645
292.0,1.0485,2.83725,0.000322117645
292.0,1.0485,2.83725,0.000322117645
292.0,1.048625,2.837375,0.000322117645
292.0,1.04825,2.8375,0.000322117645
292.0,1.048875,2.838,0.000322117645
292.0,1.049125,2.83825,0.000322117645
292.0,1.049125,2.8375,0.000322117645
292.0,1.04925,2.836375,0.000322117645
292.0,1.049,2.836375,0.000322117645
292.0,1.04875,2.836875,0.000322117645
292.0,1.049,2.837,0.000322117645
292.0,1.049375,2.83675,0.000322117645
292.0,1.049375,2.836375,0.000322117645
292.0,1.049125,2.836375,0.000322117645
292.0,1.048875,2.83725,0.000322117645
292.0,1.049,2.83725,0.000322117645
292.0,1.048875,2.8375,0.000322117645
292.0,1.048875,2.8375,0.000322117645
292.0,1.049,2.837625,0.000322117645
292.0,1.04875,2.837625,0.000322117645
292.0,1.048625,2.838,0.000322117645
292.0,1.048875,2.8385,0.000322117645
292.0,1.049,2.838375,0.000322117645
292.0,1.049125,2.837625,0.000322117645
292.0,1.04925,2.836875,0.000322117645
292.0,1.049375,2.83675,0.000322117645
292.0,1.04925,2.837125,0.000322117645
292.0,1.0495,2.837125,0.000322117645
292.0,1.0495,2.83675,0.000322117645
292.0,1.0495,2.8365,0.000322117645
292.0,1.048875,2.837125,0.000322117645
292.0,1.048375,2.837375,0.000322117645
293.0,0.997125,2.81425,0.000322012085
293.0,0.997,2.81425,0.000322012085
293.0,0.997125,2.814875,0.000322012085
293.0,0.99725,2.81525,0.000322012085
293.0,0.997375,2.815,0.000322012085
293.0,0.99725,2.81425,0.000322012085
293.0,0.99725,2.81375,0.000322012085
293.0,0.99725,2.81375,0.000322012085
293.0,0.99725,2.81375,0.000322012085
293.0,0.99725,2.81375,0.000322012085
293.0,0.997125,2.81375,0.000322012085
293.0,0.997375,2.813375,0.000322012085
293.0,0.997375,2.81325,0.000322012085
293.0,0.997125,2.81375,0.000322012085
293.0,0.997,2.813875,0.000322012085
293.0,0.996875,2.81375,0.000322012085
293.0,0.997,2.814125,0.000322012085
293.0,0.997375,2.814375,0.000322012085
293.0,0.99675,2.81425,0.000322012085
293.0,0.996625,2.814625,0.000322012085
293.0,0.997375,2.815,0.000322012085
293.0,0.997625,2.814625,0.000322012085
293.0,0.997375,2.814,0.000322012085
293.0,0.99775,2.813375,0.000322012085
293.0,0.99775,2.81325,0.000322012085
293.0,0.9975,2.81325,0.000322012085
293.0,0.997125,2.813625,0.000322012085
293.0,0.9975,2.8135,0.000322012085
293.0,0.99775,2.813125,0.000322012085
293.0,0.997625,2.8135,0.000322012085
293.0,0.997,2.813875,0.000322012085
293.0,0.996625,2.813875,0.000322012085
293.0,0.997125,2.813875,0.000322012085
293.0,0.997,2.814125,0.000322012085
293.0,0.997,2.814375,0.000322012085
293.0,0.99675,2.8145,0.000322012085
293.0,0.997125,2.815,0.000322012085
293.0,0.997625,2.814875,0.000322012085
293.0,0.997375,2.81425,0.000322012085
293.0,0.997125,2.8135,0.000322012085
293.0,0.9975,2.81325,0.000322012085
293.0,0.9975,2.81325,0.000322012085
293.0,0.99775,2.8135,0.000322012085
293.0,0.9975,2.813625,0.000322012085
293.0,0.99725,2.813375,0.000322012085
293.0,0.9975,2.813,0.000322012085
293.0,0.99725,2.813375,0.000322012085
293.0,0.996875,2.81425,0.000322012085
293.0,0.997,2.814,0.000322012085
293.0,0.99725,2.814,0.000322012085
293.0,0.997,2.814375,0.000322012085
293.0,0.996625,2.81425,0.000322012085
293.0,0.99675,2.814375,0.000322012085
293.0,0.997,2.814875,0.000322012085
293.0,0.997375,2.814875,0.000322012085
293.0,0.9975,2.814125,0.000322012085
293.0,0.99725,2.81325,0.000322012085
293.0,0.99725,2.81325,0.000322012085
293.0,0.9975,2.8135,0.000322012085
293.0,0.997375,2.814,0.000322012085
293.0,0.9975,2.814,0.000322012085
293.0,0.99775,2.8135,0.000322012085
293.0,0.997875,2.813125,0.000322012085
293.0,0.9975,2.8135,0.000322012085
293.0,0.997125,2.814,0.000322012085
293.0,0.99725,2.813875,0.000322012085
293.0,0.997125,2.814125,0.000322012085
293.0,0.99725,2.814375,0.000322012085
293.0,0.997,2.814625,0.000322012085
293.0,0.99725,2.815,0.000322012085
293.0,0.99725,2.815125,0.000322012085
293.0,0.997,2.814625,0.000322012085
293.0,0.997,2.814,0.000322012085
293.0,0.997,2.814,0.000322012085
293.0,0.99775,2.8135,0.000322012085
293.0,0.997375,2.813625,0.000322012085
293.0,0.996875,2.813875,0.000322012085
293.0,0.99725,2.813625,0.000322012085
293.0,0.99775,2.813,0.000322012085
293.0,0.99775,2.813375,0.000322012085
293.0,0.9975,2.814125,0.000322012085
293.0,0.99725,2.813875,0.000322012085
293.0,0.997125,2.81375,0.000322012085
293.0,0.99725,2.81425,0.000322012085
293.0,0.997125,2.81425,0.000322012085
293.0,0.997125,2.8145,0.000322012085
293.0,0.996875,2.81525,0.000322012085
293.0,0.997,2.81525,0.000322012085
293.0,0.997,2.81475,0.000322012085
293.0,0.997,2.81475,0.000322012085
293.0,0.996875,2.81375,0.000322012085
293.0,0.997125,2.8135,0.000322012085
293.0,0.9975,2.81375,0.000322012085
293.0,0.997375,2.814125,0.000322012085
293.0,0.99775,2.81375,0.000322012085
293.0,0.998,2.813375,0.000322012085
293.0,0.99775,2.81375,0.000322012085
293.0,0.997375,2.8145,0.000322012085
293.0,0.99725,2.814125,0.000322012085
293.0,0.99725,2.81425,0.000322012085
293.0,0.997125,2.814625,0.000322012085
293.0,0.997125,2.8145,0.000322012085
293.0,0.99725,2.81475,0.000322012085
293.0,0.99725,2.81525,0.000322012085
293.0,0.997375,2.815,0.000322012085
293.0,0.997375,2.815,0.000322012085
293.0,0.9975,2.814375,0.000322012085
293.0,0.99725,2.8135,0.000322012085
293.0,0.997375,2.813625,0.000322012085
293.0,0.997625,2.813875,0.000322012085
293.0,0.997625,2.814,0.000322012085
293.0,0.997375,2.813625,0.000322012085
293.0,0.9975,2.813375,0.000322012085
293.0,0.99725,2.81375,0.000322012085
293.0,0.996875,2.814,0.000322012085
293.0,0.996875,2.814125,0.000322012085
293.0,0.997125,2.814375,0.000322012085
293.0,0.997,2.814375,0.000322012085
293.0,0.996625,2.8145,0.000322012085
293.0,0.996625,2.815125,0.000322012085
293.0,0.996625,2.815375,0.000322012085
293.0,0.996625,2.815,0.000322012085
293.0,0.996875,2.815,0.000322012085
293.0,0.99725,2.814125,0.000322012085
293.0,0.99725,2.8135,0.000322012085
293.0,0.997125,2.813625,0.000322012085
293.0,0.997125,2.81375,0.000322012085
293.0,0.997625,2.81375,0.000322012085
293.0,0.9975,2.81325,0.000322012085
293.0,0.99725,2.813125,0.000322012085
293.0,0.99725,2.814,0.000322012085
293.0,0.9965,2.814125,0.000322012085
293.0,0.99675,2.814,0.000322012085
293.0,0.997125,2.81425,0.000322012085
293.0,0.997,2.814375,0.000322012085
293.0,0.996625,2.8145,0.000322012085
293.0,0.997,2.814875,0.000322012085
293.0,0.99725,2.81475,0.000322012085
293.0,0.99725,2.81475,0.000322012085
293.0,0.996875,2.8145,0.000322012085
293.0,0.99725,2.81375,0.000322012085
293.0,0.997,2.8135,0.000322012085
293.0,0.997,2.813875,0.000322012085
293.0,0.996875,2.814,0.000322012085
293.0,0.997375,2.813625,0.000322012085
293.0,0.997625,2.81325,0.000322012085
293.0,0.997125,2.8135,0.000322012085
293.0,0.997125,2.81375,0.000322012085
293.0,0.99725,2.813625,0.000322012085
293.0,0.997125,2.814,0.000322012085
293.0,0.99725,2.8145,0.000322012085
293.0,0.997125,2.814375,0.000322012085
293.0,0.997,2.8145,0.000322012085
293.0,0.99725,2.815,0.000322012085
293.0,0.99725,2.815,0.000322012085
293.0,0.997,2.814875,0.000322012085
293.0,0.997,2.814375,0.000322012085
293.0,0.99725,2.813625,0.000322012085
293.0,0.997375,2.813625,0.000322012085
293.0,0.997125,2.81375,0.000322012085
293.0,0.9975,2.813625,0.000322012085
293.0,0.99775,2.813375,0.000322012085
293.0,0.9975,2.81325,0.000322012085
293.0,0.997125,2.8135,0.000322012085
293.0,0.997125,2.813875,0.000322012085
293.0,0.99725,2.814,0.000322012085
293.0,0.997125,2.814125,0.000322012085
293.0,0.99725,2.81425,0.000322012085
293.0,0.997,2.8145,0.000322012085
294.0,0.945625,2.790125,0.000321914384
294.0,0.945875,2.790625,0.000321914384
294.0,0.946125,2.790625,0.000321914384
294.0,0.946375,2.790125,0.000321914384
294.0,0.946375,2.7895,0.000321914384
294.0,0.94625,2.789,0.000321914384
294.0,0.94625,2.789375,0.000321914384
294.0,0.946375,2.7895,0.000321914384
294.0,0.946375,2.7895,0.000321914384
294.0,0.94675,2.78925,0.000321914384
294.0,0.9465,2.788875,0.000321914384
294.0,0.94625,2.789,0.000321914384
294.0,0.946125,2.789625,0.000321914384
294.0,0.946125,2.7895,0.000321914384
294.0,0.946125,2.7895,0.000321914384
294.0,0.946375,2.789875,0.000321914384
294.0,0.946,2.789875,0.000321914384
294.0,0.945875,2.790125,0.000321914384
294.0,0.946125,2.790625,0.000321914384
294.0,0.9465,2.7905,0.000321914384
294.0,0.946,2.78975,0.000321914384
294.0,0.94575,2.78925,0.000321914384
294.0,0.945625,2.78925,0.000321914384
294.0,0.94575,2.789375,0.000321914384
294.0,0.946125,2.789375,0.000321914384
294.0,0.946125,2.7895,0.000321914384
294.0,0.9465,2.789,0.000321914384
294.0,0.9465,2.788625,0.000321914384
294.0,0.946,2.789375,0.000321914384
294.0,0.9455,2.789875,0.000321914384
294.0,0.945625,2.789625,0.000321914384
294.0,0.945875,2.789625,0.000321914384
294.0,0.94575,2.789875,0.000321914384
294.0,0.945875,2.790125,0.000321914384
294.0,0.946375,2.790375,0.000321914384
294.0,0.94625,2.79075,0.000321914384
294.0,0.946125,2.7905,0.000321914384
294.0,0.946,2.78975,0.000321914384
294.0,0.945875,2.789125,0.000321914384
294.0,0.94575,2.78925,0.000321914384
294.0,0.946,2.78925,0.000321914384
294.0,0.946,2.7895,0.000321914384
294.0,0.9465,2.789625,0.000321914384
294.0,0.946625,2.789,0.000321914384
294.0,0.946125,2.78875,0.000321914384
294.0,0.945875,2.789375,0.000321914384
294.0,0.945875,2.789625,0.000321914384
294.0,0.945625,2.789625,0.000321914384
294.0,0.946,2.789875,0.000321914384
294.0,0.946,2.789875,0.000321914384
294.0,0.946,2.790125,0.000321914384
294.0,0.946125,2.790625,0.000321914384
294.0,0.946375,2.790875,0.000321914384
294.0,0.946375,2.790375,0.000321914384
294.0,0.946,2.789375,0.000321914384
294.0,0.94575,2.789125,0.000321914384
294.0,0.946,2.7895,0.000321914384
294.0,0.946,2.7895,0.000321914384
294.0,0.946375,2.789625,0.000321914384
294.0,0.946625,2.78925,0.000321914384
294.0,0.946125,2.788875,0.000321914384
294.0,0.946125,2.789125,0.000321914384
294.0,0.946375,2.78975,0.000321914384
294.0,0.946,2.789625,0.000321914384
294.0,0.945875,2.78975,0.000321914384
294.0,0.945875,2.79025,0.000321914384
294.0,0.945875,2.79025,0.000321914384
294.0,0.9455,2.7905,0.000321914384
294.0,0.946,2.790875,0.000321914384
294.0,0.946375,2.79075,0.000321914384
294.0,0.9465,2.79025,0.000321914384
294.0,0.946375,2.789625,0.000321914384
294.0,0.94625,2.789375,0.000321914384
294.0,0.94625,2.789375,0.000321914384
294.0,0.946125,2.7895,0.000321914384
294.0,0.946375,2.7895,0.000321914384
294.0,0.94675,2.789,0.000321914384
294.0,0.946625,2.78875,0.000321914384
294.0,0.9465,2.78925,0.000321914384
294.0,0.946,2.789625,0.000321914384
294.0,0.9455,2.7895,0.000321914384
294.0,0.945375,2.789875,0.000321914384
294.0,0.94575,2.79025,0.000321914384
294.0,0.94575,2.79025,0.000321914384
294.0,0.946,2.7905,0.000321914384
294.0,0.946375,2.79075,0.000321914384
294.0,0.946125,2.79025,0.000321914384
294.0,0.94625,2.7895,0.000321914384
294.0,0.946375,2.789125,0.000321914384
294.0,0.946375,2.789125,0.000321914384
294.0,0.94625,2.78925,0.000321914384
294.0,0.946375,2.7895,0.000321914384
294.0,0.94675,2.7895,0.000321914384
294.0,0.947,2.789,0.000321914384
294.0,0.9465,2.789,0.000321914384
294.0,0.945625,2.7895,0.000321914384
294.0,0.945875,2.789375,0.000321914384
294.0,0.946125,2.78975,0.000321914384
294.0,0.945875,2.790125,0.000321914384
294.0,0.94625,2.79025,0.000321914384
294.0,0.94575,2.790125,0.000321914384
294.0,0.9455,2.79075,0.000321914384
294.0,0.946,2.791125,0.000321914384
294.0,0.94625,2.7905,0.000321914384
294.0,0.94625,2.7895,0.000321914384
294.0,0.94625,2.7895,0.000321914384
294.0,0.94625,2.789125,0.000321914384
294.0,0.946125,2.789375,0.000321914384
294.0,0.945875,2.789625,0.000321914384
294.0,0.946125,2.789375,0.000321914384
294.0,0.946625,2.788875,0.000321914384
294.0,0.9465,2.78925,0.000321914384
294.0,0.946,2.79,0.000321914384
294.0,0.946,2.789625,0.000321914384
294.0,0.946,2.78975,0.000321914384
294.0,0.945875,2.790125,0.000321914384
294.0,0.946,2.790125,0.000321914384
294.0,0.945875,2.79025,0.000321914384
294.0,0.94575,2.790875,0.000321914384
294.0,0.94625,2.79075,0.000321914384
294.0,0.94625,2.79,0.000321914384
294.0,0.946125,2.79,0.000321914384
294.0,0.946125,2.78925,0.000321914384
294.0,0.945875,2.78925,0.000321914384
294.0,0.946125,2.7895,0.000321914384
294.0,0.946625,2.7895,0.000321914384
294.0,0.9465,2.78925,0.000321914384
294.0,0.946,2.788875,0.000321914384
294.0,0.945875,2.78925,0.000321914384
294.0,0.94625,2.78975,0.000321914384
294.0,0.94625,2.789625,0.000321914384
294.0,0.946,2.789875,0.000321914384
294.0,0.9455,2.79025,0.000321914384
294.0,0.9455,2.79025,0.000321914384
294.0,0.945875,2.790375,0.000321914384
294.0,0.946,2.791,0.000321914384
294.0,0.946,2.790625,0.000321914384
294.0,0.946125,2.790625,0.000321914384
294.0,0.946125,2.789875,0.000321914384
294.0,0.946375,2.789125,0.000321914384
294.0,0.94625,2.789125,0.000321914384
294.0,0.945875,2.789625,0.000321914384
294.0,0.946,2.7895,0.000321914384
294.0,0.946125,2.789125,0.000321914384
294.0,0.94625,2.789,0.000321914384
294.0,0.945875,2.789625,0.000321914384
294.0,0.946,2.78975,0.000321914384
294.0,0.946,2.78975,0.000321914384
294.0,0.945625,2.79,0.000321914384
294.0,0.945625,2.79,0.000321914384
294.0,0.946,2.790375,0.000321914384
294.0,0.94625,2.791,0.000321914384
294.0,0.946125,2.791,0.000321914384
294.0,0.94575,2.790625,0.000321914384
294.0,0.94575,2.790625,0.000321914384
294.0,0.94625,2.789625,0.000321914384
294.0,0.946625,2.789,0.000321914384
294.0,0.946,2.7895,0.000321914384
294.0,0.946,2.78975,0.000321914384
294.0,0.9465,2.789375,0.000321914384
294.0,0.946375,2.789,0.000321914384
294.0,0.946125,2.78925,0.000321914384
294.0,0.945625,2.789875,0.000321914384
294.0,0.945875,2.789875,0.000321914384
294.0,0.945875,2.789875,0.000321914384
294.0,0.946,2.790125,0.000321914384
294.0,0.94575,2.790125,0.000321914384
294.0,0.945625,2.790375,0.000321914384
294.0,0.94575,2.790875,0.000321914384
295.0,0.89575,2.76225,0.000322104199
295.0,0.895625,2.76225,0.000322104199
295.0,0.8955,2.76275,0.000322104199
295.0,0.8955,2.76275,0.000322104199
295.0,0.895125,2.762875,0.000322104199
295.0,0.8955,2.76325,0.000322104199
295.0,0.895375,2.76325,0.000322104199
295.0,0.895125,2.763625,0.000322104199
295.0,0.895125,2.763625,0.000322104199
295.0,0.895375,2.76425,0.000322104199
295.0,0.89525,2.76425,0.000322104199
295.0,0.895,2.76375,0.000322104199
295.0,0.89575,2.763375,0.000322104199
295.0,0.89575,2.762625,0.000322104199
295.0,0.895375,2.76275,0.000322104199
295.0,0.8955,2.763,0.000322104199
295.0,0.8955,2.76275,0.000322104199
295.0,0.8955,2.76225,0.000322104199
295.0,0.8955,2.762625,0.000322104199
295.0,0.8955,2.763,0.000322104199
295.0,0.895375,2.763,0.000322104199
295.0,0.895375,2.763125,0.000322104199
295.0,0.895375,2.763375,0.000322104199
295.0,0.895,2.763375,0.000322104199
295.0,0.895,2.763375,0.000322104199
295.0,0.895,2.7635,0.000322104199
295.0,0.894875,2.764,0.000322104199
295.0,0.89525,2.763875,0.000322104199
295.0,0.89575,2.76325,0.000322104199
295.0,0.89575,2.762375,0.000322104199
295.0,0.8955,2.7625,0.000322104199
295.0,0.895125,2.76275,0.000322104199
295.0,0.8955,2.762875,0.000322104199
295.0,0.895375,2.762375,0.000322104199
295.0,0.895625,2.762125,0.000322104199
295.0,0.895875,2.762625,0.000322104199
295.0,0.895375,2.763,0.000322104199
295.0,0.89525,2.762875,0.000322104199
295.0,0.89525,2.763125,0.000322104199
295.0,0.895375,2.76325,0.000322104199
295.0,0.895125,2.76325,0.000322104199
295.0,0.895125,2.763,0.000322104199
295.0,0.895125,2.76375,0.000322104199
295.0,0.8955,2.764125,0.000322104199
295.0,0.8955,2.763625,0.000322104199
295.0,0.895625,2.763,0.000322104199
295.0,0.8955,2.7625,0.000322104199
295.0,0.8955,2.76275,0.000322104199
295.0,0.8955,2.762875,0.000322104199
295.0,0.89525,2.762875,0.000322104199
295.0,0.895625,2.7625,0.000322104199
295.0,0.89575,2.762375,0.000322104199
295.0,0.895625,2.762875,0.000322104199
295.0,0.895,2.763125,0.000322104199
295.0,0.895375,2.763125,0.000322104199
295.0,0.895375,2.763375,0.000322104199
295.0,0.895625,2.763375,0.000322104199
295.0,0.895625,2.763375,0.000322104199
295.0,0.89525,2.763625,0.000322104199
295.0,0.895375,2.764,0.000322104199
295.0,0.895375,2.764,0.000322104199
295.0,0.895,2.763625,0.000322104199
295.0,0.895125,2.762875,0.000322104199
295.0,0.895375,2.762625,0.000322104199
295.0,0.89525,2.763,0.000322104199
295.0,0.895125,2.763,0.000322104199
295.0,0.895625,2.762625,0.000322104199
295.0,0.895875,2.762,0.000322104199
295.0,0.89575,2.76225,0.000322104199
295.0,0.895125,2.762875,0.000322104199
295.0,0.89525,2.762875,0.000322104199
295.0,0.895,2.763125,0.000322104199
295.0,0.89525,2.7635,0.000322104199
295.0,0.89525,2.7635,0.000322104199
295.0,0.89525,2.7635,0.000322104199
295.0,0.895375,2.763625,0.000322104199
295.0,0.8955,2.76425,0.000322104199
295.0,0.895875,2.764125,0.000322104199
295.0,0.895375,2.763375,0.000322104199
295.0,0.895,2.762625,0.000322104199
295.0,0.895125,2.762375,0.000322104199
295.0,0.895,2.762875,0.000322104199
295.0,0.8955,2.762875,0.000322104199
295.0,0.8955,2.762625,0.000322104199
295.0,0.8955,2.762375,0.000322104199
295.0,0.895375,2.762875,0.000322104199
295.0,0.894875,2.76325,0.000322104199
295.0,0.89525,2.76325,0.000322104199
295.0,0.89525,2.7635,0.000322104199
295.0,0.89525,2.7635,0.000322104199
295.0,0.894875,2.76375,0.000322104199
295.0,0.894875,2.763875,0.000322104199
295.0,0.89525,2.764125,0.000322104199
295.0,0.89525,2.76425,0.000322104199
295.0,0.8955,2.763875,0.000322104199
295.0,0.89525,2.763375,0.000322104199
295.0,0.895375,2.762875,0.000322104199
295.0,0.895875,2.763,0.000322104199
295.0,0.89575,2.763125,0.000322104199
295.0,0.895625,2.763125,0.000322104199
295.0,0.895625,2.7625,0.000322104199
295.0,0.89575,2.7625,0.000322104199
295.0,0.8955,2.76325,0.000322104199
295.0,0.895375,2.763375,0.000322104199
295.0,0.895125,2.763375,0.000322104199
295.0,0.895125,2.763375,0.000322104199
295.0,0.895375,2.763625,0.000322104199
295.0,0.8955,2.76375,0.000322104199
295.0,0.895125,2.76375,0.000322104199
295.0,0.895375,2.764375,0.000322104199
295.0,0.895625,2.76425,0.000322104199
295.0,0.8955,2.763625,0.000322104199
295.0,0.8955,2.762875,0.000322104199
295.0,0.895375,2.762625,0.000322104199
295.0,0.8955,2.762875,0.000322104199
295.0,0.895375,2.763,0.000322104199
295.0,0.895375,2.763,0.000322104199
295.0,0.89575,2.762375,0.000322104199
295.0,0.89575,2.76275,0.000322104199
295.0,0.895125,2.76325,0.000322104199
295.0,0.89475,2.76325,0.000322104199
295.0,0.89475,2.76325,0.000322104199
295.0,0.895375,2.763375,0.000322104199
295.0,0.8955,2.76375,0.000322104199
295.0,0.895375,2.76375,0.000322104199
295.0,0.8955,2.764,0.000322104199
295.0,0.8955,2.764375,0.000322104199
295.0,0.895375,2.764375,0.000322104199
295.0,0.8955,2.7635,0.000322104199
295.0,0.8955,2.762875,0.000322104199
295.0,0.895375,2.762625,0.000322104199
295.0,0.89525,2.763,0.000322104199
295.0,0.89525,2.763,0.000322104199
295.0,0.895625,2.76275,0.000322104199
295.0,0.895625,2.76225,0.000322104199
295.0,0.8955,2.76275,0.000322104199
295.0,0.895625,2.7635,0.000322104199
295.0,0.895625,2.7635,0.000322104199
295.0,0.895125,2.76325,0.000322104199
295.0,0.89475,2.7635,0.000322104199
295.0,0.895125,2.76375,0.000322104199
295.0,0.895125,2.763625,0.000322104199
295.0,0.89525,2.764125,0.000322104199
295.0,0.895375,2.764375,0.000322104199
295.0,0.8955,2.764,0.000322104199
295.0,0.8955,2.763125,0.000322104199
295.0,0.89575,2.76275,0.000322104199
295.0,0.895625,2.763,0.000322104199
295.0,0.895625,2.763125,0.000322104199
295.0,0.895625,2.763,0.000322104199
295.0,0.895625,2.76275,0.000322104199
295.0,0.895875,2.76275,0.000322104199
295.0,0.895375,2.763125,0.000322104199
295.0,0.894875,2.76325,0.000322104199
295.0,0.894875,2.76325,0.000322104199
295.0,0.895,2.763125,0.000322104199
295.0,0.895125,2.7635,0.000322104199
295.0,0.895,2.7635,0.000322104199
295.0,0.894875,2.763875,0.000322104199
295.0,0.89525,2.764375,0.000322104199
295.0,0.8955,2.764375,0.000322104199
295.0,0.8955,2.76375,0.000322104199
295.0,0.89525,2.762875,0.000322104199
295.0,0.895375,2.762625,0.000322104199
295.0,0.895,2.763,0.000322104199
295.0,0.895375,2.76325,0.000322104199
295.0,0.895875,2.763,0.000322104199
295.0,0.895625,2.7625,0.000322104199
295.0,0.89525,2.76275,0.000322104199
296.0,0.845625,2.73625,0.00032185379
296.0,0.845625,2.73525,0.00032185379
296.0,0.845625,2.734875,0.00032185379
296.0,0.845625,2.735375,0.00032185379
296.0,0.845625,2.7355,0.00032185379
296.0,0.846,2.7355,0.00032185379
296.0,0.84625,2.734875,0.00032185379
296.0,0.845875,2.734875,0.00032185379
296.0,0.845875,2.734875,0.00032185379
296.0,0.8455,2.735625,0.00032185379
296.0,0.845375,2.735625,0.00032185379
296.0,0.8455,2.7355,0.00032185379
296.0,0.8455,2.73575,0.00032185379
296.0,0.8455,2.73575,0.00032185379
296.0,0.8455,2.73575,0.00032185379
296.0,0.84575,2.73625,0.00032185379
296.0,0.84575,2.73625,0.00032185379
296.0,0.8455,2.73575,0.00032185379
296.0,0.845375,2.735125,0.00032185379
296.0,0.84575,2.735,0.00032185379
296.0,0.845625,2.73525,0.00032185379
296.0,0.8455,2.73525,0.00032185379
296.0,0.845625,2.734875,0.00032185379
296.0,0.84625,2.734625,0.00032185379
296.0,0.84625,2.734625,0.00032185379
296.0,0.846125,2.73475,0.00032185379
296.0,0.845625,2.7355,0.00032185379
296.0,0.845,2.735375,0.00032185379
296.0,0.845375,2.73525,0.00032185379
296.0,0.845625,2.7355,0.00032185379
296.0,0.845,2.73575,0.00032185379
296.0,0.845,2.736,0.00032185379
296.0,0.84525,2.736625,0.00032185379
296.0,0.84525,2.7365,0.00032185379
296.0,0.845625,2.735875,0.00032185379
296.0,0.846125,2.734875,0.00032185379
296.0,0.845875,2.735,0.00032185379
296.0,0.845625,2.73525,0.00032185379
296.0,0.845625,2.73525,0.00032185379
296.0,0.8455,2.734875,0.00032185379
296.0,0.845625,2.73475,0.00032185379
296.0,0.845625,2.73475,0.00032185379
296.0,0.84575,2.73525,0.00032185379
296.0,0.84575,2.735625,0.00032185379
296.0,0.8455,2.735375,0.00032185379
296.0,0.845125,2.735625,0.00032185379
296.0,0.845125,2.736,0.00032185379
296.0,0.845,2.736,0.00032185379
296.0,0.845375,2.7365,0.00032185379
296.0,0.8455,2.736625,0.00032185379
296.0,0.8455,2.736125,0.00032185379
296.0,0.846,2.73525,0.00032185379
296.0,0.84575,2.73475,0.00032185379
296.0,0.845625,2.73525,0.00032185379
296.0,0.8455,2.7355,0.00032185379
296.0,0.84575,2.7355,0.00032185379
296.0,0.845625,2.735,0.00032185379
296.0,0.845625,2.735,0.00032185379
296.0,0.84575,2.734875,0.00032185379
296.0,0.845625,2.7355,0.00032185379
296.0,0.8455,2.735625,0.00032185379
296.0,0.845625,2.73575,0.00032185379
296.0,0.8455,2.735875,0.00032185379
296.0,0.8455,2.735875,0.00032185379
296.0,0.845375,2.736,0.00032185379
296.0,0.84575,2.736625,0.00032185379
296.0,0.845875,2.736625,0.00032185379
296.0,0.845625,2.735875,0.00032185379
296.0,0.84575,2.73525,0.00032185379
296.0,0.846,2.735,0.00032185379
296.0,0.84575,2.735125,0.00032185379
296.0,0.846125,2.735375,0.00032185379
296.0,0.84625,2.735125,0.00032185379
296.0,0.84625,2.735125,0.00032185379
296.0,0.845875,2.73475,0.00032185379
296.0,0.845375,2.735,0.00032185379
296.0,0.844875,2.7355,0.00032185379
296.0,0.845,2.735375,0.00032185379
296.0,0.84525,2.7355,0.00032185379
296.0,0.845375,2.7355,0.00032185379
296.0,0.844875,2.73575,0.00032185379
296.0,0.845125,2.736125,0.00032185379
296.0,0.845375,2.736625,0.00032185379
296.0,0.8455,2.7365,0.00032185379
296.0,0.8455,2.73575,0.00032185379
296.0,0.8455,2.735,0.00032185379
296.0,0.845625,2.734875,0.00032185379
296.0,0.845375,2.735,0.00032185379
296.0,0.845375,2.735375,0.00032185379
296.0,0.845375,2.735375,0.00032185379
296.0,0.845625,2.735,0.00032185379
296.0,0.846,2.734875,0.00032185379
296.0,0.8455,2.735375,0.00032185379
296.0,0.8455,2.735625,0.00032185379
296.0,0.845375,2.735375,0.00032185379
296.0,0.8455,2.73575,0.00032185379
296.0,0.8455,2.735875,0.00032185379
296.0,0.845375,2.735875,0.00032185379
296.0,0.84525,2.73625,0.00032185379
296.0,0.8455,2.736625,0.00032185379
296.0,0.8455,2.7365,0.00032185379
296.0,0.84525,2.735875,0.00032185379
296.0,0.845875,2.735125,0.00032185379
296.0,0.84575,2.73525,0.00032185379
296.0,0.8455,2.735375,0.00032185379
296.0,0.8455,2.735375,0.00032185379
296.0,0.846,2.735375,0.00032185379
296.0,0.84625,2.735,0.00032185379
296.0,0.845625,2.735,0.00032185379
296.0,0.845375,2.735625,0.00032185379
296.0,0.84525,2.73575,0.00032185379
296.0,0.84525,2.7355,0.00032185379
296.0,0.84525,2.73575,0.00032185379
296.0,0.8455,2.73575,0.00032185379
296.0,0.845625,2.735875,0.00032185379
296.0,0.8455,2.736375,0.00032185379
296.0,0.845375,2.73675,0.00032185379
296.0,0.84525,2.736,0.00032185379
296.0,0.84575,2.735,0.00032185379
296.0,0.846125,2.73475,0.00032185379
296.0,0.845375,2.735125,0.00032185379
296.0,0.845375,2.735125,0.00032185379
296.0,0.8455,2.73525,0.00032185379
296.0,0.845875,2.735,0.00032185379
296.0,0.845875,2.734625,0.00032185379
296.0,0.845625,2.734875,0.00032185379
296.0,0.845375,2.735625,0.00032185379
296.0,0.8455,2.735375,0.00032185379
296.0,0.84525,2.7355,0.00032185379
296.0,0.84525,2.73575,0.00032185379
296.0,0.845125,2.7355,0.00032185379
296.0,0.8455,2.73575,0.00032185379
296.0,0.8455,2.736375,0.00032185379
296.0,0.845625,2.73625,0.00032185379
296.0,0.845875,2.7355,0.00032185379
296.0,0.846,2.734875,0.00032185379
296.0,0.846,2.734875,0.00032185379
296.0,0.846,2.73525,0.00032185379
296.0,0.845625,2.73525,0.00032185379
296.0,0.845375,2.735375,0.00032185379
296.0,0.845875,2.73475,0.00032185379
296.0,0.846,2.734625,0.00032185379
296.0,0.845625,2.735125,0.00032185379
296.0,0.8455,2.735625,0.00032185379
296.0,0.8455,2.7355,0.00032185379
296.0,0.845375,2.73575,0.00032185379
296.0,0.845875,2.735875,0.00032185379
296.0,0.845375,2.735875,0.00032185379
296.0,0.845375,2.73625,0.00032185379
296.0,0.8455,2.7365,0.00032185379
296.0,0.8455,2.73625,0.00032185379
296.0,0.8455,2.735375,0.00032185379
296.0,0.8455,2.734875,0.00032185379
296.0,0.8455,2.73525,0.00032185379
296.0,0.8455,2.73525,0.00032185379
296.0,0.8455,2.735375,0.00032185379
296.0,0.84575,2.735375,0.00032185379
296.0,0.846125,2.734625,0.00032185379
296.0,0.845875,2.73475,0.00032185379
296.0,0.8455,2.735375,0.00032185379
296.0,0.8455,2.7355,0.00032185379
296.0,0.845625,2.7355,0.00032185379
296.0,0.845375,2.73575,0.00032185379
296.0,0.845375,2.735875,0.00032185379
296.0,0.845625,2.736125,0.00032185379
296.0,0.845375,2.736625,0.00032185379
296.0,0.845375,2.73675,0.00032185379
296.0,0.8455,2.736125,0.00032185379
296.0,0.845625,2.735375,0.00032185379
297.0,0.796875,2.705125,0.00032192556
297.0,0.796625,2.7055,0.00032192556
297.0,0.79675,2.7055,0.00032192556
297.0,0.797125,2.70525,0.00032192556
297.0,0.797125,2.70475,0.00032192556
297.0,0.796875,2.704875,0.00032192556
297.0,0.796875,2.705625,0.00032192556
297.0,0.7965,2.705375,0.00032192556
297.0,0.7965,2.705375,0.00032192556
297.0,0.79675,2.70575,0.00032192556
297.0,0.796625,2.706125,0.00032192556
297.0,0.7965,2.706125,0.00032192556
297.0,0.796375,2.7065,0.00032192556
297.0,0.796875,2.706875,0.00032192556
297.0,0.797,2.7065,0.00032192556
297.0,0.79675,2.70575,0.00032192556
297.0,0.796875,2.70525,0.00032192556
297.0,0.797,2.70525,0.00032192556
297.0,0.796625,2.7055,0.00032192556
297.0,0.79675,2.7055,0.00032192556
297.0,0.797,2.705125,0.00032192556
297.0,0.79675,2.704875,0.00032192556
297.0,0.79675,2.705375,0.00032192556
297.0,0.7965,2.7055,0.00032192556
297.0,0.7965,2.7055,0.00032192556
297.0,0.796375,2.70575,0.00032192556
297.0,0.7965,2.706,0.00032192556
297.0,0.7965,2.706125,0.00032192556
297.0,0.79625,2.70625,0.00032192556
297.0,0.79675,2.707,0.00032192556
297.0,0.796875,2.707125,0.00032192556
297.0,0.79675,2.706625,0.00032192556
297.0,0.79675,2.705625,0.00032192556
297.0,0.7965,2.70525,0.00032192556
297.0,0.79675,2.7055,0.00032192556
297.0,0.796875,2.705375,0.00032192556
297.0,0.79725,2.705375,0.00032192556
297.0,0.797375,2.705125,0.00032192556
297.0,0.796875,2.705125,0.00032192556
297.0,0.7965,2.7055,0.00032192556
297.0,0.7965,2.7055,0.00032192556
297.0,0.7965,2.705625,0.00032192556
297.0,0.7965,2.705875,0.00032192556
297.0,0.7965,2.70625,0.00032192556
297.0,0.7965,2.706375,0.00032192556
297.0,0.796625,2.7065,0.00032192556
297.0,0.796625,2.70675,0.00032192556
297.0,0.79725,2.70675,0.00032192556
297.0,0.797,2.706125,0.00032192556
297.0,0.796375,2.705125,0.00032192556
297.0,0.7965,2.705125,0.00032192556
297.0,0.7965,2.7055,0.00032192556
297.0,0.79675,2.7055,0.00032192556
297.0,0.797,2.705125,0.00032192556
297.0,0.797,2.704625,0.00032192556
297.0,0.796875,2.705125,0.00032192556
297.0,0.796625,2.70575,0.00032192556
297.0,0.796625,2.70575,0.00032192556
297.0,0.796375,2.70525,0.00032192556
297.0,0.79625,2.70575,0.00032192556
297.0,0.796625,2.706,0.00032192556
297.0,0.79625,2.706,0.00032192556
297.0,0.79625,2.706375,0.00032192556
297.0,0.7965,2.706875,0.00032192556
297.0,0.79675,2.70675,0.00032192556
297.0,0.796875,2.706125,0.00032192556
297.0,0.796875,2.7055,0.00032192556
297.0,0.796875,2.705375,0.00032192556
297.0,0.797,2.705625,0.00032192556
297.0,0.797,2.705625,0.00032192556
297.0,0.797,2.705125,0.00032192556
297.0,0.796875,2.704875,0.00032192556
297.0,0.7965,2.70525,0.00032192556
297.0,0.7965,2.70525,0.00032192556
297.0,0.79625,2.705625,0.00032192556
297.0,0.796,2.70575,0.00032192556
297.0,0.79625,2.706125,0.00032192556
297.0,0.7965,2.706375,0.00032192556
297.0,0.796125,2.70625,0.00032192556
297.0,0.796125,2.70675,0.00032192556
297.0,0.796125,2.707,0.00032192556
297.0,0.796625,2.7065,0.00032192556
297.0,0.79625,2.70575,0.00032192556
297.0,0.796875,2.7055,0.00032192556
297.0,0.79675,2.70575,0.00032192556
297.0,0.79675,2.705875,0.00032192556
297.0,0.797375,2.705875,0.00032192556
297.0,0.797125,2.70525,0.00032192556
297.0,0.7965,2.705,0.00032192556
297.0,0.7965,2.705,0.00032192556
297.0,0.7965,2.705625,0.00032192556
297.0,0.796375,2.70575,0.00032192556
297.0,0.79625,2.705625,0.00032192556
297.0,0.796375,2.706,0.00032192556
297.0,0.7965,2.706125,0.00032192556
297.0,0.796375,2.706375,0.00032192556
297.0,0.796625,2.70675,0.00032192556
297.0,0.796625,2.70675,0.00032192556
297.0,0.7965,2.706375,0.00032192556
297.0,0.79675,2.705625,0.00032192556
297.0,0.796625,2.70525,0.00032192556
297.0,0.796375,2.7055,0.00032192556
297.0,0.7965,2.705625,0.00032192556
297.0,0.7965,2.7055,0.00032192556
297.0,0.79675,2.705,0.00032192556
297.0,0.79675,2.705,0.00032192556
297.0,0.796625,2.705125,0.00032192556
297.0,0.7965,2.7055,0.00032192556
297.0,0.795875,2.705375,0.00032192556
297.0,0.796125,2.70575,0.00032192556
297.0,0.796125,2.70625,0.00032192556
297.0,0.796375,2.706125,0.00032192556
297.0,0.796375,2.706375,0.00032192556
297.0,0.7965,2.706875,0.00032192556
297.0,0.79675,2.706875,0.00032192556
297.0,0.796875,2.706,0.00032192556
297.0,0.797,2.7055,0.00032192556
297.0,0.797,2.7055,0.00032192556
297.0,0.79675,2.705625,0.00032192556
297.0,0.79675,2.705625,0.00032192556
297.0,0.796875,2.70525,0.00032192556
297.0,0.796875,2.70525,0.00032192556
297.0,0.796625,2.705,0.00032192556
297.0,0.79675,2.705375,0.00032192556
297.0,0.796375,2.70575,0.00032192556
297.0,0.79625,2.705625,0.00032192556
297.0,0.796625,2.706,0.00032192556
297.0,0.7965,2.706125,0.00032192556
297.0,0.7965,2.706125,0.00032192556
297.0,0.796875,2.706625,0.00032192556
297.0,0.79725,2.707,0.00032192556
297.0,0.79675,2.70675,0.00032192556
297.0,0.796625,2.705875,0.00032192556
297.0,0.796625,2.705375,0.00032192556
297.0,0.796375,2.7055,0.00032192556
297.0,0.796625,2.705875,0.00032192556
297.0,0.79675,2.70575,0.00032192556
297.0,0.797125,2.70575,0.00032192556
297.0,0.797125,2.705125,0.00032192556
297.0,0.797125,2.704875,0.00032192556
297.0,0.79675,2.70575,0.00032192556
297.0,0.796625,2.705875,0.00032192556
297.0,0.7965,2.705625,0.00032192556
297.0,0.796375,2.706125,0.00032192556
297.0,0.79625,2.70625,0.00032192556
297.0,0.796,2.706375,0.00032192556
297.0,0.796,2.70675,0.00032192556
297.0,0.796375,2.70675,0.00032192556
297.0,0.796375,2.706375,0.00032192556
297.0,0.7965,2.705625,0.00032192556
297.0,0.796625,2.70525,0.00032192556
297.0,0.796625,2.705625,0.00032192556
297.0,0.796875,2.70575,0.00032192556
297.0,0.797125,2.7055,0.00032192556
297.0,0.797125,2.7055,0.00032192556
297.0,0.796875,2.704875,0.00032192556
297.0,0.796625,2.70525,0.00032192556
297.0,0.796875,2.70575,0.00032192556
297.0,0.79675,2.70575,0.00032192556
297.0,0.7965,2.705875,0.00032192556
297.0,0.79625,2.70625,0.00032192556
297.0,0.7965,2.70625,0.00032192556
297.0,0.796625,2.7065,0.00032192556
297.0,0.796625,2.707,0.00032192556
297.0,0.79675,2.70675,0.00032192556
297.0,0.796625,2.70625,0.00032192556
297.0,0.7965,2.7055,0.00032192556
297.0,0.796875,2.705625,0.00032192556
297.0,0.796625,2.706,0.00032192556
298.0,0.74875,2.67425,0.000321985135
298.0,0.749,2.67375,0.000321985135
298.0,0.748875,2.67375,0.000321985135
298.0,0.748625,2.67425,0.000321985135
298.0,0.7485,2.674625,0.000321985135
298.0,0.748375,2.6745,0.000321985135
298.0,0.7485,2.674875,0.000321985135
298.0,0.7485,2.675,0.000321985135
298.0,0.7485,2.675,0.000321985135
298.0,0.74825,2.675,0.000321985135
298.0,0.748125,2.6755,0.000321985135
298.0,0.748875,2.675625,0.000321985135
298.0,0.748875,2.675125,0.000321985135
298.0,0.749125,2.674375,0.000321985135
298.0,0.749125,2.674,0.000321985135
298.0,0.749125,2.67425,0.000321985135
298.0,0.74875,2.674375,0.000321985135
298.0,0.749,2.67425,0.000321985135
298.0,0.749,2.67375,0.000321985135
298.0,0.748875,2.67375,0.000321985135
298.0,0.748625,2.674625,0.000321985135
298.0,0.748625,2.6745,0.000321985135
298.0,0.7485,2.674625,0.000321985135
298.0,0.748625,2.674875,0.000321985135
298.0,0.74875,2.674875,0.000321985135
298.0,0.74875,2.674875,0.000321985135
298.0,0.748625,2.675125,0.000321985135
298.0,0.74875,2.675625,0.000321985135
298.0,0.748875,2.6755,0.000321985135
298.0,0.748875,2.674875,0.000321985135
298.0,0.749,2.67425,0.000321985135
298.0,0.749125,2.674,0.000321985135
298.0,0.749,2.67425,0.000321985135
298.0,0.748875,2.674375,0.000321985135
298.0,0.749,2.674,0.000321985135
298.0,0.748875,2.67375,0.000321985135
298.0,0.748625,2.67425,0.000321985135
298.0,0.748625,2.674625,0.000321985135
298.0,0.7485,2.674625,0.000321985135
298.0,0.7485,2.67475,0.000321985135
298.0,0.74875,2.674875,0.000321985135
298.0,0.74875,2.674875,0.000321985135
298.0,0.748875,2.674875,0.000321985135
298.0,0.7485,2.675375,0.000321985135
298.0,0.74825,2.675625,0.000321985135
298.0,0.74875,2.675625,0.000321985135
298.0,0.74875,2.67475,0.000321985135
298.0,0.748875,2.674,0.000321985135
298.0,0.749125,2.674,0.000321985135
298.0,0.74875,2.674375,0.000321985135
298.0,0.749,2.67425,0.000321985135
298.0,0.748875,2.67375,0.000321985135
298.0,0.748875,2.67375,0.000321985135
298.0,0.74875,2.674125,0.000321985135
298.0,0.74825,2.6745,0.000321985135
298.0,0.7485,2.674375,0.000321985135
298.0,0.7485,2.674875,0.000321985135
298.0,0.7485,2.674875,0.000321985135
298.0,0.7485,2.675,0.000321985135
298.0,0.74875,2.675,0.000321985135
298.0,0.748625,2.675375,0.000321985135
298.0,0.74875,2.6755,0.000321985135
298.0,0.749,2.675125,0.000321985135
298.0,0.74925,2.6745,0.000321985135
298.0,0.749125,2.674125,0.000321985135
298.0,0.748875,2.674375,0.000321985135
298.0,0.748875,2.674375,0.000321985135
298.0,0.749,2.674,0.000321985135
298.0,0.74925,2.67375,0.000321985135
298.0,0.74875,2.674,0.000321985135
298.0,0.748875,2.6745,0.000321985135
298.0,0.748625,2.674375,0.000321985135
298.0,0.748375,2.6745,0.000321985135
298.0,0.748375,2.6745,0.000321985135
298.0,0.748375,2.674875,0.000321985135
298.0,0.748625,2.674875,0.000321985135
298.0,0.748625,2.675,0.000321985135
298.0,0.7485,2.6755,0.000321985135
298.0,0.748625,2.675375,0.000321985135
298.0,0.749125,2.675,0.000321985135
298.0,0.749,2.674,0.000321985135
298.0,0.748875,2.67375,0.000321985135
298.0,0.748375,2.674375,0.000321985135
298.0,0.749,2.6745,0.000321985135
298.0,0.749375,2.674125,0.000321985135
298.0,0.749,2.673875,0.000321985135
298.0,0.748875,2.674125,0.000321985135
298.0,0.748625,2.6745,0.000321985135
298.0,0.748375,2.674625,0.000321985135
298.0,0.748375,2.674625,0.000321985135
298.0,0.748375,2.675,0.000321985135
298.0,0.74825,2.675,0.000321985135
298.0,0.748375,2.674875,0.000321985135
298.0,0.748875,2.67525,0.000321985135
298.0,0.749125,2.67575,0.000321985135
298.0,0.748875,2.6755,0.000321985135
298.0,0.748875,2.674875,0.000321985135
298.0,0.749,2.67425,0.000321985135
298.0,0.749125,2.674125,0.000321985135
298.0,0.749,2.674375,0.000321985135
298.0,0.749,2.674375,0.000321985135
298.0,0.749125,2.673875,0.000321985135
298.0,0.749125,2.67375,0.000321985135
298.0,0.748875,2.674375,0.000321985135
298.0,0.749,2.674875,0.000321985135
298.0,0.749,2.674375,0.000321985135
298.0,0.74875,2.674375,0.000321985135
298.0,0.748625,2.67475,0.000321985135
298.0,0.748375,2.674875,0.000321985135
298.0,0.748375,2.675,0.000321985135
298.0,0.7485,2.675375,0.000321985135
298.0,0.749125,2.6755,0.000321985135
298.0,0.749125,2.67525,0.000321985135
298.0,0.74875,2.6745,0.000321985135
298.0,0.748875,2.673875,0.000321985135
298.0,0.749,2.67425,0.000321985135
298.0,0.749,2.674375,0.000321985135
298.0,0.749,2.674125,0.000321985135
298.0,0.749,2.67375,0.000321985135
298.0,0.749125,2.673875,0.000321985135
298.0,0.748875,2.674375,0.000321985135
298.0,0.7485,2.674375,0.000321985135
298.0,0.7485,2.674375,0.000321985135
298.0,0.748375,2.674375,0.000321985135
298.0,0.748625,2.674875,0.000321985135
298.0,0.74875,2.674875,0.000321985135
298.0,0.748625,2.674875,0.000321985135
298.0,0.74925,2.675625,0.000321985135
298.0,0.749375,2.67575,0.000321985135
298.0,0.749,2.67525,0.000321985135
298.0,0.748875,2.674375,0.000321985135
298.0,0.74875,2.674125,0.000321985135
298.0,0.74875,2.674375,0.000321985135
298.0,0.748625,2.674375,0.000321985135
298.0,0.749,2.674,0.000321985135
298.0,0.749,2.673625,0.000321985135
298.0,0.749,2.674,0.000321985135
298.0,0.749125,2.674625,0.000321985135
298.0,0.749125,2.674625,0.000321985135
298.0,0.74875,2.6745,0.000321985135
298.0,0.748375,2.674875,0.000321985135
298.0,0.7485,2.675125,0.000321985135
298.0,0.74875,2.674875,0.000321985135
298.0,0.748875,2.675375,0.000321985135
298.0,0.74875,2.675625,0.000321985135
298.0,0.749,2.67525,0.000321985135
298.0,0.749125,2.67475,0.000321985135
298.0,0.749125,2.674125,0.000321985135
298.0,0.749,2.674,0.000321985135
298.0,0.74875,2.674375,0.000321985135
298.0,0.749,2.67425,0.000321985135
298.0,0.749125,2.673875,0.000321985135
298.0,0.748875,2.67375,0.000321985135
298.0,0.748875,2.674125,0.000321985135
298.0,0.748875,2.674125,0.000321985135
298.0,0.748875,2.6745,0.000321985135
298.0,0.7485,2.674375,0.000321985135
298.0,0.7485,2.674625,0.000321985135
298.0,0.74875,2.67475,0.000321985135
298.0,0.7485,2.674875,0.000321985135
298.0,0.7485,2.675625,0.000321985135
298.0,0.74875,2.67575,0.000321985135
298.0,0.749,2.67525,0.000321985135
298.0,0.74875,2.6745,0.000321985135
298.0,0.74875,2.673875,0.000321985135
298.0,0.7485,2.674125,0.000321985135
298.0,0.74875,2.67425,0.000321985135
298.0,0.749,2.674,0.000321985135
298.0,0.749375,2.673625,0.000321985135
299.0,0.703,2.6425,0.000321855827
299.0,0.703,2.641875,0.000321855827
299.0,0.702875,2.642,0.000321855827
299.0,0.702625,2.642125,0.000321855827
299.0,0.703125,2.642125,0.000321855827
299.0,0.70325,2.64175,0.000321855827
299.0,0.703125,2.641625,0.000321855827
299.0,0.703375,2.642125,0.000321855827
299.0,0.703375,2.642125,0.000321855827
299.0,0.70275,2.64225,0.000321855827
299.0,0.70225,2.642125,0.000321855827
299.0,0.70225,2.6425,0.000321855827
299.0,0.702625,2.64275,0.000321855827
299.0,0.70275,2.64275,0.000321855827
299.0,0.702625,2.642875,0.000321855827
299.0,0.702625,2.643,0.000321855827
299.0,0.702875,2.643,0.000321855827
299.0,0.703,2.64225,0.000321855827
299.0,0.703,2.64175,0.000321855827
299.0,0.70275,2.641875,0.000321855827
299.0,0.7025,2.642,0.000321855827
299.0,0.70275,2.642125,0.000321855827
299.0,0.70275,2.641625,0.000321855827
299.0,0.702625,2.641375,0.000321855827
299.0,0.702625,2.641375,0.000321855827
299.0,0.7025,2.642,0.000321855827
299.0,0.7025,2.642125,0.000321855827
299.0,0.702375,2.642125,0.000321855827
299.0,0.70275,2.642375,0.000321855827
299.0,0.70275,2.642375,0.000321855827
299.0,0.7025,2.642625,0.000321855827
299.0,0.70225,2.64325,0.000321855827
299.0,0.70275,2.643125,0.000321855827
299.0,0.70275,2.642625,0.000321855827
299.0,0.70275,2.642,0.000321855827
299.0,0.70325,2.641625,0.000321855827
299.0,0.70275,2.64175,0.000321855827
299.0,0.702375,2.642,0.000321855827
299.0,0.702625,2.641875,0.000321855827
299.0,0.70275,2.6415,0.000321855827
299.0,0.70275,2.6415,0.000321855827
299.0,0.702625,2.6415,0.000321855827
299.0,0.702875,2.642125,0.000321855827
299.0,0.70275,2.642125,0.000321855827
299.0,0.70275,2.6425,0.000321855827
299.0,0.702875,2.64275,0.000321855827
299.0,0.702875,2.642625,0.000321855827
299.0,0.703,2.643,0.000321855827
299.0,0.702875,2.643375,0.000321855827
299.0,0.703,2.64325,0.000321855827
299.0,0.70275,2.64275,0.000321855827
299.0,0.7025,2.641875,0.000321855827
299.0,0.70275,2.64175,0.000321855827
299.0,0.70275,2.642,0.000321855827
299.0,0.702625,2.642125,0.000321855827
299.0,0.702875,2.641875,0.000321855827
299.0,0.703,2.6415,0.000321855827
299.0,0.703,2.6415,0.000321855827
299.0,0.702875,2.64175,0.000321855827
299.0,0.702375,2.642,0.000321855827
299.0,0.70225,2.641875,0.000321855827
299.0,0.7025,2.642375,0.000321855827
299.0,0.7025,2.642625,0.000321855827
299.0,0.702375,2.642625,0.000321855827
299.0,0.702375,2.642875,0.000321855827
299.0,0.702625,2.64325,0.000321855827
299.0,0.70275,2.643,0.000321855827
299.0,0.702625,2.64225,0.000321855827
299.0,0.703,2.64175,0.000321855827
299.0,0.703375,2.64175,0.000321855827
299.0,0.703,2.641875,0.000321855827
299.0,0.703125,2.64175,0.000321855827
299.0,0.703125,2.641375,0.000321855827
299.0,0.703125,2.641375,0.000321855827
299.0,0.703125,2.641375,0.000321855827
299.0,0.702875,2.642,0.000321855827
299.0,0.702875,2.642125,0.000321855827
299.0,0.702875,2.642125,0.000321855827
299.0,0.702625,2.64225,0.000321855827
299.0,0.70225,2.64225,0.000321855827
299.0,0.7025,2.64225,0.000321855827
299.0,0.702125,2.643,0.000321855827
299.0,0.70275,2.643125,0.000321855827
299.0,0.70275,2.64275,0.000321855827
299.0,0.702875,2.642,0.000321855827
299.0,0.70325,2.6415,0.000321855827
299.0,0.703125,2.641625,0.000321855827
299.0,0.703375,2.642,0.000321855827
299.0,0.703375,2.64175,0.000321855827
299.0,0.703375,2.64175,0.000321855827
299.0,0.703125,2.6415,0.000321855827
299.0,0.702875,2.6415,0.000321855827
299.0,0.702125,2.641875,0.000321855827
299.0,0.702125,2.641875,0.000321855827
299.0,0.7025,2.64225,0.000321855827
299.0,0.702375,2.64275,0.000321855827
299.0,0.702125,2.64275,0.000321855827
299.0,0.702375,2.643,0.000321855827
299.0,0.702875,2.64325,0.000321855827
299.0,0.703,2.64325,0.000321855827
299.0,0.703,2.642625,0.000321855827
299.0,0.703,2.642,0.000321855827
299.0,0.702875,2.641875,0.000321855827
299.0,0.702625,2.642,0.000321855827
299.0,0.702875,2.642,0.000321855827
299.0,0.702875,2.642,0.000321855827
299.0,0.703125,2.6415,0.000321855827
299.0,0.703,2.64125,0.000321855827
299.0,0.702625,2.641875,0.000321855827
299.0,0.702625,2.642125,0.000321855827
299.0,0.702625,2.642125,0.000321855827
299.0,0.702625,2.6425,0.000321855827
299.0,0.70275,2.6425,0.000321855827
299.0,0.70275,2.642375,0.000321855827
299.0,0.702625,2.64275,0.000321855827
299.0,0.703125,2.6435,0.000321855827
299.0,0.703125,2.643,0.000321855827
299.0,0.702875,2.64225,0.000321855827
299.0,0.703,2.64175,0.000321855827
299.0,0.703125,2.642,0.000321855827
299.0,0.702875,2.642,0.000321855827
299.0,0.702875,2.642,0.000321855827
299.0,0.702875,2.64175,0.000321855827
299.0,0.703125,2.64125,0.000321855827
299.0,0.703375,2.641375,0.000321855827
299.0,0.703125,2.642,0.000321855827
299.0,0.702625,2.64225,0.000321855827
299.0,0.7025,2.642125,0.000321855827
299.0,0.7025,2.642375,0.000321855827
299.0,0.702375,2.642375,0.000321855827
299.0,0.702375,2.642625,0.000321855827
299.0,0.702625,2.643,0.000321855827
299.0,0.702625,2.64325,0.000321855827
299.0,0.70275,2.642625,0.000321855827
299.0,0.703,2.641875,0.000321855827
299.0,0.703375,2.641625,0.000321855827
299.0,0.703,2.642,0.000321855827
299.0,0.703,2.642,0.000321855827
299.0,0.702625,2.642125,0.000321855827
299.0,0.702875,2.641875,0.000321855827
299.0,0.70275,2.641625,0.000321855827
299.0,0.702625,2.641625,0.000321855827
299.0,0.7025,2.642125,0.000321855827
299.0,0.7025,2.642125,0.000321855827
299.0,0.702625,2.642375,0.000321855827
299.0,0.7025,2.6425,0.000321855827
299.0,0.702375,2.6425,0.000321855827
299.0,0.702375,2.64275,0.000321855827
299.0,0.702625,2.643375,0.000321855827
299.0,0.702875,2.64325,0.000321855827
299.0,0.702875,2.6425,0.000321855827
299.0,0.70275,2.641625,0.000321855827
299.0,0.703,2.6415,0.000321855827
299.0,0.7025,2.642,0.000321855827
299.0,0.7025,2.642,0.000321855827
299.0,0.702625,2.642125,0.000321855827
299.0,0.702625,2.642,0.000321855827
299.0,0.703,2.641375,0.000321855827
299.0,0.702875,2.64175,0.000321855827
299.0,0.702625,2.642,0.000321855827
299.0,0.70275,2.642,0.000321855827
299.0,0.702875,2.642375,0.000321855827
299.0,0.702625,2.642625,0.000321855827
299.0,0.70225,2.6425,0.000321855827
299.0,0.7025,2.642875,0.000321855827
299.0,0.703125,2.643375,0.000321855827
299.0,0.70325,2.643,0.000321855827
299.0,0.702875,2.64225,0.000321855827
299.0,0.70275,2.641875,0.000321855827
300.0,0.65725,2.608375,0.000322082051
300.0,0.657,2.608125,0.000322082051
300.0,0.657,2.6085,0.000322082051
300.0,0.65725,2.60875,0.000322082051
300.0,0.657125,2.608625,0.000322082051
300.0,0.657,2.609125,0.000322082051
300.0,0.657125,2.609375,0.000322082051
300.0,0.657125,2.609,0.000322082051
300.0,0.657125,2.609,0.000322082051
300.0,0.656625,2.60825,0.000322082051
300.0,0.657,2.607625,0.000322082051
300.0,0.65725,2.60775,0.000322082051
300.0,0.657125,2.607875,0.000322082051
300.0,0.65725,2.608,0.000322082051
300.0,0.6575,2.6075,0.000322082051
300.0,0.657625,2.607625,0.000322082051
300.0,0.657375,2.608125,0.000322082051
300.0,0.657125,2.608,0.000322082051
300.0,0.657125,2.607875,0.000322082051
300.0,0.657,2.608375,0.000322082051
300.0,0.65675,2.6085,0.000322082051
300.0,0.65675,2.608625,0.000322082051
300.0,0.65675,2.609125,0.000322082051
300.0,0.657125,2.609125,0.000322082051
300.0,0.657125,2.609125,0.000322082051
300.0,0.65725,2.608625,0.000322082051
300.0,0.6575,2.607875,0.000322082051
300.0,0.657875,2.6075,0.000322082051
300.0,0.6575,2.607875,0.000322082051
300.0,0.657125,2.608,0.000322082051
300.0,0.657375,2.607875,0.000322082051
300.0,0.6575,2.607375,0.000322082051
300.0,0.65725,2.6075,0.000322082051
300.0,0.656875,2.607875,0.000322082051
300.0,0.656625,2.608125,0.000322082051
300.0,0.656875,2.608125,0.000322082051
300.0,0.65725,2.608375,0.000322082051
300.0,0.657375,2.6085,0.000322082051
300.0,0.657375,2.60875,0.000322082051
300.0,0.6575,2.609375,0.000322082051
300.0,0.6575,2.60925,0.000322082051
300.0,0.65775,2.60925,0.000322082051
300.0,0.657625,2.608625,0.000322082051
300.0,0.65725,2.608,0.000322082051
300.0,0.65725,2.607875,0.000322082051
300.0,0.65675,2.608125,0.000322082051
300.0,0.657125,2.608125,0.000322082051
300.0,0.657375,2.607875,0.000322082051
300.0,0.65725,2.6075,0.000322082051
300.0,0.657375,2.608,0.000322082051
300.0,0.65725,2.6085,0.000322082051
300.0,0.657125,2.608125,0.000322082051
300.0,0.656875,2.608375,0.000322082051
300.0,0.657125,2.60875,0.000322082051
300.0,0.65675,2.608625,0.000322082051
300.0,0.65675,2.609,0.000322082051
300.0,0.657625,2.609375,0.000322082051
300.0,0.657625,2.609375,0.000322082051
300.0,0.657625,2.609125,0.000322082051
300.0,0.657625,2.608625,0.000322082051
300.0,0.6575,2.608,0.000322082051
300.0,0.65725,2.608,0.000322082051
300.0,0.65725,2.608,0.000322082051
300.0,0.657375,2.608,0.000322082051
300.0,0.65775,2.6075,0.000322082051
300.0,0.657375,2.607625,0.000322082051
300.0,0.657375,2.607875,0.000322082051
300.0,0.657375,2.608125,0.000322082051
300.0,0.65725,2.608125,0.000322082051
300.0,0.657125,2.6085,0.000322082051
300.0,0.657375,2.608875,0.000322082051
300.0,0.657375,2.60875,0.000322082051
300.0,0.657625,2.608875,0.000322082051
300.0,0.657625,2.608875,0.000322082051
300.0,0.657875,2.609125,0.000322082051
300.0,0.65775,2.608875,0.000322082051
300.0,0.657625,2.60825,0.000322082051
300.0,0.657375,2.607625,0.000322082051
300.0,0.657125,2.60775,0.000322082051
300.0,0.657125,2.608,0.000322082051
300.0,0.657625,2.607875,0.000322082051
300.0,0.65775,2.607375,0.000322082051
300.0,0.657875,2.6075,0.000322082051
300.0,0.6575,2.60825,0.000322082051
300.0,0.657125,2.608375,0.000322082051
300.0,0.65725,2.60825,0.000322082051
300.0,0.65675,2.6085,0.000322082051
300.0,0.65675,2.6085,0.000322082051
300.0,0.656875,2.60875,0.000322082051
300.0,0.656875,2.60875,0.000322082051
300.0,0.656875,2.60925,0.000322082051
300.0,0.656875,2.60925,0.000322082051
300.0,0.656875,2.6085,0.000322082051
300.0,0.657125,2.608,0.000322082051
300.0,0.657,2.60775,0.000322082051
300.0,0.656875,2.608,0.000322082051
300.0,0.656875,2.608125,0.000322082051
300.0,0.657625,2.60775,0.000322082051
300.0,0.65775,2.60725,0.000322082051
300.0,0.657375,2.607625,0.000322082051
300.0,0.65725,2.608,0.000322082051
300.0,0.657125,2.607625,0.000322082051
300.0,0.65725,2.608,0.000322082051
300.0,0.657125,2.6085,0.000322082051
300.0,0.657125,2.608375,0.000322082051
300.0,0.657125,2.608375,0.000322082051
300.0,0.656625,2.608625,0.000322082051
300.0,0.65675,2.609125,0.000322082051
300.0,0.65725,2.609,0.000322082051
300.0,0.657375,2.608375,0.000322082051
300.0,0.65775,2.60775,0.000322082051
300.0,0.657375,2.6075,0.000322082051
300.0,0.657125,2.608,0.000322082051
300.0,0.6575,2.608,0.000322082051
300.0,0.657625,2.607625,0.000322082051
300.0,0.657875,2.607375,0.000322082051
300.0,0.657375,2.608,0.000322082051
300.0,0.657,2.60825,0.000322082051
300.0,0.656875,2.608125,0.000322082051
300.0,0.657,2.608375,0.000322082051
300.0,0.657125,2.608625,0.000322082051
300.0,0.657125,2.608625,0.000322082051
300.0,0.65725,2.608625,0.000322082051
300.0,0.657375,2.609125,0.000322082051
300.0,0.657625,2.60925,0.000322082051
300.0,0.657375,2.608875,0.000322082051
300.0,0.657375,2.608125,0.000322082051
300.0,0.657875,2.607875,0.000322082051
300.0,0.657375,2.607875,0.000322082051
300.0,0.657375,2.608125,0.000322082051
300.0,0.6575,2.608125,0.000322082051
300.0,0.657,2.607625,0.000322082051
300.0,0.657125,2.6075,0.000322082051
300.0,0.656875,2.608,0.000322082051
300.0,0.657125,2.608125,0.000322082051
300.0,0.65675,2.60825,0.000322082051
300.0,0.656875,2.608625,0.000322082051
300.0,0.656875,2.60875,0.000322082051
300.0,0.65675,2.60875,0.000322082051
300.0,0.65675,2.608875,0.000322082051
300.0,0.657,2.60925,0.000322082051
300.0,0.6575,2.609375,0.000322082051
300.0,0.657375,2.609,0.000322082051
300.0,0.65725,2.608125,0.000322082051
300.0,0.657,2.60775,0.000322082051
300.0,0.657,2.608,0.000322082051
300.0,0.657375,2.60825,0.000322082051
300.0,0.65725,2.607875,0.000322082051
300.0,0.657625,2.6075,0.000322082051
300.0,0.657125,2.60775,0.000322082051
300.0,0.65725,2.608,0.000322082051
300.0,0.657,2.608,0.000322082051
300.0,0.657125,2.60825,0.000322082051
300.0,0.6575,2.608625,0.000322082051
300.0,0.6575,2.608625,0.000322082051
300.0,0.65725,2.608625,0.000322082051
300.0,0.65725,2.60875,0.000322082051
300.0,0.65725,2.6095,0.000322082051
300.0,0.657375,2.609375,0.000322082051
300.0,0.6575,2.6085,0.000322082051
300.0,0.657625,2.608,0.000322082051
300.0,0.657625,2.608,0.000322082051
300.0,0.65725,2.60825,0.000322082051
300.0,0.657375,2.608125,0.000322082051
300.0,0.657,2.60775,0.000322082051
300.0,0.657375,2.607375,0.000322082051
300.0,0.6575,2.607875,0.000322082051
300.0,0.657375,2.608375,0.000322082051
300.0,0.657125,2.60825,0.000322082051
301.0,0.613,2.572,0.000322082808
301.0,0.613,2.572875,0.000322082808
301.0,0.613125,2.57275,0.000322082808
301.0,0.613,2.572875,0.000322082808
301.0,0.613,2.57325,0.000322082808
301.0,0.61325,2.573125,0.000322082808
301.0,0.613,2.5735,0.000322082808
301.0,0.613,2.573875,0.000322082808
301.0,0.613,2.573875,0.000322082808
301.0,0.61325,2.57375,0.000322082808
301.0,0.613125,2.57325,0.000322082808
301.0,0.613125,2.5725,0.000322082808
301.0,0.61325,2.57225,0.000322082808
301.0,0.613125,2.5725,0.000322082808
301.0,0.6135,2.5725,0.000322082808
301.0,0.613625,2.572125,0.000322082808
301.0,0.613375,2.572,0.000322082808
301.0,0.613125,2.572375,0.000322082808
301.0,0.612625,2.57275,0.000322082808
301.0,0.612375,2.57275,0.000322082808
301.0,0.612875,2.573,0.000322082808
301.0,0.613125,2.573125,0.000322082808
301.0,0.613,2.573125,0.000322082808
301.0,0.61275,2.573375,0.000322082808
301.0,0.61275,2.573375,0.000322082808
301.0,0.612875,2.573875,0.000322082808
301.0,0.612875,2.573625,0.000322082808
301.0,0.613125,2.573,0.000322082808
301.0,0.61275,2.572625,0.000322082808
301.0,0.612875,2.5725,0.000322082808
301.0,0.612625,2.572625,0.000322082808
301.0,0.613125,2.5725,0.000322082808
301.0,0.613375,2.57225,0.000322082808
301.0,0.6135,2.572,0.000322082808
301.0,0.61325,2.572375,0.000322082808
301.0,0.613,2.572875,0.000322082808
301.0,0.613375,2.572875,0.000322082808
301.0,0.613125,2.572875,0.000322082808
301.0,0.61325,2.573,0.000322082808
301.0,0.61325,2.57325,0.000322082808
301.0,0.613375,2.57325,0.000322082808
301.0,0.613375,2.573625,0.000322082808
301.0,0.6135,2.57375,0.000322082808
301.0,0.613375,2.573375,0.000322082808
301.0,0.613125,2.57275,0.000322082808
301.0,0.6135,2.57225,0.000322082808
301.0,0.61325,2.572375,0.000322082808
301.0,0.613125,2.5725,0.000322082808
301.0,0.612875,2.572375,0.000322082808
301.0,0.613625,2.572125,0.000322082808
301.0,0.613625,2.572125,0.000322082808
301.0,0.613125,2.572625,0.000322082808
301.0,0.613,2.57275,0.000322082808
301.0,0.612875,2.572875,0.000322082808
301.0,0.61325,2.573125,0.000322082808
301.0,0.613,2.573125,0.000322082808
301.0,0.612375,2.573375,0.000322082808
301.0,0.612375,2.573375,0.000322082808
301.0,0.612625,2.574,0.000322082808
301.0,0.613,2.57375,0.000322082808
301.0,0.612875,2.57325,0.000322082808
301.0,0.613125,2.5725,0.000322082808
301.0,0.61325,2.572125,0.000322082808
301.0,0.61325,2.5725,0.000322082808
301.0,0.61325,2.572625,0.000322082808
301.0,0.6135,2.57225,0.000322082808
301.0,0.613375,2.572,0.000322082808
301.0,0.613125,2.57225,0.000322082808
301.0,0.61275,2.57275,0.000322082808
301.0,0.612625,2.572875,0.000322082808
301.0,0.612375,2.572875,0.000322082808
301.0,0.61275,2.57325,0.000322082808
301.0,0.612875,2.573125,0.000322082808
301.0,0.612875,2.573125,0.000322082808
301.0,0.613125,2.573375,0.000322082808
301.0,0.613,2.57375,0.000322082808
301.0,0.61275,2.5735,0.000322082808
301.0,0.612875,2.573,0.000322082808
301.0,0.61325,2.57225,0.000322082808
301.0,0.613375,2.5725,0.000322082808
301.0,0.613125,2.572625,0.000322082808
301.0,0.613125,2.572625,0.000322082808
301.0,0.61375,2.57225,0.000322082808
301.0,0.6135,2.572125,0.000322082808
301.0,0.613,2.5725,0.000322082808
301.0,0.612875,2.57275,0.000322082808
301.0,0.61275,2.57275,0.000322082808
301.0,0.612625,2.573125,0.000322082808
301.0,0.612875,2.573,0.000322082808
301.0,0.612875,2.573,0.000322082808
301.0,0.612625,2.573125,0.000322082808
301.0,0.612875,2.5735,0.000322082808
301.0,0.61325,2.573875,0.000322082808
301.0,0.613,2.573625,0.000322082808
301.0,0.61325,2.57275,0.000322082808
301.0,0.6135,2.572125,0.000322082808
301.0,0.6135,2.572375,0.000322082808
301.0,0.613,2.5725,0.000322082808
301.0,0.613125,2.5725,0.000322082808
301.0,0.613125,2.572125,0.000322082808
301.0,0.613125,2.572,0.000322082808
301.0,0.612625,2.57275,0.000322082808
301.0,0.613,2.572625,0.000322082808
301.0,0.61325,2.57275,0.000322082808
301.0,0.613,2.573125,0.000322082808
301.0,0.613,2.573125,0.000322082808
301.0,0.61325,2.573375,0.000322082808
301.0,0.613125,2.573625,0.000322082808
301.0,0.613125,2.573875,0.000322082808
301.0,0.61325,2.573625,0.000322082808
301.0,0.613125,2.573375,0.000322082808
301.0,0.613375,2.57275,0.000322082808
301.0,0.6135,2.5725,0.000322082808
301.0,0.613375,2.572625,0.000322082808
301.0,0.6135,2.572625,0.000322082808
301.0,0.613625,2.572375,0.000322082808
301.0,0.61325,2.57175,0.000322082808
301.0,0.61325,2.572125,0.000322082808
301.0,0.613,2.572875,0.000322082808
301.0,0.61275,2.57275,0.000322082808
301.0,0.613,2.572875,0.000322082808
301.0,0.613,2.572875,0.000322082808
301.0,0.612625,2.57325,0.000322082808
301.0,0.612625,2.57325,0.000322082808
301.0,0.61275,2.573625,0.000322082808
301.0,0.612875,2.573875,0.000322082808
301.0,0.612875,2.57375,0.000322082808
301.0,0.613125,2.573125,0.000322082808
301.0,0.61325,2.57225,0.000322082808
301.0,0.613,2.57225,0.000322082808
301.0,0.612875,2.572625,0.000322082808
301.0,0.612625,2.572625,0.000322082808
301.0,0.61325,2.57225,0.000322082808
301.0,0.61325,2.572125,0.000322082808
301.0,0.613125,2.5725,0.000322082808
301.0,0.6125,2.57275,0.000322082808
301.0,0.612625,2.572625,0.000322082808
301.0,0.612875,2.572625,0.000322082808
301.0,0.612875,2.573,0.000322082808
301.0,0.612875,2.573125,0.000322082808
301.0,0.61275,2.57325,0.000322082808
301.0,0.61275,2.5735,0.000322082808
301.0,0.613,2.57375,0.000322082808
301.0,0.612875,2.573375,0.000322082808
301.0,0.613125,2.572875,0.000322082808
301.0,0.613125,2.57225,0.000322082808
301.0,0.61325,2.572625,0.000322082808
301.0,0.612875,2.572875,0.000322082808
301.0,0.61325,2.57275,0.000322082808
301.0,0.613875,2.572375,0.000322082808
301.0,0.613875,2.572125,0.000322082808
301.0,0.613,2.57275,0.000322082808
301.0,0.612625,2.57275,0.000322082808
301.0,0.612875,2.57275,0.000322082808
301.0,0.612875,2.57275,0.000322082808
301.0,0.613,2.573125,0.000322082808
301.0,0.613,2.573125,0.000322082808
301.0,0.612625,2.573375,0.000322082808
301.0,0.613125,2.57375,0.000322082808
301.0,0.6135,2.573625,0.000322082808
301.0,0.61325,2.57325,0.000322082808
301.0,0.61325,2.572625,0.000322082808
301.0,0.6135,2.57225,0.000322082808
301.0,0.61325,2.572625,0.000322082808
301.0,0.613,2.572625,0.000322082808
301.0,0.61325,2.5725,0.000322082808
301.0,0.613125,2.572,0.000322082808
301.0,0.612875,2.57225,0.000322082808
301.0,0.612875,2.572875,0.000322082808
302.0,0.5695,2.535625,0.000322051987
302.0,0.569625,2.536125,0.000322051987
302.0,0.56975,2.536375,0.000322051987
302.0,0.5695,2.5365,0.000322051987
302.0,0.569875,2.536875,0.000322051987
302.0,0.569875,2.537125,0.000322051987
302.0,0.570125,2.536875,0.000322051987
302.0,0.570125,2.536375,0.000322051987
302.0,0.570125,2.536375,0.000322051987
302.0,0.569875,2.535625,0.000322051987
302.0,0.569875,2.535875,0.000322051987
302.0,0.56975,2.535875,0.000322051987
302.0,0.56975,2.53575,0.000322051987
302.0,0.56975,2.535375,0.000322051987
302.0,0.569625,2.53525,0.000322051987
302.0,0.569625,2.535875,0.000322051987
302.0,0.5695,2.536125,0.000322051987
302.0,0.569625,2.536125,0.000322051987
302.0,0.569625,2.536375,0.000322051987
302.0,0.56975,2.53625,0.000322051987
302.0,0.57,2.53625,0.000322051987
302.0,0.569875,2.536875,0.000322051987
302.0,0.569875,2.537,0.000322051987
302.0,0.569875,2.5365,0.000322051987
302.0,0.569875,2.5365,0.000322051987
302.0,0.57,2.53575,0.000322051987
302.0,0.569875,2.535375,0.000322051987
302.0,0.569625,2.53575,0.000322051987
302.0,0.5695,2.536,0.000322051987
302.0,0.570125,2.53575,0.000322051987
302.0,0.57025,2.535375,0.000322051987
302.0,0.57,2.5355,0.000322051987
302.0,0.569875,2.536,0.000322051987
302.0,0.56975,2.536,0.000322051987
302.0,0.5695,2.536125,0.000322051987
302.0,0.56975,2.536375,0.000322051987
302.0,0.569625,2.53625,0.000322051987
302.0,0.569375,2.5365,0.000322051987
302.0,0.56925,2.537,0.000322051987
302.0,0.56975,2.536875,0.000322051987
302.0,0.56975,2.536375,0.000322051987
302.0,0.5695,2.536375,0.000322051987
302.0,0.56975,2.535875,0.000322051987
302.0,0.57,2.5355,0.000322051987
302.0,0.569625,2.53575,0.000322051987
302.0,0.569625,2.53575,0.000322051987
302.0,0.56975,2.535375,0.000322051987
302.0,0.56975,2.53525,0.000322051987
302.0,0.56975,2.535625,0.000322051987
302.0,0.5695,2.536125,0.000322051987
302.0,0.5695,2.536125,0.000322051987
302.0,0.5695,2.536125,0.000322051987
302.0,0.569625,2.536375,0.000322051987
302.0,0.56975,2.536375,0.000322051987
302.0,0.569625,2.53675,0.000322051987
302.0,0.569875,2.53725,0.000322051987
302.0,0.56975,2.536625,0.000322051987
302.0,0.56975,2.536625,0.000322051987
302.0,0.5695,2.536125,0.000322051987
302.0,0.569625,2.5355,0.000322051987
302.0,0.5695,2.53575,0.000322051987
302.0,0.569625,2.535875,0.000322051987
302.0,0.56975,2.53575,0.000322051987
302.0,0.569875,2.53525,0.000322051987
302.0,0.569625,2.535375,0.000322051987
302.0,0.569625,2.535875,0.000322051987
302.0,0.5695,2.536,0.000322051987
302.0,0.5695,2.53575,0.000322051987
302.0,0.56925,2.536125,0.000322051987
302.0,0.569125,2.53625,0.000322051987
302.0,0.569375,2.5365,0.000322051987
302.0,0.569625,2.537125,0.000322051987
302.0,0.569875,2.537125,0.000322051987
302.0,0.569875,2.537125,0.000322051987
302.0,0.5695,2.53675,0.000322051987
302.0,0.569375,2.535875,0.000322051987
302.0,0.569625,2.535625,0.000322051987
302.0,0.569625,2.535875,0.000322051987
302.0,0.569875,2.536,0.000322051987
302.0,0.570125,2.535625,0.000322051987
302.0,0.57025,2.53525,0.000322051987
302.0,0.570125,2.535375,0.000322051987
302.0,0.569875,2.536,0.000322051987
302.0,0.569375,2.535875,0.000322051987
302.0,0.5695,2.536,0.000322051987
302.0,0.569625,2.536375,0.000322051987
302.0,0.5695,2.5365,0.000322051987
302.0,0.56925,2.53675,0.000322051987
302.0,0.569875,2.53725,0.000322051987
302.0,0.569875,2.53725,0.000322051987
302.0,0.56975,2.537,0.000322051987
302.0,0.56975,2.536625,0.000322051987
302.0,0.570125,2.536,0.000322051987
302.0,0.570125,2.53575,0.000322051987
302.0,0.570125,2.535875,0.000322051987
302.0,0.570125,2.536,0.000322051987
302.0,0.570125,2.53575,0.000322051987
302.0,0.569875,2.535375,0.000322051987
302.0,0.569625,2.53575,0.000322051987
302.0,0.569375,2.53625,0.000322051987
302.0,0.569375,2.536125,0.000322051987
302.0,0.569375,2.53625,0.000322051987
302.0,0.56975,2.5365,0.000322051987
302.0,0.5695,2.5365,0.000322051987
302.0,0.569625,2.53675,0.000322051987
302.0,0.569625,2.53675,0.000322051987
302.0,0.570125,2.537125,0.000322051987
302.0,0.57,2.53675,0.000322051987
302.0,0.5695,2.536125,0.000322051987
302.0,0.569875,2.535625,0.000322051987
302.0,0.57025,2.535875,0.000322051987
302.0,0.57,2.536,0.000322051987
302.0,0.569875,2.535875,0.000322051987
302.0,0.57,2.535625,0.000322051987
302.0,0.570125,2.5355,0.000322051987
302.0,0.5695,2.536,0.000322051987
302.0,0.569625,2.536125,0.000322051987
302.0,0.569625,2.536,0.000322051987
302.0,0.56975,2.536375,0.000322051987
302.0,0.5695,2.5365,0.000322051987
302.0,0.569625,2.5365,0.000322051987
302.0,0.569625,2.5365,0.000322051987
302.0,0.57,2.53675,0.000322051987
302.0,0.570125,2.537125,0.000322051987
302.0,0.57,2.53675,0.000322051987
302.0,0.569875,2.536,0.000322051987
302.0,0.570125,2.535625,0.000322051987
302.0,0.569625,2.535875,0.000322051987
302.0,0.5695,2.535875,0.000322051987
302.0,0.569625,2.535625,0.000322051987
302.0,0.569875,2.535125,0.000322051987
302.0,0.56975,2.535125,0.000322051987
302.0,0.569625,2.536,0.000322051987
302.0,0.56975,2.535875,0.000322051987
302.0,0.5695,2.536,0.000322051987
302.0,0.569625,2.5365,0.000322051987
302.0,0.569625,2.5365,0.000322051987
302.0,0.569625,2.53675,0.000322051987
302.0,0.569625,2.53675,0.000322051987
302.0,0.569625,2.537125,0.000322051987
302.0,0.57,2.537125,0.000322051987
302.0,0.570375,2.536375,0.000322051987
302.0,0.57,2.535375,0.000322051987
302.0,0.569875,2.5355,0.000322051987
302.0,0.569875,2.535875,0.000322051987
302.0,0.5705,2.536,0.000322051987
302.0,0.57025,2.535625,0.000322051987
302.0,0.570375,2.535375,0.000322051987
302.0,0.57,2.535625,0.000322051987
302.0,0.56975,2.536125,0.000322051987
302.0,0.56975,2.536125,0.000322051987
302.0,0.5695,2.536375,0.000322051987
302.0,0.5695,2.5365,0.000322051987
302.0,0.56975,2.536375,0.000322051987
302.0,0.56975,2.536375,0.000322051987
302.0,0.56975,2.53675,0.000322051987
302.0,0.569875,2.537125,0.000322051987
302.0,0.57,2.536875,0.000322051987
302.0,0.569875,2.536375,0.000322051987
302.0,0.570125,2.535375,0.000322051987
302.0,0.57,2.535625,0.000322051987
302.0,0.570125,2.53575,0.000322051987
302.0,0.57,2.535875,0.000322051987
302.0,0.57,2.5355,0.000322051987
302.0,0.570125,2.535125,0.000322051987
302.0,0.570125,2.536,0.000322051987
302.0,0.57,2.53625,0.000322051987
302.0,0.56975,2.536,0.000322051987
302.0,0.56975,2.536125,0.000322051987
303.0,0.52775,2.498125,0.000322068197
303.0,0.52775,2.498125,0.000322068197
303.0,0.52775,2.4985,0.000322068197
303.0,0.528125,2.4985,0.000322068197
303.0,0.528,2.4985,0.000322068197
303.0,0.528,2.499,0.000322068197
303.0,0.528375,2.499125,0.000322068197
303.0,0.528125,2.49875,0.000322068197
303.0,0.528125,2.49875,0.000322068197
303.0,0.52825,2.498125,0.000322068197
303.0,0.5285,2.497875,0.000322068197
303.0,0.52825,2.498,0.000322068197
303.0,0.528,2.498125,0.000322068197
303.0,0.528125,2.498,0.000322068197
303.0,0.52825,2.497625,0.000322068197
303.0,0.52825,2.497625,0.000322068197
303.0,0.528,2.498125,0.000322068197
303.0,0.527875,2.497875,0.000322068197
303.0,0.527875,2.49825,0.000322068197
303.0,0.528125,2.498375,0.000322068197
303.0,0.528125,2.4985,0.000322068197
303.0,0.527875,2.498875,0.000322068197
303.0,0.52825,2.49925,0.000322068197
303.0,0.52825,2.499125,0.000322068197
303.0,0.52825,2.498625,0.000322068197
303.0,0.52825,2.498625,0.000322068197
303.0,0.52825,2.498,0.000322068197
303.0,0.528125,2.497625,0.000322068197
303.0,0.528,2.498125,0.000322068197
303.0,0.528125,2.498125,0.000322068197
303.0,0.52825,2.497625,0.000322068197
303.0,0.528375,2.497375,0.000322068197
303.0,0.528125,2.498,0.000322068197
303.0,0.527875,2.49825,0.000322068197
303.0,0.528,2.49825,0.000322068197
303.0,0.528125,2.498375,0.000322068197
303.0,0.528375,2.4985,0.000322068197
303.0,0.528,2.498625,0.000322068197
303.0,0.528125,2.499125,0.000322068197
303.0,0.52825,2.49925,0.000322068197
303.0,0.528,2.498875,0.000322068197
303.0,0.528,2.498875,0.000322068197
303.0,0.528,2.498375,0.000322068197
303.0,0.528125,2.497875,0.000322068197
303.0,0.528125,2.498,0.000322068197
303.0,0.52775,2.498125,0.000322068197
303.0,0.52825,2.49825,0.000322068197
303.0,0.528375,2.497625,0.000322068197
303.0,0.52825,2.49775,0.000322068197
303.0,0.528,2.49825,0.000322068197
303.0,0.52775,2.498375,0.000322068197
303.0,0.52775,2.49825,0.000322068197
303.0,0.527625,2.498625,0.000322068197
303.0,0.5275,2.498875,0.000322068197
303.0,0.52775,2.499,0.000322068197
303.0,0.52775,2.499125,0.000322068197
303.0,0.528125,2.49925,0.000322068197
303.0,0.528125,2.49925,0.000322068197
303.0,0.52825,2.499125,0.000322068197
303.0,0.528375,2.4985,0.000322068197
303.0,0.52825,2.498,0.000322068197
303.0,0.527625,2.498125,0.000322068197
303.0,0.527625,2.49825,0.000322068197
303.0,0.528125,2.498125,0.000322068197
303.0,0.528125,2.497625,0.000322068197
303.0,0.528375,2.49775,0.000322068197
303.0,0.528125,2.498375,0.000322068197
303.0,0.527875,2.498375,0.000322068197
303.0,0.52725,2.4985,0.000322068197
303.0,0.527875,2.498625,0.000322068197
303.0,0.527875,2.49875,0.000322068197
303.0,0.528125,2.498875,0.000322068197
303.0,0.527875,2.499375,0.000322068197
303.0,0.527875,2.499375,0.000322068197
303.0,0.528,2.499125,0.000322068197
303.0,0.527875,2.49825,0.000322068197
303.0,0.528,2.497875,0.000322068197
303.0,0.528,2.49775,0.000322068197
303.0,0.527625,2.497875,0.000322068197
303.0,0.527625,2.498,0.000322068197
303.0,0.52775,2.497625,0.000322068197
303.0,0.528,2.497375,0.000322068197
303.0,0.52775,2.49775,0.000322068197
303.0,0.52775,2.498125,0.000322068197
303.0,0.527625,2.498,0.000322068197
303.0,0.527625,2.49825,0.000322068197
303.0,0.52775,2.498375,0.000322068197
303.0,0.527625,2.4985,0.000322068197
303.0,0.528125,2.498875,0.000322068197
303.0,0.528125,2.498875,0.000322068197
303.0,0.5285,2.499375,0.000322068197
303.0,0.528375,2.499,0.000322068197
303.0,0.528375,2.49825,0.000322068197
303.0,0.528375,2.49775,0.000322068197
303.0,0.52825,2.497875,0.000322068197
303.0,0.528,2.498,0.000322068197
303.0,0.52775,2.498,0.000322068197
303.0,0.527875,2.4975,0.000322068197
303.0,0.528375,2.4975,0.000322068197
303.0,0.52825,2.498,0.000322068197
303.0,0.528,2.49825,0.000322068197
303.0,0.528,2.498375,0.000322068197
303.0,0.527875,2.498625,0.000322068197
303.0,0.527625,2.498625,0.000322068197
303.0,0.5275,2.498625,0.000322068197
303.0,0.5275,2.498625,0.000322068197
303.0,0.528125,2.499,0.000322068197
303.0,0.52825,2.49925,0.000322068197
303.0,0.52825,2.498875,0.000322068197
303.0,0.52825,2.498125,0.000322068197
303.0,0.528375,2.497625,0.000322068197
303.0,0.5285,2.498,0.000322068197
303.0,0.528,2.498125,0.000322068197
303.0,0.528375,2.49775,0.000322068197
303.0,0.528625,2.4975,0.000322068197
303.0,0.528125,2.497625,0.000322068197
303.0,0.527875,2.498375,0.000322068197
303.0,0.52775,2.498125,0.000322068197
303.0,0.527875,2.498125,0.000322068197
303.0,0.52775,2.4985,0.000322068197
303.0,0.527625,2.498375,0.000322068197
303.0,0.52775,2.498625,0.000322068197
303.0,0.52775,2.498625,0.000322068197
303.0,0.528125,2.49925,0.000322068197
303.0,0.528375,2.49925,0.000322068197
303.0,0.528375,2.49875,0.000322068197
303.0,0.52825,2.498,0.000322068197
303.0,0.528375,2.497875,0.000322068197
303.0,0.52825,2.498,0.000322068197
303.0,0.528125,2.49825,0.000322068197
303.0,0.528375,2.497875,0.000322068197
303.0,0.528375,2.497375,0.000322068197
303.0,0.52825,2.497875,0.000322068197
303.0,0.527875,2.498375,0.000322068197
303.0,0.5275,2.497875,0.000322068197
303.0,0.527875,2.498125,0.000322068197
303.0,0.527875,2.498625,0.000322068197
303.0,0.527875,2.4985,0.000322068197
303.0,0.527875,2.4985,0.000322068197
303.0,0.527625,2.498875,0.000322068197
303.0,0.528,2.499,0.000322068197
303.0,0.527875,2.498875,0.000322068197
303.0,0.52825,2.498375,0.000322068197
303.0,0.528,2.49775,0.000322068197
303.0,0.528,2.49775,0.000322068197
303.0,0.5275,2.498,0.000322068197
303.0,0.52775,2.498125,0.000322068197
303.0,0.528125,2.49775,0.000322068197
303.0,0.528375,2.497625,0.000322068197
303.0,0.5285,2.49825,0.000322068197
303.0,0.528,2.498375,0.000322068197
303.0,0.528,2.49825,0.000322068197
303.0,0.52825,2.498625,0.000322068197
303.0,0.528,2.49875,0.000322068197
303.0,0.528,2.49875,0.000322068197
303.0,0.528125,2.498875,0.000322068197
303.0,0.528,2.499375,0.000322068197
303.0,0.52825,2.4995,0.000322068197
303.0,0.528375,2.498875,0.000322068197
303.0,0.528375,2.49825,0.000322068197
303.0,0.528375,2.49775,0.000322068197
303.0,0.528,2.497875,0.000322068197
303.0,0.528125,2.498,0.000322068197
303.0,0.528375,2.49775,0.000322068197
303.0,0.528375,2.4975,0.000322068197
303.0,0.52825,2.497625,0.000322068197
303.0,0.528,2.498,0.000322068197
303.0,0.52825,2.49825,0.000322068197
303.0,0.52825,2.498125,0.000322068197
304.0,0.488,2.459125,0.000322036125
304.0,0.488125,2.45875,0.000322036125
304.0,0.488125,2.45925,0.000322036125
304.0,0.488125,2.459625,0.000322036125
304.0,0.488,2.4595,0.000322036125
304.0,0.487625,2.459625,0.000322036125
304.0,0.48775,2.45975,0.000322036125
304.0,0.487875,2.459875,0.000322036125
304.0,0.487875,2.459875,0.000322036125
304.0,0.487875,2.460125,0.000322036125
304.0,0.48825,2.4605,0.000322036125
304.0,0.488125,2.4605,0.000322036125
304.0,0.488,2.460125,0.000322036125
304.0,0.488,2.459375,0.000322036125
304.0,0.48825,2.45925,0.000322036125
304.0,0.487875,2.459375,0.000322036125
304.0,0.487875,2.459375,0.000322036125
304.0,0.48825,2.459,0.000322036125
304.0,0.488,2.459,0.000322036125
304.0,0.487875,2.45925,0.000322036125
304.0,0.488,2.45975,0.000322036125
304.0,0.487875,2.459625,0.000322036125
304.0,0.487625,2.45975,0.000322036125
304.0,0.487625,2.459875,0.000322036125
304.0,0.48775,2.46,0.000322036125
304.0,0.48775,2.46,0.000322036125
304.0,0.487875,2.460375,0.000322036125
304.0,0.48825,2.460625,0.000322036125
304.0,0.48825,2.46025,0.000322036125
304.0,0.488125,2.459625,0.000322036125
304.0,0.48825,2.459,0.000322036125
304.0,0.488375,2.459125,0.000322036125
304.0,0.488375,2.45925,0.000322036125
304.0,0.4885,2.45925,0.000322036125
304.0,0.4885,2.458875,0.000322036125
304.0,0.488,2.458875,0.000322036125
304.0,0.48825,2.4595,0.000322036125
304.0,0.488125,2.4595,0.000322036125
304.0,0.488,2.4595,0.000322036125
304.0,0.488,2.46,0.000322036125
304.0,0.48775,2.459875,0.000322036125
304.0,0.48775,2.459875,0.000322036125
304.0,0.487625,2.46,0.000322036125
304.0,0.487875,2.4605,0.000322036125
304.0,0.488,2.4605,0.000322036125
304.0,0.488375,2.460125,0.000322036125
304.0,0.487875,2.4595,0.000322036125
304.0,0.48825,2.459125,0.000322036125
304.0,0.48825,2.4595,0.000322036125
304.0,0.488,2.4595,0.000322036125
304.0,0.488125,2.459375,0.000322036125
304.0,0.488375,2.45875,0.000322036125
304.0,0.488375,2.459,0.000322036125
304.0,0.487875,2.4595,0.000322036125
304.0,0.487875,2.459375,0.000322036125
304.0,0.487875,2.4595,0.000322036125
304.0,0.488125,2.459875,0.000322036125
304.0,0.488125,2.459875,0.000322036125
304.0,0.488125,2.459875,0.000322036125
304.0,0.487375,2.460125,0.000322036125
304.0,0.487375,2.46075,0.000322036125
304.0,0.488,2.46075,0.000322036125
304.0,0.48825,2.459875,0.000322036125
304.0,0.488125,2.459125,0.000322036125
304.0,0.488125,2.459125,0.000322036125
304.0,0.487625,2.459375,0.000322036125
304.0,0.487625,2.4595,0.000322036125
304.0,0.488125,2.459,0.000322036125
304.0,0.488125,2.458625,0.000322036125
304.0,0.487875,2.459125,0.000322036125
304.0,0.487875,2.4595,0.000322036125
304.0,0.487875,2.459375,0.000322036125
304.0,0.487875,2.45975,0.000322036125
304.0,0.487875,2.45975,0.000322036125
304.0,0.487875,2.459875,0.000322036125
304.0,0.487625,2.459875,0.000322036125
304.0,0.48775,2.460125,0.000322036125
304.0,0.488,2.460625,0.000322036125
304.0,0.488,2.46025,0.000322036125
304.0,0.48825,2.459375,0.000322036125
304.0,0.488375,2.458875,0.000322036125
304.0,0.488,2.459,0.000322036125
304.0,0.4875,2.45925,0.000322036125
304.0,0.488,2.45925,0.000322036125
304.0,0.4885,2.458875,0.000322036125
304.0,0.4885,2.45875,0.000322036125
304.0,0.487875,2.459375,0.000322036125
304.0,0.48775,2.459375,0.000322036125
304.0,0.488,2.4595,0.000322036125
304.0,0.488,2.4595,0.000322036125
304.0,0.48775,2.459875,0.000322036125
304.0,0.48775,2.46,0.000322036125
304.0,0.48775,2.46,0.000322036125
304.0,0.48825,2.4605,0.000322036125
304.0,0.48825,2.460375,0.000322036125
304.0,0.48825,2.460125,0.000322036125
304.0,0.488375,2.4595,0.000322036125
304.0,0.48825,2.45925,0.000322036125
304.0,0.488125,2.459375,0.000322036125
304.0,0.488,2.459375,0.000322036125
304.0,0.48825,2.459125,0.000322036125
304.0,0.488,2.45875,0.000322036125
304.0,0.488,2.459,0.000322036125
304.0,0.48775,2.459625,0.000322036125
304.0,0.487875,2.4595,0.000322036125
304.0,0.487875,2.4595,0.000322036125
304.0,0.4875,2.459625,0.000322036125
304.0,0.487625,2.46,0.000322036125
304.0,0.487625,2.46,0.000322036125
304.0,0.4875,2.460125,0.000322036125
304.0,0.487625,2.4605,0.000322036125
304.0,0.488,2.460375,0.000322036125
304.0,0.48775,2.459875,0.000322036125
304.0,0.488,2.45925,0.000322036125
304.0,0.488125,2.459,0.000322036125
304.0,0.488,2.45925,0.000322036125
304.0,0.487625,2.459375,0.000322036125
304.0,0.488,2.459125,0.000322036125
304.0,0.488125,2.459,0.000322036125
304.0,0.487875,2.459375,0.000322036125
304.0,0.48775,2.4595,0.000322036125
304.0,0.48775,2.4595,0.000322036125
304.0,0.48775,2.459625,0.000322036125
304.0,0.48775,2.45975,0.000322036125
304.0,0.48775,2.459875,0.000322036125
304.0,0.487625,2.46,0.000322036125
304.0,0.487875,2.460375,0.000322036125
304.0,0.488125,2.4605,0.000322036125
304.0,0.488125,2.460125,0.000322036125
304.0,0.488,2.459625,0.000322036125
304.0,0.487875,2.459,0.000322036125
304.0,0.487875,2.459375,0.000322036125
304.0,0.488125,2.459625,0.000322036125
304.0,0.488375,2.459375,0.000322036125
304.0,0.48825,2.459,0.000322036125
304.0,0.488375,2.458875,0.000322036125
304.0,0.488125,2.4595,0.000322036125
304.0,0.48775,2.4595,0.000322036125
304.0,0.48775,2.4595,0.000322036125
304.0,0.48775,2.459625,0.000322036125
304.0,0.487625,2.459875,0.000322036125
304.0,0.48775,2.459875,0.000322036125
304.0,0.48775,2.46,0.000322036125
304.0,0.487875,2.460375,0.000322036125
304.0,0.488125,2.460625,0.000322036125
304.0,0.488375,2.46,0.000322036125
304.0,0.488125,2.45925,0.000322036125
304.0,0.487875,2.459125,0.000322036125
304.0,0.48775,2.4595,0.000322036125
304.0,0.488,2.459625,0.000322036125
304.0,0.48825,2.45925,0.000322036125
304.0,0.488125,2.458875,0.000322036125
304.0,0.488,2.459125,0.000322036125
304.0,0.487875,2.459625,0.000322036125
304.0,0.487875,2.459625,0.000322036125
304.0,0.487875,2.459625,0.000322036125
304.0,0.488,2.459875,0.000322036125
304.0,0.488125,2.460125,0.000322036125
304.0,0.487875,2.46,0.000322036125
304.0,0.4875,2.46025,0.000322036125
304.0,0.487875,2.4605,0.000322036125
304.0,0.488125,2.460375,0.000322036125
304.0,0.488,2.460125,0.000322036125
304.0,0.48775,2.459375,0.000322036125
304.0,0.488,2.45925,0.000322036125
304.0,0.488125,2.4595,0.000322036125
304.0,0.48825,2.459625,0.000322036125
304.0,0.48825,2.459125,0.000322036125
304.0,0.488625,2.45875,0.000322036125
305.0,0.44875,2.419,0.000321829488
305.0,0.44875,2.41825,0.000321829488
305.0,0.44875,2.417875,0.000321829488
305.0,0.448875,2.418125,0.000321829488
305.0,0.448875,2.418375,0.000321829488
305.0,0.449125,2.418125,0.000321829488
305.0,0.449,2.417875,0.000321829488
305.0,0.44875,2.417875,0.000321829488
305.0,0.44875,2.417875,0.000321829488
305.0,0.448375,2.41825,0.000321829488
305.0,0.448,2.41825,0.000321829488
305.0,0.448,2.418625,0.000321829488
305.0,0.4485,2.418875,0.000321829488
305.0,0.44875,2.41875,0.000321829488
305.0,0.44875,2.419,0.000321829488
305.0,0.4485,2.419375,0.000321829488
305.0,0.449,2.419125,0.000321829488
305.0,0.449,2.4185,0.000321829488
305.0,0.44875,2.417875,0.000321829488
305.0,0.4485,2.418,0.000321829488
305.0,0.4485,2.418125,0.000321829488
305.0,0.448625,2.41825,0.000321829488
305.0,0.44875,2.418,0.000321829488
305.0,0.448875,2.417625,0.000321829488
305.0,0.448875,2.418125,0.000321829488
305.0,0.44875,2.418125,0.000321829488
305.0,0.44875,2.4185,0.000321829488
305.0,0.448875,2.418375,0.000321829488
305.0,0.448625,2.41875,0.000321829488
305.0,0.448625,2.419,0.000321829488
305.0,0.4485,2.419,0.000321829488
305.0,0.44875,2.419375,0.000321829488
305.0,0.448625,2.419625,0.000321829488
305.0,0.449,2.41925,0.000321829488
305.0,0.44875,2.418625,0.000321829488
305.0,0.448875,2.418,0.000321829488
305.0,0.44875,2.418125,0.000321829488
305.0,0.44875,2.418375,0.000321829488
305.0,0.449,2.4185,0.000321829488
305.0,0.449125,2.418,0.000321829488
305.0,0.449125,2.418,0.000321829488
305.0,0.44925,2.418,0.000321829488
305.0,0.44875,2.41875,0.000321829488
305.0,0.448375,2.41875,0.000321829488
305.0,0.4485,2.41875,0.000321829488
305.0,0.448625,2.418875,0.000321829488
305.0,0.448375,2.41875,0.000321829488
305.0,0.44825,2.419,0.000321829488
305.0,0.448375,2.419625,0.000321829488
305.0,0.448375,2.419625,0.000321829488
305.0,0.44825,2.419125,0.000321829488
305.0,0.44825,2.4185,0.000321829488
305.0,0.44875,2.418125,0.000321829488
305.0,0.4485,2.41825,0.000321829488
305.0,0.44875,2.418375,0.000321829488
305.0,0.449,2.418375,0.000321829488
305.0,0.449,2.417875,0.000321829488
305.0,0.449,2.417875,0.000321829488
305.0,0.449,2.418,0.000321829488
305.0,0.44875,2.418375,0.000321829488
305.0,0.448875,2.418625,0.000321829488
305.0,0.448625,2.41875,0.000321829488
305.0,0.448625,2.419,0.000321829488
305.0,0.4485,2.419125,0.000321829488
305.0,0.448625,2.419375,0.000321829488
305.0,0.448875,2.419625,0.000321829488
305.0,0.449,2.419375,0.000321829488
305.0,0.449,2.41875,0.000321829488
305.0,0.448875,2.418,0.000321829488
305.0,0.448625,2.418125,0.000321829488
305.0,0.44875,2.418625,0.000321829488
305.0,0.44875,2.4185,0.000321829488
305.0,0.449,2.418125,0.000321829488
305.0,0.449,2.418125,0.000321829488
305.0,0.449,2.418,0.000321829488
305.0,0.448875,2.4185,0.000321829488
305.0,0.448625,2.41875,0.000321829488
305.0,0.448375,2.4185,0.000321829488
305.0,0.44825,2.418625,0.000321829488
305.0,0.448375,2.418875,0.000321829488
305.0,0.448625,2.41875,0.000321829488
305.0,0.448625,2.419,0.000321829488
305.0,0.448625,2.419625,0.000321829488
305.0,0.448875,2.419625,0.000321829488
305.0,0.448625,2.418625,0.000321829488
305.0,0.4485,2.418,0.000321829488
305.0,0.4485,2.418125,0.000321829488
305.0,0.4485,2.4185,0.000321829488
305.0,0.4485,2.4185,0.000321829488
305.0,0.4485,2.4185,0.000321829488
305.0,0.4485,2.417875,0.000321829488
305.0,0.449125,2.41775,0.000321829488
305.0,0.44925,2.4185,0.000321829488
305.0,0.448625,2.418625,0.000321829488
305.0,0.4485,2.418375,0.000321829488
305.0,0.4485,2.41875,0.000321829488
305.0,0.449,2.418875,0.000321829488
305.0,0.448625,2.419,0.000321829488
305.0,0.44875,2.4195,0.000321829488
305.0,0.449,2.419625,0.000321829488
305.0,0.449125,2.419,0.000321829488
305.0,0.449,2.41825,0.000321829488
305.0,0.449,2.418125,0.000321829488
305.0,0.44875,2.41825,0.000321829488
305.0,0.448875,2.418375,0.000321829488
305.0,0.448875,2.418375,0.000321829488
305.0,0.449,2.418,0.000321829488
305.0,0.448875,2.41775,0.000321829488
305.0,0.449,2.418,0.000321829488
305.0,0.448625,2.418375,0.000321829488
305.0,0.4485,2.418125,0.000321829488
305.0,0.4485,2.4185,0.000321829488
305.0,0.448875,2.418875,0.000321829488
305.0,0.4485,2.418875,0.000321829488
305.0,0.448375,2.419,0.000321829488
305.0,0.44875,2.419375,0.000321829488
305.0,0.449125,2.419375,0.000321829488
305.0,0.448625,2.419,0.000321829488
305.0,0.44875,2.41825,0.000321829488
305.0,0.44875,2.41825,0.000321829488
305.0,0.448625,2.41825,0.000321829488
305.0,0.448625,2.41825,0.000321829488
305.0,0.448625,2.41825,0.000321829488
305.0,0.448625,2.418,0.000321829488
305.0,0.448625,2.417625,0.000321829488
305.0,0.449,2.418,0.000321829488
305.0,0.449,2.4185,0.000321829488
305.0,0.4485,2.418375,0.000321829488
305.0,0.4485,2.418625,0.000321829488
305.0,0.448625,2.41875,0.000321829488
305.0,0.448625,2.418875,0.000321829488
305.0,0.44875,2.41925,0.000321829488
305.0,0.448875,2.419625,0.000321829488
305.0,0.448625,2.41925,0.000321829488
305.0,0.4485,2.418625,0.000321829488
305.0,0.4485,2.418125,0.000321829488
305.0,0.448625,2.41825,0.000321829488
305.0,0.448625,2.4185,0.000321829488
305.0,0.448625,2.4185,0.000321829488
305.0,0.44875,2.4185,0.000321829488
305.0,0.4485,2.418125,0.000321829488
305.0,0.449,2.417875,0.000321829488
305.0,0.448875,2.4185,0.000321829488
305.0,0.4485,2.41875,0.000321829488
305.0,0.448375,2.418875,0.000321829488
305.0,0.4485,2.418875,0.000321829488
305.0,0.4485,2.418875,0.000321829488
305.0,0.4485,2.419,0.000321829488
305.0,0.44875,2.4195,0.000321829488
305.0,0.448875,2.4195,0.000321829488
305.0,0.448875,2.41925,0.000321829488
305.0,0.44875,2.4185,0.000321829488
305.0,0.448875,2.418125,0.000321829488
305.0,0.448875,2.41825,0.000321829488
305.0,0.448875,2.41825,0.000321829488
305.0,0.449,2.4185,0.000321829488
305.0,0.44875,2.41825,0.000321829488
305.0,0.449,2.41775,0.000321829488
305.0,0.449125,2.417875,0.000321829488
305.0,0.44875,2.41825,0.000321829488
305.0,0.448625,2.418375,0.000321829488
305.0,0.448375,2.4185,0.000321829488
305.0,0.44825,2.418875,0.000321829488
305.0,0.448625,2.41875,0.000321829488
305.0,0.449,2.419125,0.000321829488
305.0,0.448875,2.4195,0.000321829488
305.0,0.448875,2.419375,0.000321829488
305.0,0.4485,2.41875,0.000321829488
305.0,0.448625,2.41825,0.000321829488
306.0,0.411,2.376375,0.000322087464
306.0,0.411,2.377,0.000322087464
306.0,0.411,2.377,0.000322087464
306.0,0.410875,2.377125,0.000322087464
306.0,0.410875,2.377125,0.000322087464
306.0,0.411,2.377,0.000322087464
306.0,0.4105,2.377625,0.000322087464
306.0,0.41075,2.377875,0.000322087464
306.0,0.41075,2.377875,0.000322087464
306.0,0.411125,2.37775,0.000322087464
306.0,0.410875,2.377,0.000322087464
306.0,0.411125,2.3765,0.000322087464
306.0,0.411125,2.3765,0.000322087464
306.0,0.410875,2.376625,0.000322087464
306.0,0.411,2.376625,0.000322087464
306.0,0.411,2.376375,0.000322087464
306.0,0.410875,2.37625,0.000322087464
306.0,0.411,2.37675,0.000322087464
306.0,0.411,2.377125,0.000322087464
306.0,0.410875,2.377,0.000322087464
306.0,0.4105,2.377125,0.000322087464
306.0,0.410625,2.37725,0.000322087464
306.0,0.4105,2.37725,0.000322087464
306.0,0.410875,2.377625,0.000322087464
306.0,0.410875,2.37775,0.000322087464
306.0,0.41125,2.37775,0.000322087464
306.0,0.411375,2.3775,0.000322087464
306.0,0.411125,2.376875,0.000322087464
306.0,0.411125,2.376375,0.000322087464
306.0,0.410625,2.376625,0.000322087464
306.0,0.410875,2.376875,0.000322087464
306.0,0.4115,2.376875,0.000322087464
306.0,0.411375,2.3765,0.000322087464
306.0,0.410875,2.376625,0.000322087464
306.0,0.411125,2.376875,0.000322087464
306.0,0.411125,2.377,0.000322087464
306.0,0.411,2.377125,0.000322087464
306.0,0.411,2.37725,0.000322087464
306.0,0.411,2.377375,0.000322087464
306.0,0.411,2.377625,0.000322087464
306.0,0.411125,2.378,0.000322087464
306.0,0.411125,2.378,0.000322087464
306.0,0.410875,2.378,0.000322087464
306.0,0.410875,2.377625,0.000322087464
306.0,0.411375,2.376875,0.000322087464
306.0,0.41125,2.37675,0.000322087464
306.0,0.411,2.377,0.000322087464
306.0,0.410625,2.376875,0.000322087464
306.0,0.411,2.37675,0.000322087464
306.0,0.411375,2.376375,0.000322087464
306.0,0.411375,2.376625,0.000322087464
306.0,0.411375,2.377125,0.000322087464
306.0,0.411125,2.377125,0.000322087464
306.0,0.410625,2.377375,0.000322087464
306.0,0.410875,2.3775,0.000322087464
306.0,0.41125,2.3775,0.000322087464
306.0,0.41125,2.377875,0.000322087464
306.0,0.41125,2.377875,0.000322087464
306.0,0.411,2.378,0.000322087464
306.0,0.411,2.377875,0.000322087464
306.0,0.41075,2.3775,0.000322087464
306.0,0.411,2.376875,0.000322087464
306.0,0.411,2.376875,0.000322087464
306.0,0.4105,2.377,0.000322087464
306.0,0.41075,2.377,0.000322087464
306.0,0.410875,2.376625,0.000322087464
306.0,0.411,2.376625,0.000322087464
306.0,0.4105,2.377125,0.000322087464
306.0,0.410875,2.377375,0.000322087464
306.0,0.410625,2.377125,0.000322087464
306.0,0.4105,2.37725,0.000322087464
306.0,0.410625,2.3775,0.000322087464
306.0,0.410625,2.3775,0.000322087464
306.0,0.410625,2.3775,0.000322087464
306.0,0.410875,2.377875,0.000322087464
306.0,0.411125,2.378,0.000322087464
306.0,0.41125,2.37775,0.000322087464
306.0,0.41125,2.376875,0.000322087464
306.0,0.41125,2.3765,0.000322087464
306.0,0.411,2.3765,0.000322087464
306.0,0.410625,2.37675,0.000322087464
306.0,0.410875,2.37675,0.000322087464
306.0,0.41075,2.376125,0.000322087464
306.0,0.411,2.37625,0.000322087464
306.0,0.41125,2.377,0.000322087464
306.0,0.410875,2.377125,0.000322087464
306.0,0.411,2.376875,0.000322087464
306.0,0.410875,2.37725,0.000322087464
306.0,0.410625,2.37725,0.000322087464
306.0,0.410625,2.37725,0.000322087464
306.0,0.41075,2.3775,0.000322087464
306.0,0.411,2.377875,0.000322087464
306.0,0.411375,2.377875,0.000322087464
306.0,0.411375,2.377375,0.000322087464
306.0,0.411125,2.37675,0.000322087464
306.0,0.41125,2.3765,0.000322087464
306.0,0.41125,2.376625,0.000322087464
306.0,0.410875,2.376875,0.000322087464
306.0,0.411125,2.3765,0.000322087464
306.0,0.41125,2.37625,0.000322087464
306.0,0.410875,2.37675,0.000322087464
306.0,0.411,2.377125,0.000322087464
306.0,0.410625,2.37675,0.000322087464
306.0,0.410875,2.377,0.000322087464
306.0,0.41125,2.377375,0.000322087464
306.0,0.41125,2.377375,0.000322087464
306.0,0.41125,2.37725,0.000322087464
306.0,0.41125,2.377625,0.000322087464
306.0,0.41125,2.378,0.000322087464
306.0,0.411125,2.37775,0.000322087464
306.0,0.411,2.377,0.000322087464
306.0,0.410875,2.376375,0.000322087464
306.0,0.410875,2.376375,0.000322087464
306.0,0.411,2.37675,0.000322087464
306.0,0.41125,2.37675,0.000322087464
306.0,0.411375,2.376375,0.000322087464
306.0,0.4115,2.37625,0.000322087464
306.0,0.411125,2.376875,0.000322087464
306.0,0.411375,2.377125,0.000322087464
306.0,0.411,2.376875,0.000322087464
306.0,0.411,2.377125,0.000322087464
306.0,0.411,2.37725,0.000322087464
306.0,0.410875,2.37725,0.000322087464
306.0,0.411,2.377375,0.000322087464
306.0,0.411125,2.37775,0.000322087464
306.0,0.411125,2.378,0.000322087464
306.0,0.41125,2.3775,0.000322087464
306.0,0.411125,2.376875,0.000322087464
306.0,0.41125,2.376375,0.000322087464
306.0,0.410875,2.376625,0.000322087464
306.0,0.4105,2.37675,0.000322087464
306.0,0.411,2.376375,0.000322087464
306.0,0.411,2.376125,0.000322087464
306.0,0.411,2.376125,0.000322087464
306.0,0.410875,2.376625,0.000322087464
306.0,0.4105,2.377,0.000322087464
306.0,0.4105,2.376875,0.000322087464
306.0,0.410625,2.377125,0.000322087464
306.0,0.410625,2.377125,0.000322087464
306.0,0.410875,2.37725,0.000322087464
306.0,0.410875,2.3775,0.000322087464
306.0,0.410875,2.377875,0.000322087464
306.0,0.410875,2.37775,0.000322087464
306.0,0.410875,2.377125,0.000322087464
306.0,0.411,2.3765,0.000322087464
306.0,0.410875,2.376375,0.000322087464
306.0,0.410375,2.376625,0.000322087464
306.0,0.41075,2.376625,0.000322087464
306.0,0.410875,2.376375,0.000322087464
306.0,0.411,2.376125,0.000322087464
306.0,0.411,2.376375,0.000322087464
306.0,0.41075,2.376875,0.000322087464
306.0,0.411,2.37675,0.000322087464
306.0,0.411125,2.376875,0.000322087464
306.0,0.411125,2.376875,0.000322087464
306.0,0.41075,2.37725,0.000322087464
306.0,0.410625,2.377125,0.000322087464
306.0,0.410875,2.377625,0.000322087464
306.0,0.410875,2.377875,0.000322087464
306.0,0.41125,2.3775,0.000322087464
306.0,0.41125,2.376875,0.000322087464
306.0,0.411125,2.376,0.000322087464
306.0,0.41125,2.37625,0.000322087464
306.0,0.411,2.3765,0.000322087464
306.0,0.411125,2.376375,0.000322087464
306.0,0.410875,2.376125,0.000322087464
306.0,0.41075,2.376125,0.000322087464
306.0,0.410625,2.376375,0.000322087464
306.0,0.410625,2.376625,0.000322087464
307.0,0.374625,2.333625,0.000321972504
307.0,0.374875,2.33375,0.000321972504
307.0,0.374875,2.333375,0.000321972504
307.0,0.374625,2.33325,0.000321972504
307.0,0.37475,2.3335,0.000321972504
307.0,0.3745,2.333625,0.000321972504
307.0,0.3745,2.333625,0.000321972504
307.0,0.374875,2.334125,0.000321972504
307.0,0.374875,2.334125,0.000321972504
307.0,0.37475,2.33425,0.000321972504
307.0,0.37475,2.334125,0.000321972504
307.0,0.3745,2.3345,0.000321972504
307.0,0.37475,2.33475,0.000321972504
307.0,0.374625,2.334375,0.000321972504
307.0,0.37475,2.333625,0.000321972504
307.0,0.375375,2.33325,0.000321972504
307.0,0.375125,2.333375,0.000321972504
307.0,0.374875,2.333625,0.000321972504
307.0,0.374875,2.3335,0.000321972504
307.0,0.374875,2.333,0.000321972504
307.0,0.374875,2.333125,0.000321972504
307.0,0.3745,2.333625,0.000321972504
307.0,0.374375,2.333875,0.000321972504
307.0,0.374625,2.334,0.000321972504
307.0,0.374625,2.334,0.000321972504
307.0,0.37475,2.334125,0.000321972504
307.0,0.3745,2.334125,0.000321972504
307.0,0.3745,2.334375,0.000321972504
307.0,0.374875,2.33475,0.000321972504
307.0,0.375,2.334875,0.000321972504
307.0,0.375375,2.334375,0.000321972504
307.0,0.375,2.3335,0.000321972504
307.0,0.37475,2.3335,0.000321972504
307.0,0.374375,2.333875,0.000321972504
307.0,0.374625,2.333875,0.000321972504
307.0,0.374625,2.3335,0.000321972504
307.0,0.374875,2.333125,0.000321972504
307.0,0.374875,2.3335,0.000321972504
307.0,0.374875,2.333875,0.000321972504
307.0,0.374625,2.33375,0.000321972504
307.0,0.374625,2.334,0.000321972504
307.0,0.3745,2.334,0.000321972504
307.0,0.375,2.33425,0.000321972504
307.0,0.374875,2.334,0.000321972504
307.0,0.374625,2.334375,0.000321972504
307.0,0.375,2.33475,0.000321972504
307.0,0.375375,2.334375,0.000321972504
307.0,0.37525,2.333875,0.000321972504
307.0,0.374875,2.333625,0.000321972504
307.0,0.375,2.333625,0.000321972504
307.0,0.37475,2.333625,0.000321972504
307.0,0.375,2.33375,0.000321972504
307.0,0.375,2.3335,0.000321972504
307.0,0.37525,2.333375,0.000321972504
307.0,0.374875,2.333875,0.000321972504
307.0,0.37475,2.334125,0.000321972504
307.0,0.374625,2.334,0.000321972504
307.0,0.374625,2.334,0.000321972504
307.0,0.374875,2.33425,0.000321972504
307.0,0.375125,2.33425,0.000321972504
307.0,0.37475,2.334125,0.000321972504
307.0,0.375,2.33475,0.000321972504
307.0,0.37475,2.335,0.000321972504
307.0,0.37475,2.334375,0.000321972504
307.0,0.374625,2.333875,0.000321972504
307.0,0.3745,2.333375,0.000321972504
307.0,0.374625,2.333625,0.000321972504
307.0,0.374375,2.33375,0.000321972504
307.0,0.374875,2.333625,0.000321972504
307.0,0.374875,2.33325,0.000321972504
307.0,0.375,2.3335,0.000321972504
307.0,0.37475,2.333875,0.000321972504
307.0,0.374625,2.334125,0.000321972504
307.0,0.374625,2.334125,0.000321972504
307.0,0.37425,2.334,0.000321972504
307.0,0.3745,2.33425,0.000321972504
307.0,0.374625,2.334375,0.000321972504
307.0,0.374625,2.33425,0.000321972504
307.0,0.374625,2.334625,0.000321972504
307.0,0.374875,2.334625,0.000321972504
307.0,0.375,2.334125,0.000321972504
307.0,0.374875,2.333625,0.000321972504
307.0,0.37475,2.3335,0.000321972504
307.0,0.374375,2.333625,0.000321972504
307.0,0.374625,2.333625,0.000321972504
307.0,0.3745,2.33325,0.000321972504
307.0,0.374875,2.333,0.000321972504
307.0,0.374875,2.33325,0.000321972504
307.0,0.374875,2.333625,0.000321972504
307.0,0.374875,2.333625,0.000321972504
307.0,0.374875,2.333875,0.000321972504
307.0,0.374625,2.333875,0.000321972504
307.0,0.37475,2.334,0.000321972504
307.0,0.374625,2.334,0.000321972504
307.0,0.37475,2.334375,0.000321972504
307.0,0.375,2.334625,0.000321972504
307.0,0.374875,2.3345,0.000321972504
307.0,0.3745,2.334,0.000321972504
307.0,0.37475,2.333,0.000321972504
307.0,0.37475,2.333375,0.000321972504
307.0,0.3745,2.333625,0.000321972504
307.0,0.37475,2.3335,0.000321972504
307.0,0.375125,2.333125,0.000321972504
307.0,0.375125,2.333125,0.000321972504
307.0,0.374875,2.333375,0.000321972504
307.0,0.374875,2.333375,0.000321972504
307.0,0.37475,2.333875,0.000321972504
307.0,0.37475,2.333875,0.000321972504
307.0,0.3745,2.334125,0.000321972504
307.0,0.374375,2.33425,0.000321972504
307.0,0.3745,2.33425,0.000321972504
307.0,0.374875,2.334625,0.000321972504
307.0,0.374875,2.335,0.000321972504
307.0,0.37475,2.3345,0.000321972504
307.0,0.375125,2.333875,0.000321972504
307.0,0.375,2.3335,0.000321972504
307.0,0.37475,2.33375,0.000321972504
307.0,0.3745,2.333875,0.000321972504
307.0,0.3745,2.333875,0.000321972504
307.0,0.374875,2.333375,0.000321972504
307.0,0.374875,2.3335,0.000321972504
307.0,0.374875,2.3335,0.000321972504
307.0,0.37475,2.333875,0.000321972504
307.0,0.37475,2.334125,0.000321972504
307.0,0.3745,2.334125,0.000321972504
307.0,0.374375,2.334375,0.000321972504
307.0,0.3745,2.334375,0.000321972504
307.0,0.374625,2.334625,0.000321972504
307.0,0.374375,2.335,0.000321972504
307.0,0.374875,2.334875,0.000321972504
307.0,0.374625,2.33425,0.000321972504
307.0,0.375,2.333875,0.000321972504
307.0,0.37475,2.333375,0.000321972504
307.0,0.374625,2.3335,0.000321972504
307.0,0.375,2.33375,0.000321972504
307.0,0.37525,2.3335,0.000321972504
307.0,0.375125,2.33325,0.000321972504
307.0,0.375125,2.3335,0.000321972504
307.0,0.375,2.3335,0.000321972504
307.0,0.3745,2.333875,0.000321972504
307.0,0.374375,2.333875,0.000321972504
307.0,0.374375,2.33375,0.000321972504
307.0,0.374375,2.334,0.000321972504
307.0,0.3745,2.334125,0.000321972504
307.0,0.374625,2.334375,0.000321972504
307.0,0.37475,2.335,0.000321972504
307.0,0.374875,2.334625,0.000321972504
307.0,0.375125,2.334125,0.000321972504
307.0,0.375125,2.333625,0.000321972504
307.0,0.374625,2.333375,0.000321972504
307.0,0.3745,2.33375,0.000321972504
307.0,0.375,2.333625,0.000321972504
307.0,0.375,2.333375,0.000321972504
307.0,0.374875,2.333375,0.000321972504
307.0,0.374875,2.333375,0.000321972504
307.0,0.374875,2.333875,0.000321972504
307.0,0.3745,2.334,0.000321972504
307.0,0.3745,2.334125,0.000321972504
307.0,0.37425,2.334375,0.000321972504
307.0,0.3745,2.334375,0.000321972504
307.0,0.37475,2.334375,0.000321972504
307.0,0.37475,2.33475,0.000321972504
307.0,0.3745,2.335125,0.000321972504
307.0,0.37425,2.33475,0.000321972504
307.0,0.374625,2.334125,0.000321972504
307.0,0.37475,2.33375,0.000321972504
307.0,0.374875,2.333875,0.000321972504
307.0,0.37475,2.333875,0.000321972504
307.0,0.3745,2.33375,0.000321972504
308.0,0.339875,2.29025,0.000322048843
308.0,0.34,2.28975,0.000322048843
308.0,0.33975,2.290125,0.000322048843
308.0,0.33975,2.2905,0.000322048843
308.0,0.339625,2.2905,0.000322048843
308.0,0.33925,2.290875,0.000322048843
308.0,0.33975,2.291125,0.000322048843
308.0,0.340125,2.291125,0.000322048843
308.0,0.340125,2.291125,0.000322048843
308.0,0.339875,2.2915,0.000322048843
308.0,0.33975,2.29175,0.000322048843
308.0,0.33975,2.2915,0.000322048843
308.0,0.339625,2.291125,0.000322048843
308.0,0.33975,2.290375,0.000322048843
308.0,0.340125,2.2905,0.000322048843
308.0,0.339625,2.29075,0.000322048843
308.0,0.33975,2.290625,0.000322048843
308.0,0.34,2.290125,0.000322048843
308.0,0.340375,2.29,0.000322048843
308.0,0.34025,2.290625,0.000322048843
308.0,0.339625,2.2905,0.000322048843
308.0,0.3395,2.290625,0.000322048843
308.0,0.339875,2.290875,0.000322048843
308.0,0.339625,2.291,0.000322048843
308.0,0.3395,2.291,0.000322048843
308.0,0.3395,2.291125,0.000322048843
308.0,0.339625,2.2915,0.000322048843
308.0,0.33975,2.291625,0.000322048843
308.0,0.339875,2.29125,0.000322048843
308.0,0.33975,2.2905,0.000322048843
308.0,0.34,2.29025,0.000322048843
308.0,0.340125,2.290375,0.000322048843
308.0,0.339875,2.2905,0.000322048843
308.0,0.34,2.290375,0.000322048843
308.0,0.339875,2.29,0.000322048843
308.0,0.3395,2.290125,0.000322048843
308.0,0.33975,2.2905,0.000322048843
308.0,0.339625,2.290625,0.000322048843
308.0,0.339625,2.2905,0.000322048843
308.0,0.339625,2.290875,0.000322048843
308.0,0.339875,2.29075,0.000322048843
308.0,0.339875,2.29075,0.000322048843
308.0,0.339875,2.290875,0.000322048843
308.0,0.339875,2.291375,0.000322048843
308.0,0.339875,2.291375,0.000322048843
308.0,0.34,2.291,0.000322048843
308.0,0.33975,2.29025,0.000322048843
308.0,0.34,2.29025,0.000322048843
308.0,0.34,2.290375,0.000322048843
308.0,0.339875,2.2905,0.000322048843
308.0,0.3405,2.29025,0.000322048843
308.0,0.340375,2.28975,0.000322048843
308.0,0.339875,2.29,0.000322048843
308.0,0.339625,2.290625,0.000322048843
308.0,0.33975,2.29075,0.000322048843
308.0,0.339375,2.291,0.000322048843
308.0,0.339875,2.291,0.000322048843
308.0,0.339875,2.291,0.000322048843
308.0,0.34025,2.291,0.000322048843
308.0,0.339875,2.291375,0.000322048843
308.0,0.339875,2.29175,0.000322048843
308.0,0.34,2.2915,0.000322048843
308.0,0.340125,2.290875,0.000322048843
308.0,0.340125,2.29025,0.000322048843
308.0,0.34025,2.290375,0.000322048843
308.0,0.34,2.2905,0.000322048843
308.0,0.3395,2.290375,0.000322048843
308.0,0.339625,2.29,0.000322048843
308.0,0.340125,2.290125,0.000322048843
308.0,0.34025,2.290625,0.000322048843
308.0,0.33975,2.290875,0.000322048843
308.0,0.3395,2.29075,0.000322048843
308.0,0.339625,2.291,0.000322048843
308.0,0.339625,2.291,0.000322048843
308.0,0.33975,2.291,0.000322048843
308.0,0.339625,2.291,0.000322048843
308.0,0.339625,2.291375,0.000322048843
308.0,0.340125,2.2915,0.000322048843
308.0,0.340125,2.291125,0.000322048843
308.0,0.34,2.290625,0.000322048843
308.0,0.339875,2.289875,0.000322048843
308.0,0.340125,2.29025,0.000322048843
308.0,0.34025,2.29025,0.000322048843
308.0,0.340125,2.29025,0.000322048843
308.0,0.339875,2.289875,0.000322048843
308.0,0.33975,2.29,0.000322048843
308.0,0.33975,2.290625,0.000322048843
308.0,0.33975,2.290625,0.000322048843
308.0,0.339875,2.29075,0.000322048843
308.0,0.339875,2.29075,0.000322048843
308.0,0.339875,2.290875,0.000322048843
308.0,0.34,2.290875,0.000322048843
308.0,0.33975,2.291125,0.000322048843
308.0,0.34,2.291375,0.000322048843
308.0,0.34025,2.291375,0.000322048843
308.0,0.340125,2.291,0.000322048843
308.0,0.340125,2.29025,0.000322048843
308.0,0.34025,2.290125,0.000322048843
308.0,0.339875,2.29025,0.000322048843
308.0,0.34,2.290625,0.000322048843
308.0,0.34025,2.29025,0.000322048843
308.0,0.34,2.29,0.000322048843
308.0,0.34025,2.290125,0.000322048843
308.0,0.340125,2.29075,0.000322048843
308.0,0.34025,2.2905,0.000322048843
308.0,0.34025,2.2905,0.000322048843
308.0,0.339875,2.29075,0.000322048843
308.0,0.34,2.291,0.000322048843
308.0,0.339875,2.291,0.000322048843
308.0,0.34,2.29125,0.000322048843
308.0,0.34,2.291625,0.000322048843
308.0,0.34025,2.291625,0.000322048843
308.0,0.34,2.291125,0.000322048843
308.0,0.339875,2.2905,0.000322048843
308.0,0.33975,2.29025,0.000322048843
308.0,0.339375,2.2905,0.000322048843
308.0,0.33975,2.2905,0.000322048843
308.0,0.340125,2.290125,0.000322048843
308.0,0.340375,2.29,0.000322048843
308.0,0.34025,2.29025,0.000322048843
308.0,0.34025,2.29075,0.000322048843
308.0,0.34025,2.29075,0.000322048843
308.0,0.34,2.2905,0.000322048843
308.0,0.339875,2.29075,0.000322048843
308.0,0.34,2.291,0.000322048843
308.0,0.339875,2.291125,0.000322048843
308.0,0.339875,2.291625,0.000322048843
308.0,0.339875,2.291625,0.000322048843
308.0,0.339875,2.291125,0.000322048843
308.0,0.339875,2.2905,0.000322048843
308.0,0.34,2.29025,0.000322048843
308.0,0.33975,2.290375,0.000322048843
308.0,0.339625,2.290375,0.000322048843
308.0,0.34,2.290125,0.000322048843
308.0,0.34,2.289875,0.000322048843
308.0,0.339875,2.289875,0.000322048843
308.0,0.339875,2.290375,0.000322048843
308.0,0.339875,2.290375,0.000322048843
308.0,0.339875,2.2905,0.000322048843
308.0,0.339875,2.2905,0.000322048843
308.0,0.339875,2.29075,0.000322048843
308.0,0.339875,2.29075,0.000322048843
308.0,0.339625,2.290875,0.000322048843
308.0,0.33975,2.291125,0.000322048843
308.0,0.34,2.291375,0.000322048843
308.0,0.34025,2.290875,0.000322048843
308.0,0.340125,2.2905,0.000322048843
308.0,0.34,2.29025,0.000322048843
308.0,0.33975,2.2905,0.000322048843
308.0,0.339875,2.2905,0.000322048843
308.0,0.34,2.29025,0.000322048843
308.0,0.34,2.289875,0.000322048843
308.0,0.339875,2.290125,0.000322048843
308.0,0.339875,2.290625,0.000322048843
308.0,0.339875,2.290625,0.000322048843
308.0,0.33975,2.29075,0.000322048843
308.0,0.339625,2.29075,0.000322048843
308.0,0.3395,2.290875,0.000322048843
308.0,0.339375,2.291,0.000322048843
308.0,0.33975,2.2915,0.000322048843
308.0,0.340125,2.291875,0.000322048843
308.0,0.340125,2.2915,0.000322048843
308.0,0.339875,2.290875,0.000322048843
308.0,0.34,2.290375,0.000322048843
308.0,0.339625,2.2905,0.000322048843
308.0,0.339625,2.29075,0.000322048843
308.0,0.34025,2.290625,0.000322048843
308.0,0.340125,2.29025,0.000322048843
308.0,0.339875,2.290375,0.000322048843
309.0,0.30725,2.24725,0.00032206616
309.0,0.307,2.24725,0.00032206616
309.0,0.307125,2.24725,0.00032206616
309.0,0.307375,2.2475,0.00032206616
309.0,0.3075,2.24775,0.00032206616
309.0,0.307625,2.248125,0.00032206616
309.0,0.307625,2.248,0.00032206616
309.0,0.30725,2.247625,0.00032206616
309.0,0.30725,2.247625,0.00032206616
309.0,0.30725,2.247125,0.00032206616
309.0,0.30725,2.246875,0.00032206616
309.0,0.307125,2.247,0.00032206616
309.0,0.30725,2.247125,0.00032206616
309.0,0.307125,2.24675,0.00032206616
309.0,0.307375,2.246375,0.00032206616
309.0,0.30775,2.246625,0.00032206616
309.0,0.3075,2.24725,0.00032206616
309.0,0.30775,2.247375,0.00032206616
309.0,0.307375,2.2475,0.00032206616
309.0,0.306875,2.2475,0.00032206616
309.0,0.30675,2.247625,0.00032206616
309.0,0.307,2.247875,0.00032206616
309.0,0.307,2.24825,0.00032206616
309.0,0.30725,2.248125,0.00032206616
309.0,0.30725,2.248125,0.00032206616
309.0,0.307375,2.24775,0.00032206616
309.0,0.3075,2.24725,0.00032206616
309.0,0.30775,2.247,0.00032206616
309.0,0.307375,2.247125,0.00032206616
309.0,0.307375,2.247375,0.00032206616
309.0,0.307625,2.246875,0.00032206616
309.0,0.307375,2.246625,0.00032206616
309.0,0.30725,2.247125,0.00032206616
309.0,0.307,2.24725,0.00032206616
309.0,0.307,2.24725,0.00032206616
309.0,0.307,2.247625,0.00032206616
309.0,0.307,2.247625,0.00032206616
309.0,0.307125,2.247625,0.00032206616
309.0,0.30725,2.248125,0.00032206616
309.0,0.307625,2.2485,0.00032206616
309.0,0.307625,2.248125,0.00032206616
309.0,0.307375,2.248125,0.00032206616
309.0,0.307375,2.2475,0.00032206616
309.0,0.30775,2.247,0.00032206616
309.0,0.3075,2.247,0.00032206616
309.0,0.30725,2.247125,0.00032206616
309.0,0.307375,2.247125,0.00032206616
309.0,0.30725,2.24675,0.00032206616
309.0,0.307125,2.2465,0.00032206616
309.0,0.30725,2.247125,0.00032206616
309.0,0.30725,2.24725,0.00032206616
309.0,0.307375,2.24725,0.00032206616
309.0,0.30725,2.2475,0.00032206616
309.0,0.307375,2.247375,0.00032206616
309.0,0.307625,2.247625,0.00032206616
309.0,0.3075,2.248125,0.00032206616
309.0,0.30775,2.248125,0.00032206616
309.0,0.30775,2.248125,0.00032206616
309.0,0.30775,2.247625,0.00032206616
309.0,0.3075,2.247125,0.00032206616
309.0,0.307625,2.24675,0.00032206616
309.0,0.307125,2.247,0.00032206616
309.0,0.3075,2.24725,0.00032206616
309.0,0.308,2.247125,0.00032206616
309.0,0.307875,2.24675,0.00032206616
309.0,0.307375,2.246875,0.00032206616
309.0,0.307125,2.247125,0.00032206616
309.0,0.307375,2.247125,0.00032206616
309.0,0.307375,2.24725,0.00032206616
309.0,0.307375,2.24775,0.00032206616
309.0,0.3075,2.24775,0.00032206616
309.0,0.30725,2.248,0.00032206616
309.0,0.30725,2.24825,0.00032206616
309.0,0.30725,2.24825,0.00032206616
309.0,0.307375,2.24825,0.00032206616
309.0,0.3075,2.247625,0.00032206616
309.0,0.307625,2.246875,0.00032206616
309.0,0.3075,2.246875,0.00032206616
309.0,0.30725,2.247375,0.00032206616
309.0,0.3075,2.247375,0.00032206616
309.0,0.3075,2.247,0.00032206616
309.0,0.3075,2.24675,0.00032206616
309.0,0.30725,2.247375,0.00032206616
309.0,0.30725,2.2475,0.00032206616
309.0,0.307125,2.247375,0.00032206616
309.0,0.307,2.247625,0.00032206616
309.0,0.307,2.24775,0.00032206616
309.0,0.30725,2.24775,0.00032206616
309.0,0.307625,2.248125,0.00032206616
309.0,0.307625,2.248125,0.00032206616
309.0,0.3075,2.248375,0.00032206616
309.0,0.30725,2.24825,0.00032206616
309.0,0.307375,2.2475,0.00032206616
309.0,0.307625,2.247,0.00032206616
309.0,0.307375,2.247,0.00032206616
309.0,0.30675,2.247125,0.00032206616
309.0,0.307125,2.24725,0.00032206616
309.0,0.307375,2.246625,0.00032206616
309.0,0.307625,2.246625,0.00032206616
309.0,0.30775,2.24725,0.00032206616
309.0,0.307375,2.247375,0.00032206616
309.0,0.307375,2.247375,0.00032206616
309.0,0.3075,2.247625,0.00032206616
309.0,0.30725,2.247625,0.00032206616
309.0,0.307125,2.24775,0.00032206616
309.0,0.307125,2.24775,0.00032206616
309.0,0.307375,2.248,0.00032206616
309.0,0.307375,2.248125,0.00032206616
309.0,0.30725,2.247625,0.00032206616
309.0,0.307625,2.247,0.00032206616
309.0,0.3075,2.24675,0.00032206616
309.0,0.307375,2.247,0.00032206616
309.0,0.307375,2.24725,0.00032206616
309.0,0.307875,2.246875,0.00032206616
309.0,0.307625,2.2465,0.00032206616
309.0,0.30725,2.246875,0.00032206616
309.0,0.30725,2.24725,0.00032206616
309.0,0.307,2.247125,0.00032206616
309.0,0.307,2.247125,0.00032206616
309.0,0.307125,2.2475,0.00032206616
309.0,0.307,2.247625,0.00032206616
309.0,0.307,2.247625,0.00032206616
309.0,0.307125,2.247875,0.00032206616
309.0,0.30725,2.248125,0.00032206616
309.0,0.3075,2.24825,0.00032206616
309.0,0.30775,2.247625,0.00032206616
309.0,0.30725,2.246875,0.00032206616
309.0,0.307125,2.246875,0.00032206616
309.0,0.307125,2.247,0.00032206616
309.0,0.306875,2.24725,0.00032206616
309.0,0.3075,2.24675,0.00032206616
309.0,0.3075,2.246375,0.00032206616
309.0,0.307375,2.24675,0.00032206616
309.0,0.307625,2.247125,0.00032206616
309.0,0.30725,2.24725,0.00032206616
309.0,0.307125,2.247375,0.00032206616
309.0,0.30725,2.247625,0.00032206616
309.0,0.30725,2.24775,0.00032206616
309.0,0.3075,2.24775,0.00032206616
309.0,0.307125,2.248125,0.00032206616
309.0,0.307,2.24825,0.00032206616
309.0,0.307375,2.248125,0.00032206616
309.0,0.3075,2.2475,0.00032206616
309.0,0.307625,2.246875,0.00032206616
309.0,0.307625,2.247,0.00032206616
309.0,0.307375,2.24725,0.00032206616
309.0,0.307625,2.24725,0.00032206616
309.0,0.3075,2.246875,0.00032206616
309.0,0.307375,2.246625,0.00032206616
309.0,0.307625,2.247125,0.00032206616
309.0,0.3075,2.247125,0.00032206616
309.0,0.3075,2.24725,0.00032206616
309.0,0.30725,2.2475,0.00032206616
309.0,0.307375,2.247625,0.00032206616
309.0,0.307375,2.247625,0.00032206616
309.0,0.307,2.24775,0.00032206616
309.0,0.307125,2.248125,0.00032206616
309.0,0.30775,2.24825,0.00032206616
309.0,0.30775,2.247625,0.00032206616
309.0,0.30775,2.247125,0.00032206616
309.0,0.307625,2.247,0.00032206616
309.0,0.3075,2.246875,0.00032206616
309.0,0.307625,2.247,0.00032206616
309.0,0.307625,2.246875,0.00032206616
309.0,0.307875,2.2465,0.00032206616
309.0,0.30775,2.246625,0.00032206616
309.0,0.307,2.247,0.00032206616
309.0,0.307,2.247125,0.00032206616
309.0,0.306875,2.24725,0.00032206616
310.0,0.275625,2.20275,0.00032186287
310.0,0.27575,2.2025,0.00032186287
310.0,0.276125,2.201875,0.00032186287
310.0,0.276125,2.201375,0.00032186287
310.0,0.275625,2.201625,0.00032186287
310.0,0.27525,2.201625,0.00032186287
310.0,0.2755,2.20175,0.00032186287
310.0,0.2755,2.201375,0.00032186287
310.0,0.2755,2.201375,0.00032186287
310.0,0.27575,2.201,0.00032186287
310.0,0.276,2.201625,0.00032186287
310.0,0.276,2.202,0.00032186287
310.0,0.27575,2.202,0.00032186287
310.0,0.275125,2.202125,0.00032186287
310.0,0.275375,2.202125,0.00032186287
310.0,0.275625,2.20225,0.00032186287
310.0,0.27575,2.202625,0.00032186287
310.0,0.276125,2.202625,0.00032186287
310.0,0.27575,2.202125,0.00032186287
310.0,0.2755,2.20175,0.00032186287
310.0,0.27525,2.2015,0.00032186287
310.0,0.275625,2.201625,0.00032186287
310.0,0.2755,2.20175,0.00032186287
310.0,0.275625,2.2015,0.00032186287
310.0,0.275625,2.2015,0.00032186287
310.0,0.275875,2.201125,0.00032186287
310.0,0.275875,2.201125,0.00032186287
310.0,0.27575,2.2015,0.00032186287
310.0,0.2755,2.20175,0.00032186287
310.0,0.275375,2.202,0.00032186287
310.0,0.2755,2.20225,0.00032186287
310.0,0.275125,2.20225,0.00032186287
310.0,0.27525,2.20225,0.00032186287
310.0,0.2755,2.20275,0.00032186287
310.0,0.275625,2.202625,0.00032186287
310.0,0.276125,2.20225,0.00032186287
310.0,0.276,2.201375,0.00032186287
310.0,0.275625,2.201625,0.00032186287
310.0,0.275375,2.20175,0.00032186287
310.0,0.275625,2.20175,0.00032186287
310.0,0.276,2.201375,0.00032186287
310.0,0.276,2.201375,0.00032186287
310.0,0.275625,2.20125,0.00032186287
310.0,0.2755,2.2015,0.00032186287
310.0,0.2755,2.2015,0.00032186287
310.0,0.27575,2.2015,0.00032186287
310.0,0.275375,2.20175,0.00032186287
310.0,0.275625,2.20225,0.00032186287
310.0,0.275625,2.20225,0.00032186287
310.0,0.27525,2.202625,0.00032186287
310.0,0.275625,2.20275,0.00032186287
310.0,0.276125,2.2025,0.00032186287
310.0,0.275875,2.202125,0.00032186287
310.0,0.275375,2.201375,0.00032186287
310.0,0.2755,2.2015,0.00032186287
310.0,0.2755,2.201625,0.00032186287
310.0,0.275625,2.201625,0.00032186287
310.0,0.275625,2.201625,0.00032186287
310.0,0.275875,2.201125,0.00032186287
310.0,0.275875,2.201125,0.00032186287
310.0,0.27575,2.20175,0.00032186287
310.0,0.275375,2.201875,0.00032186287
310.0,0.275375,2.202,0.00032186287
310.0,0.275125,2.20225,0.00032186287
310.0,0.275375,2.20225,0.00032186287
310.0,0.27525,2.20225,0.00032186287
310.0,0.2755,2.202875,0.00032186287
310.0,0.275375,2.202875,0.00032186287
310.0,0.275875,2.2025,0.00032186287
310.0,0.276,2.201375,0.00032186287
310.0,0.27575,2.201375,0.00032186287
310.0,0.2755,2.201625,0.00032186287
310.0,0.27525,2.201625,0.00032186287
310.0,0.27525,2.201625,0.00032186287
310.0,0.27575,2.201625,0.00032186287
310.0,0.275875,2.201375,0.00032186287
310.0,0.275875,2.20125,0.00032186287
310.0,0.2755,2.201625,0.00032186287
310.0,0.275125,2.201625,0.00032186287
310.0,0.275125,2.20175,0.00032186287
310.0,0.275375,2.202125,0.00032186287
310.0,0.27525,2.202,0.00032186287
310.0,0.275375,2.20225,0.00032186287
310.0,0.275625,2.20275,0.00032186287
310.0,0.275875,2.20275,0.00032186287
310.0,0.275875,2.202125,0.00032186287
310.0,0.276,2.2015,0.00032186287
310.0,0.275875,2.2015,0.00032186287
310.0,0.275625,2.20175,0.00032186287
310.0,0.275625,2.20175,0.00032186287
310.0,0.275375,2.20175,0.00032186287
310.0,0.275625,2.201375,0.00032186287
310.0,0.276,2.201125,0.00032186287
310.0,0.276,2.201375,0.00032186287
310.0,0.275625,2.201875,0.00032186287
310.0,0.275375,2.201875,0.00032186287
310.0,0.2755,2.202,0.00032186287
310.0,0.275625,2.20225,0.00032186287
310.0,0.275375,2.202125,0.00032186287
310.0,0.2755,2.2025,0.00032186287
310.0,0.27575,2.203,0.00032186287
310.0,0.27575,2.20275,0.00032186287
310.0,0.275875,2.202,0.00032186287
310.0,0.275875,2.201375,0.00032186287
310.0,0.27575,2.201375,0.00032186287
310.0,0.27575,2.201375,0.00032186287
310.0,0.27575,2.20175,0.00032186287
310.0,0.275875,2.20175,0.00032186287
310.0,0.275875,2.20125,0.00032186287
310.0,0.275625,2.201375,0.00032186287
310.0,0.27575,2.201625,0.00032186287
310.0,0.275875,2.201875,0.00032186287
310.0,0.27575,2.20175,0.00032186287
310.0,0.275375,2.202,0.00032186287
310.0,0.2755,2.202125,0.00032186287
310.0,0.27575,2.202375,0.00032186287
310.0,0.27575,2.20275,0.00032186287
310.0,0.27575,2.202625,0.00032186287
310.0,0.275625,2.20225,0.00032186287
310.0,0.275875,2.20175,0.00032186287
310.0,0.276,2.2015,0.00032186287
310.0,0.276,2.2015,0.00032186287
310.0,0.27575,2.201625,0.00032186287
310.0,0.27575,2.201625,0.00032186287
310.0,0.275875,2.201625,0.00032186287
310.0,0.275875,2.201125,0.00032186287
310.0,0.276,2.201125,0.00032186287
310.0,0.275625,2.201625,0.00032186287
310.0,0.27525,2.20175,0.00032186287
310.0,0.27525,2.20175,0.00032186287
310.0,0.27525,2.202125,0.00032186287
310.0,0.27575,2.202125,0.00032186287
310.0,0.276,2.20225,0.00032186287
310.0,0.27575,2.202625,0.00032186287
310.0,0.276125,2.2025,0.00032186287
310.0,0.275875,2.202375,0.00032186287
310.0,0.27575,2.202,0.00032186287
310.0,0.27575,2.201625,0.00032186287
310.0,0.275875,2.201625,0.00032186287
310.0,0.27575,2.20175,0.00032186287
310.0,0.27575,2.20175,0.00032186287
310.0,0.275625,2.201375,0.00032186287
310.0,0.275625,2.201125,0.00032186287
310.0,0.275625,2.2015,0.00032186287
310.0,0.2755,2.201875,0.00032186287
310.0,0.275,2.202,0.00032186287
310.0,0.275375,2.202,0.00032186287
310.0,0.275625,2.20225,0.00032186287
310.0,0.275625,2.202375,0.00032186287
310.0,0.276,2.20275,0.00032186287
310.0,0.275875,2.202875,0.00032186287
310.0,0.276,2.202625,0.00032186287
310.0,0.275875,2.202125,0.00032186287
310.0,0.275625,2.20175,0.00032186287
310.0,0.275625,2.20175,0.00032186287
310.0,0.275625,2.20175,0.00032186287
310.0,0.275625,2.201875,0.00032186287
310.0,0.275875,2.201625,0.00032186287
310.0,0.276,2.201375,0.00032186287
310.0,0.276,2.20125,0.00032186287
310.0,0.275625,2.201875,0.00032186287
310.0,0.2755,2.202125,0.00032186287
310.0,0.275875,2.201875,0.00032186287
310.0,0.276,2.20225,0.00032186287
310.0,0.275875,2.202375,0.00032186287
310.0,0.27575,2.202125,0.00032186287
310.0,0.275625,2.202625,0.00032186287
310.0,0.2755,2.202875,0.00032186287
310.0,0.275625,2.2025,0.00032186287
311.0,0.2455,2.155,0.000322016189
311.0,0.2455,2.155375,0.000322016189
311.0,0.2455,2.1555,0.000322016189
311.0,0.2455,2.1555,0.000322016189
311.0,0.2455,2.155875,0.000322016189
311.0,0.245625,2.156,0.000322016189
311.0,0.24575,2.1555,0.000322016189
311.0,0.246125,2.154875,0.000322016189
311.0,0.246125,2.154875,0.000322016189
311.0,0.24575,2.15475,0.000322016189
311.0,0.24575,2.154875,0.000322016189
311.0,0.245625,2.155125,0.000322016189
311.0,0.24625,2.155,0.000322016189
311.0,0.246,2.154375,0.000322016189
311.0,0.2455,2.154625,0.000322016189
311.0,0.245875,2.155125,0.000322016189
311.0,0.24575,2.155125,0.000322016189
311.0,0.24525,2.15525,0.000322016189
311.0,0.24525,2.155375,0.000322016189
311.0,0.2455,2.15525,0.000322016189
311.0,0.245625,2.15575,0.000322016189
311.0,0.24575,2.155875,0.000322016189
311.0,0.245625,2.15575,0.000322016189
311.0,0.245875,2.15525,0.000322016189
311.0,0.245875,2.15525,0.000322016189
311.0,0.24575,2.154625,0.000322016189
311.0,0.245625,2.154625,0.000322016189
311.0,0.2455,2.154875,0.000322016189
311.0,0.246,2.155,0.000322016189
311.0,0.246,2.15475,0.000322016189
311.0,0.245625,2.1545,0.000322016189
311.0,0.2455,2.154875,0.000322016189
311.0,0.24575,2.155125,0.000322016189
311.0,0.24575,2.15475,0.000322016189
311.0,0.2455,2.15525,0.000322016189
311.0,0.24525,2.155375,0.000322016189
311.0,0.245375,2.1555,0.000322016189
311.0,0.245375,2.155875,0.000322016189
311.0,0.245625,2.156125,0.000322016189
311.0,0.245375,2.155875,0.000322016189
311.0,0.245625,2.15525,0.000322016189
311.0,0.245625,2.15525,0.000322016189
311.0,0.24575,2.15475,0.000322016189
311.0,0.245625,2.154875,0.000322016189
311.0,0.245125,2.154875,0.000322016189
311.0,0.245375,2.15475,0.000322016189
311.0,0.2455,2.1545,0.000322016189
311.0,0.24575,2.154625,0.000322016189
311.0,0.246125,2.155,0.000322016189
311.0,0.24575,2.155,0.000322016189
311.0,0.2455,2.155125,0.000322016189
311.0,0.24575,2.1555,0.000322016189
311.0,0.24575,2.155375,0.000322016189
311.0,0.245875,2.1555,0.000322016189
311.0,0.24575,2.156,0.000322016189
311.0,0.245375,2.156125,0.000322016189
311.0,0.24575,2.1555,0.000322016189
311.0,0.24575,2.1555,0.000322016189
311.0,0.245875,2.155125,0.000322016189
311.0,0.245875,2.154875,0.000322016189
311.0,0.24575,2.155,0.000322016189
311.0,0.24575,2.155125,0.000322016189
311.0,0.245875,2.154875,0.000322016189
311.0,0.24575,2.1545,0.000322016189
311.0,0.2455,2.154625,0.000322016189
311.0,0.2455,2.155125,0.000322016189
311.0,0.2455,2.15525,0.000322016189
311.0,0.2455,2.15525,0.000322016189
311.0,0.245625,2.155375,0.000322016189
311.0,0.245625,2.155375,0.000322016189
311.0,0.245625,2.1555,0.000322016189
311.0,0.246,2.15575,0.000322016189
311.0,0.246,2.155875,0.000322016189
311.0,0.246,2.155875,0.000322016189
311.0,0.246,2.155375,0.000322016189
311.0,0.24575,2.154875,0.000322016189
311.0,0.2455,2.1545,0.000322016189
311.0,0.245375,2.154875,0.000322016189
311.0,0.2455,2.155,0.000322016189
311.0,0.245625,2.154625,0.000322016189
311.0,0.24575,2.1545,0.000322016189
311.0,0.245625,2.154875,0.000322016189
311.0,0.245875,2.155,0.000322016189
311.0,0.245625,2.155,0.000322016189
311.0,0.24575,2.1555,0.000322016189
311.0,0.24575,2.1555,0.000322016189
311.0,0.2455,2.1555,0.000322016189
311.0,0.2455,2.156,0.000322016189
311.0,0.245625,2.156125,0.000322016189
311.0,0.245625,2.156125,0.000322016189
311.0,0.245375,2.155625,0.000322016189
311.0,0.245625,2.155,0.000322016189
311.0,0.2455,2.15475,0.000322016189
311.0,0.245625,2.154875,0.000322016189
311.0,0.245625,2.155,0.000322016189
311.0,0.246,2.155,0.000322016189
311.0,0.246125,2.1545,0.000322016189
311.0,0.246,2.1545,0.000322016189
311.0,0.246125,2.155,0.000322016189
311.0,0.245625,2.155,0.000322016189
311.0,0.245375,2.155125,0.000322016189
311.0,0.245375,2.1555,0.000322016189
311.0,0.245375,2.155375,0.000322016189
311.0,0.245375,2.155625,0.000322016189
311.0,0.245625,2.156,0.000322016189
311.0,0.245625,2.156,0.000322016189
311.0,0.24575,2.156,0.000322016189
311.0,0.246125,2.155625,0.000322016189
311.0,0.246,2.154875,0.000322016189
311.0,0.24575,2.154625,0.000322016189
311.0,0.24575,2.154875,0.000322016189
311.0,0.2455,2.155,0.000322016189
311.0,0.24575,2.15475,0.000322016189
311.0,0.245625,2.1545,0.000322016189
311.0,0.245625,2.154625,0.000322016189
311.0,0.2455,2.155,0.000322016189
311.0,0.245375,2.155,0.000322016189
311.0,0.245625,2.154875,0.000322016189
311.0,0.24575,2.155375,0.000322016189
311.0,0.24575,2.155375,0.000322016189
311.0,0.24575,2.15575,0.000322016189
311.0,0.24575,2.15575,0.000322016189
311.0,0.245875,2.155875,0.000322016189
311.0,0.246125,2.155875,0.000322016189
311.0,0.246125,2.15525,0.000322016189
311.0,0.246125,2.154875,0.000322016189
311.0,0.246,2.1545,0.000322016189
311.0,0.245875,2.15475,0.000322016189
311.0,0.246,2.155,0.000322016189
311.0,0.24625,2.15475,0.000322016189
311.0,0.245875,2.154375,0.000322016189
311.0,0.246125,2.15475,0.000322016189
311.0,0.245875,2.155125,0.000322016189
311.0,0.2455,2.155125,0.000322016189
311.0,0.245125,2.155375,0.000322016189
311.0,0.24575,2.155375,0.000322016189
311.0,0.245625,2.155375,0.000322016189
311.0,0.245875,2.155875,0.000322016189
311.0,0.245875,2.155875,0.000322016189
311.0,0.246125,2.156,0.000322016189
311.0,0.245875,2.155625,0.000322016189
311.0,0.245875,2.15525,0.000322016189
311.0,0.246,2.15475,0.000322016189
311.0,0.245875,2.15475,0.000322016189
311.0,0.245625,2.154875,0.000322016189
311.0,0.246,2.154875,0.000322016189
311.0,0.24625,2.154625,0.000322016189
311.0,0.246,2.154625,0.000322016189
311.0,0.245625,2.155125,0.000322016189
311.0,0.245875,2.155125,0.000322016189
311.0,0.245625,2.155125,0.000322016189
311.0,0.2455,2.15525,0.000322016189
311.0,0.24575,2.155375,0.000322016189
311.0,0.245625,2.1555,0.000322016189
311.0,0.245625,2.1555,0.000322016189
311.0,0.245375,2.156125,0.000322016189
311.0,0.2455,2.156125,0.000322016189
311.0,0.2455,2.15575,0.000322016189
311.0,0.2455,2.155,0.000322016189
311.0,0.245625,2.154625,0.000322016189
311.0,0.24575,2.154875,0.000322016189
311.0,0.24575,2.154875,0.000322016189
311.0,0.245375,2.154875,0.000322016189
311.0,0.245625,2.1545,0.000322016189
311.0,0.24575,2.154625,0.000322016189
311.0,0.2455,2.155125,0.000322016189
311.0,0.245625,2.155125,0.000322016189
311.0,0.245375,2.15525,0.000322016189
311.0,0.245625,2.155375,0.000322016189
312.0,0.216875,2.107375,0.000322056032
312.0,0.216875,2.10725,0.000322056032
312.0,0.217125,2.107625,0.000322056032
312.0,0.217125,2.108,0.000322056032
312.0,0.216875,2.107875,0.000322056032
312.0,0.216875,2.108125,0.000322056032
312.0,0.21675,2.108375,0.000322056032
312.0,0.21675,2.108375,0.000322056032
312.0,0.21675,2.108375,0.000322056032
312.0,0.217125,2.10875,0.000322056032
312.0,0.21725,2.108875,0.000322056032
312.0,0.217,2.1085,0.000322056032
312.0,0.217125,2.107875,0.000322056032
312.0,0.217375,2.107375,0.000322056032
312.0,0.217125,2.107625,0.000322056032
312.0,0.216625,2.10775,0.000322056032
312.0,0.216875,2.10775,0.000322056032
312.0,0.21725,2.1075,0.000322056032
312.0,0.217375,2.107375,0.000322056032
312.0,0.217375,2.108,0.000322056032
312.0,0.217375,2.108,0.000322056032
312.0,0.217,2.107875,0.000322056032
312.0,0.21675,2.108375,0.000322056032
312.0,0.217,2.10825,0.000322056032
312.0,0.217,2.10825,0.000322056032
312.0,0.216875,2.10825,0.000322056032
312.0,0.21675,2.108625,0.000322056032
312.0,0.217,2.10875,0.000322056032
312.0,0.216875,2.108375,0.000322056032
312.0,0.217,2.107875,0.000322056032
312.0,0.21675,2.10775,0.000322056032
312.0,0.217,2.10775,0.000322056032
312.0,0.216875,2.10775,0.000322056032
312.0,0.21725,2.1075,0.000322056032
312.0,0.217375,2.107125,0.000322056032
312.0,0.21725,2.10725,0.000322056032
312.0,0.21725,2.107625,0.000322056032
312.0,0.216875,2.10775,0.000322056032
312.0,0.2165,2.108125,0.000322056032
312.0,0.216625,2.10825,0.000322056032
312.0,0.216625,2.108125,0.000322056032
312.0,0.21675,2.108125,0.000322056032
312.0,0.217,2.10825,0.000322056032
312.0,0.217125,2.108625,0.000322056032
312.0,0.217375,2.10875,0.000322056032
312.0,0.21675,2.10825,0.000322056032
312.0,0.217125,2.1075,0.000322056032
312.0,0.217125,2.107375,0.000322056032
312.0,0.21675,2.107625,0.000322056032
312.0,0.216875,2.107875,0.000322056032
312.0,0.216875,2.107625,0.000322056032
312.0,0.217,2.107125,0.000322056032
312.0,0.217,2.107375,0.000322056032
312.0,0.217125,2.108125,0.000322056032
312.0,0.21675,2.108,0.000322056032
312.0,0.216625,2.108125,0.000322056032
312.0,0.216625,2.10825,0.000322056032
312.0,0.216625,2.10825,0.000322056032
312.0,0.21675,2.108375,0.000322056032
312.0,0.217,2.10875,0.000322056032
312.0,0.21725,2.108875,0.000322056032
312.0,0.2175,2.1085,0.000322056032
312.0,0.217375,2.108125,0.000322056032
312.0,0.21725,2.107625,0.000322056032
312.0,0.217,2.107625,0.000322056032
312.0,0.217,2.107625,0.000322056032
312.0,0.216625,2.10775,0.000322056032
312.0,0.216875,2.1075,0.000322056032
312.0,0.216875,2.107375,0.000322056032
312.0,0.217125,2.107875,0.000322056032
312.0,0.21725,2.10825,0.000322056032
312.0,0.216875,2.107875,0.000322056032
312.0,0.21675,2.108125,0.000322056032
312.0,0.21675,2.108125,0.000322056032
312.0,0.21675,2.108,0.000322056032
312.0,0.216625,2.10825,0.000322056032
312.0,0.21675,2.108625,0.000322056032
312.0,0.217375,2.108875,0.000322056032
312.0,0.21725,2.1085,0.000322056032
312.0,0.217,2.107625,0.000322056032
312.0,0.217125,2.107375,0.000322056032
312.0,0.217125,2.107625,0.000322056032
312.0,0.217125,2.107875,0.000322056032
312.0,0.217,2.10775,0.000322056032
312.0,0.217375,2.107375,0.000322056032
312.0,0.217125,2.1075,0.000322056032
312.0,0.21725,2.108,0.000322056032
312.0,0.216875,2.10825,0.000322056032
312.0,0.216875,2.10825,0.000322056032
312.0,0.216875,2.10825,0.000322056032
312.0,0.217,2.108375,0.000322056032
312.0,0.216625,2.10825,0.000322056032
312.0,0.21675,2.10825,0.000322056032
312.0,0.217125,2.108875,0.000322056032
312.0,0.21725,2.108875,0.000322056032
312.0,0.21725,2.108375,0.000322056032
312.0,0.21725,2.10775,0.000322056032
312.0,0.217375,2.1075,0.000322056032
312.0,0.217125,2.10775,0.000322056032
312.0,0.217,2.107875,0.000322056032
312.0,0.217,2.107625,0.000322056032
312.0,0.21725,2.1075,0.000322056032
312.0,0.21725,2.10775,0.000322056032
312.0,0.217,2.108,0.000322056032
312.0,0.217125,2.107875,0.000322056032
312.0,0.217125,2.107875,0.000322056032
312.0,0.217,2.108125,0.000322056032
312.0,0.216875,2.10825,0.000322056032
312.0,0.217,2.108125,0.000322056032
312.0,0.217125,2.1085,0.000322056032
312.0,0.217125,2.108875,0.000322056032
312.0,0.217125,2.10875,0.000322056032
312.0,0.217,2.108125,0.000322056032
312.0,0.217125,2.1075,0.000322056032
312.0,0.21725,2.107625,0.000322056032
312.0,0.21675,2.107875,0.000322056032
312.0,0.21675,2.10775,0.000322056032
312.0,0.217,2.107375,0.000322056032
312.0,0.217,2.107125,0.000322056032
312.0,0.216875,2.107625,0.000322056032
312.0,0.217125,2.107875,0.000322056032
312.0,0.217125,2.107875,0.000322056032
312.0,0.216875,2.107875,0.000322056032
312.0,0.217125,2.108125,0.000322056032
312.0,0.21725,2.10825,0.000322056032
312.0,0.217,2.108125,0.000322056032
312.0,0.217125,2.10875,0.000322056032
312.0,0.217375,2.109,0.000322056032
312.0,0.2175,2.1085,0.000322056032
312.0,0.217125,2.108,0.000322056032
312.0,0.216875,2.107625,0.000322056032
312.0,0.217125,2.10775,0.000322056032
312.0,0.217125,2.107875,0.000322056032
312.0,0.2175,2.107875,0.000322056032
312.0,0.217625,2.107625,0.000322056032
312.0,0.217625,2.107875,0.000322056032
312.0,0.217,2.108125,0.000322056032
312.0,0.217,2.108,0.000322056032
312.0,0.216875,2.108,0.000322056032
312.0,0.217125,2.108,0.000322056032
312.0,0.217,2.10825,0.000322056032
312.0,0.217,2.108375,0.000322056032
312.0,0.216875,2.108375,0.000322056032
312.0,0.21675,2.108875,0.000322056032
312.0,0.216875,2.108875,0.000322056032
312.0,0.216875,2.108625,0.000322056032
312.0,0.21675,2.107875,0.000322056032
312.0,0.216875,2.10775,0.000322056032
312.0,0.21675,2.107875,0.000322056032
312.0,0.217,2.107875,0.000322056032
312.0,0.21725,2.107625,0.000322056032
312.0,0.2175,2.107375,0.000322056032
312.0,0.217875,2.1075,0.000322056032
312.0,0.217875,2.108,0.000322056032
312.0,0.217125,2.108,0.000322056032
312.0,0.216625,2.107875,0.000322056032
312.0,0.216625,2.108,0.000322056032
312.0,0.216625,2.108125,0.000322056032
312.0,0.21675,2.108125,0.000322056032
312.0,0.216875,2.1085,0.000322056032
312.0,0.217,2.108875,0.000322056032
312.0,0.21725,2.108375,0.000322056032
312.0,0.21725,2.10775,0.000322056032
312.0,0.217375,2.107375,0.000322056032
312.0,0.21725,2.107625,0.000322056032
312.0,0.217125,2.107625,0.000322056032
312.0,0.217125,2.10775,0.000322056032
312.0,0.216875,2.1075,0.000322056032
312.0,0.216875,2.107125,0.000322056032
313.0,0.19025,2.06,0.000322020962
313.0,0.190375,2.05975,0.000322020962
313.0,0.190375,2.0595,0.000322020962
313.0,0.1905,2.0595,0.000322020962
313.0,0.19,2.06,0.000322020962
313.0,0.18975,2.059875,0.000322020962
313.0,0.19,2.060375,0.000322020962
313.0,0.190125,2.0605,0.000322020962
313.0,0.190125,2.0605,0.000322020962
313.0,0.190375,2.060375,0.000322020962
313.0,0.190625,2.060625,0.000322020962
313.0,0.1905,2.061,0.000322020962
313.0,0.190625,2.06075,0.000322020962
313.0,0.1905,2.05975,0.000322020962
313.0,0.190375,2.059625,0.000322020962
313.0,0.19025,2.06,0.000322020962
313.0,0.189875,2.060125,0.000322020962
313.0,0.1905,2.059875,0.000322020962
313.0,0.190625,2.059625,0.000322020962
313.0,0.190625,2.0595,0.000322020962
313.0,0.19075,2.059875,0.000322020962
313.0,0.1905,2.060125,0.000322020962
313.0,0.190125,2.060125,0.000322020962
313.0,0.19,2.060375,0.000322020962
313.0,0.19,2.060375,0.000322020962
313.0,0.19,2.060375,0.000322020962
313.0,0.19,2.060375,0.000322020962
313.0,0.1905,2.06075,0.000322020962
313.0,0.190625,2.060625,0.000322020962
313.0,0.190625,2.06025,0.000322020962
313.0,0.1905,2.059875,0.000322020962
313.0,0.190125,2.059625,0.000322020962
313.0,0.189875,2.059625,0.000322020962
313.0,0.190125,2.059625,0.000322020962
313.0,0.1905,2.0595,0.000322020962
313.0,0.1905,2.05925,0.000322020962
313.0,0.19025,2.05925,0.000322020962
313.0,0.19025,2.059875,0.000322020962
313.0,0.1905,2.06,0.000322020962
313.0,0.190125,2.060125,0.000322020962
313.0,0.19,2.06025,0.000322020962
313.0,0.19,2.06025,0.000322020962
313.0,0.189875,2.06025,0.000322020962
313.0,0.190125,2.0605,0.000322020962
313.0,0.190125,2.060875,0.000322020962
313.0,0.19025,2.060875,0.000322020962
313.0,0.190375,2.060125,0.000322020962
313.0,0.1905,2.059625,0.000322020962
313.0,0.190375,2.05975,0.000322020962
313.0,0.19025,2.06,0.000322020962
313.0,0.190375,2.06,0.000322020962
313.0,0.190375,2.059625,0.000322020962
313.0,0.190625,2.059375,0.000322020962
313.0,0.190625,2.05975,0.000322020962
313.0,0.19075,2.06,0.000322020962
313.0,0.19025,2.06,0.000322020962
313.0,0.18975,2.060375,0.000322020962
313.0,0.18975,2.060375,0.000322020962
313.0,0.189875,2.060375,0.000322020962
313.0,0.19,2.06025,0.000322020962
313.0,0.190375,2.060625,0.000322020962
313.0,0.190625,2.061,0.000322020962
313.0,0.1905,2.06075,0.000322020962
313.0,0.19025,2.06025,0.000322020962
313.0,0.190125,2.05975,0.000322020962
313.0,0.190125,2.059875,0.000322020962
313.0,0.19025,2.059875,0.000322020962
313.0,0.19025,2.06,0.000322020962
313.0,0.19025,2.05975,0.000322020962
313.0,0.190625,2.059625,0.000322020962
313.0,0.19025,2.06,0.000322020962
313.0,0.190375,2.059875,0.000322020962
313.0,0.19,2.059875,0.000322020962
313.0,0.19,2.059875,0.000322020962
313.0,0.190125,2.060375,0.000322020962
313.0,0.189875,2.060375,0.000322020962
313.0,0.19,2.0605,0.000322020962
313.0,0.190125,2.06075,0.000322020962
313.0,0.190125,2.060875,0.000322020962
313.0,0.190125,2.060375,0.000322020962
313.0,0.190125,2.059875,0.000322020962
313.0,0.19025,2.059625,0.000322020962
313.0,0.19025,2.05975,0.000322020962
313.0,0.19025,2.06,0.000322020962
313.0,0.190125,2.059625,0.000322020962
313.0,0.1905,2.0595,0.000322020962
313.0,0.19075,2.0595,0.000322020962
313.0,0.190375,2.060125,0.000322020962
313.0,0.190625,2.06,0.000322020962
313.0,0.190625,2.06,0.000322020962
313.0,0.190375,2.060125,0.000322020962
313.0,0.19,2.060375,0.000322020962
313.0,0.19,2.06025,0.000322020962
313.0,0.190375,2.060375,0.000322020962
313.0,0.1905,2.060875,0.000322020962
313.0,0.19025,2.060625,0.000322020962
313.0,0.190375,2.06025,0.000322020962
313.0,0.1905,2.059875,0.000322020962
313.0,0.190375,2.05975,0.000322020962
313.0,0.190125,2.05975,0.000322020962
313.0,0.1905,2.06,0.000322020962
313.0,0.190875,2.05975,0.000322020962
313.0,0.190625,2.05925,0.000322020962
313.0,0.190375,2.059875,0.000322020962
313.0,0.190625,2.060125,0.000322020962
313.0,0.190625,2.060125,0.000322020962
313.0,0.1905,2.06,0.000322020962
313.0,0.19,2.060375,0.000322020962
313.0,0.189875,2.060375,0.000322020962
313.0,0.190125,2.060375,0.000322020962
313.0,0.189875,2.060625,0.000322020962
313.0,0.190125,2.061125,0.000322020962
313.0,0.190375,2.060875,0.000322020962
313.0,0.190625,2.06025,0.000322020962
313.0,0.19075,2.059875,0.000322020962
313.0,0.190625,2.059875,0.000322020962
313.0,0.1905,2.06,0.000322020962
313.0,0.19075,2.060125,0.000322020962
313.0,0.190625,2.05975,0.000322020962
313.0,0.190625,2.0595,0.000322020962
313.0,0.19025,2.05975,0.000322020962
313.0,0.19,2.05975,0.000322020962
313.0,0.19,2.060125,0.000322020962
313.0,0.19,2.060125,0.000322020962
313.0,0.190125,2.06025,0.000322020962
313.0,0.19025,2.0605,0.000322020962
313.0,0.190375,2.0605,0.000322020962
313.0,0.19025,2.060875,0.000322020962
313.0,0.19075,2.061,0.000322020962
313.0,0.190625,2.060625,0.000322020962
313.0,0.190375,2.059875,0.000322020962
313.0,0.1905,2.05975,0.000322020962
313.0,0.190125,2.059875,0.000322020962
313.0,0.190125,2.059875,0.000322020962
313.0,0.19025,2.059875,0.000322020962
313.0,0.190375,2.0595,0.000322020962
313.0,0.190125,2.05975,0.000322020962
313.0,0.190125,2.059875,0.000322020962
313.0,0.190125,2.059875,0.000322020962
313.0,0.19025,2.059875,0.000322020962
313.0,0.190125,2.06,0.000322020962
313.0,0.19025,2.060375,0.000322020962
313.0,0.190375,2.06025,0.000322020962
313.0,0.19025,2.06025,0.000322020962
313.0,0.189875,2.061,0.000322020962
313.0,0.19025,2.061125,0.000322020962
313.0,0.190375,2.0605,0.000322020962
313.0,0.19025,2.059875,0.000322020962
313.0,0.190375,2.0595,0.000322020962
313.0,0.19,2.059875,0.000322020962
313.0,0.19025,2.06,0.000322020962
313.0,0.19075,2.059625,0.000322020962
313.0,0.190375,2.059375,0.000322020962
313.0,0.190125,2.059875,0.000322020962
313.0,0.190125,2.059875,0.000322020962
313.0,0.190125,2.06,0.000322020962
313.0,0.190625,2.05975,0.000322020962
313.0,0.190375,2.060125,0.000322020962
313.0,0.1905,2.06025,0.000322020962
313.0,0.1905,2.06025,0.000322020962
313.0,0.19025,2.060625,0.000322020962
313.0,0.190125,2.061,0.000322020962
313.0,0.1905,2.060875,0.000322020962
313.0,0.19075,2.06025,0.000322020962
313.0,0.1905,2.059625,0.000322020962
313.0,0.190625,2.059625,0.000322020962
313.0,0.190375,2.06,0.000322020962
313.0,0.1905,2.06,0.000322020962
313.0,0.190625,2.059625,0.000322020962
314.0,0.1655,2.01125,0.000322057807
314.0,0.165375,2.011,0.000322057807
314.0,0.165375,2.01125,0.000322057807
314.0,0.165375,2.011625,0.000322057807
314.0,0.165375,2.01175,0.000322057807
314.0,0.16525,2.011875,0.000322057807
314.0,0.16525,2.011875,0.000322057807
314.0,0.165375,2.01175,0.000322057807
314.0,0.165375,2.01175,0.000322057807
314.0,0.16575,2.012125,0.000322057807
314.0,0.16575,2.012625,0.000322057807
314.0,0.165625,2.012375,0.000322057807
314.0,0.16575,2.011875,0.000322057807
314.0,0.165625,2.01125,0.000322057807
314.0,0.16575,2.011375,0.000322057807
314.0,0.1655,2.0115,0.000322057807
314.0,0.1655,2.011375,0.000322057807
314.0,0.165375,2.011125,0.000322057807
314.0,0.165375,2.010875,0.000322057807
314.0,0.165625,2.011125,0.000322057807
314.0,0.165375,2.011375,0.000322057807
314.0,0.165,2.0115,0.000322057807
314.0,0.165,2.011875,0.000322057807
314.0,0.164875,2.011875,0.000322057807
314.0,0.165125,2.011875,0.000322057807
314.0,0.165125,2.011875,0.000322057807
314.0,0.16525,2.01225,0.000322057807
314.0,0.1655,2.01225,0.000322057807
314.0,0.16575,2.012125,0.000322057807
314.0,0.16575,2.011625,0.000322057807
314.0,0.16575,2.011,0.000322057807
314.0,0.1655,2.011125,0.000322057807
314.0,0.16525,2.011375,0.000322057807
314.0,0.165375,2.011,0.000322057807
314.0,0.165625,2.010875,0.000322057807
314.0,0.16575,2.011,0.000322057807
314.0,0.165625,2.011125,0.000322057807
314.0,0.1655,2.0115,0.000322057807
314.0,0.16525,2.011625,0.000322057807
314.0,0.165125,2.011625,0.000322057807
314.0,0.165375,2.01175,0.000322057807
314.0,0.165375,2.01175,0.000322057807
314.0,0.165125,2.01175,0.000322057807
314.0,0.165375,2.01225,0.000322057807
314.0,0.16525,2.012375,0.000322057807
314.0,0.165375,2.012,0.000322057807
314.0,0.165375,2.011125,0.000322057807
314.0,0.1655,2.011125,0.000322057807
314.0,0.1655,2.011375,0.000322057807
314.0,0.165375,2.0115,0.000322057807
314.0,0.16575,2.011375,0.000322057807
314.0,0.16575,2.011125,0.000322057807
314.0,0.1655,2.011125,0.000322057807
314.0,0.1655,2.0115,0.000322057807
314.0,0.16525,2.011625,0.000322057807
314.0,0.164875,2.01175,0.000322057807
314.0,0.165375,2.012,0.000322057807
314.0,0.165375,2.012,0.000322057807
314.0,0.1655,2.012,0.000322057807
314.0,0.165375,2.012125,0.000322057807
314.0,0.165375,2.0125,0.000322057807
314.0,0.165625,2.012375,0.000322057807
314.0,0.16525,2.011875,0.000322057807
314.0,0.16525,2.01125,0.000322057807
314.0,0.1655,2.011375,0.000322057807
314.0,0.165375,2.0115,0.000322057807
314.0,0.1655,2.0115,0.000322057807
314.0,0.16575,2.01125,0.000322057807
314.0,0.16575,2.011,0.000322057807
314.0,0.16575,2.011375,0.000322057807
314.0,0.165375,2.01175,0.000322057807
314.0,0.165375,2.01175,0.000322057807
314.0,0.16525,2.011875,0.000322057807
314.0,0.16525,2.011875,0.000322057807
314.0,0.165375,2.01225,0.000322057807
314.0,0.165375,2.012,0.000322057807
314.0,0.16575,2.012375,0.000322057807
314.0,0.165875,2.0125,0.000322057807
314.0,0.1655,2.01225,0.000322057807
314.0,0.16575,2.01175,0.000322057807
314.0,0.16575,2.011125,0.000322057807
314.0,0.165625,2.01125,0.000322057807
314.0,0.16525,2.011625,0.000322057807
314.0,0.16525,2.0115,0.000322057807
314.0,0.165375,2.011125,0.000322057807
314.0,0.16575,2.011125,0.000322057807
314.0,0.165625,2.01175,0.000322057807
314.0,0.165125,2.0115,0.000322057807
314.0,0.165,2.0115,0.000322057807
314.0,0.165,2.0115,0.000322057807
314.0,0.165375,2.011875,0.000322057807
314.0,0.16525,2.012,0.000322057807
314.0,0.1655,2.012125,0.000322057807
314.0,0.16575,2.0125,0.000322057807
314.0,0.165625,2.0125,0.000322057807
314.0,0.166,2.01225,0.000322057807
314.0,0.16575,2.011625,0.000322057807
314.0,0.16525,2.011375,0.000322057807
314.0,0.165125,2.0115,0.000322057807
314.0,0.165,2.011625,0.000322057807
314.0,0.165375,2.0115,0.000322057807
314.0,0.16575,2.01125,0.000322057807
314.0,0.16575,2.011375,0.000322057807
314.0,0.165625,2.01175,0.000322057807
314.0,0.16575,2.01175,0.000322057807
314.0,0.16575,2.01175,0.000322057807
314.0,0.165125,2.011875,0.000322057807
314.0,0.165125,2.011875,0.000322057807
314.0,0.165,2.012,0.000322057807
314.0,0.165125,2.012125,0.000322057807
314.0,0.1655,2.0125,0.000322057807
314.0,0.165375,2.0125,0.000322057807
314.0,0.16525,2.011875,0.000322057807
314.0,0.165375,2.011375,0.000322057807
314.0,0.16525,2.011375,0.000322057807
314.0,0.16525,2.0115,0.000322057807
314.0,0.165125,2.011625,0.000322057807
314.0,0.165375,2.01125,0.000322057807
314.0,0.165625,2.010875,0.000322057807
314.0,0.165625,2.01125,0.000322057807
314.0,0.16575,2.011625,0.000322057807
314.0,0.16575,2.011625,0.000322057807
314.0,0.165375,2.0115,0.000322057807
314.0,0.1655,2.01175,0.000322057807
314.0,0.165375,2.012,0.000322057807
314.0,0.165375,2.011875,0.000322057807
314.0,0.165375,2.012375,0.000322057807
314.0,0.165375,2.0125,0.000322057807
314.0,0.165125,2.012125,0.000322057807
314.0,0.16525,2.01175,0.000322057807
314.0,0.165125,2.011125,0.000322057807
314.0,0.1655,2.01125,0.000322057807
314.0,0.165625,2.011375,0.000322057807
314.0,0.1655,2.011375,0.000322057807
314.0,0.165875,2.011,0.000322057807
314.0,0.166,2.011,0.000322057807
314.0,0.1655,2.0115,0.000322057807
314.0,0.165125,2.0115,0.000322057807
314.0,0.165125,2.0115,0.000322057807
314.0,0.164875,2.0115,0.000322057807
314.0,0.165,2.01175,0.000322057807
314.0,0.16525,2.011875,0.000322057807
314.0,0.165375,2.012,0.000322057807
314.0,0.165625,2.012375,0.000322057807
314.0,0.165625,2.012375,0.000322057807
314.0,0.165875,2.011875,0.000322057807
314.0,0.165875,2.0115,0.000322057807
314.0,0.165875,2.01125,0.000322057807
314.0,0.1655,2.01125,0.000322057807
314.0,0.1655,2.0115,0.000322057807
314.0,0.1655,2.011375,0.000322057807
314.0,0.1655,2.011,0.000322057807
314.0,0.1655,2.011125,0.000322057807
314.0,0.16525,2.011625,0.000322057807
314.0,0.16525,2.011625,0.000322057807
314.0,0.165125,2.0115,0.000322057807
314.0,0.165125,2.011875,0.000322057807
314.0,0.165125,2.012,0.000322057807
314.0,0.165375,2.011875,0.000322057807
314.0,0.165625,2.012125,0.000322057807
314.0,0.16575,2.01275,0.000322057807
314.0,0.165375,2.012625,0.000322057807
314.0,0.165375,2.01225,0.000322057807
314.0,0.16525,2.0115,0.000322057807
314.0,0.16525,2.011375,0.000322057807
314.0,0.165,2.0115,0.000322057807
314.0,0.165125,2.011375,0.000322057807
314.0,0.16525,2.011125,0.000322057807
314.0,0.16525,2.010875,0.000322057807
315.0,0.1425,1.96175,0.000321924308
315.0,0.142375,1.962,0.000321924308
315.0,0.142375,1.962,0.000321924308
315.0,0.142625,1.96175,0.000321924308
315.0,0.142625,1.9615,0.000321924308
315.0,0.1425,1.96175,0.000321924308
315.0,0.14225,1.96225,0.000321924308
315.0,0.142125,1.962125,0.000321924308
315.0,0.142125,1.962125,0.000321924308
315.0,0.141875,1.96225,0.000321924308
315.0,0.142125,1.9625,0.000321924308
315.0,0.142125,1.962625,0.000321924308
315.0,0.142375,1.962875,0.000321924308
315.0,0.142375,1.963125,0.000321924308
315.0,0.142375,1.963,0.000321924308
315.0,0.142375,1.9625,0.000321924308
315.0,0.142375,1.96225,0.000321924308
315.0,0.1425,1.962125,0.000321924308
315.0,0.142125,1.962125,0.000321924308
315.0,0.1425,1.962375,0.000321924308
315.0,0.142625,1.962,0.000321924308
315.0,0.1425,1.96175,0.000321924308
315.0,0.142125,1.962125,0.000321924308
315.0,0.1425,1.9625,0.000321924308
315.0,0.1425,1.9625,0.000321924308
315.0,0.1425,1.962375,0.000321924308
315.0,0.1425,1.9625,0.000321924308
315.0,0.14275,1.9625,0.000321924308
315.0,0.142625,1.962375,0.000321924308
315.0,0.142375,1.963,0.000321924308
315.0,0.142375,1.963375,0.000321924308
315.0,0.142375,1.962875,0.000321924308
315.0,0.1425,1.962125,0.000321924308
315.0,0.142375,1.962,0.000321924308
315.0,0.14225,1.962125,0.000321924308
315.0,0.142125,1.96225,0.000321924308
315.0,0.14225,1.961875,0.000321924308
315.0,0.1425,1.961625,0.000321924308
315.0,0.14225,1.9615,0.000321924308
315.0,0.1425,1.962,0.000321924308
315.0,0.142375,1.962125,0.000321924308
315.0,0.142375,1.962125,0.000321924308
315.0,0.142,1.962125,0.000321924308
315.0,0.142,1.9625,0.000321924308
315.0,0.14225,1.9625,0.000321924308
315.0,0.142,1.962625,0.000321924308
315.0,0.14225,1.963,0.000321924308
315.0,0.14225,1.963125,0.000321924308
315.0,0.142375,1.96275,0.000321924308
315.0,0.142375,1.96225,0.000321924308
315.0,0.142375,1.962125,0.000321924308
315.0,0.1425,1.962,0.000321924308
315.0,0.1425,1.962125,0.000321924308
315.0,0.142625,1.961875,0.000321924308
315.0,0.142625,1.96175,0.000321924308
315.0,0.142375,1.962,0.000321924308
315.0,0.1425,1.96225,0.000321924308
315.0,0.1425,1.96225,0.000321924308
315.0,0.14225,1.96225,0.000321924308
315.0,0.142,1.962375,0.000321924308
315.0,0.14225,1.962375,0.000321924308
315.0,0.142625,1.9625,0.000321924308
315.0,0.142375,1.96275,0.000321924308
315.0,0.1425,1.96325,0.000321924308
315.0,0.14275,1.963125,0.000321924308
315.0,0.142625,1.962625,0.000321924308
315.0,0.142625,1.962,0.000321924308
315.0,0.1425,1.962,0.000321924308
315.0,0.142125,1.962,0.000321924308
315.0,0.1425,1.96225,0.000321924308
315.0,0.1425,1.962125,0.000321924308
315.0,0.142625,1.96175,0.000321924308
315.0,0.1425,1.962,0.000321924308
315.0,0.1425,1.962,0.000321924308
315.0,0.14275,1.9625,0.000321924308
315.0,0.1425,1.962625,0.000321924308
315.0,0.14225,1.96275,0.000321924308
315.0,0.142375,1.962625,0.000321924308
315.0,0.142125,1.962625,0.000321924308
315.0,0.142375,1.962875,0.000321924308
315.0,0.142625,1.963125,0.000321924308
315.0,0.1425,1.96275,0.000321924308
315.0,0.1425,1.96225,0.000321924308
315.0,0.1425,1.961875,0.000321924308
315.0,0.1425,1.962125,0.000321924308
315.0,0.142125,1.96225,0.000321924308
315.0,0.142125,1.962125,0.000321924308
315.0,0.142375,1.961625,0.000321924308
315.0,0.1425,1.96175,0.000321924308
315.0,0.1425,1.96175,0.000321924308
315.0,0.1425,1.96225,0.000321924308
315.0,0.142375,1.96225,0.000321924308
315.0,0.14225,1.96225,0.000321924308
315.0,0.14225,1.962375,0.000321924308
315.0,0.14225,1.9625,0.000321924308
315.0,0.142375,1.962625,0.000321924308
315.0,0.1425,1.963125,0.000321924308
315.0,0.143,1.96325,0.000321924308
315.0,0.14275,1.962875,0.000321924308
315.0,0.143,1.962,0.000321924308
315.0,0.142875,1.96175,0.000321924308
315.0,0.142625,1.962125,0.000321924308
315.0,0.1425,1.962125,0.000321924308
315.0,0.14275,1.962,0.000321924308
315.0,0.14275,1.96175,0.000321924308
315.0,0.14275,1.96175,0.000321924308
315.0,0.142625,1.96175,0.000321924308
315.0,0.142625,1.96225,0.000321924308
315.0,0.1425,1.962125,0.000321924308
315.0,0.1425,1.962375,0.000321924308
315.0,0.142375,1.96275,0.000321924308
315.0,0.142,1.962625,0.000321924308
315.0,0.142125,1.96275,0.000321924308
315.0,0.142125,1.963,0.000321924308
315.0,0.142375,1.963,0.000321924308
315.0,0.142375,1.9625,0.000321924308
315.0,0.142375,1.961875,0.000321924308
315.0,0.142375,1.961875,0.000321924308
315.0,0.142,1.962125,0.000321924308
315.0,0.142125,1.962125,0.000321924308
315.0,0.142375,1.962,0.000321924308
315.0,0.142375,1.961875,0.000321924308
315.0,0.1425,1.961875,0.000321924308
315.0,0.142375,1.96225,0.000321924308
315.0,0.142375,1.9625,0.000321924308
315.0,0.142375,1.96225,0.000321924308
315.0,0.14225,1.9625,0.000321924308
315.0,0.1425,1.96275,0.000321924308
315.0,0.14225,1.962625,0.000321924308
315.0,0.14225,1.962875,0.000321924308
315.0,0.14225,1.96325,0.000321924308
315.0,0.14225,1.96325,0.000321924308
315.0,0.142375,1.9625,0.000321924308
315.0,0.142625,1.962,0.000321924308
315.0,0.1425,1.962125,0.000321924308
315.0,0.142375,1.96225,0.000321924308
315.0,0.14225,1.962125,0.000321924308
315.0,0.14225,1.961875,0.000321924308
315.0,0.14225,1.961875,0.000321924308
315.0,0.142375,1.962,0.000321924308
315.0,0.14225,1.962125,0.000321924308
315.0,0.14225,1.962375,0.000321924308
315.0,0.142375,1.96225,0.000321924308
315.0,0.14225,1.962375,0.000321924308
315.0,0.1425,1.9625,0.000321924308
315.0,0.142375,1.962625,0.000321924308
315.0,0.142625,1.963,0.000321924308
315.0,0.142625,1.963125,0.000321924308
315.0,0.142625,1.962625,0.000321924308
315.0,0.1425,1.962125,0.000321924308
315.0,0.142375,1.962,0.000321924308
315.0,0.142375,1.962,0.000321924308
315.0,0.1425,1.962,0.000321924308
315.0,0.14275,1.961875,0.000321924308
315.0,0.14275,1.961875,0.000321924308
315.0,0.142625,1.96175,0.000321924308
315.0,0.1425,1.961875,0.000321924308
315.0,0.142375,1.96225,0.000321924308
315.0,0.142125,1.96225,0.000321924308
315.0,0.142125,1.9625,0.000321924308
315.0,0.142375,1.962625,0.000321924308
315.0,0.14225,1.962625,0.000321924308
315.0,0.1425,1.96275,0.000321924308
315.0,0.1425,1.96325,0.000321924308
315.0,0.14275,1.963,0.000321924308
315.0,0.14275,1.962375,0.000321924308
315.0,0.142625,1.962375,0.000321924308
315.0,0.142625,1.962,0.000321924308
315.0,0.142375,1.96225,0.000321924308
316.0,0.120875,1.9125,0.000321867468
316.0,0.121,1.911875,0.000321867468
316.0,0.120625,1.912,0.000321867468
316.0,0.12025,1.91225,0.000321867468
316.0,0.1205,1.912125,0.000321867468
316.0,0.12025,1.912,0.000321867468
316.0,0.120625,1.912,0.000321867468
316.0,0.120625,1.912375,0.000321867468
316.0,0.120625,1.912375,0.000321867468
316.0,0.1205,1.9125,0.000321867468
316.0,0.120625,1.91225,0.000321867468
316.0,0.120375,1.912375,0.000321867468
316.0,0.120125,1.912625,0.000321867468
316.0,0.12025,1.912625,0.000321867468
316.0,0.120625,1.913,0.000321867468
316.0,0.120625,1.913375,0.000321867468
316.0,0.12075,1.912875,0.000321867468
316.0,0.120625,1.912375,0.000321867468
316.0,0.1205,1.91175,0.000321867468
316.0,0.12025,1.912,0.000321867468
316.0,0.120375,1.91225,0.000321867468
316.0,0.12075,1.912125,0.000321867468
316.0,0.120875,1.91175,0.000321867468
316.0,0.121125,1.91175,0.000321867468
316.0,0.121125,1.91175,0.000321867468
316.0,0.1205,1.912375,0.000321867468
316.0,0.120375,1.912375,0.000321867468
316.0,0.1205,1.912375,0.000321867468
316.0,0.12025,1.9125,0.000321867468
316.0,0.120625,1.912625,0.000321867468
316.0,0.120625,1.91275,0.000321867468
316.0,0.120875,1.913125,0.000321867468
316.0,0.12025,1.913125,0.000321867468
316.0,0.120625,1.912875,0.000321867468
316.0,0.121125,1.912125,0.000321867468
316.0,0.121,1.911875,0.000321867468
316.0,0.121,1.91225,0.000321867468
316.0,0.1205,1.91225,0.000321867468
316.0,0.120625,1.912,0.000321867468
316.0,0.12075,1.911875,0.000321867468
316.0,0.12075,1.912125,0.000321867468
316.0,0.120625,1.912125,0.000321867468
316.0,0.120375,1.912375,0.000321867468
316.0,0.120625,1.912375,0.000321867468
316.0,0.1205,1.912375,0.000321867468
316.0,0.12075,1.91275,0.000321867468
316.0,0.120625,1.912625,0.000321867468
316.0,0.120375,1.91275,0.000321867468
316.0,0.1205,1.91325,0.000321867468
316.0,0.12075,1.913125,0.000321867468
316.0,0.12075,1.91275,0.000321867468
316.0,0.12075,1.91225,0.000321867468
316.0,0.120625,1.912125,0.000321867468
316.0,0.120625,1.91225,0.000321867468
316.0,0.1205,1.91225,0.000321867468
316.0,0.12075,1.91175,0.000321867468
316.0,0.12075,1.91175,0.000321867468
316.0,0.120875,1.91175,0.000321867468
316.0,0.120875,1.91225,0.000321867468
316.0,0.120875,1.912375,0.000321867468
316.0,0.1205,1.912375,0.000321867468
316.0,0.120125,1.91275,0.000321867468
316.0,0.120375,1.91275,0.000321867468
316.0,0.120375,1.91275,0.000321867468
316.0,0.120625,1.913,0.000321867468
316.0,0.121,1.91325,0.000321867468
316.0,0.12075,1.913,0.000321867468
316.0,0.120875,1.912375,0.000321867468
316.0,0.120875,1.912,0.000321867468
316.0,0.12075,1.912,0.000321867468
316.0,0.120625,1.91225,0.000321867468
316.0,0.12075,1.912125,0.000321867468
316.0,0.120625,1.911875,0.000321867468
316.0,0.120625,1.911875,0.000321867468
316.0,0.120875,1.911875,0.000321867468
316.0,0.121,1.91225,0.000321867468
316.0,0.120875,1.912125,0.000321867468
316.0,0.120625,1.912375,0.000321867468
316.0,0.120625,1.912625,0.000321867468
316.0,0.12075,1.912625,0.000321867468
316.0,0.12075,1.912625,0.000321867468
316.0,0.121125,1.913125,0.000321867468
316.0,0.121125,1.912875,0.000321867468
316.0,0.121,1.91275,0.000321867468
316.0,0.12075,1.911875,0.000321867468
316.0,0.120875,1.91175,0.000321867468
316.0,0.12075,1.911875,0.000321867468
316.0,0.1205,1.912375,0.000321867468
316.0,0.1205,1.91225,0.000321867468
316.0,0.1205,1.91225,0.000321867468
316.0,0.120625,1.91175,0.000321867468
316.0,0.120625,1.912,0.000321867468
316.0,0.120625,1.9125,0.000321867468
316.0,0.12075,1.9125,0.000321867468
316.0,0.1205,1.9125,0.000321867468
316.0,0.120375,1.912625,0.000321867468
316.0,0.1205,1.912625,0.000321867468
316.0,0.12075,1.912875,0.000321867468
316.0,0.12075,1.91325,0.000321867468
316.0,0.1205,1.913125,0.000321867468
316.0,0.120625,1.912625,0.000321867468
316.0,0.120625,1.912125,0.000321867468
316.0,0.120875,1.91225,0.000321867468
316.0,0.120625,1.91225,0.000321867468
316.0,0.1205,1.912375,0.000321867468
316.0,0.1205,1.912375,0.000321867468
316.0,0.1205,1.912,0.000321867468
316.0,0.121,1.912,0.000321867468
316.0,0.121,1.91225,0.000321867468
316.0,0.12075,1.9125,0.000321867468
316.0,0.120625,1.9125,0.000321867468
316.0,0.120875,1.912625,0.000321867468
316.0,0.120875,1.91275,0.000321867468
316.0,0.120625,1.912875,0.000321867468
316.0,0.120375,1.91325,0.000321867468
316.0,0.12025,1.913375,0.000321867468
316.0,0.12025,1.91325,0.000321867468
316.0,0.120625,1.912625,0.000321867468
316.0,0.12075,1.912125,0.000321867468
316.0,0.12075,1.91225,0.000321867468
316.0,0.12075,1.91225,0.000321867468
316.0,0.12075,1.91225,0.000321867468
316.0,0.120625,1.912125,0.000321867468
316.0,0.12025,1.91175,0.000321867468
316.0,0.120375,1.91175,0.000321867468
316.0,0.12075,1.912,0.000321867468
316.0,0.12075,1.912,0.000321867468
316.0,0.120375,1.912125,0.000321867468
316.0,0.120375,1.9125,0.000321867468
316.0,0.120875,1.91275,0.000321867468
316.0,0.120625,1.912875,0.000321867468
316.0,0.121,1.913125,0.000321867468
316.0,0.121125,1.91325,0.000321867468
316.0,0.120875,1.913,0.000321867468
316.0,0.12075,1.9125,0.000321867468
316.0,0.12075,1.912125,0.000321867468
316.0,0.120375,1.912125,0.000321867468
316.0,0.120375,1.912125,0.000321867468
316.0,0.120875,1.912125,0.000321867468
316.0,0.121,1.912,0.000321867468
316.0,0.12075,1.911875,0.000321867468
316.0,0.120875,1.91225,0.000321867468
316.0,0.12075,1.912375,0.000321867468
316.0,0.120625,1.91225,0.000321867468
316.0,0.120375,1.912375,0.000321867468
316.0,0.120125,1.91275,0.000321867468
316.0,0.12025,1.91275,0.000321867468
316.0,0.120125,1.91275,0.000321867468
316.0,0.120375,1.91325,0.000321867468
316.0,0.120375,1.913375,0.000321867468
316.0,0.120625,1.913,0.000321867468
316.0,0.12075,1.912375,0.000321867468
316.0,0.120875,1.912125,0.000321867468
316.0,0.12075,1.91225,0.000321867468
316.0,0.12075,1.91225,0.000321867468
316.0,0.1205,1.912375,0.000321867468
316.0,0.120875,1.912125,0.000321867468
316.0,0.1205,1.911875,0.000321867468
316.0,0.12025,1.912125,0.000321867468
316.0,0.1205,1.912375,0.000321867468
316.0,0.12075,1.912375,0.000321867468
316.0,0.120375,1.912625,0.000321867468
316.0,0.120125,1.91275,0.000321867468
316.0,0.1205,1.91275,0.000321867468
316.0,0.120375,1.912875,0.000321867468
316.0,0.120625,1.913125,0.000321867468
316.0,0.121,1.913125,0.000321867468
316.0,0.120875,1.912625,0.000321867468
316.0,0.120875,1.912125,0.000321867468
317.0,0.10125,1.861375,0.000322100997
317.0,0.100875,1.8615,0.000322100997
317.0,0.100875,1.862,0.000322100997
317.0,0.101,1.862,0.000322100997
317.0,0.100625,1.862,0.000322100997
317.0,0.10075,1.86225,0.000322100997
317.0,0.100625,1.862125,0.000322100997
317.0,0.1005,1.86225,0.000322100997
317.0,0.1005,1.86225,0.000322100997
317.0,0.100875,1.86275,0.000322100997
317.0,0.101125,1.862625,0.000322100997
317.0,0.10125,1.86225,0.000322100997
317.0,0.101375,1.86175,0.000322100997
317.0,0.101,1.86175,0.000322100997
317.0,0.100625,1.861625,0.000322100997
317.0,0.100875,1.861875,0.000322100997
317.0,0.101,1.861375,0.000322100997
317.0,0.100875,1.861125,0.000322100997
317.0,0.100875,1.861375,0.000322100997
317.0,0.10125,1.86175,0.000322100997
317.0,0.101125,1.861875,0.000322100997
317.0,0.100875,1.862125,0.000322100997
317.0,0.10075,1.862125,0.000322100997
317.0,0.101,1.86225,0.000322100997
317.0,0.101,1.8625,0.000322100997
317.0,0.10125,1.8625,0.000322100997
317.0,0.100875,1.86275,0.000322100997
317.0,0.101,1.862625,0.000322100997
317.0,0.10125,1.86225,0.000322100997
317.0,0.101,1.86175,0.000322100997
317.0,0.101,1.861625,0.000322100997
317.0,0.100625,1.861875,0.000322100997
317.0,0.101125,1.862,0.000322100997
317.0,0.10125,1.8615,0.000322100997
317.0,0.10125,1.86125,0.000322100997
317.0,0.1015,1.861625,0.000322100997
317.0,0.1015,1.861875,0.000322100997
317.0,0.101,1.861875,0.000322100997
317.0,0.10075,1.862375,0.000322100997
317.0,0.10075,1.8625,0.000322100997
317.0,0.10075,1.862375,0.000322100997
317.0,0.100875,1.862375,0.000322100997
317.0,0.101,1.86275,0.000322100997
317.0,0.101375,1.862625,0.000322100997
317.0,0.1015,1.8625,0.000322100997
317.0,0.10125,1.861875,0.000322100997
317.0,0.101375,1.861625,0.000322100997
317.0,0.10125,1.861625,0.000322100997
317.0,0.10125,1.861875,0.000322100997
317.0,0.101125,1.861625,0.000322100997
317.0,0.10075,1.861375,0.000322100997
317.0,0.10125,1.861625,0.000322100997
317.0,0.101375,1.86175,0.000322100997
317.0,0.101125,1.861875,0.000322100997
317.0,0.101,1.862,0.000322100997
317.0,0.101,1.86225,0.000322100997
317.0,0.101125,1.86225,0.000322100997
317.0,0.101125,1.86225,0.000322100997
317.0,0.101125,1.86225,0.000322100997
317.0,0.10125,1.86275,0.000322100997
317.0,0.101125,1.862625,0.000322100997
317.0,0.101125,1.862375,0.000322100997
317.0,0.101125,1.861875,0.000322100997
317.0,0.101125,1.861625,0.000322100997
317.0,0.10075,1.86175,0.000322100997
317.0,0.101,1.86175,0.000322100997
317.0,0.101375,1.861625,0.000322100997
317.0,0.101375,1.861375,0.000322100997
317.0,0.1015,1.861625,0.000322100997
317.0,0.101,1.861875,0.000322100997
317.0,0.10075,1.86175,0.000322100997
317.0,0.10075,1.862,0.000322100997
317.0,0.101,1.862125,0.000322100997
317.0,0.101,1.862125,0.000322100997
317.0,0.100875,1.862125,0.000322100997
317.0,0.101,1.86225,0.000322100997
317.0,0.101125,1.862625,0.000322100997
317.0,0.101375,1.86225,0.000322100997
317.0,0.1015,1.861875,0.000322100997
317.0,0.101375,1.861625,0.000322100997
317.0,0.101125,1.8615,0.000322100997
317.0,0.100875,1.8615,0.000322100997
317.0,0.10075,1.8615,0.000322100997
317.0,0.100875,1.86125,0.000322100997
317.0,0.101,1.86125,0.000322100997
317.0,0.101,1.861625,0.000322100997
317.0,0.100875,1.86175,0.000322100997
317.0,0.101,1.86175,0.000322100997
317.0,0.101125,1.862125,0.000322100997
317.0,0.101125,1.862125,0.000322100997
317.0,0.101125,1.862,0.000322100997
317.0,0.101125,1.86175,0.000322100997
317.0,0.101125,1.862375,0.000322100997
317.0,0.10075,1.86275,0.000322100997
317.0,0.101,1.86225,0.000322100997
317.0,0.10125,1.86175,0.000322100997
317.0,0.10125,1.86125,0.000322100997
317.0,0.100875,1.861625,0.000322100997
317.0,0.100875,1.8615,0.000322100997
317.0,0.101,1.8615,0.000322100997
317.0,0.10075,1.86125,0.000322100997
317.0,0.10075,1.861375,0.000322100997
317.0,0.10075,1.86175,0.000322100997
317.0,0.100875,1.862,0.000322100997
317.0,0.100625,1.86225,0.000322100997
317.0,0.100625,1.86225,0.000322100997
317.0,0.101,1.862125,0.000322100997
317.0,0.10125,1.862125,0.000322100997
317.0,0.101,1.86225,0.000322100997
317.0,0.10125,1.862625,0.000322100997
317.0,0.101,1.86275,0.000322100997
317.0,0.100625,1.86225,0.000322100997
317.0,0.100875,1.861875,0.000322100997
317.0,0.101,1.861625,0.000322100997
317.0,0.10075,1.86175,0.000322100997
317.0,0.1005,1.861875,0.000322100997
317.0,0.101,1.861625,0.000322100997
317.0,0.101125,1.861125,0.000322100997
317.0,0.10125,1.861375,0.000322100997
317.0,0.10125,1.862,0.000322100997
317.0,0.10125,1.862,0.000322100997
317.0,0.10125,1.861875,0.000322100997
317.0,0.101,1.861875,0.000322100997
317.0,0.100875,1.862125,0.000322100997
317.0,0.100875,1.862125,0.000322100997
317.0,0.10075,1.8625,0.000322100997
317.0,0.101,1.86275,0.000322100997
317.0,0.101,1.862875,0.000322100997
317.0,0.101,1.8625,0.000322100997
317.0,0.101375,1.861625,0.000322100997
317.0,0.101125,1.861625,0.000322100997
317.0,0.100625,1.861875,0.000322100997
317.0,0.10075,1.862,0.000322100997
317.0,0.101125,1.861625,0.000322100997
317.0,0.101,1.861375,0.000322100997
317.0,0.100875,1.861625,0.000322100997
317.0,0.100875,1.862,0.000322100997
317.0,0.100875,1.86175,0.000322100997
317.0,0.10075,1.86175,0.000322100997
317.0,0.100625,1.861875,0.000322100997
317.0,0.100875,1.862125,0.000322100997
317.0,0.100875,1.862125,0.000322100997
317.0,0.101125,1.862375,0.000322100997
317.0,0.10075,1.862625,0.000322100997
317.0,0.10075,1.862375,0.000322100997
317.0,0.101,1.861875,0.000322100997
317.0,0.101125,1.861375,0.000322100997
317.0,0.101,1.861625,0.000322100997
317.0,0.10075,1.861875,0.000322100997
317.0,0.101,1.861875,0.000322100997
317.0,0.101125,1.86175,0.000322100997
317.0,0.100875,1.861625,0.000322100997
317.0,0.101,1.862,0.000322100997
317.0,0.101125,1.861875,0.000322100997
317.0,0.101125,1.861875,0.000322100997
317.0,0.10125,1.861875,0.000322100997
317.0,0.100875,1.862125,0.000322100997
317.0,0.100625,1.86225,0.000322100997
317.0,0.101,1.862375,0.000322100997
317.0,0.100875,1.86275,0.000322100997
317.0,0.101125,1.862875,0.000322100997
317.0,0.101,1.8625,0.000322100997
317.0,0.101,1.862,0.000322100997
317.0,0.10125,1.861625,0.000322100997
317.0,0.101,1.86175,0.000322100997
317.0,0.100625,1.862,0.000322100997
317.0,0.100875,1.861625,0.000322100997
317.0,0.100875,1.861375,0.000322100997
317.0,0.101,1.861625,0.000322100997
318.0,0.083,1.811,0.000321978237
318.0,0.082875,1.811,0.000321978237
318.0,0.082875,1.81075,0.000321978237
318.0,0.08275,1.810625,0.000321978237
318.0,0.082625,1.811,0.000321978237
318.0,0.082625,1.811125,0.000321978237
318.0,0.082625,1.811,0.000321978237
318.0,0.082375,1.81125,0.000321978237
318.0,0.082375,1.81125,0.000321978237
318.0,0.08275,1.811375,0.000321978237
318.0,0.083,1.81125,0.000321978237
318.0,0.082875,1.81175,0.000321978237
318.0,0.082625,1.812,0.000321978237
318.0,0.082875,1.811625,0.000321978237
318.0,0.083,1.811125,0.000321978237
318.0,0.083,1.810625,0.000321978237
318.0,0.08325,1.81075,0.000321978237
318.0,0.082875,1.811,0.000321978237
318.0,0.082875,1.81075,0.000321978237
318.0,0.083,1.8105,0.000321978237
318.0,0.08275,1.8105,0.000321978237
318.0,0.083,1.811,0.000321978237
318.0,0.082875,1.811,0.000321978237
318.0,0.083,1.811,0.000321978237
318.0,0.083,1.811,0.000321978237
318.0,0.083,1.811375,0.000321978237
318.0,0.08275,1.811375,0.000321978237
318.0,0.0825,1.811625,0.000321978237
318.0,0.08275,1.812,0.000321978237
318.0,0.08275,1.81175,0.000321978237
318.0,0.083375,1.81125,0.000321978237
318.0,0.08325,1.810875,0.000321978237
318.0,0.083,1.81075,0.000321978237
318.0,0.082875,1.81075,0.000321978237
318.0,0.082625,1.810875,0.000321978237
318.0,0.082875,1.810875,0.000321978237
318.0,0.08325,1.810625,0.000321978237
318.0,0.083125,1.81075,0.000321978237
318.0,0.082875,1.81125,0.000321978237
318.0,0.08275,1.81125,0.000321978237
318.0,0.08275,1.81125,0.000321978237
318.0,0.08275,1.81125,0.000321978237
318.0,0.082875,1.811375,0.000321978237
318.0,0.082625,1.811375,0.000321978237
318.0,0.08275,1.8115,0.000321978237
318.0,0.08275,1.81175,0.000321978237
318.0,0.082875,1.811875,0.000321978237
318.0,0.08275,1.8115,0.000321978237
318.0,0.08275,1.811,0.000321978237
318.0,0.08275,1.810875,0.000321978237
318.0,0.082375,1.811,0.000321978237
318.0,0.0825,1.811,0.000321978237
318.0,0.08275,1.81075,0.000321978237
318.0,0.082875,1.810375,0.000321978237
318.0,0.08275,1.810625,0.000321978237
318.0,0.082875,1.811125,0.000321978237
318.0,0.083125,1.811,0.000321978237
318.0,0.083125,1.811,0.000321978237
318.0,0.082875,1.811125,0.000321978237
318.0,0.082625,1.811375,0.000321978237
318.0,0.082625,1.811375,0.000321978237
318.0,0.083,1.81175,0.000321978237
318.0,0.082875,1.811875,0.000321978237
318.0,0.08275,1.811625,0.000321978237
318.0,0.082875,1.811375,0.000321978237
318.0,0.083125,1.810875,0.000321978237
318.0,0.083,1.81075,0.000321978237
318.0,0.083,1.811,0.000321978237
318.0,0.083125,1.811,0.000321978237
318.0,0.083,1.810625,0.000321978237
318.0,0.083,1.8105,0.000321978237
318.0,0.0825,1.810875,0.000321978237
318.0,0.082375,1.811,0.000321978237
318.0,0.082375,1.811,0.000321978237
318.0,0.082875,1.811,0.000321978237
318.0,0.083,1.811375,0.000321978237
318.0,0.082625,1.8115,0.000321978237
318.0,0.082625,1.811375,0.000321978237
318.0,0.083,1.81175,0.000321978237
318.0,0.08275,1.811875,0.000321978237
318.0,0.082625,1.81175,0.000321978237
318.0,0.08275,1.811125,0.000321978237
318.0,0.082875,1.811125,0.000321978237
318.0,0.083,1.811125,0.000321978237
318.0,0.083,1.811125,0.000321978237
318.0,0.083,1.811125,0.000321978237
318.0,0.08325,1.81075,0.000321978237
318.0,0.08325,1.81075,0.000321978237
318.0,0.083,1.81125,0.000321978237
318.0,0.083,1.81125,0.000321978237
318.0,0.083125,1.81125,0.000321978237
318.0,0.082875,1.811125,0.000321978237
318.0,0.083,1.8115,0.000321978237
318.0,0.083,1.8115,0.000321978237
318.0,0.082875,1.811625,0.000321978237
318.0,0.08275,1.812,0.000321978237
318.0,0.082375,1.811875,0.000321978237
318.0,0.08275,1.8115,0.000321978237
318.0,0.082875,1.811125,0.000321978237
318.0,0.0825,1.811,0.000321978237
318.0,0.082375,1.81125,0.000321978237
318.0,0.0825,1.811125,0.000321978237
318.0,0.083,1.81075,0.000321978237
318.0,0.08325,1.8105,0.000321978237
318.0,0.082875,1.81075,0.000321978237
318.0,0.0825,1.81075,0.000321978237
318.0,0.0825,1.811125,0.000321978237
318.0,0.082625,1.811125,0.000321978237
318.0,0.083,1.811375,0.000321978237
318.0,0.082875,1.8115,0.000321978237
318.0,0.08275,1.811375,0.000321978237
318.0,0.082875,1.81175,0.000321978237
318.0,0.0835,1.811875,0.000321978237
318.0,0.083375,1.811875,0.000321978237
318.0,0.083,1.811375,0.000321978237
318.0,0.08275,1.811,0.000321978237
318.0,0.08275,1.811,0.000321978237
318.0,0.082375,1.811,0.000321978237
318.0,0.08275,1.810875,0.000321978237
318.0,0.082875,1.810625,0.000321978237
318.0,0.083125,1.810625,0.000321978237
318.0,0.08325,1.810625,0.000321978237
318.0,0.08325,1.811,0.000321978237
318.0,0.083,1.81125,0.000321978237
318.0,0.083125,1.811125,0.000321978237
318.0,0.083,1.811375,0.000321978237
318.0,0.08275,1.81125,0.000321978237
318.0,0.08275,1.8115,0.000321978237
318.0,0.08325,1.811875,0.000321978237
318.0,0.08325,1.812,0.000321978237
318.0,0.082875,1.8115,0.000321978237
318.0,0.082875,1.81125,0.000321978237
318.0,0.083125,1.81075,0.000321978237
318.0,0.08275,1.810875,0.000321978237
318.0,0.082875,1.811125,0.000321978237
318.0,0.082875,1.811,0.000321978237
318.0,0.08325,1.81075,0.000321978237
318.0,0.083375,1.81075,0.000321978237
318.0,0.083375,1.810625,0.000321978237
318.0,0.083125,1.811125,0.000321978237
318.0,0.0825,1.811125,0.000321978237
318.0,0.082375,1.81125,0.000321978237
318.0,0.082375,1.8115,0.000321978237
318.0,0.082625,1.8115,0.000321978237
318.0,0.08275,1.8115,0.000321978237
318.0,0.08325,1.812,0.000321978237
318.0,0.0835,1.81175,0.000321978237
318.0,0.08325,1.811375,0.000321978237
318.0,0.082875,1.810875,0.000321978237
318.0,0.08275,1.810875,0.000321978237
318.0,0.08275,1.811,0.000321978237
318.0,0.0825,1.811125,0.000321978237
318.0,0.082875,1.810875,0.000321978237
318.0,0.083,1.81075,0.000321978237
318.0,0.083,1.81075,0.000321978237
318.0,0.083125,1.810875,0.000321978237
318.0,0.083,1.811,0.000321978237
318.0,0.0825,1.811,0.000321978237
318.0,0.082375,1.811375,0.000321978237
318.0,0.082625,1.811625,0.000321978237
318.0,0.0825,1.8115,0.000321978237
318.0,0.08275,1.8115,0.000321978237
318.0,0.083125,1.81175,0.000321978237
318.0,0.083,1.811625,0.000321978237
318.0,0.082875,1.811625,0.000321978237
318.0,0.082875,1.810875,0.000321978237
318.0,0.083125,1.810875,0.000321978237
318.0,0.08275,1.811125,0.000321978237
318.0,0.082875,1.811,0.000321978237
319.0,0.067,1.76025,0.000322005595
319.0,0.067125,1.76,0.000322005595
319.0,0.06725,1.759875,0.000322005595
319.0,0.067125,1.760125,0.000322005595
319.0,0.06725,1.760625,0.000322005595
319.0,0.067125,1.76025,0.000322005595
319.0,0.066625,1.76025,0.000322005595
319.0,0.06675,1.7605,0.000322005595
319.0,0.06675,1.7605,0.000322005595
319.0,0.066875,1.760625,0.000322005595
319.0,0.067,1.760875,0.000322005595
319.0,0.067,1.761,0.000322005595
319.0,0.06725,1.761125,0.000322005595
319.0,0.066875,1.760625,0.000322005595
319.0,0.066875,1.76025,0.000322005595
319.0,0.066875,1.76,0.000322005595
319.0,0.06675,1.76025,0.000322005595
319.0,0.066875,1.76025,0.000322005595
319.0,0.06725,1.76,0.000322005595
319.0,0.067375,1.759875,0.000322005595
319.0,0.06725,1.76,0.000322005595
319.0,0.067125,1.760125,0.000322005595
319.0,0.06675,1.760375,0.000322005595
319.0,0.066625,1.7605,0.000322005595
319.0,0.066875,1.7605,0.000322005595
319.0,0.066875,1.760625,0.000322005595
319.0,0.066875,1.76075,0.000322005595
319.0,0.067,1.760875,0.000322005595
319.0,0.067125,1.761125,0.000322005595
319.0,0.067,1.760875,0.000322005595
319.0,0.067,1.76025,0.000322005595
319.0,0.067125,1.76025,0.000322005595
319.0,0.067,1.760125,0.000322005595
319.0,0.06675,1.760125,0.000322005595
319.0,0.06675,1.76025,0.000322005595
319.0,0.066875,1.759875,0.000322005595
319.0,0.066875,1.76,0.000322005595
319.0,0.067,1.760375,0.000322005595
319.0,0.066875,1.7605,0.000322005595
319.0,0.06675,1.76025,0.000322005595
319.0,0.06675,1.760625,0.000322005595
319.0,0.06675,1.760625,0.000322005595
319.0,0.067125,1.7605,0.000322005595
319.0,0.066875,1.760375,0.000322005595
319.0,0.066875,1.761,0.000322005595
319.0,0.06725,1.761,0.000322005595
319.0,0.0675,1.76075,0.000322005595
319.0,0.06725,1.76025,0.000322005595
319.0,0.067125,1.759875,0.000322005595
319.0,0.066875,1.76025,0.000322005595
319.0,0.067,1.76025,0.000322005595
319.0,0.066875,1.760125,0.000322005595
319.0,0.06675,1.75975,0.000322005595
319.0,0.067,1.759875,0.000322005595
319.0,0.067125,1.760375,0.000322005595
319.0,0.067125,1.760375,0.000322005595
319.0,0.066625,1.7605,0.000322005595
319.0,0.066625,1.7605,0.000322005595
319.0,0.06675,1.7605,0.000322005595
319.0,0.067,1.7605,0.000322005595
319.0,0.066875,1.76075,0.000322005595
319.0,0.06675,1.760875,0.000322005595
319.0,0.067,1.76075,0.000322005595
319.0,0.067125,1.760375,0.000322005595
319.0,0.06725,1.76025,0.000322005595
319.0,0.067375,1.760125,0.000322005595
319.0,0.067,1.76,0.000322005595
319.0,0.066875,1.76,0.000322005595
319.0,0.066625,1.759875,0.000322005595
319.0,0.067125,1.759625,0.000322005595
319.0,0.067125,1.760125,0.000322005595
319.0,0.066875,1.7605,0.000322005595
319.0,0.066375,1.76025,0.000322005595
319.0,0.066375,1.76025,0.000322005595
319.0,0.066625,1.760625,0.000322005595
319.0,0.067,1.7605,0.000322005595
319.0,0.06675,1.7605,0.000322005595
319.0,0.067125,1.760875,0.000322005595
319.0,0.06725,1.761,0.000322005595
319.0,0.067375,1.761,0.000322005595
319.0,0.06725,1.760375,0.000322005595
319.0,0.06675,1.759875,0.000322005595
319.0,0.066875,1.760125,0.000322005595
319.0,0.06675,1.760375,0.000322005595
319.0,0.066875,1.76025,0.000322005595
319.0,0.06675,1.76,0.000322005595
319.0,0.06675,1.76,0.000322005595
319.0,0.06675,1.7605,0.000322005595
319.0,0.06675,1.760625,0.000322005595
319.0,0.06675,1.760625,0.000322005595
319.0,0.066875,1.760625,0.000322005595
319.0,0.066625,1.760625,0.000322005595
319.0,0.067,1.760625,0.000322005595
319.0,0.067125,1.76075,0.000322005595
319.0,0.067125,1.761,0.000322005595
319.0,0.067,1.760875,0.000322005595
319.0,0.067,1.7605,0.000322005595
319.0,0.06725,1.760125,0.000322005595
319.0,0.067125,1.760125,0.000322005595
319.0,0.067125,1.76025,0.000322005595
319.0,0.067125,1.76025,0.000322005595
319.0,0.06725,1.759875,0.000322005595
319.0,0.06725,1.75975,0.000322005595
319.0,0.067,1.759875,0.000322005595
319.0,0.066875,1.76025,0.000322005595
319.0,0.066875,1.76025,0.000322005595
319.0,0.067125,1.76025,0.000322005595
319.0,0.067125,1.760375,0.000322005595
319.0,0.066875,1.760375,0.000322005595
319.0,0.066875,1.7605,0.000322005595
319.0,0.067125,1.76075,0.000322005595
319.0,0.06725,1.761,0.000322005595
319.0,0.067125,1.761,0.000322005595
319.0,0.067,1.760625,0.000322005595
319.0,0.066875,1.759875,0.000322005595
319.0,0.066875,1.75975,0.000322005595
319.0,0.066875,1.76,0.000322005595
319.0,0.067,1.759875,0.000322005595
319.0,0.0665,1.759625,0.000322005595
319.0,0.066875,1.759625,0.000322005595
319.0,0.066875,1.760125,0.000322005595
319.0,0.066875,1.760375,0.000322005595
319.0,0.066875,1.760375,0.000322005595
319.0,0.06675,1.760125,0.000322005595
319.0,0.06675,1.7605,0.000322005595
319.0,0.067125,1.7605,0.000322005595
319.0,0.067,1.7605,0.000322005595
319.0,0.067,1.760875,0.000322005595
319.0,0.067,1.761,0.000322005595
319.0,0.066875,1.760875,0.000322005595
319.0,0.067125,1.76025,0.000322005595
319.0,0.067125,1.759875,0.000322005595
319.0,0.067,1.76,0.000322005595
319.0,0.067125,1.760125,0.000322005595
319.0,0.067,1.76,0.000322005595
319.0,0.06725,1.760125,0.000322005595
319.0,0.06725,1.759875,0.000322005595
319.0,0.066875,1.760375,0.000322005595
319.0,0.066875,1.760375,0.000322005595
319.0,0.066625,1.76025,0.000322005595
319.0,0.06675,1.760375,0.000322005595
319.0,0.06675,1.7605,0.000322005595
319.0,0.06675,1.76075,0.000322005595
319.0,0.067,1.760625,0.000322005595
319.0,0.067,1.761,0.000322005595
319.0,0.06675,1.76125,0.000322005595
319.0,0.066875,1.760875,0.000322005595
319.0,0.066875,1.760125,0.000322005595
319.0,0.06725,1.76,0.000322005595
319.0,0.067,1.760125,0.000322005595
319.0,0.066875,1.76025,0.000322005595
319.0,0.067,1.76,0.000322005595
319.0,0.067125,1.75975,0.000322005595
319.0,0.067,1.759875,0.000322005595
319.0,0.067,1.759875,0.000322005595
319.0,0.067375,1.76025,0.000322005595
319.0,0.06725,1.760375,0.000322005595
319.0,0.06675,1.7605,0.000322005595
319.0,0.066375,1.760625,0.000322005595
319.0,0.066625,1.7605,0.000322005595
319.0,0.06725,1.760625,0.000322005595
319.0,0.06725,1.760875,0.000322005595
319.0,0.066875,1.760875,0.000322005595
319.0,0.067,1.7605,0.000322005595
319.0,0.067125,1.76,0.000322005595
319.0,0.067,1.76,0.000322005595
319.0,0.066875,1.76025,0.000322005595
319.0,0.06725,1.760125,0.000322005595
319.0,0.067375,1.759875,0.000322005595
320.0,0.052875,1.71,0.000321865169
320.0,0.053,1.709875,0.000321865169
320.0,0.052875,1.709375,0.000321865169
320.0,0.052875,1.709,0.000321865169
320.0,0.0525,1.709,0.000321865169
320.0,0.05225,1.709125,0.000321865169
320.0,0.052625,1.709,0.000321865169
320.0,0.052875,1.70875,0.000321865169
320.0,0.052875,1.70875,0.000321865169
320.0,0.05325,1.70875,0.000321865169
320.0,0.053125,1.709,0.000321865169
320.0,0.052875,1.70925,0.000321865169
320.0,0.052625,1.709,0.000321865169
320.0,0.053,1.70925,0.000321865169
320.0,0.052875,1.70925,0.000321865169
320.0,0.052875,1.709375,0.000321865169
320.0,0.052875,1.709625,0.000321865169
320.0,0.052875,1.70975,0.000321865169
320.0,0.052625,1.7095,0.000321865169
320.0,0.052875,1.709,0.000321865169
320.0,0.053125,1.708625,0.000321865169
320.0,0.052875,1.708875,0.000321865169
320.0,0.053,1.709,0.000321865169
320.0,0.052625,1.709,0.000321865169
320.0,0.05225,1.709,0.000321865169
320.0,0.05225,1.70875,0.000321865169
320.0,0.05275,1.708875,0.000321865169
320.0,0.052625,1.709375,0.000321865169
320.0,0.052625,1.7095,0.000321865169
320.0,0.052125,1.7095,0.000321865169
320.0,0.05225,1.7095,0.000321865169
320.0,0.05225,1.7095,0.000321865169
320.0,0.052625,1.7095,0.000321865169
320.0,0.052625,1.709875,0.000321865169
320.0,0.05275,1.710125,0.000321865169
320.0,0.052625,1.70975,0.000321865169
320.0,0.05275,1.70925,0.000321865169
320.0,0.052875,1.709,0.000321865169
320.0,0.052625,1.709125,0.000321865169
320.0,0.052875,1.709125,0.000321865169
320.0,0.05325,1.709125,0.000321865169
320.0,0.05325,1.708875,0.000321865169
320.0,0.052875,1.708625,0.000321865169
320.0,0.053,1.708875,0.000321865169
320.0,0.052625,1.709375,0.000321865169
320.0,0.052375,1.7095,0.000321865169
320.0,0.052375,1.709625,0.000321865169
320.0,0.052625,1.70975,0.000321865169
320.0,0.052625,1.7095,0.000321865169
320.0,0.05275,1.71,0.000321865169
320.0,0.052625,1.710125,0.000321865169
320.0,0.0525,1.70975,0.000321865169
320.0,0.0525,1.7095,0.000321865169
320.0,0.0525,1.709125,0.000321865169
320.0,0.05275,1.709125,0.000321865169
320.0,0.052875,1.70925,0.000321865169
320.0,0.05275,1.70925,0.000321865169
320.0,0.05275,1.709125,0.000321865169
320.0,0.053,1.709,0.000321865169
320.0,0.05325,1.70875,0.000321865169
320.0,0.053125,1.709125,0.000321865169
320.0,0.052625,1.70925,0.000321865169
320.0,0.052375,1.70925,0.000321865169
320.0,0.0525,1.709625,0.000321865169
320.0,0.052375,1.7095,0.000321865169
320.0,0.052625,1.7095,0.000321865169
320.0,0.05275,1.71,0.000321865169
320.0,0.05275,1.71025,0.000321865169
320.0,0.053125,1.709875,0.000321865169
320.0,0.053125,1.709375,0.000321865169
320.0,0.053,1.709125,0.000321865169
320.0,0.052875,1.709,0.000321865169
320.0,0.052625,1.709,0.000321865169
320.0,0.052625,1.709,0.000321865169
320.0,0.052625,1.709125,0.000321865169
320.0,0.052875,1.709,0.000321865169
320.0,0.0525,1.709125,0.000321865169
320.0,0.052625,1.709375,0.000321865169
320.0,0.05225,1.70925,0.000321865169
320.0,0.052375,1.70925,0.000321865169
320.0,0.052125,1.709375,0.000321865169
320.0,0.0525,1.70925,0.000321865169
320.0,0.053,1.709625,0.000321865169
320.0,0.052875,1.709875,0.000321865169
320.0,0.052875,1.71,0.000321865169
320.0,0.053125,1.709625,0.000321865169
320.0,0.052875,1.709,0.000321865169
320.0,0.052625,1.709,0.000321865169
320.0,0.052625,1.709125,0.000321865169
320.0,0.052625,1.709125,0.000321865169
320.0,0.052375,1.709125,0.000321865169
320.0,0.05275,1.709,0.000321865169
320.0,0.053125,1.70875,0.000321865169
320.0,0.05275,1.708875,0.000321865169
320.0,0.052625,1.70925,0.000321865169
320.0,0.05275,1.709125,0.000321865169
320.0,0.05275,1.709375,0.000321865169
320.0,0.05275,1.709625,0.000321865169
320.0,0.052875,1.709625,0.000321865169
320.0,0.052625,1.709625,0.000321865169
320.0,0.0525,1.71,0.000321865169
320.0,0.053,1.70975,0.000321865169
320.0,0.05325,1.709375,0.000321865169
320.0,0.053,1.708875,0.000321865169
320.0,0.052625,1.708875,0.000321865169
320.0,0.052625,1.708875,0.000321865169
320.0,0.0525,1.709,0.000321865169
320.0,0.05225,1.709125,0.000321865169
320.0,0.053,1.708625,0.000321865169
320.0,0.053375,1.708625,0.000321865169
320.0,0.053,1.709,0.000321865169
320.0,0.052375,1.70925,0.000321865169
320.0,0.0525,1.709125,0.000321865169
320.0,0.052375,1.709375,0.000321865169
320.0,0.052625,1.709375,0.000321865169
320.0,0.0525,1.7095,0.000321865169
320.0,0.052625,1.70975,0.000321865169
320.0,0.052625,1.709625,0.000321865169
320.0,0.052625,1.70975,0.000321865169
320.0,0.052875,1.709,0.000321865169
320.0,0.052875,1.70875,0.000321865169
320.0,0.052875,1.70875,0.000321865169
320.0,0.052875,1.709,0.000321865169
320.0,0.053,1.709,0.000321865169
320.0,0.05275,1.709,0.000321865169
320.0,0.053125,1.708875,0.000321865169
320.0,0.053,1.708875,0.000321865169
320.0,0.052875,1.709125,0.000321865169
320.0,0.05275,1.709375,0.000321865169
320.0,0.0525,1.7095,0.000321865169
320.0,0.0525,1.709625,0.000321865169
320.0,0.052875,1.7095,0.000321865169
320.0,0.05275,1.70975,0.000321865169
320.0,0.052625,1.71,0.000321865169
320.0,0.0525,1.709875,0.000321865169
320.0,0.052625,1.709625,0.000321865169
320.0,0.0525,1.709375,0.000321865169
320.0,0.052875,1.709375,0.000321865169
320.0,0.052875,1.709,0.000321865169
320.0,0.052875,1.709125,0.000321865169
320.0,0.052875,1.709125,0.000321865169
320.0,0.053125,1.708875,0.000321865169
320.0,0.053125,1.708875,0.000321865169
320.0,0.05325,1.709,0.000321865169
320.0,0.053125,1.709375,0.000321865169
320.0,0.05275,1.70925,0.000321865169
320.0,0.0525,1.709375,0.000321865169
320.0,0.052875,1.709625,0.000321865169
320.0,0.053,1.7095,0.000321865169
320.0,0.053,1.709625,0.000321865169
320.0,0.053125,1.70975,0.000321865169
320.0,0.053,1.71,0.000321865169
320.0,0.052625,1.7095,0.000321865169
320.0,0.052625,1.7095,0.000321865169
320.0,0.052625,1.709125,0.000321865169
320.0,0.052875,1.709,0.000321865169
320.0,0.052625,1.70925,0.000321865169
320.0,0.05275,1.70925,0.000321865169
320.0,0.052625,1.709,0.000321865169
320.0,0.052875,1.708875,0.000321865169
320.0,0.052875,1.709125,0.000321865169
320.0,0.05275,1.70925,0.000321865169
320.0,0.052625,1.70925,0.000321865169
320.0,0.05275,1.709375,0.000321865169
320.0,0.052875,1.7095,0.000321865169
320.0,0.052625,1.70975,0.000321865169
320.0,0.052625,1.71,0.000321865169
320.0,0.053125,1.71,0.000321865169
320.0,0.053125,1.709625,0.000321865169
321.0,0.040625,1.65725,0.000322088978
321.0,0.040625,1.657625,0.000322088978
321.0,0.0405,1.6575,0.000322088978
321.0,0.040375,1.657625,0.000322088978
321.0,0.040625,1.657625,0.000322088978
321.0,0.040375,1.657875,0.000322088978
321.0,0.04025,1.658,0.000322088978
321.0,0.04025,1.65825,0.000322088978
321.0,0.04025,1.65825,0.000322088978
321.0,0.04025,1.65825,0.000322088978
321.0,0.04075,1.658,0.000322088978
321.0,0.040875,1.6575,0.000322088978
321.0,0.0405,1.65725,0.000322088978
321.0,0.0405,1.65725,0.000322088978
321.0,0.040375,1.657375,0.000322088978
321.0,0.040625,1.65725,0.000322088978
321.0,0.0405,1.656875,0.000322088978
321.0,0.040375,1.65725,0.000322088978
321.0,0.040125,1.6575,0.000322088978
321.0,0.04,1.657375,0.000322088978
321.0,0.040125,1.65775,0.000322088978
321.0,0.040125,1.65775,0.000322088978
321.0,0.0405,1.657625,0.000322088978
321.0,0.040625,1.65775,0.000322088978
321.0,0.040625,1.658375,0.000322088978
321.0,0.040875,1.658375,0.000322088978
321.0,0.0405,1.658,0.000322088978
321.0,0.040625,1.6575,0.000322088978
321.0,0.04075,1.65725,0.000322088978
321.0,0.040625,1.65725,0.000322088978
321.0,0.040375,1.657375,0.000322088978
321.0,0.04025,1.65725,0.000322088978
321.0,0.040375,1.656875,0.000322088978
321.0,0.04025,1.656875,0.000322088978
321.0,0.040375,1.657375,0.000322088978
321.0,0.040625,1.657625,0.000322088978
321.0,0.040625,1.65775,0.000322088978
321.0,0.0405,1.65775,0.000322088978
321.0,0.040625,1.657625,0.000322088978
321.0,0.040375,1.657875,0.000322088978
321.0,0.040375,1.658125,0.000322088978
321.0,0.040375,1.658125,0.000322088978
321.0,0.040625,1.658125,0.000322088978
321.0,0.04075,1.658,0.000322088978
321.0,0.04075,1.6575,0.000322088978
321.0,0.040625,1.657125,0.000322088978
321.0,0.040375,1.657375,0.000322088978
321.0,0.040625,1.657375,0.000322088978
321.0,0.040625,1.657375,0.000322088978
321.0,0.040875,1.657125,0.000322088978
321.0,0.0405,1.657125,0.000322088978
321.0,0.0405,1.6575,0.000322088978
321.0,0.04025,1.6575,0.000322088978
321.0,0.04025,1.6575,0.000322088978
321.0,0.040375,1.65775,0.000322088978
321.0,0.04,1.657625,0.000322088978
321.0,0.04,1.65775,0.000322088978
321.0,0.04,1.65775,0.000322088978
321.0,0.040125,1.658125,0.000322088978
321.0,0.04025,1.658125,0.000322088978
321.0,0.04075,1.65775,0.000322088978
321.0,0.04075,1.6575,0.000322088978
321.0,0.040625,1.65725,0.000322088978
321.0,0.040125,1.657375,0.000322088978
321.0,0.04025,1.657625,0.000322088978
321.0,0.04025,1.65725,0.000322088978
321.0,0.040375,1.657125,0.000322088978
321.0,0.04075,1.657375,0.000322088978
321.0,0.040375,1.657625,0.000322088978
321.0,0.0405,1.6575,0.000322088978
321.0,0.040375,1.657625,0.000322088978
321.0,0.040375,1.657875,0.000322088978
321.0,0.040125,1.65775,0.000322088978
321.0,0.040125,1.65775,0.000322088978
321.0,0.0405,1.657875,0.000322088978
321.0,0.040375,1.65825,0.000322088978
321.0,0.040625,1.658,0.000322088978
321.0,0.040375,1.65775,0.000322088978
321.0,0.0405,1.657375,0.000322088978
321.0,0.040125,1.6575,0.000322088978
321.0,0.04025,1.6575,0.000322088978
321.0,0.040375,1.657375,0.000322088978
321.0,0.04075,1.657375,0.000322088978
321.0,0.0405,1.657125,0.000322088978
321.0,0.040625,1.6575,0.000322088978
321.0,0.04025,1.657625,0.000322088978
321.0,0.04,1.6575,0.000322088978
321.0,0.040125,1.657875,0.000322088978
321.0,0.04025,1.65775,0.000322088978
321.0,0.04025,1.65775,0.000322088978
321.0,0.04025,1.65775,0.000322088978
321.0,0.04025,1.658125,0.000322088978
321.0,0.041125,1.658375,0.000322088978
321.0,0.041,1.658125,0.000322088978
321.0,0.04075,1.657375,0.000322088978
321.0,0.040875,1.65725,0.000322088978
321.0,0.040375,1.6575,0.000322088978
321.0,0.04,1.657625,0.000322088978
321.0,0.0405,1.657625,0.000322088978
321.0,0.040625,1.65725,0.000322088978
321.0,0.040375,1.657125,0.000322088978
321.0,0.040375,1.657375,0.000322088978
321.0,0.0405,1.657375,0.000322088978
321.0,0.040125,1.65775,0.000322088978
321.0,0.040125,1.657875,0.000322088978
321.0,0.040125,1.657875,0.000322088978
321.0,0.04,1.65775,0.000322088978
321.0,0.040375,1.658,0.000322088978
321.0,0.040625,1.65825,0.000322088978
321.0,0.040375,1.65825,0.000322088978
321.0,0.040625,1.657875,0.000322088978
321.0,0.040875,1.657375,0.000322088978
321.0,0.0405,1.657375,0.000322088978
321.0,0.04025,1.6575,0.000322088978
321.0,0.04025,1.657375,0.000322088978
321.0,0.04075,1.65725,0.000322088978
321.0,0.04075,1.657125,0.000322088978
321.0,0.0405,1.657375,0.000322088978
321.0,0.040625,1.6575,0.000322088978
321.0,0.04075,1.657625,0.000322088978
321.0,0.0405,1.65775,0.000322088978
321.0,0.0405,1.65775,0.000322088978
321.0,0.0405,1.657875,0.000322088978
321.0,0.04075,1.658,0.000322088978
321.0,0.04075,1.658375,0.000322088978
321.0,0.041,1.658375,0.000322088978
321.0,0.040875,1.658125,0.000322088978
321.0,0.0405,1.65775,0.000322088978
321.0,0.04025,1.657375,0.000322088978
321.0,0.040375,1.65725,0.000322088978
321.0,0.04,1.657375,0.000322088978
321.0,0.040375,1.65725,0.000322088978
321.0,0.04025,1.657125,0.000322088978
321.0,0.040625,1.65725,0.000322088978
321.0,0.04075,1.6575,0.000322088978
321.0,0.04075,1.6575,0.000322088978
321.0,0.040625,1.657375,0.000322088978
321.0,0.0405,1.657875,0.000322088978
321.0,0.0405,1.657875,0.000322088978
321.0,0.040625,1.65775,0.000322088978
321.0,0.04075,1.65775,0.000322088978
321.0,0.04075,1.65825,0.000322088978
321.0,0.040625,1.658375,0.000322088978
321.0,0.040375,1.658125,0.000322088978
321.0,0.0405,1.6575,0.000322088978
321.0,0.040875,1.65725,0.000322088978
321.0,0.0405,1.657375,0.000322088978
321.0,0.04025,1.657375,0.000322088978
321.0,0.040375,1.65725,0.000322088978
321.0,0.040625,1.657125,0.000322088978
321.0,0.040625,1.657375,0.000322088978
321.0,0.0405,1.65775,0.000322088978
321.0,0.040125,1.657625,0.000322088978
321.0,0.040375,1.657625,0.000322088978
321.0,0.040375,1.657625,0.000322088978
321.0,0.04025,1.657625,0.000322088978
321.0,0.040375,1.657875,0.000322088978
321.0,0.040375,1.657875,0.000322088978
321.0,0.040625,1.65825,0.000322088978
321.0,0.04025,1.65825,0.000322088978
321.0,0.0405,1.658,0.000322088978
321.0,0.040125,1.6575,0.000322088978
321.0,0.040375,1.657375,0.000322088978
321.0,0.04025,1.6575,0.000322088978
321.0,0.040375,1.6575,0.000322088978
321.0,0.040875,1.65725,0.000322088978
321.0,0.040875,1.657125,0.000322088978
321.0,0.04075,1.65725,0.000322088978
321.0,0.0405,1.65775,0.000322088978
322.0,0.03,1.606125,0.000321894011
322.0,0.03,1.605625,0.000321894011
322.0,0.03,1.605625,0.000321894011
322.0,0.02975,1.60575,0.000321894011
322.0,0.029875,1.60575,0.000321894011
322.0,0.02975,1.6055,0.000321894011
322.0,0.029625,1.6055,0.000321894011
322.0,0.029875,1.60575,0.000321894011
322.0,0.029875,1.60575,0.000321894011
322.0,0.029625,1.605875,0.000321894011
322.0,0.029625,1.605875,0.000321894011
322.0,0.02975,1.60625,0.000321894011
322.0,0.02975,1.606125,0.000321894011
322.0,0.029375,1.60625,0.000321894011
322.0,0.0295,1.60675,0.000321894011
322.0,0.02975,1.606625,0.000321894011
322.0,0.0295,1.606,0.000321894011
322.0,0.029625,1.605375,0.000321894011
322.0,0.029375,1.605375,0.000321894011
322.0,0.02975,1.6055,0.000321894011
322.0,0.029625,1.60575,0.000321894011
322.0,0.029875,1.605625,0.000321894011
322.0,0.03025,1.60525,0.000321894011
322.0,0.029875,1.605625,0.000321894011
322.0,0.029875,1.605875,0.000321894011
322.0,0.029625,1.605875,0.000321894011
322.0,0.029625,1.605875,0.000321894011
322.0,0.029375,1.606,0.000321894011
322.0,0.029625,1.606375,0.000321894011
322.0,0.02975,1.60625,0.000321894011
322.0,0.02975,1.606375,0.000321894011
322.0,0.029625,1.606875,0.000321894011
322.0,0.02975,1.606625,0.000321894011
322.0,0.02975,1.606,0.000321894011
322.0,0.02975,1.605875,0.000321894011
322.0,0.029375,1.60575,0.000321894011
322.0,0.029875,1.60575,0.000321894011
322.0,0.030125,1.60575,0.000321894011
322.0,0.03,1.6055,0.000321894011
322.0,0.030125,1.605375,0.000321894011
322.0,0.030125,1.606,0.000321894011
322.0,0.030125,1.606,0.000321894011
322.0,0.03,1.60625,0.000321894011
322.0,0.02975,1.606,0.000321894011
322.0,0.029375,1.60625,0.000321894011
322.0,0.02925,1.6065,0.000321894011
322.0,0.029375,1.606375,0.000321894011
322.0,0.0295,1.60675,0.000321894011
322.0,0.029875,1.606625,0.000321894011
322.0,0.03,1.60625,0.000321894011
322.0,0.030125,1.606,0.000321894011
322.0,0.03,1.60575,0.000321894011
322.0,0.03,1.605875,0.000321894011
322.0,0.03,1.605875,0.000321894011
322.0,0.029875,1.60575,0.000321894011
322.0,0.029875,1.605375,0.000321894011
322.0,0.02975,1.60525,0.000321894011
322.0,0.02975,1.60525,0.000321894011
322.0,0.02975,1.60575,0.000321894011
322.0,0.029875,1.606,0.000321894011
322.0,0.029625,1.606,0.000321894011
322.0,0.029625,1.60625,0.000321894011
322.0,0.02975,1.606375,0.000321894011
322.0,0.02975,1.6065,0.000321894011
322.0,0.03,1.60675,0.000321894011
322.0,0.030125,1.60675,0.000321894011
322.0,0.029875,1.606375,0.000321894011
322.0,0.029875,1.606,0.000321894011
322.0,0.03025,1.605625,0.000321894011
322.0,0.02975,1.605625,0.000321894011
322.0,0.0295,1.605875,0.000321894011
322.0,0.029375,1.605625,0.000321894011
322.0,0.029625,1.6055,0.000321894011
322.0,0.029625,1.6055,0.000321894011
322.0,0.029875,1.60575,0.000321894011
322.0,0.029875,1.60625,0.000321894011
322.0,0.03,1.606125,0.000321894011
322.0,0.0295,1.606125,0.000321894011
322.0,0.02975,1.606375,0.000321894011
322.0,0.029625,1.606375,0.000321894011
322.0,0.0295,1.6065,0.000321894011
322.0,0.029625,1.606875,0.000321894011
322.0,0.03,1.606875,0.000321894011
322.0,0.030125,1.606375,0.000321894011
322.0,0.030125,1.606,0.000321894011
322.0,0.03,1.605875,0.000321894011
322.0,0.029625,1.60575,0.000321894011
322.0,0.029875,1.60575,0.000321894011
322.0,0.02975,1.60575,0.000321894011
322.0,0.02975,1.60575,0.000321894011
322.0,0.029625,1.60575,0.000321894011
322.0,0.029375,1.606125,0.000321894011
322.0,0.0295,1.606,0.000321894011
322.0,0.029875,1.606,0.000321894011
322.0,0.029875,1.606375,0.000321894011
322.0,0.029625,1.606375,0.000321894011
322.0,0.029625,1.606125,0.000321894011
322.0,0.02975,1.6065,0.000321894011
322.0,0.0295,1.606625,0.000321894011
322.0,0.029625,1.606625,0.000321894011
322.0,0.029625,1.605875,0.000321894011
322.0,0.02975,1.6055,0.000321894011
322.0,0.02975,1.60575,0.000321894011
322.0,0.02975,1.606,0.000321894011
322.0,0.03,1.605875,0.000321894011
322.0,0.03,1.605875,0.000321894011
322.0,0.02975,1.605625,0.000321894011
322.0,0.03025,1.605625,0.000321894011
322.0,0.029875,1.605875,0.000321894011
322.0,0.03,1.606,0.000321894011
322.0,0.02975,1.605875,0.000321894011
322.0,0.02975,1.606125,0.000321894011
322.0,0.029875,1.60625,0.000321894011
322.0,0.029625,1.606375,0.000321894011
322.0,0.029625,1.60675,0.000321894011
322.0,0.02975,1.606875,0.000321894011
322.0,0.0295,1.60675,0.000321894011
322.0,0.03,1.605875,0.000321894011
322.0,0.030125,1.60575,0.000321894011
322.0,0.03,1.605875,0.000321894011
322.0,0.03,1.606,0.000321894011
322.0,0.03,1.606,0.000321894011
322.0,0.02975,1.60575,0.000321894011
322.0,0.02975,1.605625,0.000321894011
322.0,0.02975,1.605875,0.000321894011
322.0,0.029625,1.606125,0.000321894011
322.0,0.02975,1.606,0.000321894011
322.0,0.029625,1.606125,0.000321894011
322.0,0.0295,1.6065,0.000321894011
322.0,0.029625,1.6065,0.000321894011
322.0,0.030125,1.6065,0.000321894011
322.0,0.03,1.606875,0.000321894011
322.0,0.02975,1.606625,0.000321894011
322.0,0.030125,1.606375,0.000321894011
322.0,0.03,1.605875,0.000321894011
322.0,0.03,1.605625,0.000321894011
322.0,0.03,1.605875,0.000321894011
322.0,0.03,1.60575,0.000321894011
322.0,0.03,1.60575,0.000321894011
322.0,0.03,1.60575,0.000321894011
322.0,0.030125,1.605625,0.000321894011
322.0,0.02975,1.606125,0.000321894011
322.0,0.0295,1.60625,0.000321894011
322.0,0.0295,1.606,0.000321894011
322.0,0.02925,1.606125,0.000321894011
322.0,0.029625,1.606375,0.000321894011
322.0,0.029875,1.6065,0.000321894011
322.0,0.029875,1.606625,0.000321894011
322.0,0.030125,1.60675,0.000321894011
322.0,0.03025,1.6065,0.000321894011
322.0,0.030125,1.606125,0.000321894011
322.0,0.030125,1.605625,0.000321894011
322.0,0.02975,1.606,0.000321894011
322.0,0.029625,1.605875,0.000321894011
322.0,0.029625,1.605875,0.000321894011
322.0,0.029875,1.605875,0.000321894011
322.0,0.02975,1.6055,0.000321894011
322.0,0.029625,1.6055,0.000321894011
322.0,0.030125,1.606,0.000321894011
322.0,0.03,1.606375,0.000321894011
322.0,0.029875,1.60625,0.000321894011
322.0,0.029875,1.60625,0.000321894011
322.0,0.029875,1.60625,0.000321894011
322.0,0.02975,1.606375,0.000321894011
322.0,0.02975,1.606625,0.000321894011
322.0,0.029625,1.60675,0.000321894011
322.0,0.030125,1.6065,0.000321894011
322.0,0.03,1.605875,0.000321894011
322.0,0.0295,1.606,0.000321894011
323.0,0.021625,1.554125,0.000321847328
323.0,0.021625,1.553625,0.000321847328
323.0,0.0215,1.553375,0.000321847328
323.0,0.021,1.553375,0.000321847328
323.0,0.020875,1.553375,0.000321847328
323.0,0.02125,1.553375,0.000321847328
323.0,0.02125,1.553125,0.000321847328
323.0,0.02125,1.553375,0.000321847328
323.0,0.02125,1.553375,0.000321847328
323.0,0.02125,1.553375,0.000321847328
323.0,0.02125,1.5535,0.000321847328
323.0,0.021,1.553625,0.000321847328
323.0,0.021375,1.55375,0.000321847328
323.0,0.021625,1.553875,0.000321847328
323.0,0.0215,1.554,0.000321847328
323.0,0.02175,1.554375,0.000321847328
323.0,0.021625,1.5545,0.000321847328
323.0,0.021625,1.554125,0.000321847328
323.0,0.021375,1.5535,0.000321847328
323.0,0.021,1.55325,0.000321847328
323.0,0.02075,1.5535,0.000321847328
323.0,0.021125,1.5535,0.000321847328
323.0,0.021375,1.553375,0.000321847328
323.0,0.021375,1.55325,0.000321847328
323.0,0.021125,1.5535,0.000321847328
323.0,0.021125,1.5535,0.000321847328
323.0,0.021,1.55375,0.000321847328
323.0,0.020875,1.5535,0.000321847328
323.0,0.021,1.55375,0.000321847328
323.0,0.021,1.554,0.000321847328
323.0,0.02075,1.554,0.000321847328
323.0,0.02125,1.554125,0.000321847328
323.0,0.02125,1.554375,0.000321847328
323.0,0.021375,1.554125,0.000321847328
323.0,0.02175,1.5535,0.000321847328
323.0,0.02175,1.553,0.000321847328
323.0,0.0215,1.55325,0.000321847328
323.0,0.021125,1.5535,0.000321847328
323.0,0.0215,1.553625,0.000321847328
323.0,0.021625,1.553375,0.000321847328
323.0,0.021625,1.55325,0.000321847328
323.0,0.021625,1.55325,0.000321847328
323.0,0.0215,1.5535,0.000321847328
323.0,0.02125,1.553625,0.000321847328
323.0,0.020875,1.55375,0.000321847328
323.0,0.021,1.553875,0.000321847328
323.0,0.020875,1.553875,0.000321847328
323.0,0.02125,1.553875,0.000321847328
323.0,0.0215,1.554125,0.000321847328
323.0,0.0215,1.554375,0.000321847328
323.0,0.021875,1.554,0.000321847328
323.0,0.021625,1.553625,0.000321847328
323.0,0.021375,1.553375,0.000321847328
323.0,0.021125,1.553375,0.000321847328
323.0,0.021375,1.553375,0.000321847328
323.0,0.021375,1.55325,0.000321847328
323.0,0.021625,1.553125,0.000321847328
323.0,0.021625,1.553125,0.000321847328
323.0,0.0215,1.553375,0.000321847328
323.0,0.0215,1.55375,0.000321847328
323.0,0.0215,1.553875,0.000321847328
323.0,0.021375,1.553875,0.000321847328
323.0,0.021375,1.554125,0.000321847328
323.0,0.021,1.554,0.000321847328
323.0,0.021125,1.55425,0.000321847328
323.0,0.021375,1.554375,0.000321847328
323.0,0.021125,1.5545,0.000321847328
323.0,0.021625,1.554125,0.000321847328
323.0,0.02175,1.553375,0.000321847328
323.0,0.021625,1.553375,0.000321847328
323.0,0.02125,1.553625,0.000321847328
323.0,0.021625,1.5535,0.000321847328
323.0,0.021625,1.5535,0.000321847328
323.0,0.021625,1.5535,0.000321847328
323.0,0.0215,1.553375,0.000321847328
323.0,0.021625,1.5535,0.000321847328
323.0,0.0215,1.5535,0.000321847328
323.0,0.0215,1.5535,0.000321847328
323.0,0.021375,1.55375,0.000321847328
323.0,0.021625,1.55375,0.000321847328
323.0,0.0215,1.553875,0.000321847328
323.0,0.02125,1.554,0.000321847328
323.0,0.021125,1.55425,0.000321847328
323.0,0.02125,1.554125,0.000321847328
323.0,0.0215,1.553625,0.000321847328
323.0,0.021375,1.553375,0.000321847328
323.0,0.021375,1.55325,0.000321847328
323.0,0.02125,1.553375,0.000321847328
323.0,0.021625,1.5535,0.000321847328
323.0,0.021625,1.5535,0.000321847328
323.0,0.021625,1.553375,0.000321847328
323.0,0.021625,1.553125,0.000321847328
323.0,0.021375,1.553375,0.000321847328
323.0,0.021625,1.553625,0.000321847328
323.0,0.0215,1.5535,0.000321847328
323.0,0.021625,1.553875,0.000321847328
323.0,0.021375,1.554,0.000321847328
323.0,0.021375,1.554,0.000321847328
323.0,0.0215,1.554125,0.000321847328
323.0,0.022,1.554375,0.000321847328
323.0,0.0215,1.55425,0.000321847328
323.0,0.021375,1.5535,0.000321847328
323.0,0.021125,1.553375,0.000321847328
323.0,0.021125,1.5535,0.000321847328
323.0,0.020875,1.553625,0.000321847328
323.0,0.020875,1.553625,0.000321847328
323.0,0.021375,1.5535,0.000321847328
323.0,0.021375,1.553125,0.000321847328
323.0,0.021625,1.55325,0.000321847328
323.0,0.02125,1.5535,0.000321847328
323.0,0.021125,1.55375,0.000321847328
323.0,0.021125,1.553875,0.000321847328
323.0,0.02125,1.554125,0.000321847328
323.0,0.0215,1.553875,0.000321847328
323.0,0.0215,1.554,0.000321847328
323.0,0.02175,1.5545,0.000321847328
323.0,0.0215,1.554375,0.000321847328
323.0,0.02175,1.554,0.000321847328
323.0,0.02175,1.5535,0.000321847328
323.0,0.0215,1.553375,0.000321847328
323.0,0.02125,1.553625,0.000321847328
323.0,0.021375,1.55375,0.000321847328
323.0,0.021375,1.55375,0.000321847328
323.0,0.021375,1.5535,0.000321847328
323.0,0.021625,1.55325,0.000321847328
323.0,0.021875,1.553375,0.000321847328
323.0,0.021375,1.55375,0.000321847328
323.0,0.02125,1.55375,0.000321847328
323.0,0.02125,1.553875,0.000321847328
323.0,0.0215,1.554,0.000321847328
323.0,0.021375,1.55425,0.000321847328
323.0,0.021375,1.554375,0.000321847328
323.0,0.02175,1.554625,0.000321847328
323.0,0.02175,1.554375,0.000321847328
323.0,0.0215,1.553875,0.000321847328
323.0,0.021625,1.553375,0.000321847328
323.0,0.02175,1.55325,0.000321847328
323.0,0.021625,1.553625,0.000321847328
323.0,0.021625,1.553625,0.000321847328
323.0,0.021375,1.553625,0.000321847328
323.0,0.0215,1.5535,0.000321847328
323.0,0.02175,1.5535,0.000321847328
323.0,0.021375,1.553625,0.000321847328
323.0,0.02125,1.553875,0.000321847328
323.0,0.02125,1.553875,0.000321847328
323.0,0.02125,1.554125,0.000321847328
323.0,0.02125,1.554,0.000321847328
323.0,0.02125,1.554,0.000321847328
323.0,0.0215,1.5545,0.000321847328
323.0,0.021625,1.554625,0.000321847328
323.0,0.0215,1.5545,0.000321847328
323.0,0.021375,1.554125,0.000321847328
323.0,0.021125,1.553625,0.000321847328
323.0,0.021375,1.55375,0.000321847328
323.0,0.021375,1.55375,0.000321847328
323.0,0.0215,1.553625,0.000321847328
323.0,0.021625,1.5535,0.000321847328
323.0,0.021125,1.55325,0.000321847328
323.0,0.02125,1.55325,0.000321847328
323.0,0.021625,1.553625,0.000321847328
323.0,0.0215,1.55375,0.000321847328
323.0,0.021125,1.553875,0.000321847328
323.0,0.021,1.554125,0.000321847328
323.0,0.0215,1.554125,0.000321847328
323.0,0.02125,1.554125,0.000321847328
323.0,0.0215,1.554375,0.000321847328
323.0,0.021625,1.554625,0.000321847328
323.0,0.0215,1.554125,0.000321847328
323.0,0.02175,1.5535,0.000321847328
324.0,0.014875,1.50225,0.000322093198
324.0,0.01475,1.5025,0.000322093198
324.0,0.0145,1.502625,0.000322093198
324.0,0.0145,1.502625,0.000322093198
324.0,0.01425,1.502875,0.000322093198
324.0,0.01425,1.503,0.000322093198
324.0,0.014125,1.503125,0.000322093198
324.0,0.014625,1.503375,0.000322093198
324.0,0.014625,1.503375,0.000322093198
324.0,0.014875,1.5035,0.000322093198
324.0,0.014875,1.503375,0.000322093198
324.0,0.014875,1.503,0.000322093198
324.0,0.01475,1.50275,0.000322093198
324.0,0.0145,1.502875,0.000322093198
324.0,0.0145,1.50275,0.000322093198
324.0,0.01475,1.50275,0.000322093198
324.0,0.015125,1.502375,0.000322093198
324.0,0.014875,1.50225,0.000322093198
324.0,0.015,1.50275,0.000322093198
324.0,0.014625,1.502875,0.000322093198
324.0,0.014375,1.503,0.000322093198
324.0,0.0145,1.503125,0.000322093198
324.0,0.014875,1.503125,0.000322093198
324.0,0.014625,1.50325,0.000322093198
324.0,0.014625,1.50325,0.000322093198
324.0,0.01425,1.503625,0.000322093198
324.0,0.01475,1.5035,0.000322093198
324.0,0.015125,1.503,0.000322093198
324.0,0.015125,1.50275,0.000322093198
324.0,0.01475,1.5025,0.000322093198
324.0,0.01425,1.5025,0.000322093198
324.0,0.014625,1.502625,0.000322093198
324.0,0.01475,1.502375,0.000322093198
324.0,0.014625,1.50225,0.000322093198
324.0,0.0145,1.5025,0.000322093198
324.0,0.014875,1.50275,0.000322093198
324.0,0.0145,1.502875,0.000322093198
324.0,0.0145,1.503,0.000322093198
324.0,0.0145,1.503,0.000322093198
324.0,0.014625,1.503,0.000322093198
324.0,0.014875,1.503125,0.000322093198
324.0,0.014875,1.503125,0.000322093198
324.0,0.01475,1.503375,0.000322093198
324.0,0.01425,1.50325,0.000322093198
324.0,0.0145,1.503,0.000322093198
324.0,0.014875,1.502625,0.000322093198
324.0,0.01475,1.50225,0.000322093198
324.0,0.014375,1.502375,0.000322093198
324.0,0.0145,1.5025,0.000322093198
324.0,0.0145,1.502625,0.000322093198
324.0,0.014625,1.5025,0.000322093198
324.0,0.014375,1.502625,0.000322093198
324.0,0.01425,1.50275,0.000322093198
324.0,0.014375,1.503125,0.000322093198
324.0,0.01425,1.50325,0.000322093198
324.0,0.014375,1.50325,0.000322093198
324.0,0.01425,1.503125,0.000322093198
324.0,0.01425,1.503125,0.000322093198
324.0,0.0145,1.5035,0.000322093198
324.0,0.0145,1.503625,0.000322093198
324.0,0.01475,1.503375,0.000322093198
324.0,0.01475,1.50325,0.000322093198
324.0,0.01475,1.502875,0.000322093198
324.0,0.01475,1.50275,0.000322093198
324.0,0.0145,1.50275,0.000322093198
324.0,0.01475,1.502875,0.000322093198
324.0,0.01475,1.5025,0.000322093198
324.0,0.01425,1.502625,0.000322093198
324.0,0.014625,1.502875,0.000322093198
324.0,0.014875,1.503,0.000322093198
324.0,0.014625,1.503,0.000322093198
324.0,0.014875,1.503125,0.000322093198
324.0,0.014875,1.50325,0.000322093198
324.0,0.014875,1.50325,0.000322093198
324.0,0.014625,1.503125,0.000322093198
324.0,0.014625,1.5035,0.000322093198
324.0,0.01475,1.50375,0.000322093198
324.0,0.01475,1.50325,0.000322093198
324.0,0.01475,1.50275,0.000322093198
324.0,0.01475,1.502625,0.000322093198
324.0,0.0145,1.502625,0.000322093198
324.0,0.0145,1.50275,0.000322093198
324.0,0.014625,1.50275,0.000322093198
324.0,0.014625,1.5025,0.000322093198
324.0,0.014625,1.5025,0.000322093198
324.0,0.01425,1.50275,0.000322093198
324.0,0.014375,1.50275,0.000322093198
324.0,0.014125,1.503,0.000322093198
324.0,0.014375,1.503125,0.000322093198
324.0,0.014375,1.503125,0.000322093198
324.0,0.014625,1.503125,0.000322093198
324.0,0.014625,1.50325,0.000322093198
324.0,0.0145,1.5035,0.000322093198
324.0,0.01475,1.503625,0.000322093198
324.0,0.015125,1.503125,0.000322093198
324.0,0.015,1.50275,0.000322093198
324.0,0.014625,1.502625,0.000322093198
324.0,0.01425,1.502625,0.000322093198
324.0,0.0145,1.50275,0.000322093198
324.0,0.014625,1.502625,0.000322093198
324.0,0.014625,1.5025,0.000322093198
324.0,0.014625,1.50275,0.000322093198
324.0,0.01475,1.503125,0.000322093198
324.0,0.014625,1.503125,0.000322093198
324.0,0.01425,1.503125,0.000322093198
324.0,0.01425,1.503125,0.000322093198
324.0,0.014125,1.503125,0.000322093198
324.0,0.01425,1.503125,0.000322093198
324.0,0.0145,1.503375,0.000322093198
324.0,0.01475,1.503625,0.000322093198
324.0,0.014875,1.50325,0.000322093198
324.0,0.01475,1.502875,0.000322093198
324.0,0.014875,1.502625,0.000322093198
324.0,0.014875,1.502875,0.000322093198
324.0,0.0145,1.502875,0.000322093198
324.0,0.014125,1.502875,0.000322093198
324.0,0.014375,1.50275,0.000322093198
324.0,0.014375,1.5025,0.000322093198
324.0,0.014375,1.502875,0.000322093198
324.0,0.014625,1.503,0.000322093198
324.0,0.0145,1.502875,0.000322093198
324.0,0.0145,1.502875,0.000322093198
324.0,0.01425,1.503125,0.000322093198
324.0,0.0145,1.503375,0.000322093198
324.0,0.0145,1.503375,0.000322093198
324.0,0.0145,1.50375,0.000322093198
324.0,0.014625,1.50375,0.000322093198
324.0,0.014625,1.5035,0.000322093198
324.0,0.014875,1.503,0.000322093198
324.0,0.01475,1.50275,0.000322093198
324.0,0.014625,1.50275,0.000322093198
324.0,0.01475,1.502875,0.000322093198
324.0,0.01475,1.50275,0.000322093198
324.0,0.014875,1.502375,0.000322093198
324.0,0.015,1.5025,0.000322093198
324.0,0.014875,1.502875,0.000322093198
324.0,0.0145,1.50275,0.000322093198
324.0,0.014625,1.502875,0.000322093198
324.0,0.014625,1.502875,0.000322093198
324.0,0.0145,1.503,0.000322093198
324.0,0.014375,1.503125,0.000322093198
324.0,0.0145,1.50325,0.000322093198
324.0,0.01475,1.503625,0.000322093198
324.0,0.01475,1.503625,0.000322093198
324.0,0.015,1.50325,0.000322093198
324.0,0.014875,1.502875,0.000322093198
324.0,0.014875,1.502875,0.000322093198
324.0,0.014375,1.50275,0.000322093198
324.0,0.0145,1.502875,0.000322093198
324.0,0.014625,1.502875,0.000322093198
324.0,0.0145,1.5025,0.000322093198
324.0,0.01425,1.50275,0.000322093198
324.0,0.014625,1.50325,0.000322093198
324.0,0.014625,1.503,0.000322093198
324.0,0.014625,1.503,0.000322093198
324.0,0.0145,1.503125,0.000322093198
324.0,0.01475,1.50325,0.000322093198
324.0,0.01475,1.50325,0.000322093198
324.0,0.01475,1.503375,0.000322093198
324.0,0.0145,1.50375,0.000322093198
324.0,0.01475,1.503625,0.000322093198
324.0,0.014875,1.50325,0.000322093198
324.0,0.0145,1.503,0.000322093198
324.0,0.0145,1.502625,0.000322093198
324.0,0.014625,1.502875,0.000322093198
324.0,0.0145,1.50275,0.000322093198
324.0,0.014375,1.502625,0.000322093198
324.0,0.014625,1.5025,0.000322093198
324.0,0.0145,1.50275,0.000322093198
325.0,0.01025,1.45025,0.000322096632
325.0,0.010125,1.450625,0.000322096632
325.0,0.01,1.450625,0.000322096632
325.0,0.010125,1.450625,0.000322096632
325.0,0.009875,1.4505,0.000322096632
325.0,0.00975,1.450875,0.000322096632
325.0,0.01,1.450875,0.000322096632
325.0,0.010125,1.45125,0.000322096632
325.0,0.010125,1.45125,0.000322096632
325.0,0.0105,1.4515,0.000322096632
325.0,0.01075,1.4515,0.000322096632
325.0,0.010625,1.450875,0.000322096632
325.0,0.0105,1.450375,0.000322096632
325.0,0.01025,1.4505,0.000322096632
325.0,0.01025,1.45075,0.000322096632
325.0,0.010375,1.45075,0.000322096632
325.0,0.010375,1.450375,0.000322096632
325.0,0.010375,1.450375,0.000322096632
325.0,0.010375,1.450875,0.000322096632
325.0,0.010125,1.450875,0.000322096632
325.0,0.00975,1.451,0.000322096632
325.0,0.009625,1.451125,0.000322096632
325.0,0.00975,1.451125,0.000322096632
325.0,0.00975,1.451,0.000322096632
325.0,0.00975,1.45125,0.000322096632
325.0,0.01,1.45125,0.000322096632
325.0,0.009875,1.451375,0.000322096632
325.0,0.010125,1.451,0.000322096632
325.0,0.010125,1.45075,0.000322096632
325.0,0.01025,1.450625,0.000322096632
325.0,0.01,1.4505,0.000322096632
325.0,0.009875,1.450625,0.000322096632
325.0,0.01,1.450625,0.000322096632
325.0,0.009875,1.450125,0.000322096632
325.0,0.009875,1.45025,0.000322096632
325.0,0.00975,1.45075,0.000322096632
325.0,0.009875,1.45075,0.000322096632
325.0,0.009625,1.45075,0.000322096632
325.0,0.009875,1.451,0.000322096632
325.0,0.009875,1.450875,0.000322096632
325.0,0.01,1.450875,0.000322096632
325.0,0.01,1.450875,0.000322096632
325.0,0.01025,1.451375,0.000322096632
325.0,0.01025,1.451375,0.000322096632
325.0,0.009875,1.451,0.000322096632
325.0,0.01,1.4505,0.000322096632
325.0,0.010375,1.4505,0.000322096632
325.0,0.01025,1.45075,0.000322096632
325.0,0.01,1.450625,0.000322096632
325.0,0.00975,1.45025,0.000322096632
325.0,0.010125,1.450125,0.000322096632
325.0,0.010375,1.4505,0.000322096632
325.0,0.01,1.45075,0.000322096632
325.0,0.01025,1.45075,0.000322096632
325.0,0.01,1.450875,0.000322096632
325.0,0.010125,1.451,0.000322096632
325.0,0.010375,1.450875,0.000322096632
325.0,0.010375,1.450875,0.000322096632
325.0,0.01,1.45125,0.000322096632
325.0,0.010125,1.4515,0.000322096632
325.0,0.009875,1.45125,0.000322096632
325.0,0.01,1.450875,0.000322096632
325.0,0.010375,1.450375,0.000322096632
325.0,0.01025,1.450375,0.000322096632
325.0,0.01,1.4505,0.000322096632
325.0,0.01025,1.450625,0.000322096632
325.0,0.010375,1.45025,0.000322096632
325.0,0.01025,1.45025,0.000322096632
325.0,0.010125,1.4505,0.000322096632
325.0,0.00975,1.45075,0.000322096632
325.0,0.00975,1.45075,0.000322096632
325.0,0.009875,1.45075,0.000322096632
325.0,0.009875,1.450875,0.000322096632
325.0,0.009875,1.450875,0.000322096632
325.0,0.00975,1.451,0.000322096632
325.0,0.009875,1.451375,0.000322096632
325.0,0.01025,1.451375,0.000322096632
325.0,0.0105,1.45125,0.000322096632
325.0,0.01025,1.450625,0.000322096632
325.0,0.01025,1.450375,0.000322096632
325.0,0.009875,1.450625,0.000322096632
325.0,0.009625,1.45075,0.000322096632
325.0,0.010125,1.450625,0.000322096632
325.0,0.01,1.450375,0.000322096632
325.0,0.01,1.450375,0.000322096632
325.0,0.010125,1.45075,0.000322096632
325.0,0.010125,1.45075,0.000322096632
325.0,0.010125,1.451,0.000322096632
325.0,0.009875,1.451125,0.000322096632
325.0,0.009875,1.451125,0.000322096632
325.0,0.009875,1.451,0.000322096632
325.0,0.009875,1.451125,0.000322096632
325.0,0.01,1.4515,0.000322096632
325.0,0.010125,1.4515,0.000322096632
325.0,0.010125,1.451125,0.000322096632
325.0,0.010125,1.450625,0.000322096632
325.0,0.010375,1.450625,0.000322096632
325.0,0.009875,1.450625,0.000322096632
325.0,0.009875,1.45075,0.000322096632
325.0,0.01,1.450625,0.000322096632
325.0,0.01,1.450375,0.000322096632
325.0,0.01,1.450625,0.000322096632
325.0,0.01025,1.45075,0.000322096632
325.0,0.01,1.45075,0.000322096632
325.0,0.010125,1.451,0.000322096632
325.0,0.010125,1.451,0.000322096632
325.0,0.010125,1.451,0.000322096632
325.0,0.010125,1.451,0.000322096632
325.0,0.01025,1.45125,0.000322096632
325.0,0.01025,1.451625,0.000322096632
325.0,0.01025,1.4515,0.000322096632
325.0,0.01,1.450875,0.000322096632
325.0,0.010125,1.45075,0.000322096632
325.0,0.01025,1.450625,0.000322096632
325.0,0.01,1.450625,0.000322096632
325.0,0.01,1.4505,0.000322096632
325.0,0.01025,1.450375,0.000322096632
325.0,0.010125,1.45025,0.000322096632
325.0,0.01025,1.4505,0.000322096632
325.0,0.010375,1.450875,0.000322096632
325.0,0.01025,1.450875,0.000322096632
325.0,0.01025,1.450875,0.000322096632
325.0,0.010375,1.45075,0.000322096632
325.0,0.01025,1.451,0.000322096632
325.0,0.01,1.451125,0.000322096632
325.0,0.010375,1.451375,0.000322096632
325.0,0.010125,1.45125,0.000322096632
325.0,0.009625,1.45125,0.000322096632
325.0,0.01,1.450875,0.000322096632
325.0,0.010375,1.450375,0.000322096632
325.0,0.01025,1.4505,0.000322096632
325.0,0.010125,1.450625,0.000322096632
325.0,0.01,1.4505,0.000322096632
325.0,0.009625,1.450125,0.000322096632
325.0,0.010125,1.450375,0.000322096632
325.0,0.009875,1.45075,0.000322096632
325.0,0.00975,1.45075,0.000322096632
325.0,0.009625,1.450875,0.000322096632
325.0,0.009625,1.450875,0.000322096632
325.0,0.0095,1.451,0.000322096632
325.0,0.00975,1.451,0.000322096632
325.0,0.00975,1.451125,0.000322096632
325.0,0.010125,1.451375,0.000322096632
325.0,0.009875,1.45125,0.000322096632
325.0,0.009875,1.450875,0.000322096632
325.0,0.01,1.4505,0.000322096632
325.0,0.01,1.450375,0.000322096632
325.0,0.00975,1.4505,0.000322096632
325.0,0.01,1.4505,0.000322096632
325.0,0.010375,1.450375,0.000322096632
325.0,0.010125,1.450125,0.000322096632
325.0,0.010125,1.45025,0.000322096632
325.0,0.010375,1.45075,0.000322096632
325.0,0.010125,1.45075,0.000322096632
325.0,0.010125,1.45075,0.000322096632
325.0,0.010125,1.45075,0.000322096632
325.0,0.009875,1.451,0.000322096632
325.0,0.01,1.450875,0.000322096632
325.0,0.009875,1.451125,0.000322096632
325.0,0.00975,1.451375,0.000322096632
325.0,0.01,1.45125,0.000322096632
325.0,0.01025,1.45075,0.000322096632
325.0,0.010125,1.4505,0.000322096632
325.0,0.010125,1.4505,0.000322096632
325.0,0.009875,1.4505,0.000322096632
325.0,0.00975,1.4505,0.000322096632
325.0,0.00975,1.45025,0.000322096632
325.0,0.010125,1.450125,0.000322096632
325.0,0.01,1.45025,0.000322096632
326.0,0.00725,1.398375,0.000321880827
326.0,0.00725,1.3985,0.000321880827
326.0,0.007,1.398625,0.000321880827
326.0,0.00675,1.398625,0.000321880827
326.0,0.007,1.3985,0.000321880827
326.0,0.007125,1.398375,0.000321880827
326.0,0.007375,1.3985,0.000321880827
326.0,0.0075,1.398625,0.000321880827
326.0,0.0075,1.398625,0.000321880827
326.0,0.007375,1.39875,0.000321880827
326.0,0.00725,1.399125,0.000321880827
326.0,0.0075,1.399125,0.000321880827
326.0,0.0075,1.398875,0.000321880827
326.0,0.007375,1.399125,0.000321880827
326.0,0.0075,1.399375,0.000321880827
326.0,0.007625,1.39925,0.000321880827
326.0,0.0075,1.398875,0.000321880827
326.0,0.0075,1.3985,0.000321880827
326.0,0.007125,1.398625,0.000321880827
326.0,0.006875,1.39875,0.000321880827
326.0,0.007125,1.398625,0.000321880827
326.0,0.0075,1.398375,0.000321880827
326.0,0.0075,1.3985,0.000321880827
326.0,0.007125,1.39875,0.000321880827
326.0,0.007,1.39875,0.000321880827
326.0,0.007,1.39875,0.000321880827
326.0,0.007,1.398875,0.000321880827
326.0,0.007,1.399125,0.000321880827
326.0,0.00725,1.399,0.000321880827
326.0,0.0075,1.399125,0.000321880827
326.0,0.00725,1.399375,0.000321880827
326.0,0.006875,1.399375,0.000321880827
326.0,0.00725,1.39925,0.000321880827
326.0,0.007375,1.398625,0.000321880827
326.0,0.00725,1.398375,0.000321880827
326.0,0.00725,1.3985,0.000321880827
326.0,0.007125,1.398375,0.000321880827
326.0,0.007375,1.3985,0.000321880827
326.0,0.007375,1.398375,0.000321880827
326.0,0.007375,1.398625,0.000321880827
326.0,0.00725,1.39875,0.000321880827
326.0,0.00725,1.39875,0.000321880827
326.0,0.00725,1.39875,0.000321880827
326.0,0.007125,1.39875,0.000321880827
326.0,0.00675,1.398875,0.000321880827
326.0,0.00675,1.398875,0.000321880827
326.0,0.006875,1.399,0.000321880827
326.0,0.007125,1.39925,0.000321880827
326.0,0.00725,1.399,0.000321880827
326.0,0.007125,1.399,0.000321880827
326.0,0.007125,1.399,0.000321880827
326.0,0.00725,1.3985,0.000321880827
326.0,0.007125,1.3985,0.000321880827
326.0,0.006875,1.3985,0.000321880827
326.0,0.006875,1.39825,0.000321880827
326.0,0.007375,1.39825,0.000321880827
326.0,0.00725,1.398625,0.000321880827
326.0,0.00725,1.398625,0.000321880827
326.0,0.007125,1.39875,0.000321880827
326.0,0.007,1.39875,0.000321880827
326.0,0.007125,1.399125,0.000321880827
326.0,0.007,1.399,0.000321880827
326.0,0.007,1.398875,0.000321880827
326.0,0.007375,1.39925,0.000321880827
326.0,0.00725,1.399375,0.000321880827
326.0,0.007,1.399125,0.000321880827
326.0,0.007125,1.398875,0.000321880827
326.0,0.007,1.398625,0.000321880827
326.0,0.007125,1.398625,0.000321880827
326.0,0.006875,1.398625,0.000321880827
326.0,0.007125,1.398625,0.000321880827
326.0,0.00725,1.39825,0.000321880827
326.0,0.007125,1.39825,0.000321880827
326.0,0.007125,1.39825,0.000321880827
326.0,0.00725,1.398625,0.000321880827
326.0,0.007,1.398625,0.000321880827
326.0,0.006625,1.398625,0.000321880827
326.0,0.006625,1.399,0.000321880827
326.0,0.007125,1.398875,0.000321880827
326.0,0.007125,1.398875,0.000321880827
326.0,0.007375,1.399125,0.000321880827
326.0,0.007375,1.39925,0.000321880827
326.0,0.007,1.399125,0.000321880827
326.0,0.007125,1.39875,0.000321880827
326.0,0.0075,1.398375,0.000321880827
326.0,0.007375,1.398625,0.000321880827
326.0,0.007125,1.398625,0.000321880827
326.0,0.00725,1.398375,0.000321880827
326.0,0.007125,1.39825,0.000321880827
326.0,0.007125,1.39825,0.000321880827
326.0,0.007125,1.398625,0.000321880827
326.0,0.007125,1.39875,0.000321880827
326.0,0.006875,1.39875,0.000321880827
326.0,0.007,1.39875,0.000321880827
326.0,0.006625,1.39875,0.000321880827
326.0,0.00675,1.39875,0.000321880827
326.0,0.006875,1.399,0.000321880827
326.0,0.007125,1.39925,0.000321880827
326.0,0.007375,1.399125,0.000321880827
326.0,0.007125,1.39875,0.000321880827
326.0,0.007375,1.398125,0.000321880827
326.0,0.007125,1.39825,0.000321880827
326.0,0.006875,1.3985,0.000321880827
326.0,0.00725,1.39875,0.000321880827
326.0,0.00725,1.398375,0.000321880827
326.0,0.00725,1.398375,0.000321880827
326.0,0.007375,1.39825,0.000321880827
326.0,0.007125,1.398625,0.000321880827
326.0,0.007,1.398875,0.000321880827
326.0,0.0065,1.398875,0.000321880827
326.0,0.006625,1.398875,0.000321880827
326.0,0.007125,1.399125,0.000321880827
326.0,0.006625,1.399,0.000321880827
326.0,0.00675,1.39925,0.000321880827
326.0,0.006625,1.39925,0.000321880827
326.0,0.007,1.399375,0.000321880827
326.0,0.007125,1.399,0.000321880827
326.0,0.00725,1.398375,0.000321880827
326.0,0.007125,1.398375,0.000321880827
326.0,0.006875,1.398625,0.000321880827
326.0,0.007,1.3985,0.000321880827
326.0,0.007125,1.3985,0.000321880827
326.0,0.007125,1.39825,0.000321880827
326.0,0.007375,1.39825,0.000321880827
326.0,0.007375,1.398625,0.000321880827
326.0,0.006875,1.398875,0.000321880827
326.0,0.00675,1.399,0.000321880827
326.0,0.007,1.399,0.000321880827
326.0,0.007,1.398875,0.000321880827
326.0,0.007125,1.399125,0.000321880827
326.0,0.007375,1.39925,0.000321880827
326.0,0.0075,1.399125,0.000321880827
326.0,0.0075,1.398875,0.000321880827
326.0,0.007125,1.398875,0.000321880827
326.0,0.007125,1.3985,0.000321880827
326.0,0.007,1.3985,0.000321880827
326.0,0.00725,1.3985,0.000321880827
326.0,0.007125,1.3985,0.000321880827
326.0,0.007125,1.3985,0.000321880827
326.0,0.00725,1.39825,0.000321880827
326.0,0.00725,1.39825,0.000321880827
326.0,0.00725,1.398875,0.000321880827
326.0,0.006875,1.39875,0.000321880827
326.0,0.006625,1.39875,0.000321880827
326.0,0.007,1.399,0.000321880827
326.0,0.00725,1.399125,0.000321880827
326.0,0.007125,1.399125,0.000321880827
326.0,0.006875,1.399375,0.000321880827
326.0,0.007125,1.3995,0.000321880827
326.0,0.007125,1.399125,0.000321880827
326.0,0.007,1.398625,0.000321880827
326.0,0.007,1.398625,0.000321880827
326.0,0.007,1.3985,0.000321880827
326.0,0.006875,1.3985,0.000321880827
326.0,0.006875,1.3985,0.000321880827
326.0,0.00675,1.3985,0.000321880827
326.0,0.00675,1.398125,0.000321880827
326.0,0.007125,1.398375,0.000321880827
326.0,0.007125,1.39875,0.000321880827
326.0,0.006875,1.39875,0.000321880827
326.0,0.00725,1.398875,0.000321880827
326.0,0.007125,1.399,0.000321880827
326.0,0.007125,1.399,0.000321880827
326.0,0.00725,1.39925,0.000321880827
326.0,0.007125,1.3995,0.000321880827
326.0,0.00675,1.39925,0.000321880827
326.0,0.007125,1.398875,0.000321880827
326.0,0.00725,1.3985,0.000321880827
326.0,0.007125,1.398625,0.000321880827
327.0,0.00675,1.347875,0.000321806932
327.0,0.006875,1.3475,0.000321806932
327.0,0.006625,1.347,0.000321806932
327.0,0.0065,1.347125,0.000321806932
327.0,0.006375,1.347,0.000321806932
327.0,0.00675,1.347,0.000321806932
327.0,0.00675,1.346875,0.000321806932
327.0,0.007,1.34675,0.000321806932
327.0,0.007,1.34675,0.000321806932
327.0,0.006875,1.34675,0.000321806932
327.0,0.00675,1.347,0.000321806932
327.0,0.006625,1.347125,0.000321806932
327.0,0.006375,1.3475,0.000321806932
327.0,0.0065,1.3475,0.000321806932
327.0,0.006375,1.347375,0.000321806932
327.0,0.006125,1.347625,0.000321806932
327.0,0.00625,1.34775,0.000321806932
327.0,0.0065,1.3475,0.000321806932
327.0,0.006625,1.347375,0.000321806932
327.0,0.00675,1.347125,0.000321806932
327.0,0.00675,1.347125,0.000321806932
327.0,0.0065,1.347125,0.000321806932
327.0,0.006625,1.347125,0.000321806932
327.0,0.006625,1.346875,0.000321806932
327.0,0.006625,1.346875,0.000321806932
327.0,0.0065,1.346875,0.000321806932
327.0,0.0065,1.347125,0.000321806932
327.0,0.00625,1.347125,0.000321806932
327.0,0.006375,1.347375,0.000321806932
327.0,0.006375,1.3475,0.000321806932
327.0,0.00675,1.347375,0.000321806932
327.0,0.0065,1.347375,0.000321806932
327.0,0.006625,1.347875,0.000321806932
327.0,0.006625,1.347875,0.000321806932
327.0,0.006625,1.3475,0.000321806932
327.0,0.00675,1.34725,0.000321806932
327.0,0.006625,1.34675,0.000321806932
327.0,0.0065,1.34675,0.000321806932
327.0,0.006375,1.347125,0.000321806932
327.0,0.006375,1.346875,0.000321806932
327.0,0.006375,1.34675,0.000321806932
327.0,0.006625,1.34675,0.000321806932
327.0,0.0065,1.34675,0.000321806932
327.0,0.006375,1.34725,0.000321806932
327.0,0.0065,1.347125,0.000321806932
327.0,0.00625,1.347375,0.000321806932
327.0,0.006375,1.347375,0.000321806932
327.0,0.006375,1.3475,0.000321806932
327.0,0.006375,1.347625,0.000321806932
327.0,0.0065,1.348,0.000321806932
327.0,0.006625,1.34775,0.000321806932
327.0,0.0065,1.347375,0.000321806932
327.0,0.00625,1.34725,0.000321806932
327.0,0.0065,1.347,0.000321806932
327.0,0.006125,1.347125,0.000321806932
327.0,0.006125,1.347375,0.000321806932
327.0,0.00625,1.347125,0.000321806932
327.0,0.00625,1.347125,0.000321806932
327.0,0.0065,1.347,0.000321806932
327.0,0.006625,1.347,0.000321806932
327.0,0.0065,1.34725,0.000321806932
327.0,0.00625,1.347375,0.000321806932
327.0,0.00625,1.3475,0.000321806932
327.0,0.00625,1.3475,0.000321806932
327.0,0.00625,1.3475,0.000321806932
327.0,0.00675,1.347625,0.000321806932
327.0,0.006625,1.347875,0.000321806932
327.0,0.0065,1.34775,0.000321806932
327.0,0.006625,1.347375,0.000321806932
327.0,0.0065,1.347,0.000321806932
327.0,0.00625,1.347125,0.000321806932
327.0,0.006375,1.347375,0.000321806932
327.0,0.006375,1.347375,0.000321806932
327.0,0.006375,1.347375,0.000321806932
327.0,0.006625,1.347,0.000321806932
327.0,0.0065,1.346875,0.000321806932
327.0,0.0065,1.3475,0.000321806932
327.0,0.00625,1.3475,0.000321806932
327.0,0.00625,1.347375,0.000321806932
327.0,0.006375,1.347625,0.000321806932
327.0,0.006625,1.347625,0.000321806932
327.0,0.006625,1.34775,0.000321806932
327.0,0.006375,1.348,0.000321806932
327.0,0.006375,1.34825,0.000321806932
327.0,0.006625,1.347875,0.000321806932
327.0,0.006375,1.347375,0.000321806932
327.0,0.0065,1.347125,0.000321806932
327.0,0.00625,1.347375,0.000321806932
327.0,0.0065,1.347375,0.000321806932
327.0,0.0065,1.347375,0.000321806932
327.0,0.006875,1.347125,0.000321806932
327.0,0.006875,1.346875,0.000321806932
327.0,0.00625,1.347,0.000321806932
327.0,0.00625,1.347375,0.000321806932
327.0,0.006625,1.347375,0.000321806932
327.0,0.0065,1.3475,0.000321806932
327.0,0.006,1.347625,0.000321806932
327.0,0.006125,1.347625,0.000321806932
327.0,0.006375,1.34775,0.000321806932
327.0,0.006375,1.348,0.000321806932
327.0,0.006625,1.348,0.000321806932
327.0,0.0065,1.347625,0.000321806932
327.0,0.006625,1.34725,0.000321806932
327.0,0.0065,1.34725,0.000321806932
327.0,0.00625,1.347375,0.000321806932
327.0,0.00625,1.347375,0.000321806932
327.0,0.006125,1.347375,0.000321806932
327.0,0.006375,1.347125,0.000321806932
327.0,0.006625,1.347,0.000321806932
327.0,0.0065,1.34725,0.000321806932
327.0,0.006,1.347375,0.000321806932
327.0,0.00625,1.3475,0.000321806932
327.0,0.006375,1.3475,0.000321806932
327.0,0.006375,1.347625,0.000321806932
327.0,0.006,1.347625,0.000321806932
327.0,0.00625,1.34775,0.000321806932
327.0,0.006625,1.347875,0.000321806932
327.0,0.0065,1.347875,0.000321806932
327.0,0.00625,1.3475,0.000321806932
327.0,0.0065,1.347,0.000321806932
327.0,0.00675,1.347125,0.000321806932
327.0,0.00675,1.347125,0.000321806932
327.0,0.006375,1.347125,0.000321806932
327.0,0.00625,1.34725,0.000321806932
327.0,0.0065,1.347125,0.000321806932
327.0,0.006875,1.347125,0.000321806932
327.0,0.0065,1.34725,0.000321806932
327.0,0.0065,1.34725,0.000321806932
327.0,0.006375,1.3475,0.000321806932
327.0,0.006375,1.3475,0.000321806932
327.0,0.006375,1.3475,0.000321806932
327.0,0.00625,1.3475,0.000321806932
327.0,0.006625,1.348,0.000321806932
327.0,0.00675,1.348,0.000321806932
327.0,0.0065,1.34775,0.000321806932
327.0,0.0065,1.3475,0.000321806932
327.0,0.0065,1.347,0.000321806932
327.0,0.0065,1.347125,0.000321806932
327.0,0.006375,1.347125,0.000321806932
327.0,0.006375,1.347125,0.000321806932
327.0,0.006625,1.347125,0.000321806932
327.0,0.006625,1.347,0.000321806932
327.0,0.00675,1.347,0.000321806932
327.0,0.00675,1.347375,0.000321806932
327.0,0.006375,1.3475,0.000321806932
327.0,0.006125,1.347625,0.000321806932
327.0,0.0065,1.347625,0.000321806932
327.0,0.006625,1.347625,0.000321806932
327.0,0.0065,1.3475,0.000321806932
327.0,0.0065,1.34775,0.000321806932
327.0,0.0065,1.347625,0.000321806932
327.0,0.006625,1.3475,0.000321806932
327.0,0.006625,1.34725,0.000321806932
327.0,0.00675,1.347,0.000321806932
327.0,0.00675,1.347,0.000321806932
327.0,0.0065,1.34725,0.000321806932
327.0,0.006625,1.347125,0.000321806932
327.0,0.006625,1.346875,0.000321806932
327.0,0.006375,1.34675,0.000321806932
327.0,0.006375,1.347125,0.000321806932
327.0,0.005875,1.34725,0.000321806932
327.0,0.006125,1.347125,0.000321806932
327.0,0.0065,1.3475,0.000321806932
327.0,0.006625,1.3475,0.000321806932
327.0,0.00625,1.3475,0.000321806932
327.0,0.00625,1.34775,0.000321806932
327.0,0.006625,1.347875,0.000321806932
327.0,0.0065,1.347625,0.000321806932
327.0,0.0065,1.34725,0.000321806932
328.0,0.007375,1.29475,0.000321897009
328.0,0.007375,1.29525,0.000321897009
328.0,0.007625,1.29525,0.000321897009
328.0,0.00775,1.294875,0.000321897009
328.0,0.007625,1.29475,0.000321897009
328.0,0.007625,1.294625,0.000321897009
328.0,0.007625,1.2945,0.000321897009
328.0,0.0075,1.294375,0.000321897009
328.0,0.0075,1.294375,0.000321897009
328.0,0.007875,1.294375,0.000321897009
328.0,0.00775,1.29425,0.000321897009
328.0,0.00775,1.2945,0.000321897009
328.0,0.00775,1.29475,0.000321897009
328.0,0.007875,1.2945,0.000321897009
328.0,0.0075,1.29475,0.000321897009
328.0,0.0075,1.294875,0.000321897009
328.0,0.007625,1.294875,0.000321897009
328.0,0.007625,1.295,0.000321897009
328.0,0.008125,1.29525,0.000321897009
328.0,0.007875,1.295375,0.000321897009
328.0,0.007625,1.295125,0.000321897009
328.0,0.00775,1.29475,0.000321897009
328.0,0.007875,1.2945,0.000321897009
328.0,0.0075,1.2945,0.000321897009
328.0,0.007625,1.2945,0.000321897009
328.0,0.007625,1.294375,0.000321897009
328.0,0.007625,1.29425,0.000321897009
328.0,0.007375,1.29425,0.000321897009
328.0,0.0075,1.294625,0.000321897009
328.0,0.007625,1.29475,0.000321897009
328.0,0.0075,1.29475,0.000321897009
328.0,0.007625,1.294875,0.000321897009
328.0,0.007625,1.294875,0.000321897009
328.0,0.00775,1.294875,0.000321897009
328.0,0.0075,1.295,0.000321897009
328.0,0.007625,1.295375,0.000321897009
328.0,0.00775,1.295125,0.000321897009
328.0,0.0075,1.29475,0.000321897009
328.0,0.0075,1.29425,0.000321897009
328.0,0.007375,1.2945,0.000321897009
328.0,0.007,1.2945,0.000321897009
328.0,0.007,1.294375,0.000321897009
328.0,0.00725,1.2945,0.000321897009
328.0,0.0075,1.294125,0.000321897009
328.0,0.00775,1.294125,0.000321897009
328.0,0.008,1.2945,0.000321897009
328.0,0.00775,1.294625,0.000321897009
328.0,0.0075,1.2945,0.000321897009
328.0,0.00725,1.29475,0.000321897009
328.0,0.007375,1.294625,0.000321897009
328.0,0.00725,1.294625,0.000321897009
328.0,0.0075,1.294875,0.000321897009
328.0,0.00775,1.295125,0.000321897009
328.0,0.008,1.295,0.000321897009
328.0,0.0075,1.2945,0.000321897009
328.0,0.007125,1.294375,0.000321897009
328.0,0.0075,1.29425,0.000321897009
328.0,0.0075,1.29425,0.000321897009
328.0,0.007625,1.294375,0.000321897009
328.0,0.007375,1.29425,0.000321897009
328.0,0.00725,1.294125,0.000321897009
328.0,0.007375,1.29425,0.000321897009
328.0,0.007125,1.2945,0.000321897009
328.0,0.00725,1.2945,0.000321897009
328.0,0.007125,1.294625,0.000321897009
328.0,0.007125,1.29475,0.000321897009
328.0,0.007375,1.29475,0.000321897009
328.0,0.00725,1.294875,0.000321897009
328.0,0.00775,1.295,0.000321897009
328.0,0.00775,1.295125,0.000321897009
328.0,0.0075,1.294875,0.000321897009
328.0,0.007625,1.294625,0.000321897009
328.0,0.007625,1.294375,0.000321897009
328.0,0.007625,1.294375,0.000321897009
328.0,0.007125,1.294375,0.000321897009
328.0,0.00725,1.2945,0.000321897009
328.0,0.007375,1.294125,0.000321897009
328.0,0.007375,1.294,0.000321897009
328.0,0.0075,1.29425,0.000321897009
328.0,0.0075,1.2945,0.000321897009
328.0,0.00725,1.294625,0.000321897009
328.0,0.00725,1.294625,0.000321897009
328.0,0.00725,1.29475,0.000321897009
328.0,0.00725,1.29475,0.000321897009
328.0,0.00775,1.295,0.000321897009
328.0,0.0075,1.29525,0.000321897009
328.0,0.0075,1.295,0.000321897009
328.0,0.007625,1.2945,0.000321897009
328.0,0.007625,1.294375,0.000321897009
328.0,0.007625,1.294375,0.000321897009
328.0,0.007375,1.2945,0.000321897009
328.0,0.007125,1.294375,0.000321897009
328.0,0.00725,1.2945,0.000321897009
328.0,0.007125,1.294375,0.000321897009
328.0,0.007375,1.294,0.000321897009
328.0,0.007,1.294625,0.000321897009
328.0,0.007125,1.29475,0.000321897009
328.0,0.007375,1.2945,0.000321897009
328.0,0.0075,1.294625,0.000321897009
328.0,0.007625,1.29475,0.000321897009
328.0,0.0075,1.294625,0.000321897009
328.0,0.0075,1.29475,0.000321897009
328.0,0.00725,1.295,0.000321897009
328.0,0.007,1.294875,0.000321897009
328.0,0.00725,1.294625,0.000321897009
328.0,0.00725,1.294625,0.000321897009
328.0,0.00725,1.29425,0.000321897009
328.0,0.00725,1.29425,0.000321897009
328.0,0.00725,1.294375,0.000321897009
328.0,0.00725,1.294375,0.000321897009
328.0,0.007125,1.29425,0.000321897009
328.0,0.0075,1.294125,0.000321897009
328.0,0.007375,1.294375,0.000321897009
328.0,0.00725,1.2945,0.000321897009
328.0,0.007375,1.294625,0.000321897009
328.0,0.007375,1.29475,0.000321897009
328.0,0.00725,1.294625,0.000321897009
328.0,0.007125,1.294625,0.000321897009
328.0,0.0075,1.295,0.000321897009
328.0,0.007375,1.295125,0.000321897009
328.0,0.0075,1.294875,0.000321897009
328.0,0.007625,1.294875,0.000321897009
328.0,0.007625,1.294375,0.000321897009
328.0,0.0075,1.294375,0.000321897009
328.0,0.007,1.294375,0.000321897009
328.0,0.007,1.294125,0.000321897009
328.0,0.007125,1.294,0.000321897009
328.0,0.007375,1.293875,0.000321897009
328.0,0.007625,1.294125,0.000321897009
328.0,0.0075,1.29425,0.000321897009
328.0,0.007625,1.294375,0.000321897009
328.0,0.00725,1.29475,0.000321897009
328.0,0.007,1.294875,0.000321897009
328.0,0.007125,1.294625,0.000321897009
328.0,0.007625,1.294625,0.000321897009
328.0,0.007625,1.295125,0.000321897009
328.0,0.007875,1.294875,0.000321897009
328.0,0.00775,1.294875,0.000321897009
328.0,0.00775,1.2945,0.000321897009
328.0,0.00775,1.29425,0.000321897009
328.0,0.007625,1.29425,0.000321897009
328.0,0.007625,1.29425,0.000321897009
328.0,0.007625,1.294375,0.000321897009
328.0,0.007625,1.294,0.000321897009
328.0,0.007125,1.294,0.000321897009
328.0,0.0075,1.29425,0.000321897009
328.0,0.007625,1.294375,0.000321897009
328.0,0.00725,1.2945,0.000321897009
328.0,0.007125,1.294875,0.000321897009
328.0,0.00725,1.294625,0.000321897009
328.0,0.00775,1.2945,0.000321897009
328.0,0.0075,1.29475,0.000321897009
328.0,0.0075,1.295,0.000321897009
328.0,0.00775,1.29475,0.000321897009
328.0,0.00775,1.29475,0.000321897009
328.0,0.007625,1.2945,0.000321897009
328.0,0.0075,1.294,0.000321897009
328.0,0.007125,1.29425,0.000321897009
328.0,0.007,1.29425,0.000321897009
328.0,0.0075,1.294375,0.000321897009
328.0,0.007625,1.294125,0.000321897009
328.0,0.007375,1.294125,0.000321897009
328.0,0.00725,1.29425,0.000321897009
328.0,0.0075,1.294375,0.000321897009
328.0,0.0075,1.2945,0.000321897009
328.0,0.00725,1.294625,0.000321897009
328.0,0.00725,1.29475,0.000321897009
328.0,0.007375,1.294625,0.000321897009
328.0,0.00775,1.295,0.000321897009
329.0,0.01075,1.243125,0.000322056731
329.0,0.01075,1.243125,0.000322056731
329.0,0.01075,1.243375,0.000322056731
329.0,0.010625,1.243375,0.000322056731
329.0,0.0105,1.243375,0.000322056731
329.0,0.010375,1.243625,0.000322056731
329.0,0.010625,1.243625,0.000322056731
329.0,0.010375,1.243375,0.000322056731
329.0,0.010375,1.243375,0.000322056731
329.0,0.0105,1.243,0.000322056731
329.0,0.010875,1.243,0.000322056731
329.0,0.010875,1.243125,0.000322056731
329.0,0.01075,1.243125,0.000322056731
329.0,0.01075,1.243,0.000322056731
329.0,0.010875,1.242875,0.000322056731
329.0,0.011,1.24275,0.000322056731
329.0,0.011,1.243125,0.000322056731
329.0,0.0105,1.24325,0.000322056731
329.0,0.010125,1.243375,0.000322056731
329.0,0.0105,1.243375,0.000322056731
329.0,0.010375,1.24325,0.000322056731
329.0,0.010625,1.243625,0.000322056731
329.0,0.010875,1.243625,0.000322056731
329.0,0.011,1.243625,0.000322056731
329.0,0.011,1.243625,0.000322056731
329.0,0.011,1.2435,0.000322056731
329.0,0.010625,1.243,0.000322056731
329.0,0.01025,1.243,0.000322056731
329.0,0.01025,1.243125,0.000322056731
329.0,0.01025,1.243125,0.000322056731
329.0,0.0105,1.242875,0.000322056731
329.0,0.010625,1.24275,0.000322056731
329.0,0.0105,1.243,0.000322056731
329.0,0.01075,1.24325,0.000322056731
329.0,0.0105,1.24325,0.000322056731
329.0,0.01075,1.24325,0.000322056731
329.0,0.010875,1.24325,0.000322056731
329.0,0.01075,1.24325,0.000322056731
329.0,0.01075,1.2435,0.000322056731
329.0,0.01125,1.24375,0.000322056731
329.0,0.01125,1.243625,0.000322056731
329.0,0.01075,1.243625,0.000322056731
329.0,0.01075,1.24325,0.000322056731
329.0,0.010875,1.242875,0.000322056731
329.0,0.010625,1.242875,0.000322056731
329.0,0.010625,1.243,0.000322056731
329.0,0.010625,1.242875,0.000322056731
329.0,0.01075,1.24275,0.000322056731
329.0,0.010625,1.242625,0.000322056731
329.0,0.01025,1.242875,0.000322056731
329.0,0.010375,1.243375,0.000322056731
329.0,0.01025,1.24325,0.000322056731
329.0,0.010125,1.24325,0.000322056731
329.0,0.0105,1.243375,0.000322056731
329.0,0.0105,1.243375,0.000322056731
329.0,0.010625,1.24375,0.000322056731
329.0,0.010625,1.243625,0.000322056731
329.0,0.01075,1.243625,0.000322056731
329.0,0.01075,1.24325,0.000322056731
329.0,0.01075,1.24275,0.000322056731
329.0,0.01075,1.242625,0.000322056731
329.0,0.010625,1.242875,0.000322056731
329.0,0.010875,1.243,0.000322056731
329.0,0.010875,1.243,0.000322056731
329.0,0.01075,1.2425,0.000322056731
329.0,0.010875,1.24275,0.000322056731
329.0,0.010125,1.24325,0.000322056731
329.0,0.010375,1.243125,0.000322056731
329.0,0.01075,1.243125,0.000322056731
329.0,0.010625,1.243375,0.000322056731
329.0,0.010625,1.243375,0.000322056731
329.0,0.010625,1.2435,0.000322056731
329.0,0.010875,1.243875,0.000322056731
329.0,0.010875,1.243875,0.000322056731
329.0,0.011,1.243625,0.000322056731
329.0,0.011125,1.243375,0.000322056731
329.0,0.011,1.24325,0.000322056731
329.0,0.01075,1.243,0.000322056731
329.0,0.01075,1.243125,0.000322056731
329.0,0.010875,1.243125,0.000322056731
329.0,0.011,1.242875,0.000322056731
329.0,0.01075,1.243,0.000322056731
329.0,0.01075,1.24325,0.000322056731
329.0,0.01075,1.24325,0.000322056731
329.0,0.01075,1.2435,0.000322056731
329.0,0.0105,1.2435,0.000322056731
329.0,0.010375,1.243375,0.000322056731
329.0,0.0105,1.24325,0.000322056731
329.0,0.010875,1.2435,0.000322056731
329.0,0.010875,1.2435,0.000322056731
329.0,0.010875,1.24375,0.000322056731
329.0,0.01075,1.24325,0.000322056731
329.0,0.0105,1.243125,0.000322056731
329.0,0.010875,1.243125,0.000322056731
329.0,0.010875,1.243125,0.000322056731
329.0,0.010625,1.243125,0.000322056731
329.0,0.0105,1.243125,0.000322056731
329.0,0.01075,1.24275,0.000322056731
329.0,0.010875,1.24275,0.000322056731
329.0,0.010875,1.243125,0.000322056731
329.0,0.010875,1.243,0.000322056731
329.0,0.010625,1.24325,0.000322056731
329.0,0.010875,1.243375,0.000322056731
329.0,0.010625,1.24325,0.000322056731
329.0,0.010375,1.243375,0.000322056731
329.0,0.010375,1.243375,0.000322056731
329.0,0.010375,1.243625,0.000322056731
329.0,0.01025,1.24375,0.000322056731
329.0,0.0105,1.243625,0.000322056731
329.0,0.010625,1.243125,0.000322056731
329.0,0.01075,1.243,0.000322056731
329.0,0.01075,1.24325,0.000322056731
329.0,0.010625,1.24325,0.000322056731
329.0,0.010625,1.243,0.000322056731
329.0,0.01075,1.24275,0.000322056731
329.0,0.010625,1.242875,0.000322056731
329.0,0.0105,1.24325,0.000322056731
329.0,0.010375,1.243375,0.000322056731
329.0,0.0105,1.243375,0.000322056731
329.0,0.010625,1.243375,0.000322056731
329.0,0.01075,1.243375,0.000322056731
329.0,0.01075,1.243375,0.000322056731
329.0,0.010875,1.243625,0.000322056731
329.0,0.011,1.24375,0.000322056731
329.0,0.011,1.243625,0.000322056731
329.0,0.011,1.24325,0.000322056731
329.0,0.010875,1.243,0.000322056731
329.0,0.010625,1.243125,0.000322056731
329.0,0.010625,1.243,0.000322056731
329.0,0.010375,1.243,0.000322056731
329.0,0.010625,1.242875,0.000322056731
329.0,0.011,1.243,0.000322056731
329.0,0.011,1.24325,0.000322056731
329.0,0.011,1.24325,0.000322056731
329.0,0.01075,1.243375,0.000322056731
329.0,0.01025,1.2435,0.000322056731
329.0,0.010375,1.243375,0.000322056731
329.0,0.010375,1.2435,0.000322056731
329.0,0.010375,1.2435,0.000322056731
329.0,0.0105,1.243625,0.000322056731
329.0,0.010875,1.24375,0.000322056731
329.0,0.01075,1.2435,0.000322056731
329.0,0.010875,1.24325,0.000322056731
329.0,0.01075,1.242875,0.000322056731
329.0,0.01075,1.243,0.000322056731
329.0,0.010625,1.242875,0.000322056731
329.0,0.0105,1.242875,0.000322056731
329.0,0.010625,1.242875,0.000322056731
329.0,0.010875,1.24275,0.000322056731
329.0,0.010625,1.243,0.000322056731
329.0,0.010875,1.243,0.000322056731
329.0,0.01075,1.243125,0.000322056731
329.0,0.010875,1.243375,0.000322056731
329.0,0.010875,1.243375,0.000322056731
329.0,0.010875,1.243375,0.000322056731
329.0,0.01075,1.243625,0.000322056731
329.0,0.01075,1.243875,0.000322056731
329.0,0.010375,1.24375,0.000322056731
329.0,0.0105,1.24375,0.000322056731
329.0,0.010625,1.243,0.000322056731
329.0,0.01075,1.243,0.000322056731
329.0,0.010375,1.243,0.000322056731
329.0,0.010375,1.243125,0.000322056731
329.0,0.0105,1.243125,0.000322056731
329.0,0.010375,1.24275,0.000322056731
329.0,0.010625,1.243,0.000322056731
329.0,0.010875,1.243125,0.000322056731
329.0,0.0105,1.24325,0.000322056731
329.0,0.01025,1.24325,0.000322056731
330.0,0.01525,1.193,0.000322003994
330.0,0.0155,1.193125,0.000322003994
330.0,0.01575,1.19325,0.000322003994
330.0,0.015875,1.193375,0.000322003994
330.0,0.015625,1.193625,0.000322003994
330.0,0.01525,1.19325,0.000322003994
330.0,0.0155,1.192875,0.000322003994
330.0,0.015625,1.19275,0.000322003994
330.0,0.015625,1.19275,0.000322003994
330.0,0.0155,1.192625,0.000322003994
330.0,0.0155,1.192875,0.000322003994
330.0,0.01575,1.192875,0.000322003994
330.0,0.015875,1.192375,0.000322003994
330.0,0.01575,1.1925,0.000322003994
330.0,0.0155,1.192625,0.000322003994
330.0,0.0155,1.192875,0.000322003994
330.0,0.01525,1.193,0.000322003994
330.0,0.01525,1.19325,0.000322003994
330.0,0.0155,1.193125,0.000322003994
330.0,0.0155,1.193125,0.000322003994
330.0,0.01525,1.193375,0.000322003994
330.0,0.0155,1.193375,0.000322003994
330.0,0.015875,1.19325,0.000322003994
330.0,0.01575,1.192875,0.000322003994
330.0,0.01575,1.192625,0.000322003994
330.0,0.0155,1.192625,0.000322003994
330.0,0.015125,1.192625,0.000322003994
330.0,0.01525,1.192875,0.000322003994
330.0,0.015375,1.193,0.000322003994
330.0,0.0155,1.192625,0.000322003994
330.0,0.015625,1.19275,0.000322003994
330.0,0.015125,1.19275,0.000322003994
330.0,0.01525,1.193,0.000322003994
330.0,0.0155,1.19325,0.000322003994
330.0,0.015375,1.19325,0.000322003994
330.0,0.015625,1.193125,0.000322003994
330.0,0.015375,1.193125,0.000322003994
330.0,0.015125,1.193375,0.000322003994
330.0,0.015,1.19325,0.000322003994
330.0,0.015125,1.193125,0.000322003994
330.0,0.015125,1.192875,0.000322003994
330.0,0.015375,1.192875,0.000322003994
330.0,0.01525,1.19275,0.000322003994
330.0,0.015375,1.19275,0.000322003994
330.0,0.015375,1.192875,0.000322003994
330.0,0.01575,1.192625,0.000322003994
330.0,0.015625,1.1925,0.000322003994
330.0,0.01525,1.19275,0.000322003994
330.0,0.015375,1.192875,0.000322003994
330.0,0.015375,1.192875,0.000322003994
330.0,0.015375,1.193,0.000322003994
330.0,0.0155,1.193125,0.000322003994
330.0,0.0155,1.193,0.000322003994
330.0,0.01575,1.19325,0.000322003994
330.0,0.01575,1.193625,0.000322003994
330.0,0.016125,1.1935,0.000322003994
330.0,0.016125,1.19325,0.000322003994
330.0,0.016125,1.19325,0.000322003994
330.0,0.016125,1.192875,0.000322003994
330.0,0.015875,1.192625,0.000322003994
330.0,0.0155,1.192625,0.000322003994
330.0,0.015625,1.192875,0.000322003994
330.0,0.015625,1.192625,0.000322003994
330.0,0.015375,1.192375,0.000322003994
330.0,0.0155,1.19275,0.000322003994
330.0,0.015625,1.193,0.000322003994
330.0,0.015375,1.192875,0.000322003994
330.0,0.01525,1.19325,0.000322003994
330.0,0.015375,1.193125,0.000322003994
330.0,0.015375,1.193,0.000322003994
330.0,0.0155,1.19325,0.000322003994
330.0,0.01575,1.19325,0.000322003994
330.0,0.015875,1.19325,0.000322003994
330.0,0.015875,1.19325,0.000322003994
330.0,0.01575,1.193,0.000322003994
330.0,0.01575,1.19275,0.000322003994
330.0,0.015875,1.192625,0.000322003994
330.0,0.015625,1.19275,0.000322003994
330.0,0.015625,1.192875,0.000322003994
330.0,0.015625,1.192625,0.000322003994
330.0,0.015875,1.192625,0.000322003994
330.0,0.015625,1.192875,0.000322003994
330.0,0.01525,1.192875,0.000322003994
330.0,0.014875,1.193125,0.000322003994
330.0,0.015125,1.193125,0.000322003994
330.0,0.01525,1.193125,0.000322003994
330.0,0.01525,1.193375,0.000322003994
330.0,0.015375,1.193625,0.000322003994
330.0,0.015375,1.193625,0.000322003994
330.0,0.015375,1.193625,0.000322003994
330.0,0.015375,1.193125,0.000322003994
330.0,0.015625,1.19275,0.000322003994
330.0,0.01575,1.192625,0.000322003994
330.0,0.0155,1.19275,0.000322003994
330.0,0.015125,1.19275,0.000322003994
330.0,0.0155,1.192625,0.000322003994
330.0,0.01575,1.1925,0.000322003994
330.0,0.015625,1.192875,0.000322003994
330.0,0.0155,1.193,0.000322003994
330.0,0.015375,1.192875,0.000322003994
330.0,0.0155,1.193,0.000322003994
330.0,0.015625,1.193125,0.000322003994
330.0,0.015625,1.193125,0.000322003994
330.0,0.0155,1.19325,0.000322003994
330.0,0.01575,1.19325,0.000322003994
330.0,0.01575,1.19325,0.000322003994
330.0,0.01575,1.19325,0.000322003994
330.0,0.0155,1.192875,0.000322003994
330.0,0.015625,1.19275,0.000322003994
330.0,0.0155,1.19275,0.000322003994
330.0,0.015375,1.192625,0.000322003994
330.0,0.0155,1.192875,0.000322003994
330.0,0.015375,1.1925,0.000322003994
330.0,0.01575,1.19225,0.000322003994
330.0,0.015875,1.19275,0.000322003994
330.0,0.015375,1.19275,0.000322003994
330.0,0.015125,1.19275,0.000322003994
330.0,0.015,1.192875,0.000322003994
330.0,0.0155,1.193,0.000322003994
330.0,0.0155,1.193,0.000322003994
330.0,0.015625,1.19325,0.000322003994
330.0,0.015625,1.1935,0.000322003994
330.0,0.01575,1.1935,0.000322003994
330.0,0.015625,1.19325,0.000322003994
330.0,0.015625,1.192625,0.000322003994
330.0,0.015625,1.19275,0.000322003994
330.0,0.0155,1.192625,0.000322003994
330.0,0.015625,1.19275,0.000322003994
330.0,0.015875,1.192625,0.000322003994
330.0,0.015875,1.19225,0.000322003994
330.0,0.01575,1.19275,0.000322003994
330.0,0.0155,1.193,0.000322003994
330.0,0.015125,1.193,0.000322003994
330.0,0.015125,1.193,0.000322003994
330.0,0.015,1.193,0.000322003994
330.0,0.015375,1.193125,0.000322003994
330.0,0.0155,1.193125,0.000322003994
330.0,0.0155,1.1935,0.000322003994
330.0,0.015875,1.1935,0.000322003994
330.0,0.015625,1.1935,0.000322003994
330.0,0.01575,1.19325,0.000322003994
330.0,0.015875,1.19275,0.000322003994
330.0,0.015625,1.19275,0.000322003994
330.0,0.0155,1.19275,0.000322003994
330.0,0.015375,1.192625,0.000322003994
330.0,0.015625,1.192625,0.000322003994
330.0,0.015625,1.1925,0.000322003994
330.0,0.01525,1.19275,0.000322003994
330.0,0.01525,1.193,0.000322003994
330.0,0.015125,1.192875,0.000322003994
330.0,0.015125,1.193,0.000322003994
330.0,0.015125,1.193125,0.000322003994
330.0,0.015125,1.192875,0.000322003994
330.0,0.01525,1.193,0.000322003994
330.0,0.01525,1.193,0.000322003994
330.0,0.015375,1.1935,0.000322003994
330.0,0.015625,1.193125,0.000322003994
330.0,0.01575,1.193125,0.000322003994
330.0,0.015625,1.192625,0.000322003994
330.0,0.0155,1.192625,0.000322003994
330.0,0.015375,1.192625,0.000322003994
330.0,0.015125,1.192625,0.000322003994
330.0,0.015625,1.1925,0.000322003994
330.0,0.015875,1.192375,0.000322003994
330.0,0.015875,1.19275,0.000322003994
330.0,0.015875,1.192625,0.000322003994
330.0,0.0155,1.19275,0.000322003994
330.0,0.01525,1.192875,0.000322003994
330.0,0.015125,1.193125,0.000322003994
331.0,0.02275,1.142,0.000321906147
331.0,0.02275,1.142125,0.000321906147
331.0,0.02275,1.142,0.000321906147
331.0,0.022625,1.141875,0.000321906147
331.0,0.0225,1.141625,0.000321906147
331.0,0.022625,1.141625,0.000321906147
331.0,0.022625,1.141875,0.000321906147
331.0,0.022625,1.142,0.000321906147
331.0,0.022625,1.142,0.000321906147
331.0,0.022125,1.142375,0.000321906147
331.0,0.022375,1.1425,0.000321906147
331.0,0.02225,1.142375,0.000321906147
331.0,0.022875,1.142375,0.000321906147
331.0,0.023125,1.1425,0.000321906147
331.0,0.022875,1.1425,0.000321906147
331.0,0.023125,1.14225,0.000321906147
331.0,0.023,1.142,0.000321906147
331.0,0.02275,1.141875,0.000321906147
331.0,0.022625,1.142,0.000321906147
331.0,0.022875,1.142,0.000321906147
331.0,0.022875,1.142,0.000321906147
331.0,0.022625,1.141875,0.000321906147
331.0,0.0225,1.14175,0.000321906147
331.0,0.02225,1.142125,0.000321906147
331.0,0.02225,1.142125,0.000321906147
331.0,0.02275,1.142125,0.000321906147
331.0,0.022875,1.14225,0.000321906147
331.0,0.02275,1.142375,0.000321906147
331.0,0.02275,1.14225,0.000321906147
331.0,0.022375,1.1425,0.000321906147
331.0,0.022625,1.142875,0.000321906147
331.0,0.022625,1.142625,0.000321906147
331.0,0.02275,1.142375,0.000321906147
331.0,0.023125,1.142375,0.000321906147
331.0,0.022875,1.141875,0.000321906147
331.0,0.02275,1.142,0.000321906147
331.0,0.02275,1.142125,0.000321906147
331.0,0.0225,1.14175,0.000321906147
331.0,0.022375,1.141625,0.000321906147
331.0,0.022625,1.142,0.000321906147
331.0,0.0225,1.142125,0.000321906147
331.0,0.0225,1.142125,0.000321906147
331.0,0.022375,1.142125,0.000321906147
331.0,0.022125,1.142375,0.000321906147
331.0,0.022375,1.14225,0.000321906147
331.0,0.02225,1.142375,0.000321906147
331.0,0.022375,1.142625,0.000321906147
331.0,0.02225,1.142875,0.000321906147
331.0,0.022625,1.142625,0.000321906147
331.0,0.0225,1.14225,0.000321906147
331.0,0.022625,1.142,0.000321906147
331.0,0.023,1.142,0.000321906147
331.0,0.02275,1.142,0.000321906147
331.0,0.022875,1.141875,0.000321906147
331.0,0.022875,1.14175,0.000321906147
331.0,0.022625,1.14175,0.000321906147
331.0,0.02225,1.142125,0.000321906147
331.0,0.02225,1.142125,0.000321906147
331.0,0.0225,1.142125,0.000321906147
331.0,0.022375,1.14225,0.000321906147
331.0,0.02225,1.142375,0.000321906147
331.0,0.022375,1.142375,0.000321906147
331.0,0.022625,1.142625,0.000321906147
331.0,0.02225,1.14275,0.000321906147
331.0,0.0225,1.14275,0.000321906147
331.0,0.0225,1.142375,0.000321906147
331.0,0.02275,1.141875,0.000321906147
331.0,0.022625,1.142,0.000321906147
331.0,0.0225,1.142,0.000321906147
331.0,0.0225,1.142,0.000321906147
331.0,0.02275,1.142,0.000321906147
331.0,0.022625,1.141875,0.000321906147
331.0,0.022875,1.142125,0.000321906147
331.0,0.022875,1.142125,0.000321906147
331.0,0.02275,1.14225,0.000321906147
331.0,0.022375,1.14225,0.000321906147
331.0,0.0225,1.1425,0.000321906147
331.0,0.022625,1.142375,0.000321906147
331.0,0.02275,1.14225,0.000321906147
331.0,0.022625,1.142625,0.000321906147
331.0,0.023125,1.142875,0.000321906147
331.0,0.022875,1.142875,0.000321906147
331.0,0.022625,1.1425,0.000321906147
331.0,0.022875,1.142125,0.000321906147
331.0,0.022625,1.14225,0.000321906147
331.0,0.0225,1.142125,0.000321906147
331.0,0.02225,1.14225,0.000321906147
331.0,0.0225,1.14175,0.000321906147
331.0,0.02275,1.14175,0.000321906147
331.0,0.02275,1.14175,0.000321906147
331.0,0.022625,1.141875,0.000321906147
331.0,0.022625,1.14225,0.000321906147
331.0,0.0225,1.142375,0.000321906147
331.0,0.022375,1.1425,0.000321906147
331.0,0.022375,1.1425,0.000321906147
331.0,0.0225,1.1425,0.000321906147
331.0,0.0225,1.142625,0.000321906147
331.0,0.0225,1.142625,0.000321906147
331.0,0.022375,1.1425,0.000321906147
331.0,0.02275,1.142125,0.000321906147
331.0,0.022875,1.141875,0.000321906147
331.0,0.023,1.142,0.000321906147
331.0,0.02275,1.142125,0.000321906147
331.0,0.022625,1.14225,0.000321906147
331.0,0.022625,1.142,0.000321906147
331.0,0.022625,1.142,0.000321906147
331.0,0.0225,1.141875,0.000321906147
331.0,0.022,1.142125,0.000321906147
331.0,0.022375,1.1425,0.000321906147
331.0,0.02275,1.142375,0.000321906147
331.0,0.02275,1.142375,0.000321906147
331.0,0.02275,1.142375,0.000321906147
331.0,0.023,1.142625,0.000321906147
331.0,0.02275,1.14275,0.000321906147
331.0,0.02275,1.14275,0.000321906147
331.0,0.0225,1.142625,0.000321906147
331.0,0.022375,1.14225,0.000321906147
331.0,0.022625,1.141875,0.000321906147
331.0,0.022375,1.142125,0.000321906147
331.0,0.0225,1.14225,0.000321906147
331.0,0.022625,1.14225,0.000321906147
331.0,0.0225,1.14225,0.000321906147
331.0,0.0225,1.141875,0.000321906147
331.0,0.022875,1.141875,0.000321906147
331.0,0.022875,1.14225,0.000321906147
331.0,0.022875,1.142125,0.000321906147
331.0,0.022625,1.14225,0.000321906147
331.0,0.022625,1.142375,0.000321906147
331.0,0.0225,1.14225,0.000321906147
331.0,0.02225,1.142625,0.000321906147
331.0,0.022375,1.143,0.000321906147
331.0,0.022875,1.143,0.000321906147
331.0,0.023125,1.142375,0.000321906147
331.0,0.022875,1.142125,0.000321906147
331.0,0.023,1.142125,0.000321906147
331.0,0.0225,1.142125,0.000321906147
331.0,0.022625,1.14225,0.000321906147
331.0,0.0225,1.142,0.000321906147
331.0,0.0225,1.142,0.000321906147
331.0,0.0225,1.141875,0.000321906147
331.0,0.02275,1.142,0.000321906147
331.0,0.022875,1.14225,0.000321906147
331.0,0.022625,1.142125,0.000321906147
331.0,0.022625,1.142375,0.000321906147
331.0,0.022625,1.142625,0.000321906147
331.0,0.022625,1.1425,0.000321906147
331.0,0.0225,1.142625,0.000321906147
331.0,0.0225,1.14275,0.000321906147
331.0,0.022625,1.1425,0.000321906147
331.0,0.02275,1.142375,0.000321906147
331.0,0.022625,1.142125,0.000321906147
331.0,0.022875,1.142,0.000321906147
331.0,0.022625,1.142125,0.000321906147
331.0,0.023,1.142125,0.000321906147
331.0,0.023,1.142125,0.000321906147
331.0,0.023125,1.142,0.000321906147
331.0,0.022875,1.141875,0.000321906147
331.0,0.022875,1.142375,0.000321906147
331.0,0.022625,1.142125,0.000321906147
331.0,0.02275,1.142125,0.000321906147
331.0,0.022625,1.142375,0.000321906147
331.0,0.02275,1.142625,0.000321906147
331.0,0.022625,1.142625,0.000321906147
331.0,0.0225,1.14275,0.000321906147
331.0,0.022875,1.143,0.000321906147
331.0,0.02325,1.14275,0.000321906147
331.0,0.022875,1.14225,0.000321906147
331.0,0.023,1.142125,0.000321906147
331.0,0.023,1.142125,0.000321906147
332.0,0.03175,1.091875,0.000321877567
332.0,0.031625,1.091625,0.000321877567
332.0,0.03125,1.091625,0.000321877567
332.0,0.031375,1.09175,0.000321877567
332.0,0.031875,1.09175,0.000321877567
332.0,0.032,1.091625,0.000321877567
332.0,0.032,1.091875,0.000321877567
332.0,0.03175,1.091875,0.000321877567
332.0,0.03175,1.09175,0.000321877567
332.0,0.031625,1.09175,0.000321877567
332.0,0.031125,1.091875,0.000321877567
332.0,0.03125,1.092125,0.000321877567
332.0,0.031375,1.092125,0.000321877567
332.0,0.0315,1.0925,0.000321877567
332.0,0.03175,1.092625,0.000321877567
332.0,0.031625,1.0925,0.000321877567
332.0,0.031375,1.09225,0.000321877567
332.0,0.031625,1.092,0.000321877567
332.0,0.03175,1.09175,0.000321877567
332.0,0.03125,1.09175,0.000321877567
332.0,0.031625,1.09175,0.000321877567
332.0,0.031625,1.091625,0.000321877567
332.0,0.031375,1.091625,0.000321877567
332.0,0.031375,1.092,0.000321877567
332.0,0.031375,1.091875,0.000321877567
332.0,0.03125,1.091875,0.000321877567
332.0,0.0315,1.091875,0.000321877567
332.0,0.031625,1.092,0.000321877567
332.0,0.0315,1.092125,0.000321877567
332.0,0.031875,1.092125,0.000321877567
332.0,0.031625,1.092375,0.000321877567
332.0,0.03175,1.092375,0.000321877567
332.0,0.031625,1.092375,0.000321877567
332.0,0.031375,1.092,0.000321877567
332.0,0.031625,1.09175,0.000321877567
332.0,0.031625,1.09175,0.000321877567
332.0,0.0315,1.091875,0.000321877567
332.0,0.0315,1.091625,0.000321877567
332.0,0.031375,1.0915,0.000321877567
332.0,0.031375,1.091625,0.000321877567
332.0,0.031625,1.092,0.000321877567
332.0,0.031625,1.092,0.000321877567
332.0,0.031375,1.091875,0.000321877567
332.0,0.031375,1.091875,0.000321877567
332.0,0.031125,1.092125,0.000321877567
332.0,0.031125,1.092,0.000321877567
332.0,0.031625,1.092125,0.000321877567
332.0,0.032,1.092375,0.000321877567
332.0,0.031625,1.0925,0.000321877567
332.0,0.031625,1.092125,0.000321877567
332.0,0.031625,1.09175,0.000321877567
332.0,0.0315,1.09175,0.000321877567
332.0,0.03125,1.091625,0.000321877567
332.0,0.031125,1.09175,0.000321877567
332.0,0.0315,1.091625,0.000321877567
332.0,0.03175,1.09125,0.000321877567
332.0,0.03175,1.091625,0.000321877567
332.0,0.03175,1.091625,0.000321877567
332.0,0.03125,1.092,0.000321877567
332.0,0.031125,1.091875,0.000321877567
332.0,0.031625,1.091875,0.000321877567
332.0,0.031625,1.092125,0.000321877567
332.0,0.031375,1.092125,0.000321877567
332.0,0.031375,1.092375,0.000321877567
332.0,0.031875,1.0925,0.000321877567
332.0,0.031875,1.092375,0.000321877567
332.0,0.03175,1.092125,0.000321877567
332.0,0.03175,1.091875,0.000321877567
332.0,0.0315,1.091875,0.000321877567
332.0,0.0315,1.09175,0.000321877567
332.0,0.031375,1.09175,0.000321877567
332.0,0.031625,1.091625,0.000321877567
332.0,0.0315,1.091375,0.000321877567
332.0,0.0315,1.091375,0.000321877567
332.0,0.031375,1.091625,0.000321877567
332.0,0.031625,1.09175,0.000321877567
332.0,0.031125,1.09175,0.000321877567
332.0,0.03125,1.092,0.000321877567
332.0,0.031625,1.092125,0.000321877567
332.0,0.031625,1.092,0.000321877567
332.0,0.031875,1.09225,0.000321877567
332.0,0.031875,1.0925,0.000321877567
332.0,0.031625,1.092375,0.000321877567
332.0,0.0315,1.091875,0.000321877567
332.0,0.0315,1.091625,0.000321877567
332.0,0.03125,1.091625,0.000321877567
332.0,0.03125,1.09175,0.000321877567
332.0,0.031375,1.091625,0.000321877567
332.0,0.031625,1.0915,0.000321877567
332.0,0.031625,1.0915,0.000321877567
332.0,0.031875,1.09175,0.000321877567
332.0,0.031375,1.092,0.000321877567
332.0,0.031125,1.092,0.000321877567
332.0,0.03125,1.091875,0.000321877567
332.0,0.0315,1.092,0.000321877567
332.0,0.031625,1.091875,0.000321877567
332.0,0.031375,1.092125,0.000321877567
332.0,0.0315,1.09225,0.000321877567
332.0,0.03175,1.092375,0.000321877567
332.0,0.03175,1.092125,0.000321877567
332.0,0.032125,1.09175,0.000321877567
332.0,0.031625,1.091625,0.000321877567
332.0,0.031375,1.091625,0.000321877567
332.0,0.0315,1.091875,0.000321877567
332.0,0.03125,1.091875,0.000321877567
332.0,0.03125,1.091625,0.000321877567
332.0,0.0315,1.091625,0.000321877567
332.0,0.031375,1.091875,0.000321877567
332.0,0.0315,1.091875,0.000321877567
332.0,0.0315,1.091875,0.000321877567
332.0,0.0315,1.092,0.000321877567
332.0,0.0315,1.092125,0.000321877567
332.0,0.0315,1.092,0.000321877567
332.0,0.031625,1.09225,0.000321877567
332.0,0.031375,1.0925,0.000321877567
332.0,0.03125,1.0925,0.000321877567
332.0,0.0315,1.092,0.000321877567
332.0,0.031625,1.091625,0.000321877567
332.0,0.031625,1.091625,0.000321877567
332.0,0.0315,1.091625,0.000321877567
332.0,0.0315,1.091875,0.000321877567
332.0,0.0315,1.091625,0.000321877567
332.0,0.03175,1.091625,0.000321877567
332.0,0.03175,1.09175,0.000321877567
332.0,0.031625,1.091875,0.000321877567
332.0,0.0315,1.092,0.000321877567
332.0,0.031375,1.091875,0.000321877567
332.0,0.03125,1.092125,0.000321877567
332.0,0.03175,1.092125,0.000321877567
332.0,0.03175,1.092125,0.000321877567
332.0,0.0315,1.092375,0.000321877567
332.0,0.031625,1.0925,0.000321877567
332.0,0.031875,1.092625,0.000321877567
332.0,0.031875,1.092125,0.000321877567
332.0,0.0315,1.091625,0.000321877567
332.0,0.031125,1.09175,0.000321877567
332.0,0.03125,1.091875,0.000321877567
332.0,0.031875,1.091875,0.000321877567
332.0,0.031875,1.091875,0.000321877567
332.0,0.031875,1.0915,0.000321877567
332.0,0.03175,1.0915,0.000321877567
332.0,0.0315,1.091875,0.000321877567
332.0,0.031,1.09225,0.000321877567
332.0,0.031125,1.092,0.000321877567
332.0,0.031,1.092,0.000321877567
332.0,0.031125,1.092,0.000321877567
332.0,0.03125,1.092125,0.000321877567
332.0,0.0315,1.092375,0.000321877567
332.0,0.032,1.0925,0.000321877567
332.0,0.031875,1.09225,0.000321877567
332.0,0.0315,1.092125,0.000321877567
332.0,0.031375,1.09175,0.000321877567
332.0,0.031125,1.091625,0.000321877567
332.0,0.031125,1.091875,0.000321877567
332.0,0.031125,1.091875,0.000321877567
332.0,0.031625,1.09175,0.000321877567
332.0,0.03175,1.091625,0.000321877567
332.0,0.03175,1.09175,0.000321877567
332.0,0.031625,1.09175,0.000321877567
332.0,0.0315,1.091875,0.000321877567
332.0,0.0315,1.092125,0.000321877567
332.0,0.0315,1.09225,0.000321877567
332.0,0.03125,1.09225,0.000321877567
332.0,0.03125,1.092375,0.000321877567
332.0,0.0315,1.0925,0.000321877567
332.0,0.031625,1.09225,0.000321877567
332.0,0.031875,1.092125,0.000321877567
332.0,0.031625,1.0915,0.000321877567
332.0,0.03175,1.091625,0.000321877567
333.0,0.042875,1.04125,0.00032209442
333.0,0.042375,1.0415,0.00032209442
333.0,0.042625,1.0415,0.00032209442
333.0,0.04225,1.041375,0.00032209442
333.0,0.04225,1.04175,0.00032209442
333.0,0.04225,1.04175,0.00032209442
333.0,0.0425,1.041625,0.00032209442
333.0,0.04275,1.041875,0.00032209442
333.0,0.04275,1.041875,0.00032209442
333.0,0.043125,1.04225,0.00032209442
333.0,0.043,1.042,0.00032209442
333.0,0.043125,1.041625,0.00032209442
333.0,0.043125,1.04125,0.00032209442
333.0,0.042625,1.04125,0.00032209442
333.0,0.0425,1.041625,0.00032209442
333.0,0.042625,1.04125,0.00032209442
333.0,0.04275,1.041125,0.00032209442
333.0,0.042875,1.041375,0.00032209442
333.0,0.042875,1.041625,0.00032209442
333.0,0.042875,1.0415,0.00032209442
333.0,0.0425,1.041625,0.00032209442
333.0,0.042375,1.041625,0.00032209442
333.0,0.04225,1.041625,0.00032209442
333.0,0.04275,1.041875,0.00032209442
333.0,0.04275,1.042125,0.00032209442
333.0,0.043,1.042125,0.00032209442
333.0,0.04275,1.042,0.00032209442
333.0,0.042875,1.04175,0.00032209442
333.0,0.042875,1.041375,0.00032209442
333.0,0.042875,1.041375,0.00032209442
333.0,0.0425,1.041375,0.00032209442
333.0,0.042375,1.0415,0.00032209442
333.0,0.0425,1.04125,0.00032209442
333.0,0.042375,1.040875,0.00032209442
333.0,0.0425,1.041125,0.00032209442
333.0,0.042625,1.041375,0.00032209442
333.0,0.0425,1.0415,0.00032209442
333.0,0.0425,1.041625,0.00032209442
333.0,0.042625,1.04175,0.00032209442
333.0,0.042375,1.041625,0.00032209442
333.0,0.0425,1.041875,0.00032209442
333.0,0.0425,1.041875,0.00032209442
333.0,0.042125,1.042125,0.00032209442
333.0,0.0425,1.042,0.00032209442
333.0,0.042625,1.041625,0.00032209442
333.0,0.042625,1.041375,0.00032209442
333.0,0.04225,1.0415,0.00032209442
333.0,0.04225,1.0415,0.00032209442
333.0,0.0425,1.041375,0.00032209442
333.0,0.04225,1.041125,0.00032209442
333.0,0.04225,1.041375,0.00032209442
333.0,0.042375,1.041625,0.00032209442
333.0,0.0425,1.0415,0.00032209442
333.0,0.042625,1.041375,0.00032209442
333.0,0.042625,1.04175,0.00032209442
333.0,0.04275,1.041625,0.00032209442
333.0,0.042625,1.041625,0.00032209442
333.0,0.042625,1.041625,0.00032209442
333.0,0.042875,1.041875,0.00032209442
333.0,0.042625,1.042,0.00032209442
333.0,0.04225,1.041875,0.00032209442
333.0,0.0425,1.0415,0.00032209442
333.0,0.042375,1.041375,0.00032209442
333.0,0.0425,1.041625,0.00032209442
333.0,0.042375,1.0415,0.00032209442
333.0,0.042625,1.041375,0.00032209442
333.0,0.042875,1.041125,0.00032209442
333.0,0.042625,1.0415,0.00032209442
333.0,0.042375,1.041625,0.00032209442
333.0,0.042375,1.0415,0.00032209442
333.0,0.0425,1.04175,0.00032209442
333.0,0.042375,1.04175,0.00032209442
333.0,0.04225,1.041625,0.00032209442
333.0,0.04225,1.041625,0.00032209442
333.0,0.04225,1.041875,0.00032209442
333.0,0.04275,1.042,0.00032209442
333.0,0.043,1.04175,0.00032209442
333.0,0.04275,1.0415,0.00032209442
333.0,0.0425,1.041375,0.00032209442
333.0,0.042625,1.041375,0.00032209442
333.0,0.042625,1.041375,0.00032209442
333.0,0.0425,1.0415,0.00032209442
333.0,0.04275,1.04125,0.00032209442
333.0,0.04275,1.041375,0.00032209442
333.0,0.043,1.0415,0.00032209442
333.0,0.042625,1.04175,0.00032209442
333.0,0.042625,1.0415,0.00032209442
333.0,0.042375,1.0415,0.00032209442
333.0,0.042375,1.0415,0.00032209442
333.0,0.042375,1.0415,0.00032209442
333.0,0.042375,1.04175,0.00032209442
333.0,0.04225,1.041875,0.00032209442
333.0,0.0425,1.042125,0.00032209442
333.0,0.043,1.042,0.00032209442
333.0,0.0425,1.04175,0.00032209442
333.0,0.042875,1.04125,0.00032209442
333.0,0.04275,1.041125,0.00032209442
333.0,0.042625,1.041375,0.00032209442
333.0,0.042375,1.04125,0.00032209442
333.0,0.04275,1.041,0.00032209442
333.0,0.0425,1.041125,0.00032209442
333.0,0.042875,1.04175,0.00032209442
333.0,0.042625,1.04175,0.00032209442
333.0,0.042375,1.0415,0.00032209442
333.0,0.0425,1.04175,0.00032209442
333.0,0.0425,1.04175,0.00032209442
333.0,0.04225,1.04175,0.00032209442
333.0,0.042125,1.041625,0.00032209442
333.0,0.04275,1.042,0.00032209442
333.0,0.0425,1.042125,0.00032209442
333.0,0.04275,1.041875,0.00032209442
333.0,0.043,1.0415,0.00032209442
333.0,0.042875,1.04125,0.00032209442
333.0,0.04225,1.0415,0.00032209442
333.0,0.042625,1.041375,0.00032209442
333.0,0.04275,1.04125,0.00032209442
333.0,0.043,1.041125,0.00032209442
333.0,0.0425,1.041375,0.00032209442
333.0,0.042375,1.0415,0.00032209442
333.0,0.04225,1.041375,0.00032209442
333.0,0.042125,1.0415,0.00032209442
333.0,0.042125,1.041875,0.00032209442
333.0,0.042375,1.041875,0.00032209442
333.0,0.0425,1.04175,0.00032209442
333.0,0.04275,1.04175,0.00032209442
333.0,0.042875,1.041875,0.00032209442
333.0,0.042625,1.04175,0.00032209442
333.0,0.042625,1.041375,0.00032209442
333.0,0.0425,1.041125,0.00032209442
333.0,0.0425,1.04125,0.00032209442
333.0,0.04225,1.04125,0.00032209442
333.0,0.04225,1.0415,0.00032209442
333.0,0.0425,1.04125,0.00032209442
333.0,0.042625,1.041125,0.00032209442
333.0,0.042625,1.04125,0.00032209442
333.0,0.04225,1.041375,0.00032209442
333.0,0.04225,1.0415,0.00032209442
333.0,0.0425,1.04175,0.00032209442
333.0,0.0425,1.04175,0.00032209442
333.0,0.0425,1.041875,0.00032209442
333.0,0.04225,1.04175,0.00032209442
333.0,0.04225,1.042,0.00032209442
333.0,0.0425,1.04225,0.00032209442
333.0,0.0425,1.042,0.00032209442
333.0,0.043,1.0415,0.00032209442
333.0,0.042625,1.04125,0.00032209442
333.0,0.042875,1.04125,0.00032209442
333.0,0.04275,1.041125,0.00032209442
333.0,0.04275,1.04125,0.00032209442
333.0,0.043,1.041125,0.00032209442
333.0,0.043,1.041125,0.00032209442
333.0,0.042875,1.041375,0.00032209442
333.0,0.042375,1.0415,0.00032209442
333.0,0.042,1.0415,0.00032209442
333.0,0.042,1.0415,0.00032209442
333.0,0.0425,1.04175,0.00032209442
333.0,0.04275,1.041625,0.00032209442
333.0,0.042625,1.04175,0.00032209442
333.0,0.042375,1.042,0.00032209442
333.0,0.0425,1.042,0.00032209442
333.0,0.042875,1.04175,0.00032209442
333.0,0.04275,1.0415,0.00032209442
333.0,0.0425,1.04125,0.00032209442
333.0,0.04275,1.04125,0.00032209442
333.0,0.04275,1.04125,0.00032209442
333.0,0.04275,1.04125,0.00032209442
333.0,0.0425,1.041125,0.00032209442
333.0,0.0425,1.04125,0.00032209442
333.0,0.042375,1.04125,0.00032209442
334.0,0.0555,0.991625,0.000322076783
334.0,0.0555,0.991875,0.000322076783
334.0,0.0555,0.992125,0.000322076783
334.0,0.055375,0.992,0.000322076783
334.0,0.055375,0.992125,0.000322076783
334.0,0.055375,0.992125,0.000322076783
334.0,0.0555,0.991875,0.000322076783
334.0,0.0555,0.99225,0.000322076783
334.0,0.0555,0.99225,0.000322076783
334.0,0.055,0.99225,0.000322076783
334.0,0.054875,0.992,0.000322076783
334.0,0.05525,0.992,0.000322076783
334.0,0.055375,0.991875,0.000322076783
334.0,0.055125,0.99175,0.000322076783
334.0,0.05525,0.99175,0.000322076783
334.0,0.05525,0.991625,0.000322076783
334.0,0.055125,0.9915,0.000322076783
334.0,0.055375,0.99175,0.000322076783
334.0,0.05575,0.992,0.000322076783
334.0,0.055375,0.991875,0.000322076783
334.0,0.055,0.992,0.000322076783
334.0,0.055,0.992125,0.000322076783
334.0,0.055,0.99225,0.000322076783
334.0,0.055,0.992125,0.000322076783
334.0,0.055,0.992125,0.000322076783
334.0,0.054875,0.992375,0.000322076783
334.0,0.055125,0.9925,0.000322076783
334.0,0.0555,0.99225,0.000322076783
334.0,0.055375,0.99175,0.000322076783
334.0,0.055625,0.9915,0.000322076783
334.0,0.055375,0.99175,0.000322076783
334.0,0.055375,0.99175,0.000322076783
334.0,0.0555,0.99175,0.000322076783
334.0,0.0555,0.991625,0.000322076783
334.0,0.05525,0.99175,0.000322076783
334.0,0.055375,0.991875,0.000322076783
334.0,0.055375,0.992125,0.000322076783
334.0,0.05525,0.992,0.000322076783
334.0,0.055375,0.992375,0.000322076783
334.0,0.055,0.99225,0.000322076783
334.0,0.054875,0.99225,0.000322076783
334.0,0.054875,0.992375,0.000322076783
334.0,0.055375,0.9925,0.000322076783
334.0,0.0555,0.992625,0.000322076783
334.0,0.055125,0.99225,0.000322076783
334.0,0.05525,0.99175,0.000322076783
334.0,0.05525,0.99175,0.000322076783
334.0,0.05475,0.99175,0.000322076783
334.0,0.055375,0.99175,0.000322076783
334.0,0.05575,0.99175,0.000322076783
334.0,0.055625,0.991625,0.000322076783
334.0,0.05525,0.991875,0.000322076783
334.0,0.055125,0.992,0.000322076783
334.0,0.055375,0.991875,0.000322076783
334.0,0.055375,0.992,0.000322076783
334.0,0.05525,0.992,0.000322076783
334.0,0.055,0.992,0.000322076783
334.0,0.055,0.992125,0.000322076783
334.0,0.055,0.99225,0.000322076783
334.0,0.055625,0.9925,0.000322076783
334.0,0.05575,0.99225,0.000322076783
334.0,0.055625,0.992,0.000322076783
334.0,0.0555,0.992,0.000322076783
334.0,0.0555,0.991625,0.000322076783
334.0,0.05525,0.991625,0.000322076783
334.0,0.055375,0.991625,0.000322076783
334.0,0.05525,0.9915,0.000322076783
334.0,0.054875,0.991625,0.000322076783
334.0,0.055125,0.991875,0.000322076783
334.0,0.0555,0.992,0.000322076783
334.0,0.05525,0.992,0.000322076783
334.0,0.055,0.992,0.000322076783
334.0,0.055375,0.992125,0.000322076783
334.0,0.055375,0.992125,0.000322076783
334.0,0.055125,0.992125,0.000322076783
334.0,0.05525,0.99225,0.000322076783
334.0,0.055375,0.9925,0.000322076783
334.0,0.055375,0.992125,0.000322076783
334.0,0.055625,0.991875,0.000322076783
334.0,0.055625,0.99175,0.000322076783
334.0,0.055125,0.991875,0.000322076783
334.0,0.055125,0.991875,0.000322076783
334.0,0.055375,0.991875,0.000322076783
334.0,0.055625,0.991625,0.000322076783
334.0,0.055375,0.991625,0.000322076783
334.0,0.055,0.99175,0.000322076783
334.0,0.055125,0.99175,0.000322076783
334.0,0.05525,0.991875,0.000322076783
334.0,0.05525,0.992125,0.000322076783
334.0,0.05525,0.992125,0.000322076783
334.0,0.05525,0.992,0.000322076783
334.0,0.055125,0.992125,0.000322076783
334.0,0.0555,0.992375,0.000322076783
334.0,0.055625,0.992375,0.000322076783
334.0,0.05575,0.992375,0.000322076783
334.0,0.0555,0.992,0.000322076783
334.0,0.055375,0.991625,0.000322076783
334.0,0.05525,0.99175,0.000322076783
334.0,0.055375,0.99175,0.000322076783
334.0,0.055625,0.99175,0.000322076783
334.0,0.05575,0.991625,0.000322076783
334.0,0.055375,0.991875,0.000322076783
334.0,0.05525,0.992,0.000322076783
334.0,0.055125,0.991875,0.000322076783
334.0,0.05475,0.992125,0.000322076783
334.0,0.05475,0.992125,0.000322076783
334.0,0.054875,0.99225,0.000322076783
334.0,0.054875,0.992,0.000322076783
334.0,0.054875,0.99225,0.000322076783
334.0,0.0555,0.992375,0.000322076783
334.0,0.055625,0.9925,0.000322076783
334.0,0.0555,0.992375,0.000322076783
334.0,0.0555,0.99175,0.000322076783
334.0,0.0555,0.991625,0.000322076783
334.0,0.0555,0.991625,0.000322076783
334.0,0.0555,0.99175,0.000322076783
334.0,0.055625,0.991625,0.000322076783
334.0,0.05525,0.9915,0.000322076783
334.0,0.055125,0.991625,0.000322076783
334.0,0.055375,0.992,0.000322076783
334.0,0.055375,0.991875,0.000322076783
334.0,0.055375,0.991875,0.000322076783
334.0,0.05525,0.992125,0.000322076783
334.0,0.055375,0.992125,0.000322076783
334.0,0.054875,0.992125,0.000322076783
334.0,0.055125,0.992375,0.000322076783
334.0,0.05525,0.9925,0.000322076783
334.0,0.055625,0.99225,0.000322076783
334.0,0.055625,0.991875,0.000322076783
334.0,0.055375,0.99175,0.000322076783
334.0,0.055125,0.99175,0.000322076783
334.0,0.05475,0.991875,0.000322076783
334.0,0.055,0.991875,0.000322076783
334.0,0.055625,0.991875,0.000322076783
334.0,0.055625,0.991875,0.000322076783
334.0,0.055375,0.992125,0.000322076783
334.0,0.0555,0.991875,0.000322076783
334.0,0.055,0.991875,0.000322076783
334.0,0.055,0.991875,0.000322076783
334.0,0.055125,0.992,0.000322076783
334.0,0.05525,0.992125,0.000322076783
334.0,0.055125,0.992125,0.000322076783
334.0,0.055375,0.9925,0.000322076783
334.0,0.055625,0.99225,0.000322076783
334.0,0.05575,0.992,0.000322076783
334.0,0.055625,0.99175,0.000322076783
334.0,0.055375,0.99175,0.000322076783
334.0,0.055375,0.991625,0.000322076783
334.0,0.05525,0.99175,0.000322076783
334.0,0.0555,0.991625,0.000322076783
334.0,0.055375,0.9915,0.000322076783
334.0,0.055125,0.991875,0.000322076783
334.0,0.055,0.991875,0.000322076783
334.0,0.05475,0.991875,0.000322076783
334.0,0.05475,0.99175,0.000322076783
334.0,0.05475,0.991875,0.000322076783
334.0,0.05525,0.992125,0.000322076783
334.0,0.055375,0.992,0.000322076783
334.0,0.055375,0.992125,0.000322076783
334.0,0.0555,0.992375,0.000322076783
334.0,0.055625,0.992375,0.000322076783
334.0,0.05575,0.99225,0.000322076783
334.0,0.055375,0.991875,0.000322076783
334.0,0.055,0.99175,0.000322076783
334.0,0.055,0.99175,0.000322076783
334.0,0.055,0.991625,0.000322076783
334.0,0.05525,0.9915,0.000322076783
334.0,0.05525,0.991375,0.000322076783
334.0,0.05525,0.991625,0.000322076783
335.0,0.070125,0.94325,0.000322071137
335.0,0.070125,0.9435,0.000322071137
335.0,0.07,0.943375,0.000322071137
335.0,0.07,0.9435,0.000322071137
335.0,0.069875,0.943625,0.000322071137
335.0,0.069875,0.943875,0.000322071137
335.0,0.069625,0.94375,0.000322071137
335.0,0.069875,0.943875,0.000322071137
335.0,0.069875,0.943875,0.000322071137
335.0,0.0695,0.944,0.000322071137
335.0,0.0695,0.943875,0.000322071137
335.0,0.06975,0.94375,0.000322071137
335.0,0.07,0.9435,0.000322071137
335.0,0.07,0.94325,0.000322071137
335.0,0.069875,0.943375,0.000322071137
335.0,0.070375,0.943625,0.000322071137
335.0,0.070375,0.943375,0.000322071137
335.0,0.070125,0.94325,0.000322071137
335.0,0.070375,0.9435,0.000322071137
335.0,0.07025,0.943625,0.000322071137
335.0,0.070125,0.94375,0.000322071137
335.0,0.069875,0.94375,0.000322071137
335.0,0.069875,0.943625,0.000322071137
335.0,0.070125,0.94375,0.000322071137
335.0,0.07025,0.94375,0.000322071137
335.0,0.07025,0.943875,0.000322071137
335.0,0.070125,0.944,0.000322071137
335.0,0.070125,0.943875,0.000322071137
335.0,0.07025,0.943625,0.000322071137
335.0,0.07025,0.9435,0.000322071137
335.0,0.069625,0.943375,0.000322071137
335.0,0.069875,0.9435,0.000322071137
335.0,0.07,0.943375,0.000322071137
335.0,0.069875,0.943375,0.000322071137
335.0,0.07,0.943375,0.000322071137
335.0,0.070125,0.9435,0.000322071137
335.0,0.070125,0.94375,0.000322071137
335.0,0.070125,0.943875,0.000322071137
335.0,0.069875,0.944,0.000322071137
335.0,0.070125,0.943625,0.000322071137
335.0,0.070375,0.943625,0.000322071137
335.0,0.070375,0.943875,0.000322071137
335.0,0.070125,0.944125,0.000322071137
335.0,0.069625,0.943875,0.000322071137
335.0,0.069875,0.94375,0.000322071137
335.0,0.070375,0.943375,0.000322071137
335.0,0.070125,0.943375,0.000322071137
335.0,0.070125,0.943375,0.000322071137
335.0,0.070125,0.9435,0.000322071137
335.0,0.0705,0.94325,0.000322071137
335.0,0.070375,0.943125,0.000322071137
335.0,0.070125,0.943625,0.000322071137
335.0,0.069875,0.943625,0.000322071137
335.0,0.0695,0.9435,0.000322071137
335.0,0.0695,0.94375,0.000322071137
335.0,0.069875,0.94375,0.000322071137
335.0,0.069875,0.943625,0.000322071137
335.0,0.069875,0.943625,0.000322071137
335.0,0.070125,0.94375,0.000322071137
335.0,0.070125,0.944,0.000322071137
335.0,0.070125,0.944125,0.000322071137
335.0,0.07025,0.9435,0.000322071137
335.0,0.07,0.94325,0.000322071137
335.0,0.069875,0.94325,0.000322071137
335.0,0.069875,0.943375,0.000322071137
335.0,0.069875,0.943375,0.000322071137
335.0,0.07,0.94325,0.000322071137
335.0,0.070375,0.94325,0.000322071137
335.0,0.07025,0.943375,0.000322071137
335.0,0.07,0.943375,0.000322071137
335.0,0.069875,0.943625,0.000322071137
335.0,0.069625,0.943875,0.000322071137
335.0,0.0695,0.943875,0.000322071137
335.0,0.0695,0.943875,0.000322071137
335.0,0.06975,0.94375,0.000322071137
335.0,0.07,0.944125,0.000322071137
335.0,0.0705,0.944,0.000322071137
335.0,0.0705,0.94375,0.000322071137
335.0,0.0705,0.943625,0.000322071137
335.0,0.070375,0.943375,0.000322071137
335.0,0.07,0.9435,0.000322071137
335.0,0.07,0.9435,0.000322071137
335.0,0.07,0.943375,0.000322071137
335.0,0.070125,0.943375,0.000322071137
335.0,0.07,0.943375,0.000322071137
335.0,0.069875,0.9435,0.000322071137
335.0,0.06975,0.943375,0.000322071137
335.0,0.069625,0.9435,0.000322071137
335.0,0.06975,0.94375,0.000322071137
335.0,0.06975,0.94375,0.000322071137
335.0,0.06975,0.94375,0.000322071137
335.0,0.07,0.943875,0.000322071137
335.0,0.07,0.944,0.000322071137
335.0,0.07025,0.944125,0.000322071137
335.0,0.070125,0.943875,0.000322071137
335.0,0.07025,0.9435,0.000322071137
335.0,0.070125,0.94325,0.000322071137
335.0,0.06975,0.9435,0.000322071137
335.0,0.06975,0.943375,0.000322071137
335.0,0.070125,0.943125,0.000322071137
335.0,0.07,0.94325,0.000322071137
335.0,0.070125,0.943375,0.000322071137
335.0,0.069875,0.94375,0.000322071137
335.0,0.06975,0.94375,0.000322071137
335.0,0.069625,0.943625,0.000322071137
335.0,0.069625,0.943625,0.000322071137
335.0,0.069875,0.943625,0.000322071137
335.0,0.06975,0.94375,0.000322071137
335.0,0.06975,0.94375,0.000322071137
335.0,0.069625,0.944,0.000322071137
335.0,0.070125,0.94375,0.000322071137
335.0,0.070125,0.943375,0.000322071137
335.0,0.07,0.943125,0.000322071137
335.0,0.06975,0.943375,0.000322071137
335.0,0.06975,0.943375,0.000322071137
335.0,0.070125,0.943125,0.000322071137
335.0,0.0705,0.94325,0.000322071137
335.0,0.07,0.94325,0.000322071137
335.0,0.069875,0.943375,0.000322071137
335.0,0.070125,0.943625,0.000322071137
335.0,0.070125,0.9435,0.000322071137
335.0,0.069875,0.9435,0.000322071137
335.0,0.069875,0.943875,0.000322071137
335.0,0.069625,0.94375,0.000322071137
335.0,0.06975,0.94375,0.000322071137
335.0,0.069625,0.944,0.000322071137
335.0,0.069875,0.944,0.000322071137
335.0,0.07,0.94375,0.000322071137
335.0,0.07,0.9435,0.000322071137
335.0,0.070375,0.943375,0.000322071137
335.0,0.070125,0.9435,0.000322071137
335.0,0.06975,0.94325,0.000322071137
335.0,0.069625,0.94325,0.000322071137
335.0,0.06975,0.943125,0.000322071137
335.0,0.06975,0.9435,0.000322071137
335.0,0.07,0.9435,0.000322071137
335.0,0.07025,0.9435,0.000322071137
335.0,0.069625,0.9435,0.000322071137
335.0,0.069625,0.943375,0.000322071137
335.0,0.069625,0.94375,0.000322071137
335.0,0.07,0.94375,0.000322071137
335.0,0.070375,0.943875,0.000322071137
335.0,0.070125,0.94425,0.000322071137
335.0,0.070125,0.94425,0.000322071137
335.0,0.070125,0.94375,0.000322071137
335.0,0.070375,0.94325,0.000322071137
335.0,0.070375,0.943375,0.000322071137
335.0,0.069875,0.943375,0.000322071137
335.0,0.07,0.9435,0.000322071137
335.0,0.07025,0.943375,0.000322071137
335.0,0.070125,0.94325,0.000322071137
335.0,0.070375,0.943375,0.000322071137
335.0,0.07025,0.9435,0.000322071137
335.0,0.070125,0.94325,0.000322071137
335.0,0.070125,0.94325,0.000322071137
335.0,0.069875,0.943375,0.000322071137
335.0,0.069875,0.9435,0.000322071137
335.0,0.0695,0.9435,0.000322071137
335.0,0.069875,0.94375,0.000322071137
335.0,0.070125,0.943875,0.000322071137
335.0,0.07025,0.943875,0.000322071137
335.0,0.07025,0.94375,0.000322071137
335.0,0.070125,0.943375,0.000322071137
335.0,0.07025,0.943375,0.000322071137
335.0,0.070125,0.943375,0.000322071137
335.0,0.07025,0.943375,0.000322071137
335.0,0.070375,0.94325,0.000322071137
335.0,0.070125,0.94325,0.000322071137
335.0,0.06975,0.9435,0.000322071137
336.0,0.08675,0.895375,0.000322084321
336.0,0.086875,0.895625,0.000322084321
336.0,0.086875,0.895875,0.000322084321
336.0,0.086875,0.895875,0.000322084321
336.0,0.086625,0.89575,0.000322084321
336.0,0.0865,0.89575,0.000322084321
336.0,0.08625,0.895875,0.000322084321
336.0,0.0865,0.896125,0.000322084321
336.0,0.0865,0.896125,0.000322084321
336.0,0.086625,0.896125,0.000322084321
336.0,0.08675,0.896,0.000322084321
336.0,0.08675,0.89575,0.000322084321
336.0,0.086875,0.895625,0.000322084321
336.0,0.0865,0.89575,0.000322084321
336.0,0.08625,0.89575,0.000322084321
336.0,0.086375,0.8955,0.000322084321
336.0,0.0865,0.895375,0.000322084321
336.0,0.086375,0.8955,0.000322084321
336.0,0.086375,0.895625,0.000322084321
336.0,0.086375,0.895875,0.000322084321
336.0,0.086375,0.895875,0.000322084321
336.0,0.08625,0.896,0.000322084321
336.0,0.086375,0.89575,0.000322084321
336.0,0.086625,0.89575,0.000322084321
336.0,0.086625,0.896,0.000322084321
336.0,0.08675,0.896,0.000322084321
336.0,0.086875,0.896,0.000322084321
336.0,0.08675,0.895875,0.000322084321
336.0,0.0865,0.89575,0.000322084321
336.0,0.0865,0.895625,0.000322084321
336.0,0.086375,0.89575,0.000322084321
336.0,0.0865,0.895625,0.000322084321
336.0,0.086375,0.895375,0.000322084321
336.0,0.0865,0.895375,0.000322084321
336.0,0.086625,0.8955,0.000322084321
336.0,0.0865,0.895625,0.000322084321
336.0,0.08675,0.89575,0.000322084321
336.0,0.0865,0.895875,0.000322084321
336.0,0.0865,0.896,0.000322084321
336.0,0.0865,0.896,0.000322084321
336.0,0.086625,0.896125,0.000322084321
336.0,0.086625,0.896125,0.000322084321
336.0,0.086625,0.89625,0.000322084321
336.0,0.0865,0.89625,0.000322084321
336.0,0.08675,0.895875,0.000322084321
336.0,0.086875,0.895625,0.000322084321
336.0,0.086875,0.8955,0.000322084321
336.0,0.08675,0.8955,0.000322084321
336.0,0.087,0.8955,0.000322084321
336.0,0.086875,0.89525,0.000322084321
336.0,0.086625,0.895625,0.000322084321
336.0,0.0865,0.895625,0.000322084321
336.0,0.086125,0.895625,0.000322084321
336.0,0.0865,0.895625,0.000322084321
336.0,0.0865,0.89575,0.000322084321
336.0,0.0865,0.89575,0.000322084321
336.0,0.086625,0.895625,0.000322084321
336.0,0.086625,0.895625,0.000322084321
336.0,0.086875,0.896,0.000322084321
336.0,0.086875,0.896125,0.000322084321
336.0,0.087,0.896125,0.000322084321
336.0,0.0865,0.8955,0.000322084321
336.0,0.0865,0.8955,0.000322084321
336.0,0.086625,0.895625,0.000322084321
336.0,0.086625,0.8955,0.000322084321
336.0,0.08675,0.8955,0.000322084321
336.0,0.087125,0.8955,0.000322084321
336.0,0.087,0.895625,0.000322084321
336.0,0.086625,0.895625,0.000322084321
336.0,0.086625,0.89575,0.000322084321
336.0,0.08675,0.895625,0.000322084321
336.0,0.086375,0.895875,0.000322084321
336.0,0.086125,0.89575,0.000322084321
336.0,0.086125,0.89575,0.000322084321
336.0,0.0865,0.896125,0.000322084321
336.0,0.086375,0.896125,0.000322084321
336.0,0.0865,0.896125,0.000322084321
336.0,0.086375,0.895875,0.000322084321
336.0,0.086625,0.895625,0.000322084321
336.0,0.087,0.89575,0.000322084321
336.0,0.08675,0.895625,0.000322084321
336.0,0.08675,0.895625,0.000322084321
336.0,0.087,0.895625,0.000322084321
336.0,0.086875,0.895125,0.000322084321
336.0,0.086625,0.89525,0.000322084321
336.0,0.0865,0.895875,0.000322084321
336.0,0.08625,0.89575,0.000322084321
336.0,0.0865,0.895875,0.000322084321
336.0,0.08625,0.895625,0.000322084321
336.0,0.08625,0.895625,0.000322084321
336.0,0.086375,0.89575,0.000322084321
336.0,0.086375,0.896,0.000322084321
336.0,0.086875,0.89625,0.000322084321
336.0,0.087125,0.896125,0.000322084321
336.0,0.08675,0.89575,0.000322084321
336.0,0.087,0.8955,0.000322084321
336.0,0.08675,0.8955,0.000322084321
336.0,0.086125,0.895625,0.000322084321
336.0,0.0865,0.8955,0.000322084321
336.0,0.087,0.89525,0.000322084321
336.0,0.087,0.895375,0.000322084321
336.0,0.08675,0.8955,0.000322084321
336.0,0.08675,0.895875,0.000322084321
336.0,0.086625,0.895875,0.000322084321
336.0,0.086375,0.896,0.000322084321
336.0,0.086375,0.896,0.000322084321
336.0,0.08625,0.895875,0.000322084321
336.0,0.086125,0.89575,0.000322084321
336.0,0.0865,0.895875,0.000322084321
336.0,0.086625,0.896,0.000322084321
336.0,0.08675,0.895875,0.000322084321
336.0,0.086625,0.89575,0.000322084321
336.0,0.087,0.8955,0.000322084321
336.0,0.086875,0.895625,0.000322084321
336.0,0.086625,0.895625,0.000322084321
336.0,0.086625,0.8955,0.000322084321
336.0,0.08675,0.8955,0.000322084321
336.0,0.086875,0.8955,0.000322084321
336.0,0.087125,0.895625,0.000322084321
336.0,0.086875,0.89575,0.000322084321
336.0,0.086625,0.89575,0.000322084321
336.0,0.086625,0.896,0.000322084321
336.0,0.086625,0.896,0.000322084321
336.0,0.086875,0.895875,0.000322084321
336.0,0.086875,0.895875,0.000322084321
336.0,0.086875,0.89625,0.000322084321
336.0,0.086875,0.896375,0.000322084321
336.0,0.08675,0.89575,0.000322084321
336.0,0.086625,0.89525,0.000322084321
336.0,0.086875,0.895375,0.000322084321
336.0,0.08675,0.8955,0.000322084321
336.0,0.086625,0.8955,0.000322084321
336.0,0.086875,0.895375,0.000322084321
336.0,0.086875,0.895375,0.000322084321
336.0,0.087,0.895375,0.000322084321
336.0,0.08675,0.895625,0.000322084321
336.0,0.086625,0.89575,0.000322084321
336.0,0.086375,0.895625,0.000322084321
336.0,0.086375,0.895625,0.000322084321
336.0,0.086625,0.895625,0.000322084321
336.0,0.086625,0.89575,0.000322084321
336.0,0.086625,0.896,0.000322084321
336.0,0.086625,0.896375,0.000322084321
336.0,0.08675,0.89625,0.000322084321
336.0,0.087125,0.896,0.000322084321
336.0,0.087,0.89575,0.000322084321
336.0,0.087,0.895375,0.000322084321
336.0,0.0865,0.895625,0.000322084321
336.0,0.086625,0.8955,0.000322084321
336.0,0.086625,0.895375,0.000322084321
336.0,0.086375,0.895375,0.000322084321
336.0,0.086625,0.895625,0.000322084321
336.0,0.08625,0.89575,0.000322084321
336.0,0.086125,0.895625,0.000322084321
336.0,0.086125,0.895625,0.000322084321
336.0,0.0865,0.89575,0.000322084321
336.0,0.086625,0.895875,0.000322084321
336.0,0.0865,0.896,0.000322084321
336.0,0.086625,0.89625,0.000322084321
336.0,0.08675,0.896125,0.000322084321
336.0,0.0865,0.896125,0.000322084321
336.0,0.086875,0.895875,0.000322084321
336.0,0.087125,0.89575,0.000322084321
336.0,0.086875,0.895625,0.000322084321
336.0,0.08675,0.89575,0.000322084321
336.0,0.0865,0.89575,0.000322084321
336.0,0.08625,0.895375,0.000322084321
336.0,0.086625,0.895625,0.000322084321
336.0,0.086625,0.89575,0.000322084321
337.0,0.10525,0.84825,0.000321900559
337.0,0.10525,0.84825,0.000321900559
337.0,0.10525,0.84825,0.000321900559
337.0,0.10525,0.848125,0.000321900559
337.0,0.105625,0.848125,0.000321900559
337.0,0.105875,0.84825,0.000321900559
337.0,0.105375,0.84825,0.000321900559
337.0,0.105375,0.848375,0.000321900559
337.0,0.105375,0.848375,0.000321900559
337.0,0.105375,0.848625,0.000321900559
337.0,0.105375,0.84875,0.000321900559
337.0,0.10525,0.84875,0.000321900559
337.0,0.1055,0.84875,0.000321900559
337.0,0.1055,0.848625,0.000321900559
337.0,0.105125,0.8485,0.000321900559
337.0,0.10525,0.84825,0.000321900559
337.0,0.10525,0.848125,0.000321900559
337.0,0.105,0.848125,0.000321900559
337.0,0.1055,0.84825,0.000321900559
337.0,0.105625,0.848375,0.000321900559
337.0,0.10575,0.848,0.000321900559
337.0,0.106,0.848125,0.000321900559
337.0,0.105625,0.848125,0.000321900559
337.0,0.105125,0.848375,0.000321900559
337.0,0.105125,0.848375,0.000321900559
337.0,0.105125,0.848375,0.000321900559
337.0,0.10525,0.848625,0.000321900559
337.0,0.10525,0.8485,0.000321900559
337.0,0.105375,0.84875,0.000321900559
337.0,0.105625,0.849,0.000321900559
337.0,0.10575,0.849,0.000321900559
337.0,0.105875,0.8485,0.000321900559
337.0,0.10575,0.848375,0.000321900559
337.0,0.105625,0.84825,0.000321900559
337.0,0.105375,0.848125,0.000321900559
337.0,0.10575,0.848375,0.000321900559
337.0,0.1055,0.848125,0.000321900559
337.0,0.105125,0.848125,0.000321900559
337.0,0.105,0.8485,0.000321900559
337.0,0.105,0.848375,0.000321900559
337.0,0.105,0.8485,0.000321900559
337.0,0.104875,0.8485,0.000321900559
337.0,0.10525,0.84875,0.000321900559
337.0,0.1055,0.848625,0.000321900559
337.0,0.1055,0.848625,0.000321900559
337.0,0.105625,0.848875,0.000321900559
337.0,0.105625,0.84875,0.000321900559
337.0,0.106,0.84875,0.000321900559
337.0,0.105875,0.8485,0.000321900559
337.0,0.1055,0.84825,0.000321900559
337.0,0.105375,0.848125,0.000321900559
337.0,0.10575,0.84825,0.000321900559
337.0,0.1055,0.84825,0.000321900559
337.0,0.105625,0.848125,0.000321900559
337.0,0.105625,0.84825,0.000321900559
337.0,0.105625,0.84825,0.000321900559
337.0,0.105625,0.84825,0.000321900559
337.0,0.105625,0.84825,0.000321900559
337.0,0.10525,0.848375,0.000321900559
337.0,0.105375,0.8485,0.000321900559
337.0,0.105375,0.848625,0.000321900559
337.0,0.1055,0.848625,0.000321900559
337.0,0.105625,0.848875,0.000321900559
337.0,0.10575,0.848875,0.000321900559
337.0,0.1055,0.84875,0.000321900559
337.0,0.105375,0.8485,0.000321900559
337.0,0.1055,0.84825,0.000321900559
337.0,0.1055,0.84825,0.000321900559
337.0,0.105375,0.8485,0.000321900559
337.0,0.105375,0.84825,0.000321900559
337.0,0.105375,0.847875,0.000321900559
337.0,0.105625,0.848125,0.000321900559
337.0,0.105625,0.848625,0.000321900559
337.0,0.105625,0.848625,0.000321900559
337.0,0.105125,0.848625,0.000321900559
337.0,0.105125,0.848625,0.000321900559
337.0,0.1055,0.848625,0.000321900559
337.0,0.1055,0.84875,0.000321900559
337.0,0.10525,0.84875,0.000321900559
337.0,0.105125,0.849,0.000321900559
337.0,0.10525,0.848875,0.000321900559
337.0,0.105,0.848875,0.000321900559
337.0,0.1055,0.8485,0.000321900559
337.0,0.105625,0.84825,0.000321900559
337.0,0.105375,0.84825,0.000321900559
337.0,0.1055,0.84825,0.000321900559
337.0,0.10575,0.84825,0.000321900559
337.0,0.10575,0.848125,0.000321900559
337.0,0.105625,0.84825,0.000321900559
337.0,0.105625,0.84825,0.000321900559
337.0,0.105375,0.8485,0.000321900559
337.0,0.104875,0.848375,0.000321900559
337.0,0.105,0.8485,0.000321900559
337.0,0.105375,0.848875,0.000321900559
337.0,0.10525,0.84875,0.000321900559
337.0,0.1055,0.849,0.000321900559
337.0,0.105,0.848875,0.000321900559
337.0,0.10525,0.84875,0.000321900559
337.0,0.105625,0.8485,0.000321900559
337.0,0.105625,0.84825,0.000321900559
337.0,0.1055,0.848375,0.000321900559
337.0,0.1055,0.84825,0.000321900559
337.0,0.105625,0.8485,0.000321900559
337.0,0.1055,0.84825,0.000321900559
337.0,0.105625,0.84825,0.000321900559
337.0,0.105625,0.84825,0.000321900559
337.0,0.105375,0.8485,0.000321900559
337.0,0.1055,0.848375,0.000321900559
337.0,0.105375,0.848375,0.000321900559
337.0,0.1055,0.848625,0.000321900559
337.0,0.1055,0.8485,0.000321900559
337.0,0.105375,0.8485,0.000321900559
337.0,0.1055,0.848625,0.000321900559
337.0,0.105875,0.848875,0.000321900559
337.0,0.105875,0.8485,0.000321900559
337.0,0.10575,0.848375,0.000321900559
337.0,0.105375,0.84825,0.000321900559
337.0,0.105,0.848375,0.000321900559
337.0,0.105,0.84825,0.000321900559
337.0,0.105125,0.848125,0.000321900559
337.0,0.105875,0.848125,0.000321900559
337.0,0.105875,0.848125,0.000321900559
337.0,0.106,0.84825,0.000321900559
337.0,0.10575,0.8485,0.000321900559
337.0,0.1055,0.848625,0.000321900559
337.0,0.10525,0.848375,0.000321900559
337.0,0.10525,0.8485,0.000321900559
337.0,0.1055,0.848375,0.000321900559
337.0,0.1055,0.84875,0.000321900559
337.0,0.10525,0.848875,0.000321900559
337.0,0.105125,0.848875,0.000321900559
337.0,0.105125,0.8485,0.000321900559
337.0,0.10525,0.84825,0.000321900559
337.0,0.1055,0.84825,0.000321900559
337.0,0.105125,0.84825,0.000321900559
337.0,0.10525,0.84825,0.000321900559
337.0,0.10525,0.848125,0.000321900559
337.0,0.10525,0.848125,0.000321900559
337.0,0.105625,0.848125,0.000321900559
337.0,0.105375,0.848375,0.000321900559
337.0,0.105375,0.8485,0.000321900559
337.0,0.105625,0.84875,0.000321900559
337.0,0.10525,0.84875,0.000321900559
337.0,0.105125,0.848625,0.000321900559
337.0,0.105125,0.8485,0.000321900559
337.0,0.105375,0.84875,0.000321900559
337.0,0.1055,0.84875,0.000321900559
337.0,0.105875,0.848625,0.000321900559
337.0,0.1055,0.84875,0.000321900559
337.0,0.10525,0.84825,0.000321900559
337.0,0.105375,0.84825,0.000321900559
337.0,0.1055,0.848375,0.000321900559
337.0,0.10575,0.84825,0.000321900559
337.0,0.1055,0.848125,0.000321900559
337.0,0.1055,0.848125,0.000321900559
337.0,0.105625,0.848375,0.000321900559
337.0,0.105625,0.8485,0.000321900559
337.0,0.1055,0.8485,0.000321900559
337.0,0.1055,0.848625,0.000321900559
337.0,0.105625,0.84875,0.000321900559
337.0,0.105375,0.848625,0.000321900559
337.0,0.105125,0.848625,0.000321900559
337.0,0.10525,0.849,0.000321900559
337.0,0.10525,0.849,0.000321900559
337.0,0.1055,0.848625,0.000321900559
337.0,0.10575,0.848375,0.000321900559
337.0,0.105625,0.8485,0.000321900559
337.0,0.105375,0.8485,0.000321900559
337.0,0.10525,0.84825,0.000321900559
338.0,0.126,0.801875,0.000321898377
338.0,0.125625,0.802,0.000321898377
338.0,0.12575,0.80175,0.000321898377
338.0,0.125875,0.802125,0.000321898377
338.0,0.12575,0.801875,0.000321898377
338.0,0.125875,0.802,0.000321898377
338.0,0.125875,0.80225,0.000321898377
338.0,0.125875,0.802125,0.000321898377
338.0,0.125875,0.802125,0.000321898377
338.0,0.125875,0.80225,0.000321898377
338.0,0.125875,0.802125,0.000321898377
338.0,0.125625,0.802375,0.000321898377
338.0,0.125875,0.802375,0.000321898377
338.0,0.125875,0.802625,0.000321898377
338.0,0.126125,0.802625,0.000321898377
338.0,0.126125,0.8025,0.000321898377
338.0,0.125875,0.802,0.000321898377
338.0,0.126,0.802,0.000321898377
338.0,0.125625,0.802,0.000321898377
338.0,0.1255,0.802125,0.000321898377
338.0,0.12575,0.801875,0.000321898377
338.0,0.1255,0.80175,0.000321898377
338.0,0.125625,0.802,0.000321898377
338.0,0.1255,0.80225,0.000321898377
338.0,0.1255,0.80225,0.000321898377
338.0,0.12575,0.80225,0.000321898377
338.0,0.125625,0.802375,0.000321898377
338.0,0.125875,0.8025,0.000321898377
338.0,0.125875,0.802375,0.000321898377
338.0,0.12575,0.8025,0.000321898377
338.0,0.125875,0.802625,0.000321898377
338.0,0.126125,0.802625,0.000321898377
338.0,0.12625,0.80225,0.000321898377
338.0,0.126125,0.802125,0.000321898377
338.0,0.125875,0.802,0.000321898377
338.0,0.12575,0.801875,0.000321898377
338.0,0.1255,0.801875,0.000321898377
338.0,0.125875,0.801875,0.000321898377
338.0,0.126,0.802,0.000321898377
338.0,0.126,0.80225,0.000321898377
338.0,0.125875,0.80225,0.000321898377
338.0,0.125875,0.80225,0.000321898377
338.0,0.125625,0.802375,0.000321898377
338.0,0.126,0.802375,0.000321898377
338.0,0.125875,0.80225,0.000321898377
338.0,0.125625,0.802375,0.000321898377
338.0,0.125875,0.80275,0.000321898377
338.0,0.126,0.8025,0.000321898377
338.0,0.126125,0.80225,0.000321898377
338.0,0.126,0.802,0.000321898377
338.0,0.126,0.802,0.000321898377
338.0,0.125875,0.802,0.000321898377
338.0,0.12575,0.802,0.000321898377
338.0,0.12625,0.801875,0.000321898377
338.0,0.126375,0.801875,0.000321898377
338.0,0.126,0.80225,0.000321898377
338.0,0.125625,0.802125,0.000321898377
338.0,0.125625,0.802125,0.000321898377
338.0,0.12575,0.80225,0.000321898377
338.0,0.12575,0.80225,0.000321898377
338.0,0.12575,0.80225,0.000321898377
338.0,0.125875,0.80225,0.000321898377
338.0,0.126,0.80275,0.000321898377
338.0,0.126375,0.80275,0.000321898377
338.0,0.126125,0.8025,0.000321898377
338.0,0.12575,0.801875,0.000321898377
338.0,0.12575,0.802,0.000321898377
338.0,0.125625,0.802,0.000321898377
338.0,0.1255,0.802125,0.000321898377
338.0,0.12575,0.802,0.000321898377
338.0,0.126125,0.801875,0.000321898377
338.0,0.12625,0.80175,0.000321898377
338.0,0.12625,0.802,0.000321898377
338.0,0.12625,0.802,0.000321898377
338.0,0.12575,0.80225,0.000321898377
338.0,0.125875,0.80225,0.000321898377
338.0,0.12575,0.80225,0.000321898377
338.0,0.125875,0.80225,0.000321898377
338.0,0.125875,0.802375,0.000321898377
338.0,0.125625,0.8025,0.000321898377
338.0,0.125875,0.80275,0.000321898377
338.0,0.126,0.8025,0.000321898377
338.0,0.12575,0.802125,0.000321898377
338.0,0.12575,0.802,0.000321898377
338.0,0.125375,0.802,0.000321898377
338.0,0.125625,0.802,0.000321898377
338.0,0.1255,0.802125,0.000321898377
338.0,0.126125,0.80175,0.000321898377
338.0,0.12625,0.801875,0.000321898377
338.0,0.12625,0.801875,0.000321898377
338.0,0.12575,0.80225,0.000321898377
338.0,0.12575,0.802125,0.000321898377
338.0,0.1255,0.80225,0.000321898377
338.0,0.125625,0.80225,0.000321898377
338.0,0.125625,0.802125,0.000321898377
338.0,0.12575,0.802125,0.000321898377
338.0,0.125625,0.80225,0.000321898377
338.0,0.126,0.802375,0.000321898377
338.0,0.126,0.80225,0.000321898377
338.0,0.126125,0.80225,0.000321898377
338.0,0.126,0.802,0.000321898377
338.0,0.12575,0.802,0.000321898377
338.0,0.125625,0.802125,0.000321898377
338.0,0.12575,0.802,0.000321898377
338.0,0.125875,0.801875,0.000321898377
338.0,0.125875,0.801875,0.000321898377
338.0,0.126,0.802125,0.000321898377
338.0,0.125875,0.802125,0.000321898377
338.0,0.1255,0.802,0.000321898377
338.0,0.125375,0.802125,0.000321898377
338.0,0.125375,0.8025,0.000321898377
338.0,0.125375,0.80225,0.000321898377
338.0,0.12575,0.802375,0.000321898377
338.0,0.125875,0.802625,0.000321898377
338.0,0.125875,0.8025,0.000321898377
338.0,0.12575,0.802125,0.000321898377
338.0,0.12575,0.801875,0.000321898377
338.0,0.12575,0.802,0.000321898377
338.0,0.125375,0.801875,0.000321898377
338.0,0.125625,0.802,0.000321898377
338.0,0.125875,0.801875,0.000321898377
338.0,0.125875,0.801875,0.000321898377
338.0,0.125875,0.80175,0.000321898377
338.0,0.126,0.80225,0.000321898377
338.0,0.12575,0.802375,0.000321898377
338.0,0.125625,0.802125,0.000321898377
338.0,0.1255,0.80225,0.000321898377
338.0,0.12575,0.80225,0.000321898377
338.0,0.125375,0.802125,0.000321898377
338.0,0.125875,0.8025,0.000321898377
338.0,0.125875,0.802625,0.000321898377
338.0,0.1255,0.80225,0.000321898377
338.0,0.125875,0.802125,0.000321898377
338.0,0.125875,0.802,0.000321898377
338.0,0.125625,0.801875,0.000321898377
338.0,0.12525,0.802,0.000321898377
338.0,0.125625,0.802125,0.000321898377
338.0,0.125875,0.801875,0.000321898377
338.0,0.125875,0.801875,0.000321898377
338.0,0.126125,0.80175,0.000321898377
338.0,0.12625,0.802125,0.000321898377
338.0,0.126,0.80225,0.000321898377
338.0,0.125625,0.80225,0.000321898377
338.0,0.125875,0.802375,0.000321898377
338.0,0.125875,0.802375,0.000321898377
338.0,0.126125,0.80225,0.000321898377
338.0,0.126,0.8025,0.000321898377
338.0,0.125875,0.802625,0.000321898377
338.0,0.125625,0.802375,0.000321898377
338.0,0.126125,0.802125,0.000321898377
338.0,0.126125,0.802125,0.000321898377
338.0,0.12575,0.802125,0.000321898377
338.0,0.12575,0.802125,0.000321898377
338.0,0.126,0.801875,0.000321898377
338.0,0.126,0.801875,0.000321898377
338.0,0.126125,0.801625,0.000321898377
338.0,0.12625,0.80175,0.000321898377
338.0,0.12625,0.80225,0.000321898377
338.0,0.125625,0.802125,0.000321898377
338.0,0.125375,0.80225,0.000321898377
338.0,0.12575,0.80225,0.000321898377
338.0,0.126,0.80225,0.000321898377
338.0,0.125875,0.802375,0.000321898377
338.0,0.126125,0.8025,0.000321898377
338.0,0.12625,0.802625,0.000321898377
338.0,0.126375,0.802375,0.000321898377
338.0,0.126125,0.80175,0.000321898377
338.0,0.125875,0.802,0.000321898377
338.0,0.125875,0.802,0.000321898377
339.0,0.1485,0.757,0.000321801985
339.0,0.148375,0.75675,0.000321801985
339.0,0.148375,0.75625,0.000321801985
339.0,0.148125,0.75625,0.000321801985
339.0,0.14825,0.756375,0.000321801985
339.0,0.14875,0.756375,0.000321801985
339.0,0.1485,0.756125,0.000321801985
339.0,0.14825,0.756125,0.000321801985
339.0,0.14825,0.756125,0.000321801985
339.0,0.148125,0.75625,0.000321801985
339.0,0.148,0.7565,0.000321801985
339.0,0.147875,0.7565,0.000321801985
339.0,0.148,0.7565,0.000321801985
339.0,0.148125,0.756625,0.000321801985
339.0,0.148625,0.756875,0.000321801985
339.0,0.1485,0.756875,0.000321801985
339.0,0.148375,0.75675,0.000321801985
339.0,0.14825,0.756625,0.000321801985
339.0,0.148375,0.756375,0.000321801985
339.0,0.1485,0.7565,0.000321801985
339.0,0.1485,0.756375,0.000321801985
339.0,0.1485,0.75625,0.000321801985
339.0,0.148625,0.75625,0.000321801985
339.0,0.14875,0.756125,0.000321801985
339.0,0.14875,0.756125,0.000321801985
339.0,0.14875,0.756125,0.000321801985
339.0,0.148375,0.75625,0.000321801985
339.0,0.14825,0.756375,0.000321801985
339.0,0.148375,0.756625,0.000321801985
339.0,0.14825,0.75675,0.000321801985
339.0,0.148,0.75675,0.000321801985
339.0,0.148125,0.75675,0.000321801985
339.0,0.1485,0.757,0.000321801985
339.0,0.148625,0.756875,0.000321801985
339.0,0.14875,0.75675,0.000321801985
339.0,0.148625,0.7565,0.000321801985
339.0,0.1485,0.756375,0.000321801985
339.0,0.14825,0.756375,0.000321801985
339.0,0.1485,0.7565,0.000321801985
339.0,0.148625,0.756375,0.000321801985
339.0,0.14875,0.75625,0.000321801985
339.0,0.14875,0.75625,0.000321801985
339.0,0.14875,0.75625,0.000321801985
339.0,0.148375,0.756625,0.000321801985
339.0,0.148375,0.756625,0.000321801985
339.0,0.148375,0.756875,0.000321801985
339.0,0.14875,0.75675,0.000321801985
339.0,0.1485,0.756625,0.000321801985
339.0,0.148375,0.75675,0.000321801985
339.0,0.1485,0.756875,0.000321801985
339.0,0.148125,0.756875,0.000321801985
339.0,0.14825,0.75675,0.000321801985
339.0,0.14825,0.756375,0.000321801985
339.0,0.148125,0.75625,0.000321801985
339.0,0.14825,0.75625,0.000321801985
339.0,0.148375,0.756375,0.000321801985
339.0,0.148625,0.756125,0.000321801985
339.0,0.148625,0.756125,0.000321801985
339.0,0.148625,0.756,0.000321801985
339.0,0.148375,0.756375,0.000321801985
339.0,0.14825,0.756375,0.000321801985
339.0,0.1485,0.75625,0.000321801985
339.0,0.148125,0.7565,0.000321801985
339.0,0.148625,0.756625,0.000321801985
339.0,0.14875,0.7565,0.000321801985
339.0,0.148625,0.75675,0.000321801985
339.0,0.148375,0.756875,0.000321801985
339.0,0.148875,0.75675,0.000321801985
339.0,0.148875,0.75625,0.000321801985
339.0,0.148625,0.756375,0.000321801985
339.0,0.1485,0.756625,0.000321801985
339.0,0.148375,0.756375,0.000321801985
339.0,0.148625,0.756375,0.000321801985
339.0,0.148625,0.756375,0.000321801985
339.0,0.1485,0.756125,0.000321801985
339.0,0.148375,0.756125,0.000321801985
339.0,0.14825,0.756625,0.000321801985
339.0,0.148,0.756375,0.000321801985
339.0,0.148375,0.756375,0.000321801985
339.0,0.1485,0.7565,0.000321801985
339.0,0.148375,0.7565,0.000321801985
339.0,0.148375,0.756625,0.000321801985
339.0,0.14825,0.756875,0.000321801985
339.0,0.14825,0.75675,0.000321801985
339.0,0.1485,0.75675,0.000321801985
339.0,0.148625,0.756375,0.000321801985
339.0,0.14875,0.75625,0.000321801985
339.0,0.148625,0.756125,0.000321801985
339.0,0.148375,0.75625,0.000321801985
339.0,0.148375,0.75625,0.000321801985
339.0,0.1485,0.756375,0.000321801985
339.0,0.14825,0.75625,0.000321801985
339.0,0.14825,0.75625,0.000321801985
339.0,0.14825,0.75625,0.000321801985
339.0,0.14825,0.756375,0.000321801985
339.0,0.14825,0.7565,0.000321801985
339.0,0.14875,0.756625,0.000321801985
339.0,0.148375,0.7565,0.000321801985
339.0,0.14825,0.756625,0.000321801985
339.0,0.1485,0.75675,0.000321801985
339.0,0.148375,0.756625,0.000321801985
339.0,0.14825,0.7565,0.000321801985
339.0,0.14825,0.7565,0.000321801985
339.0,0.14825,0.756375,0.000321801985
339.0,0.148375,0.75625,0.000321801985
339.0,0.148375,0.75625,0.000321801985
339.0,0.148375,0.756125,0.000321801985
339.0,0.148625,0.756,0.000321801985
339.0,0.148625,0.756125,0.000321801985
339.0,0.148625,0.756375,0.000321801985
339.0,0.148375,0.7565,0.000321801985
339.0,0.14825,0.756625,0.000321801985
339.0,0.14825,0.7565,0.000321801985
339.0,0.148375,0.756625,0.000321801985
339.0,0.147875,0.756625,0.000321801985
339.0,0.14825,0.75675,0.000321801985
339.0,0.148625,0.756875,0.000321801985
339.0,0.148625,0.75675,0.000321801985
339.0,0.14875,0.756375,0.000321801985
339.0,0.14875,0.756125,0.000321801985
339.0,0.148625,0.75625,0.000321801985
339.0,0.148625,0.756125,0.000321801985
339.0,0.148625,0.756125,0.000321801985
339.0,0.14875,0.75625,0.000321801985
339.0,0.148625,0.75625,0.000321801985
339.0,0.148375,0.756125,0.000321801985
339.0,0.148375,0.756625,0.000321801985
339.0,0.148375,0.7565,0.000321801985
339.0,0.148,0.756625,0.000321801985
339.0,0.147875,0.756625,0.000321801985
339.0,0.14825,0.756625,0.000321801985
339.0,0.14775,0.7565,0.000321801985
339.0,0.148375,0.75675,0.000321801985
339.0,0.14875,0.757,0.000321801985
339.0,0.14875,0.756875,0.000321801985
339.0,0.148375,0.7565,0.000321801985
339.0,0.148375,0.756375,0.000321801985
339.0,0.14825,0.75625,0.000321801985
339.0,0.14825,0.75625,0.000321801985
339.0,0.148125,0.75625,0.000321801985
339.0,0.148875,0.75625,0.000321801985
339.0,0.14875,0.756125,0.000321801985
339.0,0.1485,0.7565,0.000321801985
339.0,0.148625,0.7565,0.000321801985
339.0,0.148625,0.7565,0.000321801985
339.0,0.1485,0.7565,0.000321801985
339.0,0.1485,0.75675,0.000321801985
339.0,0.148625,0.756625,0.000321801985
339.0,0.148375,0.75675,0.000321801985
339.0,0.148875,0.756875,0.000321801985
339.0,0.14875,0.757,0.000321801985
339.0,0.14875,0.756875,0.000321801985
339.0,0.1485,0.7565,0.000321801985
339.0,0.14825,0.756375,0.000321801985
339.0,0.14825,0.756375,0.000321801985
339.0,0.148125,0.75625,0.000321801985
339.0,0.148375,0.75625,0.000321801985
339.0,0.148375,0.756125,0.000321801985
339.0,0.1485,0.75625,0.000321801985
339.0,0.14825,0.756375,0.000321801985
339.0,0.14825,0.75675,0.000321801985
339.0,0.148625,0.756625,0.000321801985
339.0,0.148375,0.756625,0.000321801985
339.0,0.148375,0.756625,0.000321801985
339.0,0.14825,0.75675,0.000321801985
339.0,0.1485,0.756875,0.000321801985
339.0,0.148625,0.75675,0.000321801985
339.0,0.14875,0.756625,0.000321801985
339.0,0.1485,0.7565,0.000321801985
340.0,0.17225,0.7125,0.000321998232
340.0,0.172375,0.71225,0.000321998232
340.0,0.172125,0.712375,0.000321998232
340.0,0.172375,0.712625,0.000321998232
340.0,0.17225,0.71275,0.000321998232
340.0,0.172,0.712625,0.000321998232
340.0,0.172125,0.712875,0.000321998232
340.0,0.172125,0.712875,0.000321998232
340.0,0.172125,0.712875,0.000321998232
340.0,0.17175,0.71275,0.000321998232
340.0,0.172,0.71275,0.000321998232
340.0,0.17225,0.713,0.000321998232
340.0,0.172375,0.71275,0.000321998232
340.0,0.172625,0.7125,0.000321998232
340.0,0.1725,0.7125,0.000321998232
340.0,0.17225,0.7125,0.000321998232
340.0,0.171875,0.712625,0.000321998232
340.0,0.17225,0.7125,0.000321998232
340.0,0.172625,0.712375,0.000321998232
340.0,0.1725,0.712375,0.000321998232
340.0,0.1725,0.71275,0.000321998232
340.0,0.172,0.712375,0.000321998232
340.0,0.172125,0.71275,0.000321998232
340.0,0.172125,0.712875,0.000321998232
340.0,0.172125,0.71275,0.000321998232
340.0,0.17225,0.71275,0.000321998232
340.0,0.17225,0.712875,0.000321998232
340.0,0.172125,0.713,0.000321998232
340.0,0.172375,0.713,0.000321998232
340.0,0.17225,0.712875,0.000321998232
340.0,0.172125,0.71275,0.000321998232
340.0,0.17225,0.7125,0.000321998232
340.0,0.17175,0.712375,0.000321998232
340.0,0.171875,0.712375,0.000321998232
340.0,0.172125,0.712375,0.000321998232
340.0,0.172375,0.71225,0.000321998232
340.0,0.17225,0.712375,0.000321998232
340.0,0.172375,0.712625,0.000321998232
340.0,0.172,0.7125,0.000321998232
340.0,0.172,0.712625,0.000321998232
340.0,0.171875,0.712875,0.000321998232
340.0,0.171875,0.712875,0.000321998232
340.0,0.171875,0.71275,0.000321998232
340.0,0.17175,0.712875,0.000321998232
340.0,0.172,0.713,0.000321998232
340.0,0.172375,0.712875,0.000321998232
340.0,0.172125,0.712375,0.000321998232
340.0,0.172125,0.712125,0.000321998232
340.0,0.172125,0.712375,0.000321998232
340.0,0.172,0.712375,0.000321998232
340.0,0.172,0.712375,0.000321998232
340.0,0.172,0.71225,0.000321998232
340.0,0.17175,0.712125,0.000321998232
340.0,0.171875,0.7125,0.000321998232
340.0,0.172125,0.71275,0.000321998232
340.0,0.172125,0.71275,0.000321998232
340.0,0.171875,0.71275,0.000321998232
340.0,0.171875,0.71275,0.000321998232
340.0,0.17175,0.71275,0.000321998232
340.0,0.172,0.7125,0.000321998232
340.0,0.172375,0.712625,0.000321998232
340.0,0.1725,0.712875,0.000321998232
340.0,0.1725,0.713,0.000321998232
340.0,0.1725,0.712625,0.000321998232
340.0,0.1725,0.7125,0.000321998232
340.0,0.172375,0.712375,0.000321998232
340.0,0.172,0.712375,0.000321998232
340.0,0.17225,0.712375,0.000321998232
340.0,0.172125,0.712375,0.000321998232
340.0,0.172125,0.712125,0.000321998232
340.0,0.171875,0.7125,0.000321998232
340.0,0.172,0.712625,0.000321998232
340.0,0.17225,0.712625,0.000321998232
340.0,0.17225,0.712625,0.000321998232
340.0,0.172375,0.712875,0.000321998232
340.0,0.172125,0.71275,0.000321998232
340.0,0.17225,0.71275,0.000321998232
340.0,0.1725,0.71275,0.000321998232
340.0,0.172625,0.712875,0.000321998232
340.0,0.172625,0.712625,0.000321998232
340.0,0.172625,0.712625,0.000321998232
340.0,0.1725,0.7125,0.000321998232
340.0,0.172375,0.7125,0.000321998232
340.0,0.172125,0.712375,0.000321998232
340.0,0.172375,0.712375,0.000321998232
340.0,0.1725,0.71225,0.000321998232
340.0,0.17225,0.71225,0.000321998232
340.0,0.172375,0.7125,0.000321998232
340.0,0.172,0.712625,0.000321998232
340.0,0.172,0.712625,0.000321998232
340.0,0.17175,0.7125,0.000321998232
340.0,0.17175,0.71275,0.000321998232
340.0,0.17175,0.712625,0.000321998232
340.0,0.172125,0.71275,0.000321998232
340.0,0.172125,0.712875,0.000321998232
340.0,0.172,0.71275,0.000321998232
340.0,0.172125,0.712625,0.000321998232
340.0,0.17225,0.71225,0.000321998232
340.0,0.17225,0.712375,0.000321998232
340.0,0.172,0.71225,0.000321998232
340.0,0.172,0.7125,0.000321998232
340.0,0.17175,0.712375,0.000321998232
340.0,0.172125,0.712375,0.000321998232
340.0,0.172375,0.7125,0.000321998232
340.0,0.17225,0.712625,0.000321998232
340.0,0.17225,0.712625,0.000321998232
340.0,0.17225,0.712625,0.000321998232
340.0,0.172125,0.712625,0.000321998232
340.0,0.172,0.712625,0.000321998232
340.0,0.171875,0.71275,0.000321998232
340.0,0.172,0.712875,0.000321998232
340.0,0.17225,0.712875,0.000321998232
340.0,0.172375,0.712875,0.000321998232
340.0,0.17225,0.712625,0.000321998232
340.0,0.172125,0.7125,0.000321998232
340.0,0.172,0.712375,0.000321998232
340.0,0.172,0.712375,0.000321998232
340.0,0.172,0.7125,0.000321998232
340.0,0.172125,0.712375,0.000321998232
340.0,0.172125,0.712375,0.000321998232
340.0,0.17175,0.712625,0.000321998232
340.0,0.171625,0.712625,0.000321998232
340.0,0.171625,0.7125,0.000321998232
340.0,0.172125,0.7125,0.000321998232
340.0,0.172125,0.712625,0.000321998232
340.0,0.172,0.71275,0.000321998232
340.0,0.171625,0.71275,0.000321998232
340.0,0.172,0.713125,0.000321998232
340.0,0.17225,0.713125,0.000321998232
340.0,0.17225,0.712875,0.000321998232
340.0,0.172625,0.712625,0.000321998232
340.0,0.1725,0.71225,0.000321998232
340.0,0.17225,0.71225,0.000321998232
340.0,0.172375,0.7125,0.000321998232
340.0,0.17225,0.712375,0.000321998232
340.0,0.17225,0.71225,0.000321998232
340.0,0.172,0.71225,0.000321998232
340.0,0.171875,0.712375,0.000321998232
340.0,0.171875,0.712375,0.000321998232
340.0,0.17225,0.712625,0.000321998232
340.0,0.172375,0.71275,0.000321998232
340.0,0.172125,0.71275,0.000321998232
340.0,0.17225,0.712625,0.000321998232
340.0,0.17225,0.71275,0.000321998232
340.0,0.171875,0.713,0.000321998232
340.0,0.172,0.712875,0.000321998232
340.0,0.17225,0.71275,0.000321998232
340.0,0.172125,0.712625,0.000321998232
340.0,0.17225,0.712625,0.000321998232
340.0,0.172125,0.712375,0.000321998232
340.0,0.17225,0.7125,0.000321998232
340.0,0.172125,0.712375,0.000321998232
340.0,0.172375,0.7125,0.000321998232
340.0,0.1725,0.712875,0.000321998232
340.0,0.1725,0.712875,0.000321998232
340.0,0.1725,0.712625,0.000321998232
340.0,0.1725,0.712625,0.000321998232
340.0,0.172125,0.71275,0.000321998232
340.0,0.171875,0.712625,0.000321998232
340.0,0.171875,0.712625,0.000321998232
340.0,0.17175,0.713,0.000321998232
340.0,0.17175,0.71325,0.000321998232
340.0,0.17225,0.712875,0.000321998232
340.0,0.1725,0.712625,0.000321998232
340.0,0.1725,0.7125,0.000321998232
340.0,0.172375,0.71225,0.000321998232
340.0,0.172125,0.7125,0.000321998232
340.0,0.17225,0.712375,0.000321998232
340.0,0.172,0.71225,0.000321998232
341.0,0.198625,0.66825,0.000322086911
341.0,0.198625,0.668625,0.000322086911
341.0,0.19825,0.668625,0.000322086911
341.0,0.197875,0.668875,0.000322086911
341.0,0.198375,0.668875,0.000322086911
341.0,0.198375,0.668625,0.000322086911
341.0,0.198125,0.66875,0.000322086911
341.0,0.198,0.669,0.000322086911
341.0,0.198,0.669,0.000322086911
341.0,0.198125,0.669125,0.000322086911
341.0,0.198375,0.66875,0.000322086911
341.0,0.198625,0.668625,0.000322086911
341.0,0.198375,0.668625,0.000322086911
341.0,0.198125,0.6685,0.000322086911
341.0,0.198,0.6685,0.000322086911
341.0,0.198125,0.66825,0.000322086911
341.0,0.198375,0.668375,0.000322086911
341.0,0.198375,0.668625,0.000322086911
341.0,0.198375,0.668625,0.000322086911
341.0,0.198125,0.668625,0.000322086911
341.0,0.19825,0.66875,0.000322086911
341.0,0.1985,0.668875,0.000322086911
341.0,0.198375,0.66875,0.000322086911
341.0,0.19875,0.668875,0.000322086911
341.0,0.198625,0.66925,0.000322086911
341.0,0.198625,0.66925,0.000322086911
341.0,0.198375,0.669,0.000322086911
341.0,0.1985,0.6685,0.000322086911
341.0,0.198375,0.668375,0.000322086911
341.0,0.19825,0.6685,0.000322086911
341.0,0.198375,0.6685,0.000322086911
341.0,0.19825,0.668375,0.000322086911
341.0,0.198625,0.668375,0.000322086911
341.0,0.1985,0.66825,0.000322086911
341.0,0.19825,0.6685,0.000322086911
341.0,0.198,0.6685,0.000322086911
341.0,0.198125,0.66875,0.000322086911
341.0,0.19825,0.668625,0.000322086911
341.0,0.198125,0.668625,0.000322086911
341.0,0.198,0.668625,0.000322086911
341.0,0.198375,0.668875,0.000322086911
341.0,0.198375,0.668875,0.000322086911
341.0,0.198625,0.668875,0.000322086911
341.0,0.1985,0.66875,0.000322086911
341.0,0.198375,0.668625,0.000322086911
341.0,0.198625,0.668375,0.000322086911
341.0,0.198,0.66825,0.000322086911
341.0,0.198125,0.66825,0.000322086911
341.0,0.19825,0.66825,0.000322086911
341.0,0.19875,0.668125,0.000322086911
341.0,0.199,0.668375,0.000322086911
341.0,0.1985,0.6685,0.000322086911
341.0,0.198125,0.668625,0.000322086911
341.0,0.197875,0.668625,0.000322086911
341.0,0.198125,0.668625,0.000322086911
341.0,0.19825,0.66875,0.000322086911
341.0,0.1985,0.66875,0.000322086911
341.0,0.1985,0.66875,0.000322086911
341.0,0.198625,0.669,0.000322086911
341.0,0.198375,0.669,0.000322086911
341.0,0.19825,0.66875,0.000322086911
341.0,0.198375,0.668625,0.000322086911
341.0,0.198375,0.668375,0.000322086911
341.0,0.19825,0.668375,0.000322086911
341.0,0.19825,0.6685,0.000322086911
341.0,0.198375,0.6685,0.000322086911
341.0,0.1985,0.66825,0.000322086911
341.0,0.1985,0.6685,0.000322086911
341.0,0.198,0.6685,0.000322086911
341.0,0.198125,0.668625,0.000322086911
341.0,0.198375,0.669,0.000322086911
341.0,0.1985,0.66875,0.000322086911
341.0,0.19825,0.66875,0.000322086911
341.0,0.19825,0.66875,0.000322086911
341.0,0.19825,0.66875,0.000322086911
341.0,0.1985,0.669,0.000322086911
341.0,0.198375,0.668875,0.000322086911
341.0,0.19825,0.668625,0.000322086911
341.0,0.198125,0.668625,0.000322086911
341.0,0.19825,0.6685,0.000322086911
341.0,0.198375,0.668375,0.000322086911
341.0,0.198375,0.668375,0.000322086911
341.0,0.197875,0.668375,0.000322086911
341.0,0.198375,0.66825,0.000322086911
341.0,0.19825,0.6685,0.000322086911
341.0,0.19825,0.668375,0.000322086911
341.0,0.198375,0.6685,0.000322086911
341.0,0.198375,0.668625,0.000322086911
341.0,0.198125,0.668625,0.000322086911
341.0,0.198125,0.668625,0.000322086911
341.0,0.198125,0.668625,0.000322086911
341.0,0.198375,0.669,0.000322086911
341.0,0.1985,0.669,0.000322086911
341.0,0.198875,0.66875,0.000322086911
341.0,0.198875,0.6685,0.000322086911
341.0,0.198625,0.66825,0.000322086911
341.0,0.198,0.668375,0.000322086911
341.0,0.198,0.668375,0.000322086911
341.0,0.19825,0.6685,0.000322086911
341.0,0.198375,0.668375,0.000322086911
341.0,0.1985,0.668375,0.000322086911
341.0,0.198375,0.668625,0.000322086911
341.0,0.19875,0.6685,0.000322086911
341.0,0.198375,0.668875,0.000322086911
341.0,0.198125,0.668625,0.000322086911
341.0,0.198125,0.668625,0.000322086911
341.0,0.198125,0.668625,0.000322086911
341.0,0.198375,0.66875,0.000322086911
341.0,0.198625,0.668875,0.000322086911
341.0,0.19875,0.669,0.000322086911
341.0,0.198875,0.668875,0.000322086911
341.0,0.198875,0.668625,0.000322086911
341.0,0.19875,0.6685,0.000322086911
341.0,0.198125,0.668375,0.000322086911
341.0,0.198125,0.668375,0.000322086911
341.0,0.198625,0.668375,0.000322086911
341.0,0.198875,0.668375,0.000322086911
341.0,0.198625,0.668375,0.000322086911
341.0,0.198625,0.668625,0.000322086911
341.0,0.1985,0.6685,0.000322086911
341.0,0.19825,0.66875,0.000322086911
341.0,0.19825,0.668625,0.000322086911
341.0,0.19825,0.668625,0.000322086911
341.0,0.198375,0.668625,0.000322086911
341.0,0.19825,0.668875,0.000322086911
341.0,0.19875,0.669,0.000322086911
341.0,0.199,0.668875,0.000322086911
341.0,0.19875,0.66875,0.000322086911
341.0,0.198625,0.6685,0.000322086911
341.0,0.1985,0.668375,0.000322086911
341.0,0.1985,0.668375,0.000322086911
341.0,0.1985,0.668375,0.000322086911
341.0,0.198375,0.668375,0.000322086911
341.0,0.198375,0.668375,0.000322086911
341.0,0.198625,0.66825,0.000322086911
341.0,0.198375,0.668625,0.000322086911
341.0,0.198375,0.668875,0.000322086911
341.0,0.198375,0.66875,0.000322086911
341.0,0.198375,0.66875,0.000322086911
341.0,0.19825,0.668625,0.000322086911
341.0,0.198625,0.668625,0.000322086911
341.0,0.19825,0.668875,0.000322086911
341.0,0.198375,0.669,0.000322086911
341.0,0.198625,0.6685,0.000322086911
341.0,0.1985,0.668375,0.000322086911
341.0,0.1985,0.66825,0.000322086911
341.0,0.198375,0.66825,0.000322086911
341.0,0.198375,0.66825,0.000322086911
341.0,0.19825,0.668125,0.000322086911
341.0,0.198375,0.66825,0.000322086911
341.0,0.1985,0.668375,0.000322086911
341.0,0.19825,0.6685,0.000322086911
341.0,0.197875,0.668375,0.000322086911
341.0,0.198,0.6685,0.000322086911
341.0,0.198,0.6685,0.000322086911
341.0,0.198,0.668625,0.000322086911
341.0,0.19825,0.6685,0.000322086911
341.0,0.197875,0.66875,0.000322086911
341.0,0.19825,0.669,0.000322086911
341.0,0.198625,0.66875,0.000322086911
341.0,0.198625,0.6685,0.000322086911
341.0,0.1985,0.668375,0.000322086911
341.0,0.198375,0.6685,0.000322086911
341.0,0.198125,0.668375,0.000322086911
341.0,0.1985,0.6685,0.000322086911
341.0,0.1985,0.66825,0.000322086911
341.0,0.198375,0.668375,0.000322086911
341.0,0.19825,0.668625,0.000322086911
341.0,0.198375,0.668625,0.000322086911
342.0,0.226,0.626375,0.000321850996
342.0,0.226125,0.62625,0.000321850996
342.0,0.226125,0.626,0.000321850996
342.0,0.22575,0.625875,0.000321850996
342.0,0.226125,0.62575,0.000321850996
342.0,0.225875,0.625875,0.000321850996
342.0,0.226125,0.625875,0.000321850996
342.0,0.225875,0.626,0.000321850996
342.0,0.225875,0.626,0.000321850996
342.0,0.22575,0.625875,0.000321850996
342.0,0.225875,0.625875,0.000321850996
342.0,0.22575,0.626,0.000321850996
342.0,0.225875,0.626,0.000321850996
342.0,0.225875,0.626125,0.000321850996
342.0,0.22575,0.626125,0.000321850996
342.0,0.225875,0.626125,0.000321850996
342.0,0.22575,0.626125,0.000321850996
342.0,0.225625,0.6265,0.000321850996
342.0,0.225875,0.626375,0.000321850996
342.0,0.225875,0.626,0.000321850996
342.0,0.226125,0.626,0.000321850996
342.0,0.22625,0.626,0.000321850996
342.0,0.226,0.626,0.000321850996
342.0,0.226375,0.626,0.000321850996
342.0,0.226375,0.626,0.000321850996
342.0,0.22625,0.62575,0.000321850996
342.0,0.2265,0.625875,0.000321850996
342.0,0.22625,0.625875,0.000321850996
342.0,0.22625,0.626,0.000321850996
342.0,0.226,0.626125,0.000321850996
342.0,0.22575,0.626375,0.000321850996
342.0,0.225875,0.62625,0.000321850996
342.0,0.226125,0.626125,0.000321850996
342.0,0.22625,0.62625,0.000321850996
342.0,0.226,0.626375,0.000321850996
342.0,0.22625,0.62625,0.000321850996
342.0,0.2265,0.626125,0.000321850996
342.0,0.226125,0.626,0.000321850996
342.0,0.225875,0.626,0.000321850996
342.0,0.22575,0.626125,0.000321850996
342.0,0.226125,0.626125,0.000321850996
342.0,0.226125,0.626,0.000321850996
342.0,0.226125,0.625875,0.000321850996
342.0,0.226125,0.62575,0.000321850996
342.0,0.226125,0.62575,0.000321850996
342.0,0.22625,0.625875,0.000321850996
342.0,0.226,0.62625,0.000321850996
342.0,0.225875,0.626375,0.000321850996
342.0,0.22575,0.62625,0.000321850996
342.0,0.225625,0.626125,0.000321850996
342.0,0.226,0.626375,0.000321850996
342.0,0.22625,0.626625,0.000321850996
342.0,0.226125,0.626375,0.000321850996
342.0,0.225875,0.626,0.000321850996
342.0,0.226,0.626,0.000321850996
342.0,0.226,0.625875,0.000321850996
342.0,0.225875,0.626,0.000321850996
342.0,0.225875,0.626,0.000321850996
342.0,0.225875,0.625875,0.000321850996
342.0,0.226125,0.625875,0.000321850996
342.0,0.226375,0.625625,0.000321850996
342.0,0.22625,0.626,0.000321850996
342.0,0.22625,0.626125,0.000321850996
342.0,0.226,0.626125,0.000321850996
342.0,0.226,0.62625,0.000321850996
342.0,0.226,0.626375,0.000321850996
342.0,0.225875,0.626375,0.000321850996
342.0,0.226125,0.62675,0.000321850996
342.0,0.226375,0.6265,0.000321850996
342.0,0.226375,0.62625,0.000321850996
342.0,0.226125,0.62575,0.000321850996
342.0,0.226,0.625875,0.000321850996
342.0,0.226125,0.625875,0.000321850996
342.0,0.226125,0.625875,0.000321850996
342.0,0.226375,0.626,0.000321850996
342.0,0.22625,0.625875,0.000321850996
342.0,0.225875,0.6255,0.000321850996
342.0,0.226125,0.62575,0.000321850996
342.0,0.226,0.626,0.000321850996
342.0,0.225875,0.626,0.000321850996
342.0,0.226,0.626375,0.000321850996
342.0,0.226,0.62625,0.000321850996
342.0,0.226125,0.626375,0.000321850996
342.0,0.226,0.626375,0.000321850996
342.0,0.226,0.62625,0.000321850996
342.0,0.226125,0.626125,0.000321850996
342.0,0.225875,0.62625,0.000321850996
342.0,0.226,0.625875,0.000321850996
342.0,0.225625,0.625875,0.000321850996
342.0,0.225625,0.625875,0.000321850996
342.0,0.225875,0.625875,0.000321850996
342.0,0.22625,0.626,0.000321850996
342.0,0.22625,0.626,0.000321850996
342.0,0.226,0.626,0.000321850996
342.0,0.226,0.62575,0.000321850996
342.0,0.22575,0.626125,0.000321850996
342.0,0.225875,0.626125,0.000321850996
342.0,0.225875,0.62625,0.000321850996
342.0,0.225875,0.626125,0.000321850996
342.0,0.225625,0.626125,0.000321850996
342.0,0.226,0.6265,0.000321850996
342.0,0.226125,0.6265,0.000321850996
342.0,0.225875,0.6265,0.000321850996
342.0,0.22575,0.62625,0.000321850996
342.0,0.225875,0.625875,0.000321850996
342.0,0.225875,0.625875,0.000321850996
342.0,0.226,0.625875,0.000321850996
342.0,0.226,0.626,0.000321850996
342.0,0.2265,0.626,0.000321850996
342.0,0.226375,0.62575,0.000321850996
342.0,0.226375,0.626,0.000321850996
342.0,0.2265,0.626,0.000321850996
342.0,0.22625,0.62625,0.000321850996
342.0,0.22625,0.62625,0.000321850996
342.0,0.226,0.62625,0.000321850996
342.0,0.22575,0.62625,0.000321850996
342.0,0.226,0.626375,0.000321850996
342.0,0.226375,0.626625,0.000321850996
342.0,0.22625,0.6265,0.000321850996
342.0,0.2265,0.62625,0.000321850996
342.0,0.22625,0.625875,0.000321850996
342.0,0.226375,0.625875,0.000321850996
342.0,0.226375,0.626,0.000321850996
342.0,0.22625,0.626,0.000321850996
342.0,0.226375,0.626,0.000321850996
342.0,0.2265,0.625875,0.000321850996
342.0,0.22625,0.625875,0.000321850996
342.0,0.22575,0.626,0.000321850996
342.0,0.225875,0.62625,0.000321850996
342.0,0.22575,0.626375,0.000321850996
342.0,0.225875,0.62625,0.000321850996
342.0,0.226125,0.62625,0.000321850996
342.0,0.226,0.62625,0.000321850996
342.0,0.226375,0.62625,0.000321850996
342.0,0.226125,0.6265,0.000321850996
342.0,0.226,0.6265,0.000321850996
342.0,0.226,0.62625,0.000321850996
342.0,0.22625,0.62625,0.000321850996
342.0,0.22625,0.62625,0.000321850996
342.0,0.226,0.626,0.000321850996
342.0,0.225875,0.626,0.000321850996
342.0,0.225875,0.626125,0.000321850996
342.0,0.225875,0.626,0.000321850996
342.0,0.226125,0.62575,0.000321850996
342.0,0.226375,0.626,0.000321850996
342.0,0.22625,0.626125,0.000321850996
342.0,0.22575,0.626125,0.000321850996
342.0,0.225875,0.62625,0.000321850996
342.0,0.226375,0.62625,0.000321850996
342.0,0.22625,0.62625,0.000321850996
342.0,0.226,0.6265,0.000321850996
342.0,0.225875,0.6265,0.000321850996
342.0,0.225875,0.626125,0.000321850996
342.0,0.226,0.626125,0.000321850996
342.0,0.226,0.626125,0.000321850996
342.0,0.22625,0.626125,0.000321850996
342.0,0.226,0.626,0.000321850996
342.0,0.226375,0.625875,0.000321850996
342.0,0.226375,0.62575,0.000321850996
342.0,0.226125,0.62575,0.000321850996
342.0,0.225875,0.625875,0.000321850996
342.0,0.226125,0.62625,0.000321850996
342.0,0.22625,0.626125,0.000321850996
342.0,0.225875,0.626125,0.000321850996
342.0,0.226,0.626375,0.000321850996
342.0,0.226125,0.62625,0.000321850996
342.0,0.226375,0.6265,0.000321850996
342.0,0.226125,0.6265,0.000321850996
342.0,0.225875,0.62625,0.000321850996
343.0,0.256,0.583875,0.000321960571
343.0,0.256,0.584,0.000321960571
343.0,0.256,0.584,0.000321960571
343.0,0.256375,0.58425,0.000321960571
343.0,0.256,0.584125,0.000321960571
343.0,0.256125,0.584,0.000321960571
343.0,0.256375,0.58375,0.000321960571
343.0,0.256375,0.583625,0.000321960571
343.0,0.256375,0.583625,0.000321960571
343.0,0.256125,0.583625,0.000321960571
343.0,0.256375,0.583625,0.000321960571
343.0,0.256375,0.583625,0.000321960571
343.0,0.25575,0.5835,0.000321960571
343.0,0.25575,0.58375,0.000321960571
343.0,0.25575,0.584,0.000321960571
343.0,0.25575,0.584125,0.000321960571
343.0,0.256125,0.584125,0.000321960571
343.0,0.25625,0.584,0.000321960571
343.0,0.256,0.584,0.000321960571
343.0,0.256,0.584125,0.000321960571
343.0,0.255625,0.5845,0.000321960571
343.0,0.25625,0.5845,0.000321960571
343.0,0.256,0.584125,0.000321960571
343.0,0.256,0.58375,0.000321960571
343.0,0.256,0.583625,0.000321960571
343.0,0.256125,0.583625,0.000321960571
343.0,0.256,0.583625,0.000321960571
343.0,0.256125,0.58375,0.000321960571
343.0,0.25625,0.58375,0.000321960571
343.0,0.25575,0.583875,0.000321960571
343.0,0.256,0.583875,0.000321960571
343.0,0.25525,0.583875,0.000321960571
343.0,0.255625,0.583875,0.000321960571
343.0,0.255875,0.584125,0.000321960571
343.0,0.25575,0.584,0.000321960571
343.0,0.25575,0.584,0.000321960571
343.0,0.256,0.584125,0.000321960571
343.0,0.25625,0.584125,0.000321960571
343.0,0.256125,0.584125,0.000321960571
343.0,0.256,0.583875,0.000321960571
343.0,0.256,0.583875,0.000321960571
343.0,0.256,0.583875,0.000321960571
343.0,0.255875,0.58375,0.000321960571
343.0,0.255875,0.583875,0.000321960571
343.0,0.25625,0.583875,0.000321960571
343.0,0.256375,0.583625,0.000321960571
343.0,0.256125,0.583875,0.000321960571
343.0,0.25575,0.584,0.000321960571
343.0,0.25575,0.584,0.000321960571
343.0,0.255875,0.583875,0.000321960571
343.0,0.255875,0.584125,0.000321960571
343.0,0.256,0.584,0.000321960571
343.0,0.255875,0.584125,0.000321960571
343.0,0.25625,0.58425,0.000321960571
343.0,0.25625,0.58425,0.000321960571
343.0,0.256125,0.584,0.000321960571
343.0,0.256,0.58375,0.000321960571
343.0,0.256,0.58375,0.000321960571
343.0,0.25625,0.58375,0.000321960571
343.0,0.256,0.583875,0.000321960571
343.0,0.256,0.584,0.000321960571
343.0,0.25625,0.58375,0.000321960571
343.0,0.256375,0.583625,0.000321960571
343.0,0.25625,0.583875,0.000321960571
343.0,0.255875,0.583875,0.000321960571
343.0,0.256,0.584,0.000321960571
343.0,0.255875,0.584,0.000321960571
343.0,0.25575,0.584,0.000321960571
343.0,0.255625,0.584125,0.000321960571
343.0,0.25575,0.58425,0.000321960571
343.0,0.256,0.584125,0.000321960571
343.0,0.256,0.58425,0.000321960571
343.0,0.256,0.583875,0.000321960571
343.0,0.256,0.583875,0.000321960571
343.0,0.25625,0.58375,0.000321960571
343.0,0.256,0.583625,0.000321960571
343.0,0.25575,0.58375,0.000321960571
343.0,0.255875,0.58375,0.000321960571
343.0,0.256,0.583625,0.000321960571
343.0,0.25575,0.58375,0.000321960571
343.0,0.256125,0.583875,0.000321960571
343.0,0.255625,0.584,0.000321960571
343.0,0.25575,0.584,0.000321960571
343.0,0.25575,0.584125,0.000321960571
343.0,0.255875,0.584,0.000321960571
343.0,0.256125,0.583875,0.000321960571
343.0,0.25625,0.584125,0.000321960571
343.0,0.255875,0.584375,0.000321960571
343.0,0.25575,0.584,0.000321960571
343.0,0.25575,0.584,0.000321960571
343.0,0.256375,0.58375,0.000321960571
343.0,0.256625,0.58375,0.000321960571
343.0,0.256,0.58375,0.000321960571
343.0,0.25575,0.58375,0.000321960571
343.0,0.256125,0.583625,0.000321960571
343.0,0.256125,0.58375,0.000321960571
343.0,0.255875,0.583875,0.000321960571
343.0,0.255625,0.584,0.000321960571
343.0,0.255875,0.584,0.000321960571
343.0,0.256,0.584,0.000321960571
343.0,0.256,0.584125,0.000321960571
343.0,0.25575,0.583875,0.000321960571
343.0,0.255625,0.584,0.000321960571
343.0,0.256,0.584125,0.000321960571
343.0,0.255875,0.58425,0.000321960571
343.0,0.255875,0.584125,0.000321960571
343.0,0.256125,0.584125,0.000321960571
343.0,0.256125,0.58375,0.000321960571
343.0,0.256,0.5835,0.000321960571
343.0,0.25575,0.5835,0.000321960571
343.0,0.255875,0.58375,0.000321960571
343.0,0.25625,0.583625,0.000321960571
343.0,0.256125,0.583625,0.000321960571
343.0,0.25575,0.58375,0.000321960571
343.0,0.256,0.583875,0.000321960571
343.0,0.256125,0.584125,0.000321960571
343.0,0.255875,0.584125,0.000321960571
343.0,0.25575,0.584,0.000321960571
343.0,0.25575,0.583875,0.000321960571
343.0,0.25625,0.584,0.000321960571
343.0,0.256375,0.584125,0.000321960571
343.0,0.256375,0.584125,0.000321960571
343.0,0.25625,0.584125,0.000321960571
343.0,0.256125,0.583875,0.000321960571
343.0,0.256,0.583625,0.000321960571
343.0,0.255875,0.583625,0.000321960571
343.0,0.255875,0.58375,0.000321960571
343.0,0.2555,0.58375,0.000321960571
343.0,0.256,0.583625,0.000321960571
343.0,0.25575,0.583625,0.000321960571
343.0,0.256,0.58375,0.000321960571
343.0,0.25575,0.583875,0.000321960571
343.0,0.255875,0.58375,0.000321960571
343.0,0.25575,0.583875,0.000321960571
343.0,0.255625,0.584,0.000321960571
343.0,0.2555,0.583875,0.000321960571
343.0,0.2555,0.584,0.000321960571
343.0,0.256,0.584375,0.000321960571
343.0,0.256,0.584375,0.000321960571
343.0,0.25625,0.58425,0.000321960571
343.0,0.256,0.583875,0.000321960571
343.0,0.256125,0.58375,0.000321960571
343.0,0.256,0.58375,0.000321960571
343.0,0.25575,0.583875,0.000321960571
343.0,0.256125,0.58375,0.000321960571
343.0,0.256375,0.583625,0.000321960571
343.0,0.256375,0.583625,0.000321960571
343.0,0.25625,0.584,0.000321960571
343.0,0.256,0.583875,0.000321960571
343.0,0.256,0.584,0.000321960571
343.0,0.25575,0.584125,0.000321960571
343.0,0.25575,0.584125,0.000321960571
343.0,0.255875,0.584,0.000321960571
343.0,0.256375,0.58425,0.000321960571
343.0,0.256375,0.58425,0.000321960571
343.0,0.256125,0.584125,0.000321960571
343.0,0.255875,0.584,0.000321960571
343.0,0.256,0.583875,0.000321960571
343.0,0.255875,0.583625,0.000321960571
343.0,0.255875,0.5835,0.000321960571
343.0,0.255625,0.583375,0.000321960571
343.0,0.256,0.5835,0.000321960571
343.0,0.256125,0.58375,0.000321960571
343.0,0.256375,0.583625,0.000321960571
343.0,0.2565,0.583625,0.000321960571
343.0,0.256125,0.583875,0.000321960571
343.0,0.255875,0.583875,0.000321960571
343.0,0.255875,0.584,0.000321960571
343.0,0.25575,0.584125,0.000321960571
344.0,0.287125,0.54325,0.000321905303
344.0,0.287125,0.543375,0.000321905303
344.0,0.287125,0.543625,0.000321905303
344.0,0.286875,0.5435,0.000321905303
344.0,0.28725,0.54325,0.000321905303
344.0,0.287625,0.543125,0.000321905303
344.0,0.2875,0.543,0.000321905303
344.0,0.28725,0.543125,0.000321905303
344.0,0.28725,0.543125,0.000321905303
344.0,0.287,0.543125,0.000321905303
344.0,0.287125,0.543,0.000321905303
344.0,0.287375,0.542875,0.000321905303
344.0,0.28725,0.543125,0.000321905303
344.0,0.28775,0.543375,0.000321905303
344.0,0.2875,0.543375,0.000321905303
344.0,0.286875,0.543375,0.000321905303
344.0,0.286875,0.543375,0.000321905303
344.0,0.287,0.543375,0.000321905303
344.0,0.28725,0.5435,0.000321905303
344.0,0.2875,0.54375,0.000321905303
344.0,0.287625,0.54375,0.000321905303
344.0,0.287625,0.543375,0.000321905303
344.0,0.287375,0.543125,0.000321905303
344.0,0.287125,0.543,0.000321905303
344.0,0.287125,0.543,0.000321905303
344.0,0.28725,0.543125,0.000321905303
344.0,0.287375,0.543,0.000321905303
344.0,0.287625,0.542875,0.000321905303
344.0,0.2875,0.543,0.000321905303
344.0,0.28725,0.543375,0.000321905303
344.0,0.287,0.54325,0.000321905303
344.0,0.287,0.543375,0.000321905303
344.0,0.28725,0.5435,0.000321905303
344.0,0.287375,0.54325,0.000321905303
344.0,0.2875,0.54325,0.000321905303
344.0,0.287375,0.543375,0.000321905303
344.0,0.2875,0.543625,0.000321905303
344.0,0.28775,0.543625,0.000321905303
344.0,0.287625,0.5435,0.000321905303
344.0,0.287375,0.54325,0.000321905303
344.0,0.2875,0.54325,0.000321905303
344.0,0.2875,0.54325,0.000321905303
344.0,0.2875,0.54325,0.000321905303
344.0,0.287625,0.543375,0.000321905303
344.0,0.287625,0.54325,0.000321905303
344.0,0.287625,0.543,0.000321905303
344.0,0.2875,0.54325,0.000321905303
344.0,0.28725,0.54325,0.000321905303
344.0,0.286875,0.543375,0.000321905303
344.0,0.287,0.5435,0.000321905303
344.0,0.286875,0.5435,0.000321905303
344.0,0.2875,0.5435,0.000321905303
344.0,0.2875,0.54375,0.000321905303
344.0,0.287625,0.54375,0.000321905303
344.0,0.287625,0.5435,0.000321905303
344.0,0.287625,0.543375,0.000321905303
344.0,0.287375,0.543375,0.000321905303
344.0,0.287375,0.543375,0.000321905303
344.0,0.287375,0.543125,0.000321905303
344.0,0.287625,0.543,0.000321905303
344.0,0.287375,0.543,0.000321905303
344.0,0.28725,0.543125,0.000321905303
344.0,0.287375,0.54325,0.000321905303
344.0,0.287125,0.543625,0.000321905303
344.0,0.287125,0.543375,0.000321905303
344.0,0.287375,0.543375,0.000321905303
344.0,0.287375,0.543375,0.000321905303
344.0,0.287125,0.543375,0.000321905303
344.0,0.287375,0.543375,0.000321905303
344.0,0.2875,0.543625,0.000321905303
344.0,0.287375,0.5435,0.000321905303
344.0,0.287375,0.54325,0.000321905303
344.0,0.287375,0.543125,0.000321905303
344.0,0.287375,0.543125,0.000321905303
344.0,0.2875,0.543125,0.000321905303
344.0,0.287625,0.543125,0.000321905303
344.0,0.2875,0.543125,0.000321905303
344.0,0.28775,0.542875,0.000321905303
344.0,0.28775,0.543,0.000321905303
344.0,0.287625,0.543375,0.000321905303
344.0,0.2875,0.543375,0.000321905303
344.0,0.287625,0.543375,0.000321905303
344.0,0.287375,0.5435,0.000321905303
344.0,0.287375,0.543375,0.000321905303
344.0,0.2875,0.54325,0.000321905303
344.0,0.287625,0.5435,0.000321905303
344.0,0.28775,0.5435,0.000321905303
344.0,0.287625,0.5435,0.000321905303
344.0,0.28725,0.543375,0.000321905303
344.0,0.28725,0.543375,0.000321905303
344.0,0.287625,0.54325,0.000321905303
344.0,0.2875,0.543,0.000321905303
344.0,0.287375,0.543125,0.000321905303
344.0,0.2875,0.543125,0.000321905303
344.0,0.2875,0.542875,0.000321905303
344.0,0.28725,0.543,0.000321905303
344.0,0.287125,0.543125,0.000321905303
344.0,0.2875,0.5435,0.000321905303
344.0,0.287375,0.5435,0.000321905303
344.0,0.28725,0.543375,0.000321905303
344.0,0.287375,0.543375,0.000321905303
344.0,0.287375,0.5435,0.000321905303
344.0,0.287875,0.543625,0.000321905303
344.0,0.2875,0.5435,0.000321905303
344.0,0.287375,0.5435,0.000321905303
344.0,0.287375,0.5435,0.000321905303
344.0,0.2875,0.543125,0.000321905303
344.0,0.287125,0.543125,0.000321905303
344.0,0.287125,0.543125,0.000321905303
344.0,0.287625,0.543,0.000321905303
344.0,0.287625,0.543,0.000321905303
344.0,0.28775,0.543,0.000321905303
344.0,0.287375,0.543125,0.000321905303
344.0,0.287125,0.543375,0.000321905303
344.0,0.287,0.543375,0.000321905303
344.0,0.28675,0.543375,0.000321905303
344.0,0.28725,0.543375,0.000321905303
344.0,0.287375,0.543375,0.000321905303
344.0,0.2875,0.5435,0.000321905303
344.0,0.287875,0.54375,0.000321905303
344.0,0.2875,0.5435,0.000321905303
344.0,0.2875,0.5435,0.000321905303
344.0,0.2875,0.543375,0.000321905303
344.0,0.28775,0.543,0.000321905303
344.0,0.287625,0.543,0.000321905303
344.0,0.28725,0.543125,0.000321905303
344.0,0.28725,0.543125,0.000321905303
344.0,0.287625,0.543,0.000321905303
344.0,0.28775,0.543,0.000321905303
344.0,0.2875,0.543125,0.000321905303
344.0,0.2875,0.543125,0.000321905303
344.0,0.287375,0.543125,0.000321905303
344.0,0.287,0.5435,0.000321905303
344.0,0.287,0.5435,0.000321905303
344.0,0.287,0.543375,0.000321905303
344.0,0.287375,0.5435,0.000321905303
344.0,0.2875,0.5435,0.000321905303
344.0,0.2875,0.5435,0.000321905303
344.0,0.2875,0.5435,0.000321905303
344.0,0.287375,0.54325,0.000321905303
344.0,0.287625,0.543,0.000321905303
344.0,0.287125,0.543,0.000321905303
344.0,0.28725,0.543125,0.000321905303
344.0,0.287625,0.54325,0.000321905303
344.0,0.287375,0.543125,0.000321905303
344.0,0.2875,0.543375,0.000321905303
344.0,0.28725,0.54325,0.000321905303
344.0,0.287375,0.54325,0.000321905303
344.0,0.2875,0.54325,0.000321905303
344.0,0.287375,0.5435,0.000321905303
344.0,0.287375,0.543375,0.000321905303
344.0,0.287375,0.543375,0.000321905303
344.0,0.287375,0.543625,0.000321905303
344.0,0.287375,0.543625,0.000321905303
344.0,0.287375,0.543625,0.000321905303
344.0,0.28725,0.543375,0.000321905303
344.0,0.287375,0.543125,0.000321905303
344.0,0.2875,0.54325,0.000321905303
344.0,0.287375,0.543125,0.000321905303
344.0,0.287125,0.54325,0.000321905303
344.0,0.287375,0.543125,0.000321905303
344.0,0.287375,0.542875,0.000321905303
344.0,0.287375,0.543,0.000321905303
344.0,0.2875,0.543125,0.000321905303
344.0,0.287375,0.54325,0.000321905303
344.0,0.287375,0.543375,0.000321905303
344.0,0.287125,0.543375,0.000321905303
344.0,0.28675,0.543375,0.000321905303
344.0,0.287375,0.543375,0.000321905303
345.0,0.319875,0.5045,0.000322026724
345.0,0.319875,0.504375,0.000322026724
345.0,0.31975,0.504375,0.000322026724
345.0,0.319875,0.50425,0.000322026724
345.0,0.319875,0.5045,0.000322026724
345.0,0.320125,0.5045,0.000322026724
345.0,0.320375,0.504375,0.000322026724
345.0,0.320375,0.504,0.000322026724
345.0,0.320375,0.504,0.000322026724
345.0,0.320375,0.504,0.000322026724
345.0,0.320125,0.504,0.000322026724
345.0,0.320125,0.504,0.000322026724
345.0,0.32025,0.504,0.000322026724
345.0,0.320375,0.503875,0.000322026724
345.0,0.3205,0.50425,0.000322026724
345.0,0.320125,0.5045,0.000322026724
345.0,0.319875,0.504375,0.000322026724
345.0,0.319625,0.5045,0.000322026724
345.0,0.319625,0.5045,0.000322026724
345.0,0.32,0.504375,0.000322026724
345.0,0.320125,0.504375,0.000322026724
345.0,0.32025,0.50425,0.000322026724
345.0,0.320125,0.504625,0.000322026724
345.0,0.320375,0.5045,0.000322026724
345.0,0.320375,0.5045,0.000322026724
345.0,0.32025,0.504125,0.000322026724
345.0,0.32,0.504125,0.000322026724
345.0,0.32025,0.50425,0.000322026724
345.0,0.320625,0.504125,0.000322026724
345.0,0.320625,0.504,0.000322026724
345.0,0.320375,0.504125,0.000322026724
345.0,0.320375,0.50425,0.000322026724
345.0,0.320125,0.50425,0.000322026724
345.0,0.31975,0.5045,0.000322026724
345.0,0.32,0.5045,0.000322026724
345.0,0.320125,0.504375,0.000322026724
345.0,0.320125,0.504375,0.000322026724
345.0,0.320375,0.504625,0.000322026724
345.0,0.320375,0.504625,0.000322026724
345.0,0.320625,0.5045,0.000322026724
345.0,0.320625,0.50425,0.000322026724
345.0,0.320625,0.50425,0.000322026724
345.0,0.32025,0.504375,0.000322026724
345.0,0.32,0.504125,0.000322026724
345.0,0.32,0.504125,0.000322026724
345.0,0.320125,0.504125,0.000322026724
345.0,0.32025,0.504125,0.000322026724
345.0,0.319875,0.50425,0.000322026724
345.0,0.32,0.504375,0.000322026724
345.0,0.319625,0.50425,0.000322026724
345.0,0.31975,0.50425,0.000322026724
345.0,0.319875,0.504625,0.000322026724
345.0,0.32,0.5045,0.000322026724
345.0,0.320375,0.5045,0.000322026724
345.0,0.32025,0.50475,0.000322026724
345.0,0.319875,0.504625,0.000322026724
345.0,0.319875,0.5045,0.000322026724
345.0,0.319875,0.5045,0.000322026724
345.0,0.320125,0.504375,0.000322026724
345.0,0.320125,0.504125,0.000322026724
345.0,0.319875,0.504,0.000322026724
345.0,0.320125,0.50425,0.000322026724
345.0,0.320625,0.504125,0.000322026724
345.0,0.320375,0.504125,0.000322026724
345.0,0.32025,0.504125,0.000322026724
345.0,0.31975,0.50425,0.000322026724
345.0,0.32,0.504375,0.000322026724
345.0,0.31975,0.5045,0.000322026724
345.0,0.320125,0.5045,0.000322026724
345.0,0.32,0.504375,0.000322026724
345.0,0.320375,0.504625,0.000322026724
345.0,0.3205,0.50475,0.000322026724
345.0,0.319875,0.50475,0.000322026724
345.0,0.319875,0.50475,0.000322026724
345.0,0.31975,0.504375,0.000322026724
345.0,0.320375,0.504125,0.000322026724
345.0,0.3205,0.504,0.000322026724
345.0,0.320125,0.504125,0.000322026724
345.0,0.320125,0.50425,0.000322026724
345.0,0.3205,0.504125,0.000322026724
345.0,0.32025,0.504125,0.000322026724
345.0,0.3205,0.504125,0.000322026724
345.0,0.320375,0.504375,0.000322026724
345.0,0.32,0.5045,0.000322026724
345.0,0.319875,0.504375,0.000322026724
345.0,0.320125,0.50425,0.000322026724
345.0,0.320125,0.504375,0.000322026724
345.0,0.320125,0.504625,0.000322026724
345.0,0.320125,0.50475,0.000322026724
345.0,0.320125,0.50475,0.000322026724
345.0,0.32025,0.5045,0.000322026724
345.0,0.32025,0.50425,0.000322026724
345.0,0.320375,0.50425,0.000322026724
345.0,0.3205,0.504375,0.000322026724
345.0,0.320375,0.504125,0.000322026724
345.0,0.32025,0.504125,0.000322026724
345.0,0.320125,0.504,0.000322026724
345.0,0.319875,0.50425,0.000322026724
345.0,0.32025,0.5045,0.000322026724
345.0,0.319875,0.50425,0.000322026724
345.0,0.3195,0.5045,0.000322026724
345.0,0.3195,0.504375,0.000322026724
345.0,0.319625,0.50425,0.000322026724
345.0,0.32,0.50425,0.000322026724
345.0,0.32,0.5045,0.000322026724
345.0,0.32,0.5045,0.000322026724
345.0,0.320625,0.5045,0.000322026724
345.0,0.32075,0.504375,0.000322026724
345.0,0.320375,0.50425,0.000322026724
345.0,0.3205,0.504125,0.000322026724
345.0,0.320125,0.504125,0.000322026724
345.0,0.32,0.50425,0.000322026724
345.0,0.320125,0.50425,0.000322026724
345.0,0.32025,0.503875,0.000322026724
345.0,0.320125,0.504,0.000322026724
345.0,0.319875,0.50425,0.000322026724
345.0,0.32,0.5045,0.000322026724
345.0,0.319875,0.504625,0.000322026724
345.0,0.319875,0.504625,0.000322026724
345.0,0.319875,0.5045,0.000322026724
345.0,0.319875,0.50475,0.000322026724
345.0,0.319875,0.50475,0.000322026724
345.0,0.320375,0.5045,0.000322026724
345.0,0.320375,0.5045,0.000322026724
345.0,0.32,0.504375,0.000322026724
345.0,0.32,0.50425,0.000322026724
345.0,0.32025,0.504125,0.000322026724
345.0,0.32,0.50425,0.000322026724
345.0,0.32025,0.504125,0.000322026724
345.0,0.3205,0.504,0.000322026724
345.0,0.3205,0.504,0.000322026724
345.0,0.320375,0.504375,0.000322026724
345.0,0.320375,0.50425,0.000322026724
345.0,0.32025,0.504375,0.000322026724
345.0,0.319875,0.5045,0.000322026724
345.0,0.32,0.504375,0.000322026724
345.0,0.319875,0.504375,0.000322026724
345.0,0.319875,0.504625,0.000322026724
345.0,0.320125,0.504625,0.000322026724
345.0,0.32025,0.5045,0.000322026724
345.0,0.320625,0.504375,0.000322026724
345.0,0.3205,0.50425,0.000322026724
345.0,0.320375,0.50425,0.000322026724
345.0,0.319875,0.504125,0.000322026724
345.0,0.320125,0.504,0.000322026724
345.0,0.3205,0.504125,0.000322026724
345.0,0.3205,0.504,0.000322026724
345.0,0.320125,0.504,0.000322026724
345.0,0.32025,0.50425,0.000322026724
345.0,0.32025,0.504125,0.000322026724
345.0,0.319875,0.504375,0.000322026724
345.0,0.31975,0.5045,0.000322026724
345.0,0.31975,0.5045,0.000322026724
345.0,0.319625,0.504375,0.000322026724
345.0,0.319625,0.504375,0.000322026724
345.0,0.31975,0.5045,0.000322026724
345.0,0.320125,0.5045,0.000322026724
345.0,0.32025,0.5045,0.000322026724
345.0,0.3205,0.504125,0.000322026724
345.0,0.32,0.503875,0.000322026724
345.0,0.319875,0.504,0.000322026724
345.0,0.31975,0.504,0.000322026724
345.0,0.320125,0.504125,0.000322026724
345.0,0.320125,0.504125,0.000322026724
345.0,0.32025,0.50425,0.000322026724
345.0,0.320375,0.504125,0.000322026724
345.0,0.32025,0.50425,0.000322026724
345.0,0.32,0.5045,0.000322026724
345.0,0.320375,0.504375,0.000322026724
346.0,0.355,0.466125,0.000322028558
346.0,0.355,0.465875,0.000322028558
346.0,0.354875,0.466,0.000322028558
346.0,0.3545,0.46625,0.000322028558
346.0,0.3545,0.46625,0.000322028558
346.0,0.3545,0.466125,0.000322028558
346.0,0.35475,0.46625,0.000322028558
346.0,0.35475,0.466375,0.000322028558
346.0,0.35475,0.466375,0.000322028558
346.0,0.35475,0.466375,0.000322028558
346.0,0.354875,0.466625,0.000322028558
346.0,0.354875,0.4665,0.000322028558
346.0,0.35475,0.46625,0.000322028558
346.0,0.355,0.466375,0.000322028558
346.0,0.354625,0.466375,0.000322028558
346.0,0.355,0.46625,0.000322028558
346.0,0.354875,0.466125,0.000322028558
346.0,0.354875,0.466125,0.000322028558
346.0,0.355,0.466,0.000322028558
346.0,0.355125,0.466125,0.000322028558
346.0,0.355125,0.46625,0.000322028558
346.0,0.35475,0.466375,0.000322028558
346.0,0.355,0.466375,0.000322028558
346.0,0.355,0.46625,0.000322028558
346.0,0.35475,0.46625,0.000322028558
346.0,0.35475,0.466125,0.000322028558
346.0,0.354875,0.4665,0.000322028558
346.0,0.35475,0.4665,0.000322028558
346.0,0.354625,0.4665,0.000322028558
346.0,0.354875,0.466125,0.000322028558
346.0,0.35475,0.466125,0.000322028558
346.0,0.355,0.466,0.000322028558
346.0,0.355,0.466,0.000322028558
346.0,0.355125,0.466,0.000322028558
346.0,0.355375,0.466,0.000322028558
346.0,0.355,0.466125,0.000322028558
346.0,0.35475,0.46625,0.000322028558
346.0,0.35475,0.466375,0.000322028558
346.0,0.354625,0.466375,0.000322028558
346.0,0.35475,0.4665,0.000322028558
346.0,0.355125,0.466375,0.000322028558
346.0,0.355125,0.466375,0.000322028558
346.0,0.355,0.466375,0.000322028558
346.0,0.355125,0.4665,0.000322028558
346.0,0.355125,0.466625,0.000322028558
346.0,0.355125,0.466625,0.000322028558
346.0,0.355125,0.466375,0.000322028558
346.0,0.354875,0.46625,0.000322028558
346.0,0.35475,0.466125,0.000322028558
346.0,0.354625,0.46625,0.000322028558
346.0,0.35475,0.46625,0.000322028558
346.0,0.355,0.46625,0.000322028558
346.0,0.354625,0.466125,0.000322028558
346.0,0.35475,0.46625,0.000322028558
346.0,0.354625,0.4665,0.000322028558
346.0,0.35475,0.4665,0.000322028558
346.0,0.355,0.466375,0.000322028558
346.0,0.355,0.466375,0.000322028558
346.0,0.354875,0.4665,0.000322028558
346.0,0.3545,0.466375,0.000322028558
346.0,0.354875,0.4665,0.000322028558
346.0,0.35475,0.466875,0.000322028558
346.0,0.35475,0.466625,0.000322028558
346.0,0.354875,0.466375,0.000322028558
346.0,0.355125,0.466125,0.000322028558
346.0,0.355125,0.466,0.000322028558
346.0,0.355,0.466,0.000322028558
346.0,0.35475,0.466125,0.000322028558
346.0,0.354875,0.466,0.000322028558
346.0,0.354875,0.466125,0.000322028558
346.0,0.354875,0.466375,0.000322028558
346.0,0.355125,0.466375,0.000322028558
346.0,0.35475,0.466375,0.000322028558
346.0,0.35475,0.466375,0.000322028558
346.0,0.3545,0.466375,0.000322028558
346.0,0.354625,0.46625,0.000322028558
346.0,0.354875,0.46625,0.000322028558
346.0,0.355,0.4665,0.000322028558
346.0,0.35475,0.4665,0.000322028558
346.0,0.35475,0.466375,0.000322028558
346.0,0.354875,0.466125,0.000322028558
346.0,0.354875,0.46625,0.000322028558
346.0,0.354625,0.466125,0.000322028558
346.0,0.355125,0.46625,0.000322028558
346.0,0.355125,0.46625,0.000322028558
346.0,0.355125,0.466125,0.000322028558
346.0,0.354625,0.466375,0.000322028558
346.0,0.35475,0.4665,0.000322028558
346.0,0.354625,0.466375,0.000322028558
346.0,0.354625,0.466375,0.000322028558
346.0,0.354625,0.4665,0.000322028558
346.0,0.3545,0.4665,0.000322028558
346.0,0.3545,0.4665,0.000322028558
346.0,0.35475,0.4665,0.000322028558
346.0,0.35475,0.4665,0.000322028558
346.0,0.35475,0.466625,0.000322028558
346.0,0.355125,0.4665,0.000322028558
346.0,0.35525,0.46625,0.000322028558
346.0,0.35525,0.466125,0.000322028558
346.0,0.355,0.466125,0.000322028558
346.0,0.355125,0.46625,0.000322028558
346.0,0.35525,0.466125,0.000322028558
346.0,0.355125,0.466,0.000322028558
346.0,0.355,0.46625,0.000322028558
346.0,0.355125,0.4665,0.000322028558
346.0,0.354875,0.4665,0.000322028558
346.0,0.354875,0.466625,0.000322028558
346.0,0.354625,0.4665,0.000322028558
346.0,0.3545,0.4665,0.000322028558
346.0,0.354625,0.4665,0.000322028558
346.0,0.355,0.46675,0.000322028558
346.0,0.3555,0.46675,0.000322028558
346.0,0.35525,0.46625,0.000322028558
346.0,0.35525,0.46625,0.000322028558
346.0,0.355125,0.466,0.000322028558
346.0,0.354875,0.466125,0.000322028558
346.0,0.35475,0.466125,0.000322028558
346.0,0.354875,0.466125,0.000322028558
346.0,0.355,0.46625,0.000322028558
346.0,0.355375,0.46625,0.000322028558
346.0,0.355,0.46625,0.000322028558
346.0,0.355,0.46625,0.000322028558
346.0,0.355,0.466625,0.000322028558
346.0,0.355,0.4665,0.000322028558
346.0,0.355,0.4665,0.000322028558
346.0,0.354625,0.4665,0.000322028558
346.0,0.35475,0.466625,0.000322028558
346.0,0.35475,0.46675,0.000322028558
346.0,0.354875,0.4665,0.000322028558
346.0,0.355,0.466375,0.000322028558
346.0,0.35525,0.46625,0.000322028558
346.0,0.35525,0.46625,0.000322028558
346.0,0.355,0.466,0.000322028558
346.0,0.355375,0.466,0.000322028558
346.0,0.355125,0.466,0.000322028558
346.0,0.355,0.466,0.000322028558
346.0,0.355,0.466,0.000322028558
346.0,0.3545,0.46625,0.000322028558
346.0,0.3545,0.46625,0.000322028558
346.0,0.354375,0.46625,0.000322028558
346.0,0.354625,0.466375,0.000322028558
346.0,0.3545,0.4665,0.000322028558
346.0,0.35425,0.46625,0.000322028558
346.0,0.354625,0.4665,0.000322028558
346.0,0.35475,0.46675,0.000322028558
346.0,0.3545,0.4665,0.000322028558
346.0,0.354875,0.466125,0.000322028558
346.0,0.354625,0.466125,0.000322028558
346.0,0.355125,0.466,0.000322028558
346.0,0.354875,0.46625,0.000322028558
346.0,0.355,0.466125,0.000322028558
346.0,0.355625,0.466125,0.000322028558
346.0,0.35525,0.466125,0.000322028558
346.0,0.354375,0.4665,0.000322028558
346.0,0.354375,0.4665,0.000322028558
346.0,0.354625,0.466375,0.000322028558
346.0,0.355125,0.466375,0.000322028558
346.0,0.355125,0.4665,0.000322028558
346.0,0.354875,0.466375,0.000322028558
346.0,0.35475,0.466375,0.000322028558
346.0,0.35525,0.466625,0.000322028558
346.0,0.3555,0.466625,0.000322028558
346.0,0.355,0.4665,0.000322028558
346.0,0.354625,0.466375,0.000322028558
346.0,0.355,0.466375,0.000322028558
346.0,0.35475,0.46625,0.000322028558
346.0,0.354875,0.46625,0.000322028558
346.0,0.355125,0.46625,0.000322028558
346.0,0.35525,0.466,0.000322028558
347.0,0.39125,0.429125,0.000321975938
347.0,0.391375,0.429125,0.000321975938
347.0,0.39125,0.42925,0.000321975938
347.0,0.391625,0.429375,0.000321975938
347.0,0.3915,0.429375,0.000321975938
347.0,0.3915,0.42925,0.000321975938
347.0,0.391625,0.429,0.000321975938
347.0,0.39125,0.429,0.000321975938
347.0,0.39125,0.429,0.000321975938
347.0,0.391,0.428875,0.000321975938
347.0,0.391125,0.428875,0.000321975938
347.0,0.391375,0.42875,0.000321975938
347.0,0.3915,0.429,0.000321975938
347.0,0.391375,0.428875,0.000321975938
347.0,0.391625,0.429125,0.000321975938
347.0,0.391375,0.429125,0.000321975938
347.0,0.391125,0.429125,0.000321975938
347.0,0.391375,0.429,0.000321975938
347.0,0.391375,0.429125,0.000321975938
347.0,0.391375,0.429375,0.000321975938
347.0,0.391625,0.429375,0.000321975938
347.0,0.391875,0.42925,0.000321975938
347.0,0.391625,0.429125,0.000321975938
347.0,0.3915,0.429,0.000321975938
347.0,0.3915,0.429,0.000321975938
347.0,0.39125,0.428875,0.000321975938
347.0,0.391,0.42875,0.000321975938
347.0,0.391625,0.428875,0.000321975938
347.0,0.392,0.428875,0.000321975938
347.0,0.392,0.428875,0.000321975938
347.0,0.391375,0.42925,0.000321975938
347.0,0.391125,0.428875,0.000321975938
347.0,0.391,0.429125,0.000321975938
347.0,0.391375,0.42925,0.000321975938
347.0,0.391625,0.42925,0.000321975938
347.0,0.3915,0.42925,0.000321975938
347.0,0.391375,0.42925,0.000321975938
347.0,0.391375,0.4295,0.000321975938
347.0,0.39125,0.42925,0.000321975938
347.0,0.39125,0.429,0.000321975938
347.0,0.39125,0.429,0.000321975938
347.0,0.391375,0.428875,0.000321975938
347.0,0.39125,0.42875,0.000321975938
347.0,0.39175,0.428875,0.000321975938
347.0,0.392,0.429,0.000321975938
347.0,0.39175,0.42875,0.000321975938
347.0,0.391625,0.428875,0.000321975938
347.0,0.391625,0.429,0.000321975938
347.0,0.3915,0.429125,0.000321975938
347.0,0.39125,0.429125,0.000321975938
347.0,0.391125,0.429125,0.000321975938
347.0,0.39125,0.429125,0.000321975938
347.0,0.391375,0.429125,0.000321975938
347.0,0.3915,0.429375,0.000321975938
347.0,0.39175,0.4295,0.000321975938
347.0,0.39175,0.429375,0.000321975938
347.0,0.3915,0.428875,0.000321975938
347.0,0.3915,0.428875,0.000321975938
347.0,0.391625,0.428875,0.000321975938
347.0,0.39125,0.429125,0.000321975938
347.0,0.391375,0.429125,0.000321975938
347.0,0.39175,0.429,0.000321975938
347.0,0.391625,0.428875,0.000321975938
347.0,0.391375,0.429125,0.000321975938
347.0,0.390875,0.429125,0.000321975938
347.0,0.391,0.42925,0.000321975938
347.0,0.39125,0.42925,0.000321975938
347.0,0.39125,0.42925,0.000321975938
347.0,0.391625,0.42925,0.000321975938
347.0,0.3915,0.42925,0.000321975938
347.0,0.391375,0.4295,0.000321975938
347.0,0.3915,0.429125,0.000321975938
347.0,0.391625,0.429,0.000321975938
347.0,0.391625,0.429,0.000321975938
347.0,0.39175,0.429,0.000321975938
347.0,0.391375,0.42875,0.000321975938
347.0,0.39125,0.428875,0.000321975938
347.0,0.391875,0.429,0.000321975938
347.0,0.391875,0.429,0.000321975938
347.0,0.3915,0.429,0.000321975938
347.0,0.391125,0.429125,0.000321975938
347.0,0.39125,0.429125,0.000321975938
347.0,0.391375,0.42925,0.000321975938
347.0,0.3915,0.42925,0.000321975938
347.0,0.39175,0.42925,0.000321975938
347.0,0.391375,0.429125,0.000321975938
347.0,0.391625,0.42925,0.000321975938
347.0,0.39175,0.4295,0.000321975938
347.0,0.391625,0.429125,0.000321975938
347.0,0.391625,0.429125,0.000321975938
347.0,0.391875,0.429,0.000321975938
347.0,0.391875,0.429,0.000321975938
347.0,0.391625,0.428875,0.000321975938
347.0,0.391625,0.429,0.000321975938
347.0,0.391875,0.429125,0.000321975938
347.0,0.39175,0.42875,0.000321975938
347.0,0.391875,0.42875,0.000321975938
347.0,0.391375,0.429,0.000321975938
347.0,0.39125,0.429125,0.000321975938
347.0,0.3915,0.42925,0.000321975938
347.0,0.39175,0.429375,0.000321975938
347.0,0.3915,0.429375,0.000321975938
347.0,0.391625,0.429375,0.000321975938
347.0,0.3915,0.4295,0.000321975938
347.0,0.39125,0.42925,0.000321975938
347.0,0.39125,0.42925,0.000321975938
347.0,0.39125,0.429125,0.000321975938
347.0,0.391625,0.429125,0.000321975938
347.0,0.3915,0.429,0.000321975938
347.0,0.3915,0.42875,0.000321975938
347.0,0.39175,0.429,0.000321975938
347.0,0.392,0.428875,0.000321975938
347.0,0.391875,0.428875,0.000321975938
347.0,0.391625,0.429,0.000321975938
347.0,0.391625,0.429,0.000321975938
347.0,0.39175,0.42925,0.000321975938
347.0,0.3915,0.429125,0.000321975938
347.0,0.391625,0.429125,0.000321975938
347.0,0.391625,0.42925,0.000321975938
347.0,0.39175,0.429375,0.000321975938
347.0,0.391875,0.429375,0.000321975938
347.0,0.391875,0.429375,0.000321975938
347.0,0.391625,0.42925,0.000321975938
347.0,0.391625,0.42925,0.000321975938
347.0,0.3915,0.429,0.000321975938
347.0,0.391375,0.428875,0.000321975938
347.0,0.391375,0.428875,0.000321975938
347.0,0.3915,0.428875,0.000321975938
347.0,0.392125,0.428875,0.000321975938
347.0,0.39175,0.428875,0.000321975938
347.0,0.3915,0.42875,0.000321975938
347.0,0.39125,0.429,0.000321975938
347.0,0.391375,0.429,0.000321975938
347.0,0.3915,0.42925,0.000321975938
347.0,0.39125,0.429125,0.000321975938
347.0,0.391125,0.42925,0.000321975938
347.0,0.391625,0.429375,0.000321975938
347.0,0.391625,0.429375,0.000321975938
347.0,0.391875,0.429375,0.000321975938
347.0,0.39175,0.4295,0.000321975938
347.0,0.39175,0.428875,0.000321975938
347.0,0.39175,0.428875,0.000321975938
347.0,0.391625,0.428875,0.000321975938
347.0,0.3915,0.428875,0.000321975938
347.0,0.3915,0.429,0.000321975938
347.0,0.391625,0.428875,0.000321975938
347.0,0.39175,0.42875,0.000321975938
347.0,0.3915,0.429,0.000321975938
347.0,0.39125,0.429,0.000321975938
347.0,0.391,0.429125,0.000321975938
347.0,0.39125,0.429125,0.000321975938
347.0,0.391,0.429125,0.000321975938
347.0,0.391375,0.429,0.000321975938
347.0,0.391625,0.4295,0.000321975938
347.0,0.391625,0.4295,0.000321975938
347.0,0.39175,0.4295,0.000321975938
347.0,0.39175,0.4295,0.000321975938
347.0,0.391625,0.429,0.000321975938
347.0,0.391625,0.42875,0.000321975938
347.0,0.391375,0.42875,0.000321975938
347.0,0.391375,0.428875,0.000321975938
347.0,0.391375,0.42875,0.000321975938
347.0,0.391375,0.4285,0.000321975938
347.0,0.391625,0.42875,0.000321975938
347.0,0.391625,0.428875,0.000321975938
347.0,0.391,0.429125,0.000321975938
347.0,0.391125,0.42925,0.000321975938
347.0,0.39125,0.429125,0.000321975938
347.0,0.391375,0.429125,0.000321975938
348.0,0.429625,0.393,0.000322108041
348.0,0.4295,0.39325,0.000322108041
348.0,0.4295,0.39325,0.000322108041
348.0,0.429125,0.393375,0.000322108041
348.0,0.429,0.3935,0.000322108041
348.0,0.429125,0.3935,0.000322108041
348.0,0.4295,0.3935,0.000322108041
348.0,0.429375,0.393375,0.000322108041
348.0,0.429375,0.393375,0.000322108041
348.0,0.429625,0.3935,0.000322108041
348.0,0.4295,0.393375,0.000322108041
348.0,0.429625,0.39325,0.000322108041
348.0,0.429625,0.393125,0.000322108041
348.0,0.429125,0.393125,0.000322108041
348.0,0.429375,0.393,0.000322108041
348.0,0.429625,0.393125,0.000322108041
348.0,0.42975,0.393,0.000322108041
348.0,0.429375,0.393125,0.000322108041
348.0,0.42925,0.39325,0.000322108041
348.0,0.42925,0.39325,0.000322108041
348.0,0.429625,0.393375,0.000322108041
348.0,0.42925,0.393375,0.000322108041
348.0,0.42925,0.393125,0.000322108041
348.0,0.429375,0.3935,0.000322108041
348.0,0.4295,0.3935,0.000322108041
348.0,0.4295,0.3935,0.000322108041
348.0,0.429625,0.393625,0.000322108041
348.0,0.42975,0.393375,0.000322108041
348.0,0.4295,0.393,0.000322108041
348.0,0.42925,0.392875,0.000322108041
348.0,0.42925,0.393,0.000322108041
348.0,0.429375,0.393,0.000322108041
348.0,0.429875,0.393,0.000322108041
348.0,0.429875,0.392875,0.000322108041
348.0,0.4295,0.393125,0.000322108041
348.0,0.4295,0.393125,0.000322108041
348.0,0.42925,0.3935,0.000322108041
348.0,0.42925,0.393375,0.000322108041
348.0,0.429125,0.393375,0.000322108041
348.0,0.429125,0.39325,0.000322108041
348.0,0.42925,0.393375,0.000322108041
348.0,0.42925,0.393375,0.000322108041
348.0,0.429,0.3935,0.000322108041
348.0,0.4295,0.3935,0.000322108041
348.0,0.429625,0.39325,0.000322108041
348.0,0.429625,0.393,0.000322108041
348.0,0.4295,0.393125,0.000322108041
348.0,0.4295,0.393125,0.000322108041
348.0,0.42975,0.393125,0.000322108041
348.0,0.42975,0.393125,0.000322108041
348.0,0.429625,0.393,0.000322108041
348.0,0.429375,0.393125,0.000322108041
348.0,0.429625,0.39325,0.000322108041
348.0,0.429375,0.393375,0.000322108041
348.0,0.4295,0.393125,0.000322108041
348.0,0.429625,0.393375,0.000322108041
348.0,0.429625,0.393375,0.000322108041
348.0,0.429625,0.393375,0.000322108041
348.0,0.429625,0.393375,0.000322108041
348.0,0.429375,0.3935,0.000322108041
348.0,0.429375,0.3935,0.000322108041
348.0,0.429625,0.39325,0.000322108041
348.0,0.42975,0.39325,0.000322108041
348.0,0.429375,0.393125,0.000322108041
348.0,0.4295,0.393125,0.000322108041
348.0,0.4295,0.393,0.000322108041
348.0,0.429125,0.392875,0.000322108041
348.0,0.429375,0.393,0.000322108041
348.0,0.4295,0.393375,0.000322108041
348.0,0.429375,0.39325,0.000322108041
348.0,0.429125,0.393375,0.000322108041
348.0,0.4295,0.3935,0.000322108041
348.0,0.4295,0.3935,0.000322108041
348.0,0.4295,0.3935,0.000322108041
348.0,0.4295,0.39325,0.000322108041
348.0,0.429375,0.3935,0.000322108041
348.0,0.429375,0.3935,0.000322108041
348.0,0.429125,0.3935,0.000322108041
348.0,0.429125,0.393375,0.000322108041
348.0,0.429625,0.393125,0.000322108041
348.0,0.4295,0.393,0.000322108041
348.0,0.4295,0.39325,0.000322108041
348.0,0.429375,0.393125,0.000322108041
348.0,0.42975,0.393125,0.000322108041
348.0,0.429625,0.39325,0.000322108041
348.0,0.429375,0.39325,0.000322108041
348.0,0.42925,0.39325,0.000322108041
348.0,0.429125,0.393375,0.000322108041
348.0,0.429125,0.393375,0.000322108041
348.0,0.429125,0.393375,0.000322108041
348.0,0.428875,0.39325,0.000322108041
348.0,0.428875,0.393375,0.000322108041
348.0,0.429375,0.3935,0.000322108041
348.0,0.4295,0.393625,0.000322108041
348.0,0.4295,0.393375,0.000322108041
348.0,0.42975,0.39325,0.000322108041
348.0,0.42975,0.393,0.000322108041
348.0,0.429,0.393125,0.000322108041
348.0,0.429,0.393125,0.000322108041
348.0,0.429375,0.393,0.000322108041
348.0,0.429875,0.393,0.000322108041
348.0,0.4295,0.393125,0.000322108041
348.0,0.42925,0.393125,0.000322108041
348.0,0.42925,0.39325,0.000322108041
348.0,0.4295,0.393375,0.000322108041
348.0,0.4295,0.393375,0.000322108041
348.0,0.42925,0.39325,0.000322108041
348.0,0.42925,0.39325,0.000322108041
348.0,0.4295,0.3935,0.000322108041
348.0,0.42975,0.3935,0.000322108041
348.0,0.429625,0.39325,0.000322108041
348.0,0.42925,0.39325,0.000322108041
348.0,0.429625,0.39325,0.000322108041
348.0,0.4295,0.393125,0.000322108041
348.0,0.42925,0.393125,0.000322108041
348.0,0.429375,0.39325,0.000322108041
348.0,0.42925,0.393,0.000322108041
348.0,0.429375,0.392875,0.000322108041
348.0,0.42975,0.39325,0.000322108041
348.0,0.429375,0.393375,0.000322108041
348.0,0.429,0.3935,0.000322108041
348.0,0.429,0.393375,0.000322108041
348.0,0.429375,0.393375,0.000322108041
348.0,0.4295,0.393375,0.000322108041
348.0,0.42925,0.393375,0.000322108041
348.0,0.42925,0.393375,0.000322108041
348.0,0.429625,0.3935,0.000322108041
348.0,0.43,0.393375,0.000322108041
348.0,0.42975,0.393125,0.000322108041
348.0,0.4295,0.392875,0.000322108041
348.0,0.429375,0.392875,0.000322108041
348.0,0.429375,0.393125,0.000322108041
348.0,0.429625,0.393125,0.000322108041
348.0,0.429625,0.393125,0.000322108041
348.0,0.429375,0.393125,0.000322108041
348.0,0.4295,0.393125,0.000322108041
348.0,0.42925,0.393375,0.000322108041
348.0,0.429,0.393375,0.000322108041
348.0,0.429,0.393375,0.000322108041
348.0,0.429,0.393375,0.000322108041
348.0,0.429125,0.3935,0.000322108041
348.0,0.429,0.393375,0.000322108041
348.0,0.429375,0.3935,0.000322108041
348.0,0.42925,0.3935,0.000322108041
348.0,0.4295,0.393375,0.000322108041
348.0,0.429125,0.393375,0.000322108041
348.0,0.42925,0.39325,0.000322108041
348.0,0.429125,0.393,0.000322108041
348.0,0.429375,0.393125,0.000322108041
348.0,0.4295,0.393125,0.000322108041
348.0,0.429375,0.393125,0.000322108041
348.0,0.429125,0.39325,0.000322108041
348.0,0.42875,0.393125,0.000322108041
348.0,0.42925,0.393375,0.000322108041
348.0,0.42925,0.393375,0.000322108041
348.0,0.42925,0.393375,0.000322108041
348.0,0.429625,0.393375,0.000322108041
348.0,0.429625,0.393375,0.000322108041
348.0,0.429625,0.3935,0.000322108041
348.0,0.430125,0.393375,0.000322108041
348.0,0.429875,0.39325,0.000322108041
348.0,0.429375,0.39325,0.000322108041
348.0,0.4295,0.393125,0.000322108041
348.0,0.42925,0.392875,0.000322108041
348.0,0.429,0.393125,0.000322108041
348.0,0.4295,0.393125,0.000322108041
348.0,0.4295,0.393125,0.000322108041
348.0,0.429875,0.393,0.000322108041
348.0,0.429625,0.393375,0.000322108041
349.0,0.4695,0.358625,0.000321866595
349.0,0.469375,0.358375,0.000321866595
349.0,0.469375,0.35825,0.000321866595
349.0,0.469375,0.35825,0.000321866595
349.0,0.469625,0.358375,0.000321866595
349.0,0.46975,0.358125,0.000321866595
349.0,0.47,0.35825,0.000321866595
349.0,0.46975,0.358375,0.000321866595
349.0,0.46975,0.358375,0.000321866595
349.0,0.4695,0.358375,0.000321866595
349.0,0.468875,0.3585,0.000321866595
349.0,0.4685,0.358625,0.000321866595
349.0,0.468875,0.358625,0.000321866595
349.0,0.469125,0.358625,0.000321866595
349.0,0.469375,0.358625,0.000321866595
349.0,0.4695,0.35875,0.000321866595
349.0,0.4695,0.358875,0.000321866595
349.0,0.46975,0.358625,0.000321866595
349.0,0.469625,0.3585,0.000321866595
349.0,0.4695,0.358125,0.000321866595
349.0,0.4695,0.35825,0.000321866595
349.0,0.469625,0.35825,0.000321866595
349.0,0.46975,0.35825,0.000321866595
349.0,0.469625,0.35825,0.000321866595
349.0,0.469625,0.35825,0.000321866595
349.0,0.4695,0.3585,0.000321866595
349.0,0.4695,0.358625,0.000321866595
349.0,0.469125,0.358625,0.000321866595
349.0,0.469,0.358625,0.000321866595
349.0,0.469,0.358625,0.000321866595
349.0,0.469125,0.3585,0.000321866595
349.0,0.46925,0.358625,0.000321866595
349.0,0.46925,0.35875,0.000321866595
349.0,0.4695,0.35875,0.000321866595
349.0,0.46925,0.358375,0.000321866595
349.0,0.469125,0.358375,0.000321866595
349.0,0.46925,0.358375,0.000321866595
349.0,0.4695,0.3585,0.000321866595
349.0,0.46975,0.3585,0.000321866595
349.0,0.46975,0.358375,0.000321866595
349.0,0.46975,0.358375,0.000321866595
349.0,0.46975,0.358375,0.000321866595
349.0,0.469625,0.3585,0.000321866595
349.0,0.4695,0.35875,0.000321866595
349.0,0.46925,0.35875,0.000321866595
349.0,0.4695,0.358625,0.000321866595
349.0,0.4695,0.3585,0.000321866595
349.0,0.469,0.358625,0.000321866595
349.0,0.469,0.358625,0.000321866595
349.0,0.469125,0.35875,0.000321866595
349.0,0.469625,0.35875,0.000321866595
349.0,0.469625,0.3585,0.000321866595
349.0,0.469625,0.35825,0.000321866595
349.0,0.469375,0.358375,0.000321866595
349.0,0.4695,0.3585,0.000321866595
349.0,0.46975,0.358375,0.000321866595
349.0,0.469875,0.35825,0.000321866595
349.0,0.469875,0.35825,0.000321866595
349.0,0.4695,0.358375,0.000321866595
349.0,0.4695,0.3585,0.000321866595
349.0,0.469375,0.358375,0.000321866595
349.0,0.46925,0.358375,0.000321866595
349.0,0.469125,0.3585,0.000321866595
349.0,0.469125,0.358375,0.000321866595
349.0,0.469,0.35875,0.000321866595
349.0,0.4695,0.35875,0.000321866595
349.0,0.469625,0.358875,0.000321866595
349.0,0.4695,0.35875,0.000321866595
349.0,0.4695,0.3585,0.000321866595
349.0,0.4695,0.35825,0.000321866595
349.0,0.469125,0.35825,0.000321866595
349.0,0.4695,0.35825,0.000321866595
349.0,0.469875,0.358375,0.000321866595
349.0,0.469875,0.358375,0.000321866595
349.0,0.469625,0.358375,0.000321866595
349.0,0.46925,0.3585,0.000321866595
349.0,0.469,0.358375,0.000321866595
349.0,0.468875,0.358375,0.000321866595
349.0,0.469,0.3585,0.000321866595
349.0,0.469125,0.358625,0.000321866595
349.0,0.468875,0.358625,0.000321866595
349.0,0.469125,0.35875,0.000321866595
349.0,0.46925,0.358875,0.000321866595
349.0,0.469375,0.35875,0.000321866595
349.0,0.469,0.3585,0.000321866595
349.0,0.469375,0.358625,0.000321866595
349.0,0.469375,0.3585,0.000321866595
349.0,0.469,0.358375,0.000321866595
349.0,0.4695,0.358375,0.000321866595
349.0,0.4695,0.358375,0.000321866595
349.0,0.4695,0.358375,0.000321866595
349.0,0.469625,0.3585,0.000321866595
349.0,0.4695,0.35875,0.000321866595
349.0,0.469,0.358625,0.000321866595
349.0,0.469,0.35875,0.000321866595
349.0,0.46875,0.358625,0.000321866595
349.0,0.469125,0.35875,0.000321866595
349.0,0.469,0.35875,0.000321866595
349.0,0.46925,0.358875,0.000321866595
349.0,0.469625,0.35875,0.000321866595
349.0,0.4695,0.358625,0.000321866595
349.0,0.46975,0.358375,0.000321866595
349.0,0.4695,0.358375,0.000321866595
349.0,0.469375,0.358375,0.000321866595
349.0,0.469375,0.358375,0.000321866595
349.0,0.469375,0.358375,0.000321866595
349.0,0.46975,0.3585,0.000321866595
349.0,0.46975,0.358375,0.000321866595
349.0,0.469375,0.3585,0.000321866595
349.0,0.468875,0.358375,0.000321866595
349.0,0.46925,0.3585,0.000321866595
349.0,0.469,0.358625,0.000321866595
349.0,0.469,0.358625,0.000321866595
349.0,0.469375,0.358625,0.000321866595
349.0,0.469125,0.358625,0.000321866595
349.0,0.469625,0.35875,0.000321866595
349.0,0.469625,0.35875,0.000321866595
349.0,0.469625,0.3585,0.000321866595
349.0,0.469625,0.3585,0.000321866595
349.0,0.469375,0.358375,0.000321866595
349.0,0.469125,0.3585,0.000321866595
349.0,0.469125,0.3585,0.000321866595
349.0,0.469625,0.358375,0.000321866595
349.0,0.4695,0.35825,0.000321866595
349.0,0.469375,0.35825,0.000321866595
349.0,0.4695,0.358375,0.000321866595
349.0,0.469125,0.358625,0.000321866595
349.0,0.468875,0.358625,0.000321866595
349.0,0.469125,0.358625,0.000321866595
349.0,0.469125,0.35875,0.000321866595
349.0,0.469125,0.3585,0.000321866595
349.0,0.469,0.35875,0.000321866595
349.0,0.46925,0.358875,0.000321866595
349.0,0.46925,0.358625,0.000321866595
349.0,0.46925,0.358375,0.000321866595
349.0,0.469625,0.3585,0.000321866595
349.0,0.4695,0.3585,0.000321866595
349.0,0.4695,0.3585,0.000321866595
349.0,0.4695,0.3585,0.000321866595
349.0,0.46975,0.358375,0.000321866595
349.0,0.469625,0.35825,0.000321866595
349.0,0.4695,0.358375,0.000321866595
349.0,0.469375,0.358625,0.000321866595
349.0,0.469125,0.35875,0.000321866595
349.0,0.469375,0.358625,0.000321866595
349.0,0.469375,0.35875,0.000321866595
349.0,0.469375,0.3585,0.000321866595
349.0,0.469125,0.35825,0.000321866595
349.0,0.46925,0.358625,0.000321866595
349.0,0.469,0.358625,0.000321866595
349.0,0.469125,0.35875,0.000321866595
349.0,0.469125,0.3585,0.000321866595
349.0,0.469375,0.358375,0.000321866595
349.0,0.469,0.35825,0.000321866595
349.0,0.469,0.35825,0.000321866595
349.0,0.469125,0.35825,0.000321866595
349.0,0.46925,0.35825,0.000321866595
349.0,0.4695,0.35825,0.000321866595
349.0,0.469125,0.3585,0.000321866595
349.0,0.469125,0.358375,0.000321866595
349.0,0.46925,0.3585,0.000321866595
349.0,0.469125,0.3585,0.000321866595
349.0,0.469125,0.3585,0.000321866595
349.0,0.468875,0.3585,0.000321866595
349.0,0.468875,0.358625,0.000321866595
349.0,0.469125,0.359,0.000321866595
349.0,0.4695,0.358875,0.000321866595
349.0,0.46975,0.358625,0.000321866595
349.0,0.469625,0.358375,0.000321866595
350.0,0.51,0.325875,0.000322059321
350.0,0.509875,0.325625,0.000322059321
350.0,0.50975,0.325875,0.000322059321
350.0,0.51,0.326125,0.000322059321
350.0,0.50975,0.326,0.000322059321
350.0,0.50975,0.325875,0.000322059321
350.0,0.50975,0.326,0.000322059321
350.0,0.50925,0.326,0.000322059321
350.0,0.50925,0.326,0.000322059321
350.0,0.50925,0.326125,0.000322059321
350.0,0.509625,0.326125,0.000322059321
350.0,0.509875,0.326125,0.000322059321
350.0,0.509875,0.325875,0.000322059321
350.0,0.510125,0.326,0.000322059321
350.0,0.510125,0.326,0.000322059321
350.0,0.510125,0.32575,0.000322059321
350.0,0.510125,0.325875,0.000322059321
350.0,0.509875,0.32575,0.000322059321
350.0,0.510125,0.325625,0.000322059321
350.0,0.509875,0.325875,0.000322059321
350.0,0.50975,0.326,0.000322059321
350.0,0.509625,0.326125,0.000322059321
350.0,0.5095,0.326125,0.000322059321
350.0,0.50925,0.326125,0.000322059321
350.0,0.50925,0.326125,0.000322059321
350.0,0.509125,0.326,0.000322059321
350.0,0.50975,0.326125,0.000322059321
350.0,0.509875,0.326375,0.000322059321
350.0,0.509875,0.326375,0.000322059321
350.0,0.5095,0.326375,0.000322059321
350.0,0.509625,0.325875,0.000322059321
350.0,0.509625,0.325875,0.000322059321
350.0,0.50975,0.325875,0.000322059321
350.0,0.510125,0.326,0.000322059321
350.0,0.51025,0.32575,0.000322059321
350.0,0.509875,0.32575,0.000322059321
350.0,0.509625,0.326,0.000322059321
350.0,0.509875,0.326,0.000322059321
350.0,0.50975,0.326125,0.000322059321
350.0,0.5095,0.326125,0.000322059321
350.0,0.5095,0.326125,0.000322059321
350.0,0.509375,0.326125,0.000322059321
350.0,0.509875,0.326,0.000322059321
350.0,0.51,0.326125,0.000322059321
350.0,0.509875,0.326375,0.000322059321
350.0,0.50975,0.326125,0.000322059321
350.0,0.51,0.326,0.000322059321
350.0,0.509625,0.326,0.000322059321
350.0,0.509625,0.326,0.000322059321
350.0,0.5095,0.325875,0.000322059321
350.0,0.509625,0.325875,0.000322059321
350.0,0.50975,0.32575,0.000322059321
350.0,0.50975,0.32575,0.000322059321
350.0,0.509625,0.326,0.000322059321
350.0,0.50975,0.32625,0.000322059321
350.0,0.509375,0.326125,0.000322059321
350.0,0.50925,0.326125,0.000322059321
350.0,0.50925,0.326125,0.000322059321
350.0,0.50925,0.326125,0.000322059321
350.0,0.509375,0.326,0.000322059321
350.0,0.509625,0.325875,0.000322059321
350.0,0.50975,0.326,0.000322059321
350.0,0.509875,0.32575,0.000322059321
350.0,0.509875,0.32575,0.000322059321
350.0,0.51,0.32575,0.000322059321
350.0,0.50975,0.32575,0.000322059321
350.0,0.509625,0.32575,0.000322059321
350.0,0.51,0.325875,0.000322059321
350.0,0.51,0.325875,0.000322059321
350.0,0.509875,0.326,0.000322059321
350.0,0.5095,0.325875,0.000322059321
350.0,0.5095,0.326125,0.000322059321
350.0,0.509375,0.32625,0.000322059321
350.0,0.509375,0.32625,0.000322059321
350.0,0.50925,0.326125,0.000322059321
350.0,0.509625,0.326125,0.000322059321
350.0,0.50925,0.326125,0.000322059321
350.0,0.5095,0.32625,0.000322059321
350.0,0.5095,0.32625,0.000322059321
350.0,0.50975,0.326125,0.000322059321
350.0,0.5105,0.325875,0.000322059321
350.0,0.51025,0.325875,0.000322059321
350.0,0.509625,0.32575,0.000322059321
350.0,0.50975,0.32575,0.000322059321
350.0,0.50975,0.325625,0.000322059321
350.0,0.509625,0.32575,0.000322059321
350.0,0.509875,0.32575,0.000322059321
350.0,0.509625,0.326,0.000322059321
350.0,0.509875,0.326125,0.000322059321
350.0,0.509875,0.326125,0.000322059321
350.0,0.510125,0.326125,0.000322059321
350.0,0.509875,0.326125,0.000322059321
350.0,0.509375,0.326,0.000322059321
350.0,0.5095,0.32625,0.000322059321
350.0,0.5095,0.326375,0.000322059321
350.0,0.509875,0.32625,0.000322059321
350.0,0.509875,0.326125,0.000322059321
350.0,0.510125,0.326,0.000322059321
350.0,0.51025,0.325875,0.000322059321
350.0,0.509875,0.325875,0.000322059321
350.0,0.509875,0.325875,0.000322059321
350.0,0.50975,0.325875,0.000322059321
350.0,0.509875,0.326,0.000322059321
350.0,0.51,0.32625,0.000322059321
350.0,0.509875,0.326,0.000322059321
350.0,0.509875,0.326,0.000322059321
350.0,0.509625,0.326125,0.000322059321
350.0,0.509625,0.326125,0.000322059321
350.0,0.5095,0.326125,0.000322059321
350.0,0.50975,0.326125,0.000322059321
350.0,0.509625,0.32625,0.000322059321
350.0,0.509625,0.326125,0.000322059321
350.0,0.51,0.326125,0.000322059321
350.0,0.510125,0.326,0.000322059321
350.0,0.510375,0.325875,0.000322059321
350.0,0.509875,0.325625,0.000322059321
350.0,0.50975,0.326,0.000322059321
350.0,0.50975,0.32575,0.000322059321
350.0,0.50975,0.32575,0.000322059321
350.0,0.5095,0.325625,0.000322059321
350.0,0.509875,0.326,0.000322059321
350.0,0.509875,0.326,0.000322059321
350.0,0.51,0.325875,0.000322059321
350.0,0.50975,0.326,0.000322059321
350.0,0.509875,0.326125,0.000322059321
350.0,0.509625,0.326125,0.000322059321
350.0,0.509875,0.326,0.000322059321
350.0,0.51,0.326125,0.000322059321
350.0,0.51025,0.32625,0.000322059321
350.0,0.51025,0.326125,0.000322059321
350.0,0.51,0.325875,0.000322059321
350.0,0.509625,0.32575,0.000322059321
350.0,0.50975,0.325875,0.000322059321
350.0,0.510125,0.326,0.000322059321
350.0,0.510125,0.325875,0.000322059321
350.0,0.510125,0.326,0.000322059321
350.0,0.51,0.326,0.000322059321
350.0,0.51,0.326125,0.000322059321
350.0,0.509875,0.326125,0.000322059321
350.0,0.509625,0.326,0.000322059321
350.0,0.509875,0.32625,0.000322059321
350.0,0.510125,0.326125,0.000322059321
350.0,0.51,0.326,0.000322059321
350.0,0.509875,0.326125,0.000322059321
350.0,0.51,0.32625,0.000322059321
350.0,0.509875,0.32625,0.000322059321
350.0,0.509875,0.326,0.000322059321
350.0,0.51,0.32575,0.000322059321
350.0,0.510125,0.325875,0.000322059321
350.0,0.50975,0.32575,0.000322059321
350.0,0.509625,0.326,0.000322059321
350.0,0.50975,0.32575,0.000322059321
350.0,0.509875,0.325625,0.000322059321
350.0,0.509625,0.325875,0.000322059321
350.0,0.509625,0.325875,0.000322059321
350.0,0.50925,0.326125,0.000322059321
350.0,0.509125,0.326,0.000322059321
350.0,0.509625,0.326125,0.000322059321
350.0,0.509625,0.326125,0.000322059321
350.0,0.5095,0.326125,0.000322059321
350.0,0.5095,0.32625,0.000322059321
350.0,0.509875,0.326125,0.000322059321
350.0,0.509625,0.325875,0.000322059321
350.0,0.509875,0.325875,0.000322059321
350.0,0.509875,0.325875,0.000322059321
350.0,0.50975,0.325875,0.000322059321
350.0,0.509625,0.32575,0.000322059321
350.0,0.50975,0.32575,0.000322059321
350.0,0.509625,0.32575,0.000322059321
351.0,0.552125,0.294625,0.000321981526
351.0,0.55225,0.294375,0.000321981526
351.0,0.552125,0.2945,0.000321981526
351.0,0.552125,0.294625,0.000321981526
351.0,0.55225,0.2945,0.000321981526
351.0,0.552,0.2945,0.000321981526
351.0,0.5525,0.294375,0.000321981526
351.0,0.55275,0.29425,0.000321981526
351.0,0.55275,0.29425,0.000321981526
351.0,0.5525,0.294375,0.000321981526
351.0,0.552625,0.294125,0.000321981526
351.0,0.552625,0.294,0.000321981526
351.0,0.552625,0.294125,0.000321981526
351.0,0.552375,0.294,0.000321981526
351.0,0.5525,0.29425,0.000321981526
351.0,0.552375,0.2945,0.000321981526
351.0,0.552125,0.294375,0.000321981526
351.0,0.55225,0.294375,0.000321981526
351.0,0.552125,0.294375,0.000321981526
351.0,0.55225,0.2945,0.000321981526
351.0,0.552375,0.294375,0.000321981526
351.0,0.552375,0.294375,0.000321981526
351.0,0.5525,0.29425,0.000321981526
351.0,0.55225,0.294375,0.000321981526
351.0,0.552375,0.294125,0.000321981526
351.0,0.552375,0.294125,0.000321981526
351.0,0.552375,0.294125,0.000321981526
351.0,0.5525,0.29425,0.000321981526
351.0,0.552125,0.294125,0.000321981526
351.0,0.55225,0.294125,0.000321981526
351.0,0.552125,0.29425,0.000321981526
351.0,0.552,0.294625,0.000321981526
351.0,0.552375,0.2945,0.000321981526
351.0,0.5525,0.2945,0.000321981526
351.0,0.552125,0.2945,0.000321981526
351.0,0.551875,0.29425,0.000321981526
351.0,0.55225,0.2945,0.000321981526
351.0,0.552375,0.2945,0.000321981526
351.0,0.552625,0.294375,0.000321981526
351.0,0.552625,0.294125,0.000321981526
351.0,0.552375,0.29425,0.000321981526
351.0,0.552375,0.29425,0.000321981526
351.0,0.55225,0.29425,0.000321981526
351.0,0.552625,0.294,0.000321981526
351.0,0.553,0.294125,0.000321981526
351.0,0.55275,0.29425,0.000321981526
351.0,0.55225,0.29425,0.000321981526
351.0,0.55225,0.294375,0.000321981526
351.0,0.55225,0.29425,0.000321981526
351.0,0.55225,0.2945,0.000321981526
351.0,0.551875,0.2945,0.000321981526
351.0,0.552,0.2945,0.000321981526
351.0,0.552,0.2945,0.000321981526
351.0,0.552625,0.294625,0.000321981526
351.0,0.552875,0.2945,0.000321981526
351.0,0.552625,0.2945,0.000321981526
351.0,0.5525,0.294375,0.000321981526
351.0,0.5525,0.294375,0.000321981526
351.0,0.55275,0.294125,0.000321981526
351.0,0.552375,0.294125,0.000321981526
351.0,0.55225,0.294125,0.000321981526
351.0,0.552375,0.294125,0.000321981526
351.0,0.552875,0.294,0.000321981526
351.0,0.55275,0.294125,0.000321981526
351.0,0.552375,0.294375,0.000321981526
351.0,0.5525,0.2945,0.000321981526
351.0,0.55225,0.294625,0.000321981526
351.0,0.552125,0.2945,0.000321981526
351.0,0.552125,0.2945,0.000321981526
351.0,0.551625,0.2945,0.000321981526
351.0,0.55225,0.2945,0.000321981526
351.0,0.552625,0.2945,0.000321981526
351.0,0.5525,0.294375,0.000321981526
351.0,0.5525,0.294375,0.000321981526
351.0,0.55275,0.294375,0.000321981526
351.0,0.552625,0.29425,0.000321981526
351.0,0.552375,0.29425,0.000321981526
351.0,0.5525,0.29425,0.000321981526
351.0,0.5525,0.294,0.000321981526
351.0,0.551875,0.294,0.000321981526
351.0,0.552,0.29425,0.000321981526
351.0,0.551875,0.2945,0.000321981526
351.0,0.552,0.294375,0.000321981526
351.0,0.551875,0.294375,0.000321981526
351.0,0.552125,0.294625,0.000321981526
351.0,0.55225,0.294375,0.000321981526
351.0,0.552125,0.294375,0.000321981526
351.0,0.552,0.2945,0.000321981526
351.0,0.552125,0.2945,0.000321981526
351.0,0.552125,0.2945,0.000321981526
351.0,0.5525,0.29425,0.000321981526
351.0,0.5525,0.29425,0.000321981526
351.0,0.552375,0.294125,0.000321981526
351.0,0.552375,0.29425,0.000321981526
351.0,0.5525,0.294375,0.000321981526
351.0,0.552625,0.29425,0.000321981526
351.0,0.5525,0.294125,0.000321981526
351.0,0.552,0.294375,0.000321981526
351.0,0.552125,0.2945,0.000321981526
351.0,0.551875,0.2945,0.000321981526
351.0,0.552,0.294375,0.000321981526
351.0,0.552125,0.294375,0.000321981526
351.0,0.552375,0.294375,0.000321981526
351.0,0.55225,0.2945,0.000321981526
351.0,0.55225,0.2945,0.000321981526
351.0,0.55225,0.2945,0.000321981526
351.0,0.55225,0.294375,0.000321981526
351.0,0.55225,0.2945,0.000321981526
351.0,0.55275,0.294375,0.000321981526
351.0,0.552625,0.29425,0.000321981526
351.0,0.55225,0.29425,0.000321981526
351.0,0.552375,0.294125,0.000321981526
351.0,0.552625,0.294125,0.000321981526
351.0,0.55275,0.294125,0.000321981526
351.0,0.55225,0.294,0.000321981526
351.0,0.552375,0.294375,0.000321981526
351.0,0.552375,0.294625,0.000321981526
351.0,0.552,0.2945,0.000321981526
351.0,0.551875,0.294375,0.000321981526
351.0,0.5525,0.2945,0.000321981526
351.0,0.552625,0.294625,0.000321981526
351.0,0.55275,0.294625,0.000321981526
351.0,0.55275,0.294625,0.000321981526
351.0,0.55275,0.294375,0.000321981526
351.0,0.552625,0.2945,0.000321981526
351.0,0.552375,0.2945,0.000321981526
351.0,0.5525,0.294375,0.000321981526
351.0,0.55275,0.29425,0.000321981526
351.0,0.55275,0.294125,0.000321981526
351.0,0.552375,0.294125,0.000321981526
351.0,0.552125,0.294125,0.000321981526
351.0,0.552375,0.294375,0.000321981526
351.0,0.552,0.294375,0.000321981526
351.0,0.55225,0.2945,0.000321981526
351.0,0.552375,0.294375,0.000321981526
351.0,0.552125,0.294625,0.000321981526
351.0,0.552375,0.29475,0.000321981526
351.0,0.55275,0.294625,0.000321981526
351.0,0.55275,0.294625,0.000321981526
351.0,0.5525,0.2945,0.000321981526
351.0,0.55225,0.294375,0.000321981526
351.0,0.552,0.294375,0.000321981526
351.0,0.552125,0.29425,0.000321981526
351.0,0.55225,0.294125,0.000321981526
351.0,0.552625,0.294375,0.000321981526
351.0,0.552625,0.294125,0.000321981526
351.0,0.553,0.29425,0.000321981526
351.0,0.55275,0.2945,0.000321981526
351.0,0.55225,0.2945,0.000321981526
351.0,0.552,0.294375,0.000321981526
351.0,0.552125,0.2945,0.000321981526
351.0,0.552125,0.294375,0.000321981526
351.0,0.552,0.294375,0.000321981526
351.0,0.552,0.2945,0.000321981526
351.0,0.552,0.2945,0.000321981526
351.0,0.5525,0.29475,0.000321981526
351.0,0.5525,0.2945,0.000321981526
351.0,0.55275,0.294125,0.000321981526
351.0,0.55275,0.294125,0.000321981526
351.0,0.55225,0.29425,0.000321981526
351.0,0.552,0.29425,0.000321981526
351.0,0.5525,0.29425,0.000321981526
351.0,0.5525,0.294,0.000321981526
351.0,0.5525,0.294375,0.000321981526
351.0,0.55225,0.2945,0.000321981526
351.0,0.552125,0.2945,0.000321981526
351.0,0.551875,0.294375,0.000321981526
351.0,0.552125,0.294375,0.000321981526
351.0,0.5525,0.294375,0.000321981526
352.0,0.596375,0.263875,0.000322008244
352.0,0.596625,0.264,0.000322008244
352.0,0.596625,0.264,0.000322008244
352.0,0.59625,0.264125,0.000322008244
352.0,0.596125,0.26425,0.000322008244
352.0,0.596,0.264125,0.000322008244
352.0,0.595875,0.264125,0.000322008244
352.0,0.596125,0.26425,0.000322008244
352.0,0.596125,0.26425,0.000322008244
352.0,0.596375,0.26425,0.000322008244
352.0,0.595875,0.264125,0.000322008244
352.0,0.596,0.264375,0.000322008244
352.0,0.59625,0.264375,0.000322008244
352.0,0.596375,0.264375,0.000322008244
352.0,0.596625,0.264125,0.000322008244
352.0,0.596625,0.264125,0.000322008244
352.0,0.5965,0.263875,0.000322008244
352.0,0.596625,0.263875,0.000322008244
352.0,0.59675,0.264,0.000322008244
352.0,0.596375,0.263875,0.000322008244
352.0,0.596625,0.264125,0.000322008244
352.0,0.5965,0.264,0.000322008244
352.0,0.596375,0.264125,0.000322008244
352.0,0.5965,0.264375,0.000322008244
352.0,0.596625,0.264375,0.000322008244
352.0,0.596625,0.264375,0.000322008244
352.0,0.596625,0.264125,0.000322008244
352.0,0.596375,0.264125,0.000322008244
352.0,0.596625,0.264125,0.000322008244
352.0,0.596625,0.26425,0.000322008244
352.0,0.59675,0.26425,0.000322008244
352.0,0.596625,0.264375,0.000322008244
352.0,0.59675,0.264125,0.000322008244
352.0,0.596625,0.264125,0.000322008244
352.0,0.596875,0.264,0.000322008244
352.0,0.596875,0.264,0.000322008244
352.0,0.596875,0.26375,0.000322008244
352.0,0.596875,0.263875,0.000322008244
352.0,0.5965,0.264125,0.000322008244
352.0,0.5965,0.264125,0.000322008244
352.0,0.5965,0.264125,0.000322008244
352.0,0.5965,0.264125,0.000322008244
352.0,0.59625,0.264125,0.000322008244
352.0,0.59625,0.264125,0.000322008244
352.0,0.596,0.264375,0.000322008244
352.0,0.596,0.264375,0.000322008244
352.0,0.596625,0.26425,0.000322008244
352.0,0.59675,0.264125,0.000322008244
352.0,0.596875,0.26425,0.000322008244
352.0,0.5965,0.264,0.000322008244
352.0,0.596,0.264,0.000322008244
352.0,0.5965,0.264,0.000322008244
352.0,0.596625,0.264,0.000322008244
352.0,0.59675,0.263875,0.000322008244
352.0,0.596625,0.264125,0.000322008244
352.0,0.596375,0.26425,0.000322008244
352.0,0.5965,0.26425,0.000322008244
352.0,0.5965,0.26425,0.000322008244
352.0,0.596125,0.264125,0.000322008244
352.0,0.596,0.264375,0.000322008244
352.0,0.595875,0.26425,0.000322008244
352.0,0.5965,0.2645,0.000322008244
352.0,0.596625,0.264375,0.000322008244
352.0,0.596375,0.26425,0.000322008244
352.0,0.59625,0.264125,0.000322008244
352.0,0.59675,0.264,0.000322008244
352.0,0.5965,0.264,0.000322008244
352.0,0.59625,0.264,0.000322008244
352.0,0.59625,0.264125,0.000322008244
352.0,0.596375,0.264125,0.000322008244
352.0,0.59625,0.26425,0.000322008244
352.0,0.59625,0.26425,0.000322008244
352.0,0.596375,0.264,0.000322008244
352.0,0.596375,0.264,0.000322008244
352.0,0.5965,0.264375,0.000322008244
352.0,0.5965,0.264375,0.000322008244
352.0,0.596125,0.26425,0.000322008244
352.0,0.595875,0.26425,0.000322008244
352.0,0.596,0.264375,0.000322008244
352.0,0.596875,0.264375,0.000322008244
352.0,0.59675,0.264375,0.000322008244
352.0,0.5965,0.264375,0.000322008244
352.0,0.596375,0.264,0.000322008244
352.0,0.59675,0.263875,0.000322008244
352.0,0.59675,0.264,0.000322008244
352.0,0.59675,0.264125,0.000322008244
352.0,0.5965,0.263875,0.000322008244
352.0,0.596375,0.264,0.000322008244
352.0,0.59625,0.264125,0.000322008244
352.0,0.59625,0.264125,0.000322008244
352.0,0.5965,0.264125,0.000322008244
352.0,0.596625,0.26425,0.000322008244
352.0,0.5965,0.26425,0.000322008244
352.0,0.596375,0.264125,0.000322008244
352.0,0.596375,0.26425,0.000322008244
352.0,0.5965,0.26425,0.000322008244
352.0,0.5965,0.264375,0.000322008244
352.0,0.596625,0.264375,0.000322008244
352.0,0.596625,0.26425,0.000322008244
352.0,0.5965,0.264,0.000322008244
352.0,0.596125,0.263875,0.000322008244
352.0,0.596625,0.264125,0.000322008244
352.0,0.59675,0.264,0.000322008244
352.0,0.596625,0.264125,0.000322008244
352.0,0.5965,0.263875,0.000322008244
352.0,0.5965,0.263875,0.000322008244
352.0,0.596375,0.264,0.000322008244
352.0,0.59625,0.26425,0.000322008244
352.0,0.59625,0.26425,0.000322008244
352.0,0.596375,0.264,0.000322008244
352.0,0.59625,0.264125,0.000322008244
352.0,0.596625,0.264375,0.000322008244
352.0,0.596875,0.26425,0.000322008244
352.0,0.596625,0.26425,0.000322008244
352.0,0.596625,0.264125,0.000322008244
352.0,0.59675,0.263875,0.000322008244
352.0,0.59675,0.264,0.000322008244
352.0,0.596625,0.264,0.000322008244
352.0,0.59725,0.264125,0.000322008244
352.0,0.596875,0.263875,0.000322008244
352.0,0.59625,0.264125,0.000322008244
352.0,0.596375,0.264125,0.000322008244
352.0,0.596375,0.264375,0.000322008244
352.0,0.5965,0.26425,0.000322008244
352.0,0.596375,0.26425,0.000322008244
352.0,0.5965,0.264375,0.000322008244
352.0,0.596375,0.26425,0.000322008244
352.0,0.596125,0.264375,0.000322008244
352.0,0.596375,0.264375,0.000322008244
352.0,0.596625,0.264375,0.000322008244
352.0,0.596625,0.264125,0.000322008244
352.0,0.596625,0.264,0.000322008244
352.0,0.596625,0.264125,0.000322008244
352.0,0.596375,0.263875,0.000322008244
352.0,0.596375,0.264,0.000322008244
352.0,0.59675,0.264125,0.000322008244
352.0,0.596375,0.264125,0.000322008244
352.0,0.59625,0.264125,0.000322008244
352.0,0.59625,0.264125,0.000322008244
352.0,0.596,0.264125,0.000322008244
352.0,0.596125,0.264125,0.000322008244
352.0,0.596375,0.26425,0.000322008244
352.0,0.59625,0.26425,0.000322008244
352.0,0.59625,0.264125,0.000322008244
352.0,0.5965,0.264125,0.000322008244
352.0,0.596375,0.2645,0.000322008244
352.0,0.5965,0.264375,0.000322008244
352.0,0.5965,0.26425,0.000322008244
352.0,0.59675,0.26425,0.000322008244
352.0,0.596625,0.264,0.000322008244
352.0,0.5965,0.264,0.000322008244
352.0,0.596875,0.264,0.000322008244
352.0,0.596875,0.264,0.000322008244
352.0,0.596625,0.264125,0.000322008244
352.0,0.596625,0.264125,0.000322008244
352.0,0.59675,0.26425,0.000322008244
352.0,0.596625,0.26425,0.000322008244
352.0,0.59625,0.26425,0.000322008244
352.0,0.59625,0.264375,0.000322008244
352.0,0.596375,0.264375,0.000322008244
352.0,0.596375,0.26425,0.000322008244
352.0,0.596,0.264375,0.000322008244
352.0,0.596375,0.2645,0.000322008244
352.0,0.5965,0.2645,0.000322008244
352.0,0.595875,0.2645,0.000322008244
352.0,0.596375,0.264125,0.000322008244
352.0,0.5965,0.264,0.000322008244
352.0,0.596625,0.264,0.000322008244
352.0,0.597,0.263875,0.000322008244
353.0,0.642375,0.235125,0.000321895233
353.0,0.642125,0.235125,0.000321895233
353.0,0.641875,0.235125,0.000321895233
353.0,0.64225,0.235125,0.000321895233
353.0,0.6425,0.235125,0.000321895233
353.0,0.642375,0.235,0.000321895233
353.0,0.642625,0.23525,0.000321895233
353.0,0.64225,0.235125,0.000321895233
353.0,0.64225,0.235125,0.000321895233
353.0,0.642125,0.235125,0.000321895233
353.0,0.641875,0.235375,0.000321895233
353.0,0.642,0.235125,0.000321895233
353.0,0.64225,0.23525,0.000321895233
353.0,0.64225,0.23525,0.000321895233
353.0,0.642375,0.2355,0.000321895233
353.0,0.6425,0.235625,0.000321895233
353.0,0.64225,0.2355,0.000321895233
353.0,0.6425,0.23525,0.000321895233
353.0,0.642125,0.235125,0.000321895233
353.0,0.642375,0.235,0.000321895233
353.0,0.642375,0.235,0.000321895233
353.0,0.64225,0.235125,0.000321895233
353.0,0.642375,0.234875,0.000321895233
353.0,0.64225,0.235,0.000321895233
353.0,0.64225,0.235,0.000321895233
353.0,0.641875,0.235125,0.000321895233
353.0,0.642,0.235125,0.000321895233
353.0,0.64225,0.23525,0.000321895233
353.0,0.642125,0.235375,0.000321895233
353.0,0.642125,0.235125,0.000321895233
353.0,0.642125,0.235375,0.000321895233
353.0,0.64225,0.2355,0.000321895233
353.0,0.64225,0.2355,0.000321895233
353.0,0.642375,0.23525,0.000321895233
353.0,0.642375,0.23525,0.000321895233
353.0,0.642125,0.23525,0.000321895233
353.0,0.642125,0.235,0.000321895233
353.0,0.64225,0.235125,0.000321895233
353.0,0.64225,0.235,0.000321895233
353.0,0.642,0.235125,0.000321895233
353.0,0.641625,0.235125,0.000321895233
353.0,0.641625,0.23525,0.000321895233
353.0,0.642125,0.235375,0.000321895233
353.0,0.642,0.235375,0.000321895233
353.0,0.64225,0.2355,0.000321895233
353.0,0.642125,0.235375,0.000321895233
353.0,0.641875,0.23525,0.000321895233
353.0,0.642125,0.23525,0.000321895233
353.0,0.64225,0.235375,0.000321895233
353.0,0.642,0.23525,0.000321895233
353.0,0.642375,0.235,0.000321895233
353.0,0.6425,0.235,0.000321895233
353.0,0.642125,0.23525,0.000321895233
353.0,0.642125,0.23525,0.000321895233
353.0,0.64225,0.235,0.000321895233
353.0,0.642375,0.234875,0.000321895233
353.0,0.6425,0.235,0.000321895233
353.0,0.6425,0.235,0.000321895233
353.0,0.642125,0.23525,0.000321895233
353.0,0.64175,0.23525,0.000321895233
353.0,0.642,0.235375,0.000321895233
353.0,0.6425,0.23525,0.000321895233
353.0,0.64225,0.235375,0.000321895233
353.0,0.64225,0.23525,0.000321895233
353.0,0.642375,0.235375,0.000321895233
353.0,0.642375,0.235375,0.000321895233
353.0,0.6425,0.23525,0.000321895233
353.0,0.642625,0.235,0.000321895233
353.0,0.6425,0.235,0.000321895233
353.0,0.642375,0.235,0.000321895233
353.0,0.642375,0.235,0.000321895233
353.0,0.6425,0.234875,0.000321895233
353.0,0.642375,0.235,0.000321895233
353.0,0.642375,0.235,0.000321895233
353.0,0.64175,0.23525,0.000321895233
353.0,0.641625,0.23525,0.000321895233
353.0,0.641875,0.235375,0.000321895233
353.0,0.641875,0.235375,0.000321895233
353.0,0.642,0.23525,0.000321895233
353.0,0.642125,0.235125,0.000321895233
353.0,0.64225,0.235375,0.000321895233
353.0,0.642625,0.2355,0.000321895233
353.0,0.642375,0.235375,0.000321895233
353.0,0.642625,0.235125,0.000321895233
353.0,0.642375,0.235125,0.000321895233
353.0,0.64225,0.235,0.000321895233
353.0,0.642375,0.235125,0.000321895233
353.0,0.6425,0.23525,0.000321895233
353.0,0.642625,0.235125,0.000321895233
353.0,0.642625,0.235125,0.000321895233
353.0,0.642125,0.23525,0.000321895233
353.0,0.642,0.23525,0.000321895233
353.0,0.642125,0.235375,0.000321895233
353.0,0.642125,0.235125,0.000321895233
353.0,0.641875,0.23525,0.000321895233
353.0,0.642,0.23525,0.000321895233
353.0,0.64175,0.23525,0.000321895233
353.0,0.641875,0.2355,0.000321895233
353.0,0.642375,0.235375,0.000321895233
353.0,0.642125,0.235375,0.000321895233
353.0,0.64225,0.23525,0.000321895233
353.0,0.642375,0.235125,0.000321895233
353.0,0.64225,0.235,0.000321895233
353.0,0.642375,0.235,0.000321895233
353.0,0.64225,0.235,0.000321895233
353.0,0.64225,0.235,0.000321895233
353.0,0.642125,0.235,0.000321895233
353.0,0.64225,0.235125,0.000321895233
353.0,0.642125,0.235125,0.000321895233
353.0,0.642125,0.235125,0.000321895233
353.0,0.64175,0.23525,0.000321895233
353.0,0.64225,0.2355,0.000321895233
353.0,0.642125,0.235375,0.000321895233
353.0,0.64225,0.235125,0.000321895233
353.0,0.642375,0.2355,0.000321895233
353.0,0.642375,0.2355,0.000321895233
353.0,0.64225,0.235375,0.000321895233
353.0,0.642375,0.23525,0.000321895233
353.0,0.642375,0.235125,0.000321895233
353.0,0.642,0.235,0.000321895233
353.0,0.642,0.235125,0.000321895233
353.0,0.642,0.235125,0.000321895233
353.0,0.64225,0.235,0.000321895233
353.0,0.641875,0.23525,0.000321895233
353.0,0.641875,0.235125,0.000321895233
353.0,0.641625,0.235125,0.000321895233
353.0,0.64175,0.23525,0.000321895233
353.0,0.642,0.235375,0.000321895233
353.0,0.642,0.235375,0.000321895233
353.0,0.641875,0.235375,0.000321895233
353.0,0.64175,0.23525,0.000321895233
353.0,0.642125,0.2355,0.000321895233
353.0,0.641875,0.2355,0.000321895233
353.0,0.642375,0.235375,0.000321895233
353.0,0.642625,0.235125,0.000321895233
353.0,0.642125,0.235,0.000321895233
353.0,0.64225,0.234875,0.000321895233
353.0,0.6425,0.234875,0.000321895233
353.0,0.6425,0.235125,0.000321895233
353.0,0.64225,0.235125,0.000321895233
353.0,0.642125,0.235125,0.000321895233
353.0,0.64175,0.235375,0.000321895233
353.0,0.641875,0.235375,0.000321895233
353.0,0.641875,0.235375,0.000321895233
353.0,0.642,0.235625,0.000321895233
353.0,0.64225,0.235375,0.000321895233
353.0,0.642125,0.2355,0.000321895233
353.0,0.64175,0.235625,0.000321895233
353.0,0.64175,0.235625,0.000321895233
353.0,0.642375,0.23575,0.000321895233
353.0,0.642625,0.23525,0.000321895233
353.0,0.64225,0.23525,0.000321895233
353.0,0.642125,0.235,0.000321895233
353.0,0.642125,0.235,0.000321895233
353.0,0.642125,0.235,0.000321895233
353.0,0.64225,0.235125,0.000321895233
353.0,0.642375,0.235125,0.000321895233
353.0,0.64225,0.23525,0.000321895233
353.0,0.642,0.235125,0.000321895233
353.0,0.642125,0.235375,0.000321895233
353.0,0.641875,0.23525,0.000321895233
353.0,0.64225,0.235375,0.000321895233
353.0,0.642125,0.23525,0.000321895233
353.0,0.64175,0.235125,0.000321895233
353.0,0.642125,0.2355,0.000321895233
353.0,0.642125,0.235375,0.000321895233
353.0,0.641875,0.235375,0.000321895233
353.0,0.64225,0.235,0.000321895233
353.0,0.642,0.235125,0.000321895233
354.0,0.688625,0.208125,0.000322084175
354.0,0.688625,0.208125,0.000322084175
354.0,0.6885,0.208125,0.000322084175
354.0,0.68875,0.208125,0.000322084175
354.0,0.688625,0.207875,0.000322084175
354.0,0.68825,0.208125,0.000322084175
354.0,0.688875,0.208125,0.000322084175
354.0,0.68925,0.208,0.000322084175
354.0,0.68925,0.208,0.000322084175
354.0,0.6895,0.207875,0.000322084175
354.0,0.68925,0.20775,0.000322084175
354.0,0.688875,0.207875,0.000322084175
354.0,0.688875,0.208,0.000322084175
354.0,0.688875,0.208,0.000322084175
354.0,0.689,0.207875,0.000322084175
354.0,0.68875,0.207875,0.000322084175
354.0,0.68875,0.207875,0.000322084175
354.0,0.689,0.208,0.000322084175
354.0,0.68875,0.20825,0.000322084175
354.0,0.6885,0.208125,0.000322084175
354.0,0.688375,0.20825,0.000322084175
354.0,0.688625,0.208125,0.000322084175
354.0,0.68875,0.20825,0.000322084175
354.0,0.688625,0.20825,0.000322084175
354.0,0.688625,0.20825,0.000322084175
354.0,0.6885,0.208375,0.000322084175
354.0,0.68875,0.208125,0.000322084175
354.0,0.689125,0.208,0.000322084175
354.0,0.68925,0.207875,0.000322084175
354.0,0.689,0.208,0.000322084175
354.0,0.68925,0.207875,0.000322084175
354.0,0.688875,0.20775,0.000322084175
354.0,0.689125,0.208,0.000322084175
354.0,0.688875,0.208,0.000322084175
354.0,0.68875,0.207875,0.000322084175
354.0,0.68875,0.208125,0.000322084175
354.0,0.68875,0.208125,0.000322084175
354.0,0.689125,0.208125,0.000322084175
354.0,0.688875,0.20825,0.000322084175
354.0,0.689,0.208,0.000322084175
354.0,0.68925,0.20825,0.000322084175
354.0,0.68925,0.20825,0.000322084175
354.0,0.68925,0.208375,0.000322084175
354.0,0.689,0.208375,0.000322084175
354.0,0.689125,0.208125,0.000322084175
354.0,0.689,0.207875,0.000322084175
354.0,0.689375,0.207875,0.000322084175
354.0,0.6895,0.208,0.000322084175
354.0,0.6895,0.208,0.000322084175
354.0,0.689125,0.207875,0.000322084175
354.0,0.688125,0.208,0.000322084175
354.0,0.688625,0.208125,0.000322084175
354.0,0.688625,0.208,0.000322084175
354.0,0.688625,0.20825,0.000322084175
354.0,0.6885,0.208125,0.000322084175
354.0,0.688375,0.208125,0.000322084175
354.0,0.689,0.208125,0.000322084175
354.0,0.689,0.208125,0.000322084175
354.0,0.689125,0.20825,0.000322084175
354.0,0.689125,0.208,0.000322084175
354.0,0.688875,0.207875,0.000322084175
354.0,0.68875,0.207875,0.000322084175
354.0,0.68875,0.208,0.000322084175
354.0,0.689125,0.207875,0.000322084175
354.0,0.689125,0.207875,0.000322084175
354.0,0.689125,0.208,0.000322084175
354.0,0.689125,0.208125,0.000322084175
354.0,0.688875,0.208,0.000322084175
354.0,0.68875,0.20825,0.000322084175
354.0,0.68875,0.208375,0.000322084175
354.0,0.688875,0.20825,0.000322084175
354.0,0.6885,0.20825,0.000322084175
354.0,0.688875,0.20825,0.000322084175
354.0,0.688875,0.20825,0.000322084175
354.0,0.689125,0.208125,0.000322084175
354.0,0.689375,0.208,0.000322084175
354.0,0.689375,0.208,0.000322084175
354.0,0.689125,0.207875,0.000322084175
354.0,0.689125,0.207875,0.000322084175
354.0,0.689125,0.207875,0.000322084175
354.0,0.6895,0.207875,0.000322084175
354.0,0.689625,0.20775,0.000322084175
354.0,0.68925,0.208,0.000322084175
354.0,0.688875,0.208125,0.000322084175
354.0,0.6885,0.208,0.000322084175
354.0,0.68875,0.208125,0.000322084175
354.0,0.689125,0.208125,0.000322084175
354.0,0.688875,0.208125,0.000322084175
354.0,0.688875,0.208125,0.000322084175
354.0,0.688875,0.208125,0.000322084175
354.0,0.68925,0.20825,0.000322084175
354.0,0.68925,0.20825,0.000322084175
354.0,0.689125,0.208125,0.000322084175
354.0,0.689,0.208125,0.000322084175
354.0,0.688875,0.207875,0.000322084175
354.0,0.688875,0.207875,0.000322084175
354.0,0.688875,0.208,0.000322084175
354.0,0.689125,0.207875,0.000322084175
354.0,0.689,0.207625,0.000322084175
354.0,0.689,0.20775,0.000322084175
354.0,0.689375,0.20775,0.000322084175
354.0,0.689,0.207875,0.000322084175
354.0,0.689,0.208,0.000322084175
354.0,0.689,0.208,0.000322084175
354.0,0.688625,0.208,0.000322084175
354.0,0.688625,0.208,0.000322084175
354.0,0.688875,0.208,0.000322084175
354.0,0.68875,0.208125,0.000322084175
354.0,0.689125,0.208125,0.000322084175
354.0,0.689125,0.20825,0.000322084175
354.0,0.689,0.207875,0.000322084175
354.0,0.689,0.207875,0.000322084175
354.0,0.68875,0.207875,0.000322084175
354.0,0.689,0.208,0.000322084175
354.0,0.688875,0.207875,0.000322084175
354.0,0.68925,0.207875,0.000322084175
354.0,0.689375,0.208125,0.000322084175
354.0,0.68875,0.207875,0.000322084175
354.0,0.68875,0.208,0.000322084175
354.0,0.6885,0.208,0.000322084175
354.0,0.6885,0.208125,0.000322084175
354.0,0.6885,0.208125,0.000322084175
354.0,0.688625,0.208125,0.000322084175
354.0,0.689,0.20825,0.000322084175
354.0,0.689125,0.208375,0.000322084175
354.0,0.689125,0.20825,0.000322084175
354.0,0.689,0.208125,0.000322084175
354.0,0.689375,0.208,0.000322084175
354.0,0.68925,0.208125,0.000322084175
354.0,0.689125,0.207875,0.000322084175
354.0,0.68925,0.207875,0.000322084175
354.0,0.689,0.20775,0.000322084175
354.0,0.68925,0.207875,0.000322084175
354.0,0.688875,0.208,0.000322084175
354.0,0.688875,0.208125,0.000322084175
354.0,0.688625,0.20825,0.000322084175
354.0,0.688375,0.208125,0.000322084175
354.0,0.6885,0.20825,0.000322084175
354.0,0.6885,0.20825,0.000322084175
354.0,0.688625,0.208,0.000322084175
354.0,0.689,0.20825,0.000322084175
354.0,0.689125,0.208375,0.000322084175
354.0,0.688875,0.208125,0.000322084175
354.0,0.688875,0.20825,0.000322084175
354.0,0.689125,0.20825,0.000322084175
354.0,0.68925,0.207875,0.000322084175
354.0,0.68925,0.208125,0.000322084175
354.0,0.68925,0.208,0.000322084175
354.0,0.689375,0.207875,0.000322084175
354.0,0.68925,0.208,0.000322084175
354.0,0.689,0.208,0.000322084175
354.0,0.689,0.208,0.000322084175
354.0,0.688875,0.208125,0.000322084175
354.0,0.688875,0.208125,0.000322084175
354.0,0.688875,0.208125,0.000322084175
354.0,0.688625,0.20825,0.000322084175
354.0,0.68875,0.20825,0.000322084175
354.0,0.68875,0.20825,0.000322084175
354.0,0.68925,0.20825,0.000322084175
354.0,0.689125,0.208,0.000322084175
354.0,0.688875,0.208125,0.000322084175
354.0,0.68875,0.208,0.000322084175
354.0,0.68875,0.207875,0.000322084175
354.0,0.688875,0.207875,0.000322084175
354.0,0.689125,0.207875,0.000322084175
354.0,0.689125,0.208,0.000322084175
354.0,0.689125,0.208,0.000322084175
354.0,0.689,0.208125,0.000322084175
354.0,0.689,0.20825,0.000322084175
355.0,0.736625,0.1825,0.000321942673
355.0,0.736625,0.1825,0.000321942673
355.0,0.73675,0.1825,0.000321942673
355.0,0.7365,0.182625,0.000321942673
355.0,0.736375,0.182625,0.000321942673
355.0,0.73675,0.1825,0.000321942673
355.0,0.736875,0.182375,0.000321942673
355.0,0.736875,0.18225,0.000321942673
355.0,0.736875,0.18225,0.000321942673
355.0,0.737375,0.182375,0.000321942673
355.0,0.737625,0.182125,0.000321942673
355.0,0.737,0.18225,0.000321942673
355.0,0.73675,0.182375,0.000321942673
355.0,0.736375,0.182375,0.000321942673
355.0,0.736625,0.182375,0.000321942673
355.0,0.73675,0.182375,0.000321942673
355.0,0.737,0.1825,0.000321942673
355.0,0.7365,0.182375,0.000321942673
355.0,0.736125,0.182625,0.000321942673
355.0,0.736625,0.182875,0.000321942673
355.0,0.737125,0.18275,0.000321942673
355.0,0.736875,0.182625,0.000321942673
355.0,0.73675,0.182375,0.000321942673
355.0,0.736875,0.18225,0.000321942673
355.0,0.736875,0.182375,0.000321942673
355.0,0.737125,0.182375,0.000321942673
355.0,0.73725,0.18225,0.000321942673
355.0,0.737375,0.182375,0.000321942673
355.0,0.737375,0.18225,0.000321942673
355.0,0.736875,0.18225,0.000321942673
355.0,0.7365,0.182375,0.000321942673
355.0,0.73675,0.182375,0.000321942673
355.0,0.737125,0.1825,0.000321942673
355.0,0.736875,0.182625,0.000321942673
355.0,0.73675,0.1825,0.000321942673
355.0,0.737,0.1825,0.000321942673
355.0,0.7375,0.1825,0.000321942673
355.0,0.73725,0.182375,0.000321942673
355.0,0.737,0.182375,0.000321942673
355.0,0.737,0.182375,0.000321942673
355.0,0.737,0.182125,0.000321942673
355.0,0.737,0.182125,0.000321942673
355.0,0.737125,0.182125,0.000321942673
355.0,0.7375,0.182125,0.000321942673
355.0,0.737375,0.18225,0.000321942673
355.0,0.737,0.182125,0.000321942673
355.0,0.737,0.18225,0.000321942673
355.0,0.736875,0.1825,0.000321942673
355.0,0.736875,0.1825,0.000321942673
355.0,0.736875,0.18275,0.000321942673
355.0,0.73675,0.182375,0.000321942673
355.0,0.736625,0.1825,0.000321942673
355.0,0.737,0.182625,0.000321942673
355.0,0.737125,0.1825,0.000321942673
355.0,0.73725,0.1825,0.000321942673
355.0,0.73725,0.182125,0.000321942673
355.0,0.736875,0.182125,0.000321942673
355.0,0.736875,0.182125,0.000321942673
355.0,0.73675,0.18225,0.000321942673
355.0,0.737125,0.18225,0.000321942673
355.0,0.737125,0.182125,0.000321942673
355.0,0.737,0.182,0.000321942673
355.0,0.737,0.182125,0.000321942673
355.0,0.73675,0.182375,0.000321942673
355.0,0.7365,0.182375,0.000321942673
355.0,0.736875,0.1825,0.000321942673
355.0,0.736625,0.182625,0.000321942673
355.0,0.7365,0.1825,0.000321942673
355.0,0.736625,0.1825,0.000321942673
355.0,0.737,0.182625,0.000321942673
355.0,0.73725,0.182625,0.000321942673
355.0,0.737125,0.1825,0.000321942673
355.0,0.737,0.182375,0.000321942673
355.0,0.737,0.182375,0.000321942673
355.0,0.737,0.182375,0.000321942673
355.0,0.736625,0.18225,0.000321942673
355.0,0.736875,0.182375,0.000321942673
355.0,0.737125,0.182125,0.000321942673
355.0,0.73725,0.18225,0.000321942673
355.0,0.73675,0.18225,0.000321942673
355.0,0.736375,0.182375,0.000321942673
355.0,0.7365,0.182375,0.000321942673
355.0,0.736875,0.182625,0.000321942673
355.0,0.736625,0.1825,0.000321942673
355.0,0.73675,0.1825,0.000321942673
355.0,0.736875,0.18275,0.000321942673
355.0,0.737125,0.182625,0.000321942673
355.0,0.737125,0.1825,0.000321942673
355.0,0.737,0.1825,0.000321942673
355.0,0.737,0.1825,0.000321942673
355.0,0.737,0.182375,0.000321942673
355.0,0.737,0.182125,0.000321942673
355.0,0.737,0.18225,0.000321942673
355.0,0.737,0.18225,0.000321942673
355.0,0.736875,0.182125,0.000321942673
355.0,0.73675,0.18225,0.000321942673
355.0,0.7365,0.182375,0.000321942673
355.0,0.73675,0.182375,0.000321942673
355.0,0.736625,0.1825,0.000321942673
355.0,0.736625,0.1825,0.000321942673
355.0,0.737125,0.1825,0.000321942673
355.0,0.737,0.1825,0.000321942673
355.0,0.737,0.1825,0.000321942673
355.0,0.737125,0.18275,0.000321942673
355.0,0.73725,0.18275,0.000321942673
355.0,0.73725,0.18275,0.000321942673
355.0,0.737375,0.182375,0.000321942673
355.0,0.737125,0.182375,0.000321942673
355.0,0.73675,0.18225,0.000321942673
355.0,0.737,0.18225,0.000321942673
355.0,0.737375,0.18225,0.000321942673
355.0,0.73725,0.18225,0.000321942673
355.0,0.73725,0.182625,0.000321942673
355.0,0.736875,0.1825,0.000321942673
355.0,0.737125,0.182625,0.000321942673
355.0,0.736875,0.182625,0.000321942673
355.0,0.736875,0.1825,0.000321942673
355.0,0.736625,0.182625,0.000321942673
355.0,0.73675,0.18275,0.000321942673
355.0,0.737125,0.18275,0.000321942673
355.0,0.737125,0.182625,0.000321942673
355.0,0.737125,0.1825,0.000321942673
355.0,0.737,0.1825,0.000321942673
355.0,0.737125,0.182375,0.000321942673
355.0,0.737125,0.182375,0.000321942673
355.0,0.737375,0.182375,0.000321942673
355.0,0.737375,0.182375,0.000321942673
355.0,0.737125,0.18225,0.000321942673
355.0,0.73725,0.182125,0.000321942673
355.0,0.737125,0.1825,0.000321942673
355.0,0.737,0.1825,0.000321942673
355.0,0.736875,0.182375,0.000321942673
355.0,0.736875,0.1825,0.000321942673
355.0,0.73725,0.1825,0.000321942673
355.0,0.73675,0.1825,0.000321942673
355.0,0.736875,0.182625,0.000321942673
355.0,0.737125,0.18275,0.000321942673
355.0,0.737375,0.1825,0.000321942673
355.0,0.737375,0.1825,0.000321942673
355.0,0.737375,0.182375,0.000321942673
355.0,0.7375,0.182375,0.000321942673
355.0,0.73725,0.18225,0.000321942673
355.0,0.737375,0.182375,0.000321942673
355.0,0.737625,0.18225,0.000321942673
355.0,0.73725,0.182375,0.000321942673
355.0,0.737,0.18225,0.000321942673
355.0,0.737,0.182375,0.000321942673
355.0,0.73675,0.182625,0.000321942673
355.0,0.73675,0.182625,0.000321942673
355.0,0.737125,0.18275,0.000321942673
355.0,0.736875,0.1825,0.000321942673
355.0,0.737,0.182375,0.000321942673
355.0,0.737,0.182625,0.000321942673
355.0,0.73675,0.1825,0.000321942673
355.0,0.73675,0.1825,0.000321942673
355.0,0.73675,0.1825,0.000321942673
355.0,0.737,0.1825,0.000321942673
355.0,0.736875,0.18225,0.000321942673
355.0,0.736375,0.18225,0.000321942673
355.0,0.73675,0.182125,0.000321942673
355.0,0.737125,0.182375,0.000321942673
355.0,0.73675,0.182375,0.000321942673
355.0,0.736875,0.182375,0.000321942673
355.0,0.736375,0.182375,0.000321942673
355.0,0.73675,0.182375,0.000321942673
355.0,0.736625,0.1825,0.000321942673
355.0,0.736875,0.1825,0.000321942673
355.0,0.737125,0.18225,0.000321942673
355.0,0.736875,0.18225,0.000321942673
356.0,0.785375,0.15875,0.000321975444
356.0,0.7855,0.158625,0.000321975444
356.0,0.785375,0.158875,0.000321975444
356.0,0.785625,0.159,0.000321975444
356.0,0.7855,0.15875,0.000321975444
356.0,0.785625,0.15875,0.000321975444
356.0,0.78575,0.158625,0.000321975444
356.0,0.78575,0.1585,0.000321975444
356.0,0.78575,0.1585,0.000321975444
356.0,0.78575,0.1585,0.000321975444
356.0,0.786,0.1585,0.000321975444
356.0,0.786,0.1585,0.000321975444
356.0,0.785875,0.1585,0.000321975444
356.0,0.7855,0.158375,0.000321975444
356.0,0.785375,0.158375,0.000321975444
356.0,0.7855,0.15875,0.000321975444
356.0,0.785375,0.158875,0.000321975444
356.0,0.785625,0.158875,0.000321975444
356.0,0.78525,0.158625,0.000321975444
356.0,0.7855,0.158625,0.000321975444
356.0,0.786,0.15875,0.000321975444
356.0,0.78575,0.158875,0.000321975444
356.0,0.78575,0.15875,0.000321975444
356.0,0.78575,0.158625,0.000321975444
356.0,0.78575,0.158375,0.000321975444
356.0,0.785375,0.158375,0.000321975444
356.0,0.785625,0.1585,0.000321975444
356.0,0.786,0.1585,0.000321975444
356.0,0.786,0.158625,0.000321975444
356.0,0.785625,0.158625,0.000321975444
356.0,0.785625,0.15875,0.000321975444
356.0,0.785375,0.15875,0.000321975444
356.0,0.785375,0.158875,0.000321975444
356.0,0.785375,0.15875,0.000321975444
356.0,0.7855,0.158625,0.000321975444
356.0,0.785125,0.158625,0.000321975444
356.0,0.784875,0.158625,0.000321975444
356.0,0.785875,0.158625,0.000321975444
356.0,0.785625,0.158625,0.000321975444
356.0,0.785625,0.158625,0.000321975444
356.0,0.785625,0.1585,0.000321975444
356.0,0.785375,0.1585,0.000321975444
356.0,0.785625,0.158375,0.000321975444
356.0,0.78575,0.158625,0.000321975444
356.0,0.786,0.158375,0.000321975444
356.0,0.785875,0.1585,0.000321975444
356.0,0.785875,0.158375,0.000321975444
356.0,0.78575,0.1585,0.000321975444
356.0,0.78575,0.158625,0.000321975444
356.0,0.78575,0.15875,0.000321975444
356.0,0.785875,0.15875,0.000321975444
356.0,0.78575,0.1585,0.000321975444
356.0,0.78575,0.1585,0.000321975444
356.0,0.786,0.15875,0.000321975444
356.0,0.786375,0.158875,0.000321975444
356.0,0.786125,0.158625,0.000321975444
356.0,0.786125,0.158625,0.000321975444
356.0,0.786125,0.158625,0.000321975444
356.0,0.785875,0.158625,0.000321975444
356.0,0.785625,0.158625,0.000321975444
356.0,0.785625,0.158625,0.000321975444
356.0,0.78625,0.158625,0.000321975444
356.0,0.786,0.158625,0.000321975444
356.0,0.78575,0.1585,0.000321975444
356.0,0.785625,0.158625,0.000321975444
356.0,0.785125,0.15875,0.000321975444
356.0,0.785375,0.158625,0.000321975444
356.0,0.78575,0.15875,0.000321975444
356.0,0.78575,0.158625,0.000321975444
356.0,0.78575,0.15875,0.000321975444
356.0,0.78575,0.158875,0.000321975444
356.0,0.785875,0.158875,0.000321975444
356.0,0.786,0.158875,0.000321975444
356.0,0.786,0.158875,0.000321975444
356.0,0.785875,0.158875,0.000321975444
356.0,0.786125,0.158625,0.000321975444
356.0,0.786,0.1585,0.000321975444
356.0,0.78625,0.1585,0.000321975444
356.0,0.78625,0.1585,0.000321975444
356.0,0.78625,0.1585,0.000321975444
356.0,0.786,0.1585,0.000321975444
356.0,0.7855,0.158875,0.000321975444
356.0,0.78525,0.15875,0.000321975444
356.0,0.785625,0.158625,0.000321975444
356.0,0.785625,0.15875,0.000321975444
356.0,0.785625,0.15875,0.000321975444
356.0,0.785625,0.15875,0.000321975444
356.0,0.786,0.15875,0.000321975444
356.0,0.78575,0.158625,0.000321975444
356.0,0.78575,0.158625,0.000321975444
356.0,0.785875,0.158625,0.000321975444
356.0,0.785625,0.158625,0.000321975444
356.0,0.7855,0.1585,0.000321975444
356.0,0.786,0.158625,0.000321975444
356.0,0.786375,0.15875,0.000321975444
356.0,0.786125,0.1585,0.000321975444
356.0,0.78575,0.158625,0.000321975444
356.0,0.785625,0.15875,0.000321975444
356.0,0.785875,0.158625,0.000321975444
356.0,0.785625,0.15875,0.000321975444
356.0,0.78525,0.158875,0.000321975444
356.0,0.78525,0.158875,0.000321975444
356.0,0.785375,0.158875,0.000321975444
356.0,0.78525,0.158875,0.000321975444
356.0,0.785875,0.158875,0.000321975444
356.0,0.785875,0.158875,0.000321975444
356.0,0.785625,0.159,0.000321975444
356.0,0.785875,0.158625,0.000321975444
356.0,0.786,0.158375,0.000321975444
356.0,0.785875,0.1585,0.000321975444
356.0,0.786125,0.1585,0.000321975444
356.0,0.78625,0.158625,0.000321975444
356.0,0.786,0.1585,0.000321975444
356.0,0.785875,0.1585,0.000321975444
356.0,0.785875,0.1585,0.000321975444
356.0,0.7855,0.158625,0.000321975444
356.0,0.785625,0.15875,0.000321975444
356.0,0.7855,0.15875,0.000321975444
356.0,0.785625,0.15875,0.000321975444
356.0,0.785875,0.158625,0.000321975444
356.0,0.785625,0.15875,0.000321975444
356.0,0.785625,0.158875,0.000321975444
356.0,0.78575,0.158875,0.000321975444
356.0,0.786,0.158875,0.000321975444
356.0,0.786125,0.15875,0.000321975444
356.0,0.785875,0.15875,0.000321975444
356.0,0.78575,0.158625,0.000321975444
356.0,0.785625,0.158625,0.000321975444
356.0,0.785625,0.158625,0.000321975444
356.0,0.786125,0.158625,0.000321975444
356.0,0.786125,0.1585,0.000321975444
356.0,0.785625,0.1585,0.000321975444
356.0,0.785625,0.1585,0.000321975444
356.0,0.785625,0.158875,0.000321975444
356.0,0.785875,0.15875,0.000321975444
356.0,0.785625,0.15875,0.000321975444
356.0,0.78575,0.15875,0.000321975444
356.0,0.78575,0.158875,0.000321975444
356.0,0.78575,0.158875,0.000321975444
356.0,0.785875,0.15875,0.000321975444
356.0,0.78575,0.15875,0.000321975444
356.0,0.785625,0.15875,0.000321975444
356.0,0.78575,0.158625,0.000321975444
356.0,0.785875,0.1585,0.000321975444
356.0,0.78625,0.158625,0.000321975444
356.0,0.7865,0.1585,0.000321975444
356.0,0.785875,0.158375,0.000321975444
356.0,0.785375,0.15875,0.000321975444
356.0,0.7855,0.158625,0.000321975444
356.0,0.785875,0.15875,0.000321975444
356.0,0.785625,0.158875,0.000321975444
356.0,0.7855,0.15875,0.000321975444
356.0,0.7855,0.15875,0.000321975444
356.0,0.786,0.15875,0.000321975444
356.0,0.786,0.15875,0.000321975444
356.0,0.78625,0.15875,0.000321975444
356.0,0.786125,0.158875,0.000321975444
356.0,0.786125,0.15875,0.000321975444
356.0,0.786125,0.158875,0.000321975444
356.0,0.785875,0.1585,0.000321975444
356.0,0.786125,0.158375,0.000321975444
356.0,0.7865,0.158375,0.000321975444
356.0,0.7865,0.1585,0.000321975444
356.0,0.785875,0.1585,0.000321975444
356.0,0.785625,0.158625,0.000321975444
356.0,0.7855,0.158625,0.000321975444
356.0,0.7855,0.15875,0.000321975444
356.0,0.785625,0.158875,0.000321975444
356.0,0.785625,0.158625,0.000321975444
357.0,0.8365,0.136,0.000322099164
357.0,0.83625,0.136125,0.000322099164
357.0,0.836125,0.13625,0.000322099164
357.0,0.83625,0.13625,0.000322099164
357.0,0.836,0.136125,0.000322099164
357.0,0.835875,0.136,0.000322099164
357.0,0.835875,0.136125,0.000322099164
357.0,0.835875,0.136125,0.000322099164
357.0,0.83625,0.136125,0.000322099164
357.0,0.83625,0.136125,0.000322099164
357.0,0.83625,0.136125,0.000322099164
357.0,0.836125,0.136125,0.000322099164
357.0,0.836375,0.136,0.000322099164
357.0,0.836375,0.135875,0.000322099164
357.0,0.8365,0.135875,0.000322099164
357.0,0.836625,0.136,0.000322099164
357.0,0.836875,0.135875,0.000322099164
357.0,0.836875,0.135625,0.000322099164
357.0,0.8365,0.13575,0.000322099164
357.0,0.836125,0.135875,0.000322099164
357.0,0.836,0.135875,0.000322099164
357.0,0.83625,0.136,0.000322099164
357.0,0.836125,0.136,0.000322099164
357.0,0.836,0.136,0.000322099164
357.0,0.836125,0.136,0.000322099164
357.0,0.836125,0.136125,0.000322099164
357.0,0.8365,0.136125,0.000322099164
357.0,0.83625,0.136125,0.000322099164
357.0,0.836375,0.136,0.000322099164
357.0,0.83625,0.136125,0.000322099164
357.0,0.83625,0.136,0.000322099164
357.0,0.836375,0.136,0.000322099164
357.0,0.836875,0.136,0.000322099164
357.0,0.83675,0.135875,0.000322099164
357.0,0.836375,0.13575,0.000322099164
357.0,0.83625,0.13625,0.000322099164
357.0,0.836,0.13625,0.000322099164
357.0,0.836125,0.136375,0.000322099164
357.0,0.8365,0.136125,0.000322099164
357.0,0.836125,0.136,0.000322099164
357.0,0.835875,0.136,0.000322099164
357.0,0.835875,0.136,0.000322099164
357.0,0.836,0.136,0.000322099164
357.0,0.836,0.13625,0.000322099164
357.0,0.836,0.13625,0.000322099164
357.0,0.83625,0.136125,0.000322099164
357.0,0.8365,0.136,0.000322099164
357.0,0.8365,0.135625,0.000322099164
357.0,0.836625,0.136,0.000322099164
357.0,0.836625,0.135875,0.000322099164
357.0,0.83625,0.135875,0.000322099164
357.0,0.836375,0.135875,0.000322099164
357.0,0.836375,0.136,0.000322099164
357.0,0.836,0.13625,0.000322099164
357.0,0.83575,0.136125,0.000322099164
357.0,0.836125,0.136125,0.000322099164
357.0,0.836125,0.136125,0.000322099164
357.0,0.836125,0.136125,0.000322099164
357.0,0.835875,0.136125,0.000322099164
357.0,0.836375,0.136125,0.000322099164
357.0,0.8365,0.136125,0.000322099164
357.0,0.8365,0.136125,0.000322099164
357.0,0.836625,0.136,0.000322099164
357.0,0.836375,0.136,0.000322099164
357.0,0.836375,0.135875,0.000322099164
357.0,0.83625,0.136,0.000322099164
357.0,0.8365,0.135875,0.000322099164
357.0,0.836375,0.13575,0.000322099164
357.0,0.8365,0.136,0.000322099164
357.0,0.83625,0.135875,0.000322099164
357.0,0.836375,0.136,0.000322099164
357.0,0.836375,0.136125,0.000322099164
357.0,0.83625,0.136,0.000322099164
357.0,0.83625,0.136,0.000322099164
357.0,0.836,0.136125,0.000322099164
357.0,0.83625,0.13625,0.000322099164
357.0,0.83675,0.136,0.000322099164
357.0,0.836625,0.13575,0.000322099164
357.0,0.8365,0.135875,0.000322099164
357.0,0.836375,0.136,0.000322099164
357.0,0.836625,0.136,0.000322099164
357.0,0.836375,0.135875,0.000322099164
357.0,0.8365,0.136,0.000322099164
357.0,0.836625,0.135875,0.000322099164
357.0,0.83625,0.136,0.000322099164
357.0,0.835875,0.135875,0.000322099164
357.0,0.836,0.136,0.000322099164
357.0,0.836,0.136,0.000322099164
357.0,0.83625,0.136125,0.000322099164
357.0,0.83625,0.136125,0.000322099164
357.0,0.836125,0.136125,0.000322099164
357.0,0.835875,0.136125,0.000322099164
357.0,0.836,0.13625,0.000322099164
357.0,0.836375,0.136125,0.000322099164
357.0,0.83625,0.135875,0.000322099164
357.0,0.8365,0.136,0.000322099164
357.0,0.836375,0.135875,0.000322099164
357.0,0.836375,0.135875,0.000322099164
357.0,0.83675,0.135875,0.000322099164
357.0,0.837,0.136,0.000322099164
357.0,0.836875,0.13575,0.000322099164
357.0,0.8365,0.136,0.000322099164
357.0,0.836625,0.136125,0.000322099164
357.0,0.8365,0.135875,0.000322099164
357.0,0.836625,0.136125,0.000322099164
357.0,0.8365,0.136125,0.000322099164
357.0,0.8365,0.136125,0.000322099164
357.0,0.83625,0.136,0.000322099164
357.0,0.83625,0.136,0.000322099164
357.0,0.836625,0.136125,0.000322099164
357.0,0.836625,0.136,0.000322099164
357.0,0.836375,0.135875,0.000322099164
357.0,0.83675,0.135875,0.000322099164
357.0,0.83675,0.135875,0.000322099164
357.0,0.83675,0.13575,0.000322099164
357.0,0.83675,0.135875,0.000322099164
357.0,0.83675,0.135875,0.000322099164
357.0,0.836625,0.136,0.000322099164
357.0,0.83625,0.135875,0.000322099164
357.0,0.835625,0.13575,0.000322099164
357.0,0.83575,0.135875,0.000322099164
357.0,0.836,0.135875,0.000322099164
357.0,0.836,0.136,0.000322099164
357.0,0.83625,0.136,0.000322099164
357.0,0.836,0.136,0.000322099164
357.0,0.836,0.136,0.000322099164
357.0,0.836125,0.135875,0.000322099164
357.0,0.83625,0.136,0.000322099164
357.0,0.8365,0.136125,0.000322099164
357.0,0.836875,0.136,0.000322099164
357.0,0.83625,0.136125,0.000322099164
357.0,0.836375,0.135875,0.000322099164
357.0,0.836625,0.135875,0.000322099164
357.0,0.8365,0.135875,0.000322099164
357.0,0.836375,0.136,0.000322099164
357.0,0.835625,0.136125,0.000322099164
357.0,0.835625,0.136125,0.000322099164
357.0,0.83575,0.13625,0.000322099164
357.0,0.83575,0.13625,0.000322099164
357.0,0.836125,0.13625,0.000322099164
357.0,0.8365,0.136,0.000322099164
357.0,0.83625,0.136125,0.000322099164
357.0,0.836,0.136,0.000322099164
357.0,0.83625,0.13625,0.000322099164
357.0,0.836625,0.136125,0.000322099164
357.0,0.836875,0.13625,0.000322099164
357.0,0.836625,0.136,0.000322099164
357.0,0.83625,0.136,0.000322099164
357.0,0.8365,0.136,0.000322099164
357.0,0.836375,0.135875,0.000322099164
357.0,0.836625,0.136,0.000322099164
357.0,0.836625,0.136125,0.000322099164
357.0,0.836375,0.136375,0.000322099164
357.0,0.836125,0.136125,0.000322099164
357.0,0.836125,0.136125,0.000322099164
357.0,0.836,0.136125,0.000322099164
357.0,0.83625,0.136,0.000322099164
357.0,0.83625,0.135875,0.000322099164
357.0,0.83625,0.136125,0.000322099164
357.0,0.836125,0.13625,0.000322099164
357.0,0.83625,0.13625,0.000322099164
357.0,0.836375,0.136,0.000322099164
357.0,0.8365,0.13575,0.000322099164
357.0,0.836625,0.135875,0.000322099164
357.0,0.83675,0.135875,0.000322099164
357.0,0.836625,0.136,0.000322099164
357.0,0.83675,0.136,0.000322099164
357.0,0.836625,0.135875,0.000322099164
357.0,0.83625,0.135875,0.000322099164
358.0,0.8875,0.115625,0.000322057254
358.0,0.8875,0.1155,0.000322057254
358.0,0.88775,0.1155,0.000322057254
358.0,0.887375,0.1155,0.000322057254
358.0,0.8875,0.1155,0.000322057254
358.0,0.887625,0.115625,0.000322057254
358.0,0.88775,0.1155,0.000322057254
358.0,0.8875,0.115375,0.000322057254
358.0,0.8875,0.115375,0.000322057254
358.0,0.888,0.11525,0.000322057254
358.0,0.887875,0.11525,0.000322057254
358.0,0.888,0.11525,0.000322057254
358.0,0.888,0.11525,0.000322057254
358.0,0.888125,0.115125,0.000322057254
358.0,0.88775,0.115125,0.000322057254
358.0,0.887125,0.115125,0.000322057254
358.0,0.887125,0.115375,0.000322057254
358.0,0.887375,0.1155,0.000322057254
358.0,0.88775,0.1155,0.000322057254
358.0,0.88775,0.115375,0.000322057254
358.0,0.8875,0.1155,0.000322057254
358.0,0.887625,0.1155,0.000322057254
358.0,0.887625,0.115625,0.000322057254
358.0,0.88725,0.115375,0.000322057254
358.0,0.88725,0.115375,0.000322057254
358.0,0.887875,0.115375,0.000322057254
358.0,0.887875,0.11525,0.000322057254
358.0,0.887625,0.115125,0.000322057254
358.0,0.8875,0.115125,0.000322057254
358.0,0.887875,0.11525,0.000322057254
358.0,0.888375,0.11525,0.000322057254
358.0,0.887875,0.115125,0.000322057254
358.0,0.88725,0.115125,0.000322057254
358.0,0.887,0.115375,0.000322057254
358.0,0.88725,0.115375,0.000322057254
358.0,0.887375,0.115625,0.000322057254
358.0,0.887375,0.115375,0.000322057254
358.0,0.8875,0.115375,0.000322057254
358.0,0.887625,0.11575,0.000322057254
358.0,0.888,0.11575,0.000322057254
358.0,0.88725,0.1155,0.000322057254
358.0,0.88725,0.1155,0.000322057254
358.0,0.8875,0.115375,0.000322057254
358.0,0.887625,0.11525,0.000322057254
358.0,0.8875,0.115125,0.000322057254
358.0,0.88775,0.115125,0.000322057254
358.0,0.88775,0.115,0.000322057254
358.0,0.887875,0.115125,0.000322057254
358.0,0.888125,0.115375,0.000322057254
358.0,0.88775,0.11525,0.000322057254
358.0,0.887375,0.11525,0.000322057254
358.0,0.887375,0.1155,0.000322057254
358.0,0.887375,0.115375,0.000322057254
358.0,0.88725,0.115375,0.000322057254
358.0,0.88725,0.115625,0.000322057254
358.0,0.887375,0.1155,0.000322057254
358.0,0.887375,0.1155,0.000322057254
358.0,0.887375,0.1155,0.000322057254
358.0,0.8875,0.11525,0.000322057254
358.0,0.888125,0.11525,0.000322057254
358.0,0.88775,0.11525,0.000322057254
358.0,0.887625,0.115375,0.000322057254
358.0,0.88775,0.115375,0.000322057254
358.0,0.888125,0.1155,0.000322057254
358.0,0.888,0.11525,0.000322057254
358.0,0.887375,0.11525,0.000322057254
358.0,0.8875,0.1155,0.000322057254
358.0,0.887125,0.115625,0.000322057254
358.0,0.887375,0.1155,0.000322057254
358.0,0.8875,0.1155,0.000322057254
358.0,0.887375,0.115375,0.000322057254
358.0,0.887625,0.115625,0.000322057254
358.0,0.887875,0.115875,0.000322057254
358.0,0.887875,0.115875,0.000322057254
358.0,0.8875,0.115625,0.000322057254
358.0,0.8875,0.115375,0.000322057254
358.0,0.88775,0.115375,0.000322057254
358.0,0.88725,0.115125,0.000322057254
358.0,0.8875,0.11525,0.000322057254
358.0,0.887625,0.11525,0.000322057254
358.0,0.887875,0.115375,0.000322057254
358.0,0.887875,0.115625,0.000322057254
358.0,0.88775,0.115625,0.000322057254
358.0,0.887375,0.115625,0.000322057254
358.0,0.887125,0.115375,0.000322057254
358.0,0.88725,0.115625,0.000322057254
358.0,0.887,0.1155,0.000322057254
358.0,0.887125,0.115375,0.000322057254
358.0,0.887375,0.115625,0.000322057254
358.0,0.887375,0.115625,0.000322057254
358.0,0.8875,0.1155,0.000322057254
358.0,0.88725,0.1155,0.000322057254
358.0,0.88775,0.115375,0.000322057254
358.0,0.888,0.115375,0.000322057254
358.0,0.8875,0.11525,0.000322057254
358.0,0.887375,0.11525,0.000322057254
358.0,0.88775,0.11525,0.000322057254
358.0,0.887875,0.115125,0.000322057254
358.0,0.8875,0.115375,0.000322057254
358.0,0.8875,0.115375,0.000322057254
358.0,0.887375,0.115375,0.000322057254
358.0,0.8875,0.1155,0.000322057254
358.0,0.887375,0.1155,0.000322057254
358.0,0.887375,0.1155,0.000322057254
358.0,0.88775,0.11575,0.000322057254
358.0,0.88775,0.11575,0.000322057254
358.0,0.888,0.115625,0.000322057254
358.0,0.887875,0.115625,0.000322057254
358.0,0.887625,0.115625,0.000322057254
358.0,0.887875,0.1155,0.000322057254
358.0,0.887875,0.11525,0.000322057254
358.0,0.88775,0.115125,0.000322057254
358.0,0.888125,0.115375,0.000322057254
358.0,0.887875,0.11525,0.000322057254
358.0,0.888,0.11525,0.000322057254
358.0,0.887625,0.115375,0.000322057254
358.0,0.887625,0.1155,0.000322057254
358.0,0.88775,0.115375,0.000322057254
358.0,0.88775,0.1155,0.000322057254
358.0,0.8875,0.1155,0.000322057254
358.0,0.887375,0.115625,0.000322057254
358.0,0.887375,0.115625,0.000322057254
358.0,0.887375,0.115625,0.000322057254
358.0,0.8875,0.115625,0.000322057254
358.0,0.88775,0.115625,0.000322057254
358.0,0.887875,0.1155,0.000322057254
358.0,0.887875,0.115375,0.000322057254
358.0,0.888,0.11525,0.000322057254
358.0,0.88775,0.115375,0.000322057254
358.0,0.88825,0.115375,0.000322057254
358.0,0.88825,0.115375,0.000322057254
358.0,0.888,0.115375,0.000322057254
358.0,0.887375,0.1155,0.000322057254
358.0,0.88725,0.1155,0.000322057254
358.0,0.887125,0.1155,0.000322057254
358.0,0.8875,0.115625,0.000322057254
358.0,0.887375,0.1155,0.000322057254
358.0,0.887625,0.115375,0.000322057254
358.0,0.887625,0.115375,0.000322057254
358.0,0.8875,0.115375,0.000322057254
358.0,0.887875,0.115375,0.000322057254
358.0,0.888,0.1155,0.000322057254
358.0,0.888,0.1155,0.000322057254
358.0,0.888,0.115375,0.000322057254
358.0,0.888,0.115375,0.000322057254
358.0,0.88825,0.115375,0.000322057254
358.0,0.888125,0.11525,0.000322057254
358.0,0.887875,0.11525,0.000322057254
358.0,0.888,0.115375,0.000322057254
358.0,0.88775,0.115625,0.000322057254
358.0,0.88725,0.1155,0.000322057254
358.0,0.887375,0.115375,0.000322057254
358.0,0.8875,0.115625,0.000322057254
358.0,0.887375,0.1155,0.000322057254
358.0,0.887375,0.1155,0.000322057254
358.0,0.887625,0.1155,0.000322057254
358.0,0.887625,0.115625,0.000322057254
358.0,0.888,0.115625,0.000322057254
358.0,0.88825,0.115375,0.000322057254
358.0,0.88825,0.115125,0.000322057254
358.0,0.887875,0.115,0.000322057254
358.0,0.887875,0.11525,0.000322057254
358.0,0.887625,0.11525,0.000322057254
358.0,0.888,0.11525,0.000322057254
358.0,0.888,0.1155,0.000322057254
358.0,0.88775,0.1155,0.000322057254
358.0,0.8875,0.1155,0.000322057254
358.0,0.887375,0.115625,0.000322057254
358.0,0.88775,0.115625,0.000322057254
359.0,0.94025,0.09625,0.000321979373
359.0,0.940375,0.096,0.000321979373
359.0,0.9405,0.09625,0.000321979373
359.0,0.94025,0.096375,0.000321979373
359.0,0.9405,0.096375,0.000321979373
359.0,0.940625,0.096125,0.000321979373
359.0,0.9405,0.096,0.000321979373
359.0,0.9405,0.096,0.000321979373
359.0,0.9405,0.096,0.000321979373
359.0,0.94075,0.09575,0.000321979373
359.0,0.941125,0.095875,0.000321979373
359.0,0.94075,0.095875,0.000321979373
359.0,0.94075,0.096,0.000321979373
359.0,0.940625,0.096125,0.000321979373
359.0,0.94025,0.09625,0.000321979373
359.0,0.9405,0.09625,0.000321979373
359.0,0.94025,0.096125,0.000321979373
359.0,0.93975,0.096,0.000321979373
359.0,0.94025,0.096,0.000321979373
359.0,0.940625,0.09625,0.000321979373
359.0,0.9405,0.096125,0.000321979373
359.0,0.9405,0.096125,0.000321979373
359.0,0.940875,0.096,0.000321979373
359.0,0.940875,0.096,0.000321979373
359.0,0.940875,0.096,0.000321979373
359.0,0.940375,0.09575,0.000321979373
359.0,0.940375,0.096,0.000321979373
359.0,0.941,0.096,0.000321979373
359.0,0.941,0.095875,0.000321979373
359.0,0.94025,0.096,0.000321979373
359.0,0.940125,0.095875,0.000321979373
359.0,0.940625,0.096125,0.000321979373
359.0,0.94075,0.09625,0.000321979373
359.0,0.940375,0.09625,0.000321979373
359.0,0.94,0.096,0.000321979373
359.0,0.9405,0.096125,0.000321979373
359.0,0.940875,0.09625,0.000321979373
359.0,0.940875,0.096125,0.000321979373
359.0,0.940875,0.096,0.000321979373
359.0,0.94075,0.096,0.000321979373
359.0,0.9405,0.096125,0.000321979373
359.0,0.9405,0.096125,0.000321979373
359.0,0.9405,0.096,0.000321979373
359.0,0.94075,0.096125,0.000321979373
359.0,0.94125,0.096,0.000321979373
359.0,0.941,0.095875,0.000321979373
359.0,0.9405,0.096,0.000321979373
359.0,0.940375,0.096,0.000321979373
359.0,0.94025,0.096125,0.000321979373
359.0,0.940375,0.09625,0.000321979373
359.0,0.940375,0.09625,0.000321979373
359.0,0.940375,0.09625,0.000321979373
359.0,0.940625,0.096375,0.000321979373
359.0,0.94125,0.0965,0.000321979373
359.0,0.94075,0.096125,0.000321979373
359.0,0.9405,0.096,0.000321979373
359.0,0.940625,0.096,0.000321979373
359.0,0.940625,0.096,0.000321979373
359.0,0.9405,0.095875,0.000321979373
359.0,0.9405,0.095875,0.000321979373
359.0,0.941,0.096,0.000321979373
359.0,0.941125,0.095875,0.000321979373
359.0,0.94075,0.096,0.000321979373
359.0,0.94025,0.096125,0.000321979373
359.0,0.940625,0.096,0.000321979373
359.0,0.940625,0.096,0.000321979373
359.0,0.940625,0.096125,0.000321979373
359.0,0.9405,0.096125,0.000321979373
359.0,0.940375,0.096125,0.000321979373
359.0,0.94025,0.09625,0.000321979373
359.0,0.940625,0.09625,0.000321979373
359.0,0.940875,0.096,0.000321979373
359.0,0.940875,0.096,0.000321979373
359.0,0.940875,0.096,0.000321979373
359.0,0.9405,0.096,0.000321979373
359.0,0.940625,0.095875,0.000321979373
359.0,0.940875,0.095875,0.000321979373
359.0,0.941,0.096,0.000321979373
359.0,0.941,0.095875,0.000321979373
359.0,0.940875,0.096125,0.000321979373
359.0,0.940375,0.09625,0.000321979373
359.0,0.9405,0.096375,0.000321979373
359.0,0.94075,0.096125,0.000321979373
359.0,0.94025,0.096125,0.000321979373
359.0,0.94025,0.096125,0.000321979373
359.0,0.940375,0.096375,0.000321979373
359.0,0.940875,0.09625,0.000321979373
359.0,0.9405,0.09625,0.000321979373
359.0,0.9405,0.096125,0.000321979373
359.0,0.9405,0.096125,0.000321979373
359.0,0.9405,0.095875,0.000321979373
359.0,0.94025,0.096,0.000321979373
359.0,0.940375,0.096,0.000321979373
359.0,0.941,0.096,0.000321979373
359.0,0.941125,0.095875,0.000321979373
359.0,0.94075,0.095875,0.000321979373
359.0,0.940375,0.096,0.000321979373
359.0,0.940625,0.096,0.000321979373
359.0,0.9405,0.096125,0.000321979373
359.0,0.9405,0.096,0.000321979373
359.0,0.940375,0.096125,0.000321979373
359.0,0.940125,0.09625,0.000321979373
359.0,0.94025,0.096375,0.000321979373
359.0,0.940875,0.09625,0.000321979373
359.0,0.94075,0.096125,0.000321979373
359.0,0.94075,0.096125,0.000321979373
359.0,0.940625,0.096,0.000321979373
359.0,0.940625,0.096,0.000321979373
359.0,0.9405,0.096,0.000321979373
359.0,0.9405,0.095875,0.000321979373
359.0,0.940875,0.096,0.000321979373
359.0,0.94075,0.096,0.000321979373
359.0,0.940625,0.096125,0.000321979373
359.0,0.94025,0.096,0.000321979373
359.0,0.94025,0.096125,0.000321979373
359.0,0.940625,0.096125,0.000321979373
359.0,0.940625,0.096125,0.000321979373
359.0,0.940625,0.096125,0.000321979373
359.0,0.9405,0.096125,0.000321979373
359.0,0.940625,0.096375,0.000321979373
359.0,0.941,0.096375,0.000321979373
359.0,0.940875,0.096375,0.000321979373
359.0,0.940875,0.096125,0.000321979373
359.0,0.941,0.096,0.000321979373
359.0,0.940375,0.095875,0.000321979373
359.0,0.94025,0.09575,0.000321979373
359.0,0.941,0.096,0.000321979373
359.0,0.941,0.096,0.000321979373
359.0,0.94075,0.095875,0.000321979373
359.0,0.940375,0.096125,0.000321979373
359.0,0.940375,0.096,0.000321979373
359.0,0.940375,0.09625,0.000321979373
359.0,0.939875,0.09625,0.000321979373
359.0,0.940125,0.096125,0.000321979373
359.0,0.94025,0.096125,0.000321979373
359.0,0.94025,0.096375,0.000321979373
359.0,0.940375,0.09625,0.000321979373
359.0,0.9405,0.096375,0.000321979373
359.0,0.9405,0.096375,0.000321979373
359.0,0.94025,0.09625,0.000321979373
359.0,0.940125,0.096,0.000321979373
359.0,0.94025,0.095875,0.000321979373
359.0,0.94025,0.096,0.000321979373
359.0,0.94025,0.096,0.000321979373
359.0,0.940625,0.096,0.000321979373
359.0,0.940625,0.095875,0.000321979373
359.0,0.940375,0.096125,0.000321979373
359.0,0.940375,0.09625,0.000321979373
359.0,0.940375,0.096125,0.000321979373
359.0,0.940375,0.096125,0.000321979373
359.0,0.940125,0.09625,0.000321979373
359.0,0.940125,0.096125,0.000321979373
359.0,0.940125,0.09625,0.000321979373
359.0,0.940625,0.096375,0.000321979373
359.0,0.940625,0.096375,0.000321979373
359.0,0.940875,0.096375,0.000321979373
359.0,0.94075,0.09625,0.000321979373
359.0,0.941125,0.09625,0.000321979373
359.0,0.940875,0.096,0.000321979373
359.0,0.940875,0.095875,0.000321979373
359.0,0.941,0.096,0.000321979373
359.0,0.94075,0.095875,0.000321979373
359.0,0.94075,0.096125,0.000321979373
359.0,0.94025,0.09625,0.000321979373
359.0,0.940125,0.09625,0.000321979373
359.0,0.94025,0.096375,0.000321979373
359.0,0.940625,0.096375,0.000321979373
359.0,0.9405,0.096125,0.000321979373
359.0,0.940625,0.096125,0.000321979373
360.0,0.9935,0.079,0.000321985193
360.0,0.99325,0.079,0.000321985193
360.0,0.99325,0.078875,0.000321985193
360.0,0.993625,0.079,0.000321985193
360.0,0.9935,0.078875,0.000321985193
360.0,0.99325,0.078875,0.000321985193
360.0,0.993625,0.078875,0.000321985193
360.0,0.993875,0.07875,0.000321985193
360.0,0.993875,0.07875,0.000321985193
360.0,0.993875,0.078625,0.000321985193
360.0,0.994,0.07875,0.000321985193
360.0,0.994125,0.07875,0.000321985193
360.0,0.994,0.0785,0.000321985193
360.0,0.9935,0.078625,0.000321985193
360.0,0.993125,0.07875,0.000321985193
360.0,0.993125,0.07875,0.000321985193
360.0,0.993375,0.079,0.000321985193
360.0,0.993125,0.078875,0.000321985193
360.0,0.99325,0.078875,0.000321985193
360.0,0.99325,0.079,0.000321985193
360.0,0.993875,0.078875,0.000321985193
360.0,0.994,0.078875,0.000321985193
360.0,0.9935,0.07875,0.000321985193
360.0,0.993625,0.07875,0.000321985193
360.0,0.993625,0.078625,0.000321985193
360.0,0.99375,0.078625,0.000321985193
360.0,0.99375,0.0785,0.000321985193
360.0,0.993875,0.078625,0.000321985193
360.0,0.994,0.078625,0.000321985193
360.0,0.993875,0.078625,0.000321985193
360.0,0.99375,0.07875,0.000321985193
360.0,0.9935,0.079,0.000321985193
360.0,0.99375,0.079,0.000321985193
360.0,0.993625,0.078875,0.000321985193
360.0,0.99375,0.078875,0.000321985193
360.0,0.993375,0.078625,0.000321985193
360.0,0.9935,0.079,0.000321985193
360.0,0.994,0.078875,0.000321985193
360.0,0.993625,0.078875,0.000321985193
360.0,0.9935,0.079,0.000321985193
360.0,0.993875,0.07875,0.000321985193
360.0,0.993875,0.07875,0.000321985193
360.0,0.993875,0.079,0.000321985193
360.0,0.993625,0.07875,0.000321985193
360.0,0.994125,0.07875,0.000321985193
360.0,0.994125,0.07875,0.000321985193
360.0,0.99375,0.078625,0.000321985193
360.0,0.993625,0.078875,0.000321985193
360.0,0.993375,0.078875,0.000321985193
360.0,0.993625,0.078875,0.000321985193
360.0,0.993625,0.079,0.000321985193
360.0,0.99325,0.079,0.000321985193
360.0,0.993125,0.079,0.000321985193
360.0,0.99375,0.079125,0.000321985193
360.0,0.994,0.079,0.000321985193
360.0,0.99375,0.078625,0.000321985193
360.0,0.99375,0.07875,0.000321985193
360.0,0.99375,0.07875,0.000321985193
360.0,0.993625,0.07875,0.000321985193
360.0,0.993625,0.078625,0.000321985193
360.0,0.994125,0.078625,0.000321985193
360.0,0.99425,0.078625,0.000321985193
360.0,0.994,0.07875,0.000321985193
360.0,0.993625,0.078875,0.000321985193
360.0,0.993375,0.078875,0.000321985193
360.0,0.993375,0.078875,0.000321985193
360.0,0.993125,0.078875,0.000321985193
360.0,0.99325,0.078875,0.000321985193
360.0,0.993375,0.07875,0.000321985193
360.0,0.993625,0.079,0.000321985193
360.0,0.99375,0.079,0.000321985193
360.0,0.993625,0.079,0.000321985193
360.0,0.9935,0.078875,0.000321985193
360.0,0.9935,0.078875,0.000321985193
360.0,0.99375,0.078875,0.000321985193
360.0,0.993625,0.078625,0.000321985193
360.0,0.99375,0.07875,0.000321985193
360.0,0.994125,0.078875,0.000321985193
360.0,0.994125,0.07875,0.000321985193
360.0,0.99375,0.078625,0.000321985193
360.0,0.993375,0.07875,0.000321985193
360.0,0.9935,0.078875,0.000321985193
360.0,0.993625,0.078875,0.000321985193
360.0,0.9935,0.079,0.000321985193
360.0,0.993375,0.079,0.000321985193
360.0,0.993375,0.078875,0.000321985193
360.0,0.9935,0.079,0.000321985193
360.0,0.993625,0.079125,0.000321985193
360.0,0.993625,0.079,0.000321985193
360.0,0.993625,0.079,0.000321985193
360.0,0.99375,0.078875,0.000321985193
360.0,0.993625,0.07875,0.000321985193
360.0,0.993625,0.07875,0.000321985193
360.0,0.993625,0.078875,0.000321985193
360.0,0.994,0.078875,0.000321985193
360.0,0.994125,0.078875,0.000321985193
360.0,0.994,0.079,0.000321985193
360.0,0.9935,0.079,0.000321985193
360.0,0.993,0.078875,0.000321985193
360.0,0.993375,0.078875,0.000321985193
360.0,0.9935,0.078875,0.000321985193
360.0,0.99325,0.07875,0.000321985193
360.0,0.993,0.079,0.000321985193
360.0,0.993375,0.079,0.000321985193
360.0,0.99375,0.079,0.000321985193
360.0,0.99375,0.079,0.000321985193
360.0,0.993875,0.079125,0.000321985193
360.0,0.994125,0.079,0.000321985193
360.0,0.99375,0.07875,0.000321985193
360.0,0.993625,0.07875,0.000321985193
360.0,0.99375,0.07875,0.000321985193
360.0,0.994125,0.07875,0.000321985193
360.0,0.993625,0.078625,0.000321985193
360.0,0.99325,0.078625,0.000321985193
360.0,0.993125,0.078875,0.000321985193
360.0,0.993,0.079,0.000321985193
360.0,0.993375,0.079,0.000321985193
360.0,0.9935,0.078875,0.000321985193
360.0,0.993,0.079,0.000321985193
360.0,0.993125,0.07875,0.000321985193
360.0,0.993375,0.079,0.000321985193
360.0,0.993375,0.079,0.000321985193
360.0,0.99375,0.079,0.000321985193
360.0,0.9935,0.079,0.000321985193
360.0,0.99325,0.078625,0.000321985193
360.0,0.993375,0.078625,0.000321985193
360.0,0.993625,0.078625,0.000321985193
360.0,0.994125,0.078875,0.000321985193
360.0,0.993875,0.078875,0.000321985193
360.0,0.9935,0.07875,0.000321985193
360.0,0.99325,0.078875,0.000321985193
360.0,0.993125,0.078875,0.000321985193
360.0,0.993125,0.079,0.000321985193
360.0,0.9935,0.079,0.000321985193
360.0,0.993375,0.079,0.000321985193
360.0,0.99325,0.07875,0.000321985193
360.0,0.9935,0.079,0.000321985193
360.0,0.99375,0.079,0.000321985193
360.0,0.99375,0.079,0.000321985193
360.0,0.99375,0.078875,0.000321985193
360.0,0.9935,0.07875,0.000321985193
360.0,0.9935,0.07875,0.000321985193
360.0,0.9935,0.078625,0.000321985193
360.0,0.9935,0.078625,0.000321985193
360.0,0.993875,0.078625,0.000321985193
360.0,0.993875,0.07875,0.000321985193
360.0,0.99375,0.078875,0.000321985193
360.0,0.99325,0.078875,0.000321985193
360.0,0.9935,0.078875,0.000321985193
360.0,0.993625,0.07875,0.000321985193
360.0,0.993375,0.078875,0.000321985193
360.0,0.993125,0.078875,0.000321985193
360.0,0.99325,0.079,0.000321985193
360.0,0.99375,0.079125,0.000321985193
360.0,0.99375,0.079125,0.000321985193
360.0,0.993625,0.079,0.000321985193
360.0,0.993,0.079125,0.000321985193
360.0,0.9935,0.078875,0.000321985193
360.0,0.99375,0.07875,0.000321985193
360.0,0.993375,0.0785,0.000321985193
360.0,0.9935,0.07875,0.000321985193
360.0,0.994,0.07875,0.000321985193
360.0,0.993875,0.07875,0.000321985193
360.0,0.994,0.07875,0.000321985193
360.0,0.9935,0.078875,0.000321985193
360.0,0.993375,0.079,0.000321985193
360.0,0.9935,0.079,0.000321985193
360.0,0.9935,0.078875,0.000321985193
360.0,0.993375,0.078875,0.000321985193
