ANGLE,CH0,CH1
0.0,3.5085,0.729125
0.0,3.507875,0.729125
0.0,3.507875,0.729125
0.0,3.50775,0.72925
0.0,3.506625,0.72925
0.0,3.506875,0.729125
0.0,3.508375,0.72925
0.0,3.509,0.729375
0.0,3.509,0.729375
0.0,3.508125,0.729125
0.0,3.507875,0.728875
0.0,3.507875,0.729
0.0,3.507375,0.729125
0.0,3.508625,0.729125
0.0,3.509625,0.729
0.0,3.50925,0.728875
0.0,3.50875,0.729125
0.0,3.50825,0.729375
0.0,3.507875,0.72925
0.0,3.507625,0.72925
0.0,3.507,0.72925
0.0,3.5065,0.729
0.0,3.507125,0.729125
0.0,3.508125,0.72925
0.0,3.50875,0.729375
0.0,3.50875,0.729375
0.0,3.509,0.729125
0.0,3.508125,0.729
0.0,3.507625,0.728875
0.0,3.50725,0.728875
0.0,3.5085,0.729
0.0,3.51,0.72875
0.0,3.51,0.728875
0.0,3.509,0.729
0.0,3.507875,0.729125
0.0,3.50775,0.729375
0.0,3.507375,0.729125
0.0,3.507,0.729
0.0,3.506875,0.729125
0.0,3.5075,0.72925
0.0,3.508375,0.729375
0.0,3.508375,0.729375
0.0,3.509,0.72925
0.0,3.5085,0.72925
0.0,3.508,0.729
0.0,3.50775,0.728875
0.0,3.50775,0.729
0.0,3.509125,0.728875
0.0,3.51,0.728625
0.0,3.50975,0.728875
0.0,3.508625,0.72925
0.0,3.507625,0.729
0.0,3.507625,0.728875
0.0,3.5075,0.729
0.0,3.50675,0.729125
0.0,3.506875,0.729125
0.0,3.507375,0.729375
0.0,3.507375,0.729375
0.0,3.508625,0.72925
0.0,3.508625,0.72925
0.0,3.5075,0.728875
0.0,3.507625,0.729
0.0,3.50775,0.729
0.0,3.50825,0.729
0.0,3.509125,0.728875
0.0,3.50975,0.728875
0.0,3.509875,0.72925
0.0,3.508375,0.729375
0.0,3.50725,0.729
0.0,3.507625,0.729125
0.0,3.50725,0.72925
0.0,3.506375,0.729125
0.0,3.5065,0.72925
0.0,3.5065,0.72925
0.0,3.50775,0.72925
0.0,3.508625,0.729375
0.0,3.508125,0.729375
0.0,3.508,0.729125
0.0,3.507875,0.728875
0.0,3.507625,0.729
0.0,3.5085,0.729
0.0,3.509375,0.729
0.0,3.50925,0.729
0.0,3.50925,0.729
0.0,3.508375,0.729
0.0,3.507875,0.729125
0.0,3.50775,0.729125
0.0,3.50725,0.72925
0.0,3.5065,0.729125
0.0,3.50725,0.72925
0.0,3.50725,0.72925
0.0,3.50825,0.7295
0.0,3.5085,0.729625
0.0,3.50775,0.72925
0.0,3.508,0.729
0.0,3.508125,0.729125
0.0,3.50775,0.729
0.0,3.5085,0.729
0.0,3.5095,0.728875
0.0,3.50925,0.728875
0.0,3.50875,0.72925
0.0,3.508,0.729125
0.0,3.507375,0.72925
0.0,3.507125,0.72925
0.0,3.507,0.729125
0.0,3.50675,0.729125
0.0,3.50675,0.729125
0.0,3.507375,0.72925
0.0,3.508375,0.729375
0.0,3.50825,0.729125
0.0,3.507875,0.729125
0.0,3.5075,0.729125
0.0,3.507375,0.729
0.0,3.507875,0.729
0.0,3.509,0.729
0.0,3.5095,0.72875
0.0,3.509625,0.72875
0.0,3.508875,0.729125
0.0,3.507625,0.72925
0.0,3.507125,0.72925
0.0,3.507375,0.72925
0.0,3.507125,0.729125
0.0,3.507125,0.729125
0.0,3.50675,0.72925
0.0,3.507875,0.729375
0.0,3.509125,0.729625
0.0,3.50825,0.729125
0.0,3.508,0.728625
0.0,3.5075,0.72875
0.0,3.50725,0.729
0.0,3.507875,0.728875
0.0,3.50925,0.728875
0.0,3.509875,0.72875
0.0,3.50925,0.729125
0.0,3.50775,0.729125
0.0,3.507375,0.729
0.0,3.50725,0.729125
0.0,3.50725,0.729125
0.0,3.50725,0.729125
0.0,3.50725,0.729125
0.0,3.50775,0.72925
0.0,3.50875,0.7295
0.0,3.509,0.729375
0.0,3.5085,0.729125
0.0,3.50825,0.72925
0.0,3.507875,0.729125
0.0,3.50775,0.729125
0.0,3.508625,0.729125
0.0,3.509375,0.728875
0.0,3.50975,0.7285
0.0,3.509,0.728875
0.0,3.507875,0.729125
0.0,3.50775,0.729
0.0,3.50775,0.729
0.0,3.507375,0.729
0.0,3.507375,0.729
0.0,3.506625,0.729125
0.0,3.5075,0.729375
0.0,3.5085,0.729375
0.0,3.508375,0.729375
0.0,3.508,0.729125
0.0,3.508125,0.72875
0.0,3.507875,0.729
0.0,3.50825,0.729
0.0,3.5095,0.728875
0.0,3.51,0.728875
0.0,3.50975,0.728875
0.0,3.508625,0.72925
0.0,3.5075,0.72925
1.0,3.507125,0.680875
1.0,3.506625,0.680875
1.0,3.50625,0.680875
1.0,3.506625,0.680875
1.0,3.507875,0.681125
1.0,3.5085,0.681125
1.0,3.508125,0.681125
1.0,3.508,0.68075
1.0,3.508,0.68075
1.0,3.507875,0.6805
1.0,3.50775,0.680875
1.0,3.508625,0.68075
1.0,3.509625,0.680625
1.0,3.509875,0.680625
1.0,3.50925,0.68075
1.0,3.507625,0.68075
1.0,3.507375,0.68075
1.0,3.5075,0.68075
1.0,3.507125,0.680875
1.0,3.506625,0.680625
1.0,3.50725,0.680875
1.0,3.5085,0.681125
1.0,3.508625,0.681125
1.0,3.508125,0.680875
1.0,3.50825,0.680375
1.0,3.50825,0.680375
1.0,3.508,0.680625
1.0,3.507625,0.680875
1.0,3.50875,0.68075
1.0,3.50975,0.680625
1.0,3.509375,0.68075
1.0,3.50825,0.680875
1.0,3.507125,0.680875
1.0,3.507125,0.680875
1.0,3.50725,0.68075
1.0,3.507125,0.680875
1.0,3.506875,0.680875
1.0,3.50775,0.681
1.0,3.509,0.681125
1.0,3.508875,0.681125
1.0,3.508125,0.680875
1.0,3.508125,0.680875
1.0,3.507875,0.68075
1.0,3.507375,0.68075
1.0,3.508125,0.68075
1.0,3.509625,0.68075
1.0,3.51,0.680625
1.0,3.509,0.68075
1.0,3.50825,0.680875
1.0,3.507625,0.680875
1.0,3.507625,0.680875
1.0,3.5075,0.680875
1.0,3.506875,0.68075
1.0,3.50725,0.681
1.0,3.508375,0.681125
1.0,3.50875,0.68125
1.0,3.508125,0.681
1.0,3.508125,0.681
1.0,3.508,0.680625
1.0,3.508,0.680625
1.0,3.50775,0.680875
1.0,3.508625,0.680875
1.0,3.510125,0.680875
1.0,3.510125,0.68075
1.0,3.509125,0.680625
1.0,3.508375,0.681125
1.0,3.507875,0.681125
1.0,3.5075,0.68075
1.0,3.507,0.681
1.0,3.5065,0.680875
1.0,3.50775,0.681125
1.0,3.5085,0.68125
1.0,3.508625,0.681125
1.0,3.508625,0.681125
1.0,3.5085,0.680875
1.0,3.50825,0.6805
1.0,3.50775,0.6805
1.0,3.507625,0.680875
1.0,3.509,0.68075
1.0,3.50975,0.680625
1.0,3.50975,0.68075
1.0,3.508875,0.681
1.0,3.50775,0.68075
1.0,3.507625,0.68075
1.0,3.507,0.681
1.0,3.506875,0.681
1.0,3.50675,0.681
1.0,3.507875,0.681
1.0,3.508875,0.681
1.0,3.508375,0.681
1.0,3.508375,0.681
1.0,3.507875,0.680875
1.0,3.508,0.680875
1.0,3.507375,0.68075
1.0,3.50775,0.68075
1.0,3.509125,0.680625
1.0,3.51,0.68075
1.0,3.5095,0.680625
1.0,3.508125,0.68075
1.0,3.5075,0.6805
1.0,3.50775,0.680625
1.0,3.5075,0.680875
1.0,3.506625,0.681
1.0,3.50675,0.680875
1.0,3.5075,0.681125
1.0,3.50825,0.681125
1.0,3.50825,0.681125
1.0,3.508625,0.68125
1.0,3.508625,0.681125
1.0,3.507875,0.680875
1.0,3.50775,0.68075
1.0,3.509,0.680875
1.0,3.509875,0.680625
1.0,3.51,0.68075
1.0,3.50925,0.681
1.0,3.507875,0.68125
1.0,3.507375,0.680875
1.0,3.50725,0.68075
1.0,3.506625,0.680875
1.0,3.50625,0.680875
1.0,3.50725,0.681125
1.0,3.508375,0.681125
1.0,3.508375,0.681125
1.0,3.508875,0.681125
1.0,3.5085,0.681
1.0,3.508,0.681
1.0,3.5075,0.680625
1.0,3.507625,0.680625
1.0,3.509125,0.680875
1.0,3.51,0.680625
1.0,3.509875,0.680625
1.0,3.50875,0.68075
1.0,3.508125,0.681125
1.0,3.508,0.681125
1.0,3.50725,0.681
1.0,3.50675,0.680875
1.0,3.5065,0.681
1.0,3.507625,0.681
1.0,3.507625,0.681
1.0,3.508875,0.68125
1.0,3.508375,0.68125
1.0,3.508,0.681125
1.0,3.508125,0.680875
1.0,3.507625,0.680625
1.0,3.508375,0.68075
1.0,3.509375,0.68075
1.0,3.5095,0.68075
1.0,3.5095,0.680625
1.0,3.508375,0.680875
1.0,3.507875,0.680875
1.0,3.507875,0.68075
1.0,3.507125,0.681
1.0,3.506625,0.680875
1.0,3.50675,0.681
1.0,3.5075,0.681125
1.0,3.5075,0.681125
1.0,3.508875,0.68125
1.0,3.509125,0.681
1.0,3.508625,0.680875
1.0,3.508,0.68075
1.0,3.507875,0.68075
1.0,3.5085,0.680875
1.0,3.50925,0.680875
1.0,3.5095,0.68075
1.0,3.508875,0.681
1.0,3.50825,0.680875
1.0,3.507875,0.68075
1.0,3.507625,0.68075
1.0,3.507,0.68075
2.0,3.50925,0.632375
2.0,3.507625,0.632625
2.0,3.507,0.63275
2.0,3.507,0.632875
2.0,3.50675,0.6325
2.0,3.506375,0.632375
2.0,3.507125,0.6325
2.0,3.50775,0.632875
2.0,3.50775,0.632875
2.0,3.50825,0.632875
2.0,3.508625,0.6325
2.0,3.508375,0.63225
2.0,3.5075,0.63225
2.0,3.507375,0.6325
2.0,3.508375,0.632375
2.0,3.509125,0.632125
2.0,3.509375,0.63225
2.0,3.509125,0.632625
2.0,3.508,0.632375
2.0,3.507375,0.632125
2.0,3.506875,0.632375
2.0,3.507125,0.6325
2.0,3.5065,0.632625
2.0,3.50675,0.632625
2.0,3.50675,0.63275
2.0,3.50825,0.63275
2.0,3.508625,0.633
2.0,3.508125,0.633
2.0,3.507875,0.63275
2.0,3.507625,0.6325
2.0,3.507625,0.632375
2.0,3.508875,0.632375
2.0,3.50975,0.63225
2.0,3.50975,0.632375
2.0,3.508375,0.6325
2.0,3.50725,0.63275
2.0,3.50725,0.632625
2.0,3.507,0.6325
2.0,3.506625,0.6325
2.0,3.50675,0.632625
2.0,3.5075,0.63275
2.0,3.5075,0.63275
2.0,3.508875,0.633
2.0,3.508875,0.632875
2.0,3.5085,0.632625
2.0,3.508125,0.632375
2.0,3.507625,0.6325
2.0,3.508,0.6325
2.0,3.50875,0.63225
2.0,3.509375,0.63225
2.0,3.509,0.632375
2.0,3.507875,0.632375
2.0,3.5075,0.632375
2.0,3.5075,0.63275
2.0,3.50725,0.632625
2.0,3.5065,0.6325
2.0,3.506875,0.632625
2.0,3.506875,0.632625
2.0,3.508375,0.632625
2.0,3.508875,0.632875
2.0,3.50825,0.63275
2.0,3.50775,0.632625
2.0,3.5075,0.6325
2.0,3.507125,0.632375
2.0,3.508125,0.632125
2.0,3.509875,0.63225
2.0,3.50975,0.63225
2.0,3.508875,0.6325
2.0,3.507875,0.6325
2.0,3.50725,0.632375
2.0,3.507125,0.632375
2.0,3.50725,0.6325
2.0,3.5065,0.632375
2.0,3.5065,0.632375
2.0,3.507125,0.63275
2.0,3.50875,0.63275
2.0,3.509,0.633
2.0,3.50825,0.632875
2.0,3.508,0.6325
2.0,3.507625,0.63225
2.0,3.507875,0.632375
2.0,3.50875,0.632625
2.0,3.5095,0.632375
2.0,3.509375,0.632375
2.0,3.508125,0.6325
2.0,3.507125,0.632375
2.0,3.5075,0.6325
2.0,3.507125,0.6325
2.0,3.506625,0.6325
2.0,3.506625,0.6325
2.0,3.50675,0.632625
2.0,3.507375,0.632625
2.0,3.508375,0.63275
2.0,3.5085,0.632625
2.0,3.508125,0.632625
2.0,3.50825,0.63225
2.0,3.507875,0.632125
2.0,3.508125,0.632375
2.0,3.509375,0.632375
2.0,3.51,0.63225
2.0,3.509125,0.6325
2.0,3.508125,0.63275
2.0,3.5075,0.63225
2.0,3.507125,0.632375
2.0,3.507125,0.6325
2.0,3.507,0.632625
2.0,3.507,0.632625
2.0,3.507375,0.632625
2.0,3.50825,0.632875
2.0,3.508875,0.633
2.0,3.508375,0.632875
2.0,3.50825,0.63275
2.0,3.508,0.632375
2.0,3.50775,0.632375
2.0,3.5085,0.6325
2.0,3.5095,0.632375
2.0,3.509625,0.63225
2.0,3.509125,0.6325
2.0,3.50775,0.632625
2.0,3.507,0.63275
2.0,3.50725,0.632625
2.0,3.507125,0.6325
2.0,3.507125,0.6325
2.0,3.5065,0.6325
2.0,3.506875,0.63275
2.0,3.508,0.632875
2.0,3.5085,0.63275
2.0,3.508,0.6325
2.0,3.50825,0.632375
2.0,3.508,0.63225
2.0,3.50775,0.63225
2.0,3.508625,0.63225
2.0,3.509875,0.632125
2.0,3.509875,0.632125
2.0,3.509125,0.63225
2.0,3.508,0.63225
2.0,3.5075,0.632
2.0,3.50675,0.6325
2.0,3.50675,0.6325
2.0,3.506625,0.632375
2.0,3.506625,0.6325
2.0,3.507375,0.632625
2.0,3.508625,0.632625
2.0,3.5085,0.63275
2.0,3.50775,0.632375
2.0,3.50825,0.632125
2.0,3.508,0.632375
2.0,3.508125,0.632375
2.0,3.5095,0.63225
2.0,3.5095,0.632125
2.0,3.509,0.632125
2.0,3.50875,0.632375
2.0,3.5075,0.6325
2.0,3.50725,0.63225
2.0,3.50725,0.6325
2.0,3.507125,0.6325
2.0,3.5065,0.632625
2.0,3.50675,0.632625
2.0,3.50825,0.63275
2.0,3.509,0.63275
2.0,3.508625,0.633
2.0,3.508125,0.633
2.0,3.507875,0.632625
2.0,3.50775,0.632375
2.0,3.508625,0.632375
2.0,3.5095,0.632375
2.0,3.50975,0.632125
2.0,3.50925,0.6325
2.0,3.50825,0.632625
3.0,3.509875,0.586125
3.0,3.50875,0.586
3.0,3.508125,0.586375
3.0,3.507625,0.5865
3.0,3.507375,0.5865
3.0,3.507,0.586375
3.0,3.506625,0.5865
3.0,3.5075,0.586625
3.0,3.5085,0.586625
3.0,3.5085,0.58675
3.0,3.508625,0.586875
3.0,3.507875,0.586625
3.0,3.508125,0.5865
3.0,3.50825,0.586625
3.0,3.508125,0.586375
3.0,3.509,0.58625
3.0,3.509875,0.586375
3.0,3.51,0.58625
3.0,3.508875,0.586375
3.0,3.507375,0.58625
3.0,3.5075,0.5865
3.0,3.50725,0.586625
3.0,3.506625,0.5865
3.0,3.506125,0.586375
3.0,3.507,0.586375
3.0,3.507,0.5865
3.0,3.508375,0.586875
3.0,3.508625,0.5865
3.0,3.5085,0.586375
3.0,3.508375,0.5865
3.0,3.50825,0.58625
3.0,3.508625,0.58625
3.0,3.509375,0.586375
3.0,3.509625,0.586375
3.0,3.5095,0.5865
3.0,3.508625,0.586375
3.0,3.5075,0.586125
3.0,3.507375,0.586125
3.0,3.507125,0.5865
3.0,3.506875,0.5865
3.0,3.507,0.5865
3.0,3.507,0.5865
3.0,3.508125,0.586625
3.0,3.509125,0.58675
3.0,3.508375,0.5865
3.0,3.508,0.586125
3.0,3.508,0.586375
3.0,3.50775,0.5865
3.0,3.508625,0.586375
3.0,3.50975,0.586125
3.0,3.509625,0.586125
3.0,3.508875,0.58625
3.0,3.508125,0.58625
3.0,3.508,0.5865
3.0,3.507375,0.586625
3.0,3.506625,0.586375
3.0,3.506625,0.5865
3.0,3.506625,0.5865
3.0,3.507125,0.586625
3.0,3.507625,0.5865
3.0,3.508125,0.58675
3.0,3.507625,0.58675
3.0,3.508,0.586625
3.0,3.508125,0.586625
3.0,3.50775,0.586375
3.0,3.508625,0.58625
3.0,3.5095,0.58625
3.0,3.5095,0.586375
3.0,3.50875,0.5865
3.0,3.508,0.58625
3.0,3.508,0.586375
3.0,3.50725,0.5865
3.0,3.50675,0.586375
3.0,3.50675,0.586375
3.0,3.5065,0.586375
3.0,3.507375,0.586625
3.0,3.50825,0.586875
3.0,3.50825,0.58675
3.0,3.50825,0.586875
3.0,3.50825,0.5865
3.0,3.5075,0.5865
3.0,3.507875,0.586375
3.0,3.509125,0.586375
3.0,3.51,0.58625
3.0,3.509625,0.586125
3.0,3.508625,0.586625
3.0,3.507625,0.5865
3.0,3.508,0.5865
3.0,3.507375,0.5865
3.0,3.506375,0.5865
3.0,3.506375,0.586375
3.0,3.50675,0.58675
3.0,3.507625,0.586625
3.0,3.508625,0.58675
3.0,3.508625,0.58675
3.0,3.50825,0.586375
3.0,3.508,0.58625
3.0,3.507625,0.586375
3.0,3.508,0.586375
3.0,3.509625,0.58625
3.0,3.509875,0.58625
3.0,3.509125,0.5865
3.0,3.508,0.586625
3.0,3.507875,0.58625
3.0,3.507625,0.5865
3.0,3.506875,0.5865
3.0,3.506875,0.5865
3.0,3.5065,0.58625
3.0,3.507,0.5865
3.0,3.508125,0.58675
3.0,3.50875,0.58675
3.0,3.5085,0.586875
3.0,3.508,0.5865
3.0,3.5075,0.5865
3.0,3.507625,0.586375
3.0,3.508625,0.58625
3.0,3.509625,0.58625
3.0,3.509875,0.586125
3.0,3.509125,0.58625
3.0,3.50825,0.586375
3.0,3.5075,0.586375
3.0,3.506875,0.586375
3.0,3.506875,0.586375
3.0,3.5065,0.5865
3.0,3.506375,0.5865
3.0,3.507375,0.586625
3.0,3.50875,0.586625
3.0,3.508875,0.586625
3.0,3.5085,0.586375
3.0,3.50825,0.586125
3.0,3.50775,0.586375
3.0,3.50775,0.586375
3.0,3.508875,0.586125
3.0,3.509375,0.586125
3.0,3.5095,0.586125
3.0,3.50875,0.5865
3.0,3.507875,0.586375
3.0,3.5075,0.586625
3.0,3.5075,0.586625
3.0,3.5075,0.58625
3.0,3.50725,0.586375
3.0,3.507,0.58625
3.0,3.507875,0.586625
3.0,3.5085,0.586875
3.0,3.50825,0.586625
3.0,3.508,0.586375
3.0,3.508125,0.58625
3.0,3.5075,0.58625
3.0,3.507875,0.58625
3.0,3.50925,0.58625
3.0,3.509625,0.586125
3.0,3.509,0.586375
3.0,3.508,0.586375
3.0,3.50725,0.5865
3.0,3.50725,0.5865
3.0,3.507375,0.5865
3.0,3.50725,0.586625
3.0,3.507,0.586375
3.0,3.507375,0.5865
3.0,3.508,0.58675
3.0,3.508875,0.586875
3.0,3.5085,0.586625
3.0,3.50825,0.586625
3.0,3.508125,0.5865
3.0,3.508,0.586375
3.0,3.5085,0.58625
3.0,3.5095,0.586
3.0,3.50975,0.58625
3.0,3.50875,0.586375
4.0,3.508125,0.54125
4.0,3.507375,0.541125
4.0,3.50725,0.54125
4.0,3.50675,0.5415
4.0,3.5065,0.54175
4.0,3.506875,0.54175
4.0,3.508125,0.541875
4.0,3.508625,0.542
4.0,3.508625,0.542
4.0,3.508375,0.541875
4.0,3.508125,0.5415
4.0,3.50775,0.54125
4.0,3.5075,0.541375
4.0,3.5085,0.5415
4.0,3.509875,0.5415
4.0,3.50975,0.5415
4.0,3.50925,0.5415
4.0,3.508125,0.541625
4.0,3.5075,0.541625
4.0,3.506875,0.54175
4.0,3.506375,0.541625
4.0,3.5065,0.54175
4.0,3.507,0.54175
4.0,3.508,0.541875
4.0,3.508,0.541875
4.0,3.508375,0.541875
4.0,3.508,0.54175
4.0,3.508,0.541625
4.0,3.507125,0.5415
4.0,3.5075,0.541625
4.0,3.508625,0.5415
4.0,3.509875,0.541375
4.0,3.509625,0.541375
4.0,3.50825,0.541375
4.0,3.507375,0.54175
4.0,3.50675,0.5415
4.0,3.506625,0.5415
4.0,3.50625,0.5415
4.0,3.506625,0.541625
4.0,3.507625,0.541625
4.0,3.5085,0.54175
4.0,3.5085,0.54175
4.0,3.509125,0.54175
4.0,3.508625,0.541875
4.0,3.50825,0.54175
4.0,3.507375,0.541625
4.0,3.5075,0.541375
4.0,3.50875,0.541375
4.0,3.509625,0.541375
4.0,3.509375,0.5415
4.0,3.5085,0.541875
4.0,3.50775,0.541875
4.0,3.507375,0.54175
4.0,3.507375,0.541625
4.0,3.507,0.5415
4.0,3.507,0.5415
4.0,3.50725,0.54175
4.0,3.50725,0.54175
4.0,3.50825,0.541875
4.0,3.508,0.54175
4.0,3.50775,0.5415
4.0,3.5075,0.5415
4.0,3.507375,0.5415
4.0,3.508375,0.541375
4.0,3.50975,0.54125
4.0,3.51025,0.541375
4.0,3.509125,0.541375
4.0,3.507625,0.541625
4.0,3.50725,0.541625
4.0,3.50725,0.54175
4.0,3.506875,0.54175
4.0,3.506375,0.54175
4.0,3.50675,0.54175
4.0,3.50675,0.54175
4.0,3.508,0.541875
4.0,3.508375,0.541875
4.0,3.507875,0.542
4.0,3.508,0.5415
4.0,3.508,0.5415
4.0,3.507625,0.541375
4.0,3.5085,0.5415
4.0,3.5095,0.541375
4.0,3.5095,0.5415
4.0,3.508625,0.541625
4.0,3.50725,0.541625
4.0,3.507375,0.54175
4.0,3.507,0.541625
4.0,3.506,0.54175
4.0,3.505625,0.5415
4.0,3.505625,0.541625
4.0,3.506375,0.541625
4.0,3.507875,0.541625
4.0,3.50825,0.541625
4.0,3.50775,0.54175
4.0,3.507125,0.54175
4.0,3.507,0.541625
4.0,3.50675,0.541375
4.0,3.508125,0.541625
4.0,3.50875,0.541625
4.0,3.50825,0.541625
4.0,3.5075,0.5415
4.0,3.507,0.5415
4.0,3.506625,0.5415
4.0,3.506375,0.541625
4.0,3.505875,0.541625
4.0,3.505875,0.54175
4.0,3.50575,0.54175
4.0,3.50675,0.54175
4.0,3.50775,0.541875
4.0,3.507375,0.54175
4.0,3.507125,0.54125
4.0,3.507375,0.541125
4.0,3.5065,0.541625
4.0,3.507125,0.5415
4.0,3.508625,0.541375
4.0,3.509,0.5415
4.0,3.508375,0.541625
4.0,3.507125,0.54175
4.0,3.506875,0.541625
4.0,3.506875,0.5415
4.0,3.506375,0.5415
4.0,3.506,0.5415
4.0,3.506,0.5415
4.0,3.506625,0.54175
4.0,3.507625,0.541875
4.0,3.508375,0.541875
4.0,3.507875,0.541625
4.0,3.508,0.54125
4.0,3.5075,0.5415
4.0,3.5075,0.541625
4.0,3.5085,0.5415
4.0,3.509125,0.541375
4.0,3.5095,0.54125
4.0,3.509125,0.5415
4.0,3.50775,0.541625
4.0,3.5075,0.541625
4.0,3.5075,0.541625
4.0,3.507,0.5415
4.0,3.507,0.5415
4.0,3.506375,0.5415
4.0,3.507125,0.541625
4.0,3.5085,0.541875
4.0,3.50875,0.54175
4.0,3.507875,0.5415
4.0,3.507625,0.5415
4.0,3.507625,0.541375
4.0,3.507875,0.5415
4.0,3.508875,0.541375
4.0,3.509625,0.541375
4.0,3.5095,0.5415
4.0,3.50875,0.54175
4.0,3.508125,0.541875
4.0,3.507875,0.54175
4.0,3.507375,0.5415
4.0,3.507375,0.541625
4.0,3.506875,0.541625
4.0,3.506625,0.541625
4.0,3.5075,0.54175
4.0,3.5085,0.541875
4.0,3.508125,0.54175
4.0,3.507625,0.54175
4.0,3.508125,0.541625
4.0,3.507875,0.541375
4.0,3.508125,0.5415
4.0,3.509375,0.541375
4.0,3.50975,0.541375
4.0,3.509625,0.5415
4.0,3.50875,0.54175
4.0,3.507625,0.541375
5.0,3.50775,0.49825
5.0,3.507625,0.498125
5.0,3.50725,0.498125
5.0,3.50675,0.498125
5.0,3.507625,0.498125
5.0,3.5095,0.498375
5.0,3.509125,0.498375
5.0,3.508,0.49825
5.0,3.508,0.49825
5.0,3.507875,0.497875
5.0,3.507625,0.498
5.0,3.50825,0.498125
5.0,3.50975,0.497875
5.0,3.51,0.49775
5.0,3.5095,0.497875
5.0,3.50875,0.49825
5.0,3.50825,0.498125
5.0,3.507625,0.498
5.0,3.50675,0.498
5.0,3.506875,0.498125
5.0,3.507375,0.498125
5.0,3.508625,0.4985
5.0,3.509625,0.498625
5.0,3.5085,0.498375
5.0,3.508125,0.49825
5.0,3.508125,0.49825
5.0,3.508,0.498125
5.0,3.507875,0.497875
5.0,3.508875,0.497875
5.0,3.51,0.497875
5.0,3.510125,0.497875
5.0,3.509375,0.498
5.0,3.50775,0.498375
5.0,3.507625,0.498125
5.0,3.507375,0.498125
5.0,3.507125,0.497875
5.0,3.506875,0.497875
5.0,3.50775,0.498
5.0,3.509,0.498125
5.0,3.509125,0.498375
5.0,3.50875,0.498375
5.0,3.50875,0.498375
5.0,3.508625,0.498125
5.0,3.508,0.498
5.0,3.50775,0.498
5.0,3.509,0.498
5.0,3.51,0.498
5.0,3.510125,0.497875
5.0,3.509125,0.498125
5.0,3.508,0.498375
5.0,3.5075,0.49825
5.0,3.50775,0.49825
5.0,3.507,0.49825
5.0,3.50675,0.498
5.0,3.5075,0.498125
5.0,3.508875,0.498375
5.0,3.5085,0.498
5.0,3.5085,0.498
5.0,3.50825,0.497875
5.0,3.50825,0.498
5.0,3.507625,0.497875
5.0,3.508,0.498
5.0,3.509125,0.497875
5.0,3.51,0.497875
5.0,3.509375,0.49775
5.0,3.508375,0.498125
5.0,3.508,0.498375
5.0,3.508,0.498125
5.0,3.5075,0.498125
5.0,3.50675,0.498125
5.0,3.507,0.498
5.0,3.508125,0.498375
5.0,3.508625,0.49825
5.0,3.508625,0.49825
5.0,3.508125,0.498375
5.0,3.508,0.49825
5.0,3.50825,0.498125
5.0,3.508,0.498
5.0,3.5085,0.498125
5.0,3.509,0.498
5.0,3.509875,0.498
5.0,3.509625,0.498125
5.0,3.508125,0.4985
5.0,3.507375,0.498625
5.0,3.507375,0.498125
5.0,3.506875,0.49825
5.0,3.506875,0.498
5.0,3.50725,0.498125
5.0,3.507875,0.498125
5.0,3.507875,0.498375
5.0,3.50825,0.498375
5.0,3.508125,0.4985
5.0,3.508375,0.498125
5.0,3.507625,0.498
5.0,3.507625,0.497875
5.0,3.509,0.498
5.0,3.509875,0.49775
5.0,3.509875,0.497625
5.0,3.509125,0.49825
5.0,3.508375,0.4985
5.0,3.508,0.498375
5.0,3.5075,0.49825
5.0,3.507,0.498
5.0,3.506875,0.498
5.0,3.5075,0.498125
5.0,3.5085,0.498375
5.0,3.5085,0.498375
5.0,3.508875,0.498375
5.0,3.508625,0.4985
5.0,3.508,0.49825
5.0,3.507625,0.498
5.0,3.50775,0.49775
5.0,3.509125,0.498
5.0,3.51,0.498
5.0,3.50975,0.498
5.0,3.508,0.498
5.0,3.50775,0.49825
5.0,3.507875,0.498125
5.0,3.50775,0.498125
5.0,3.50725,0.498
5.0,3.507,0.498125
5.0,3.507875,0.49825
5.0,3.507875,0.49825
5.0,3.508625,0.498125
5.0,3.508375,0.49825
5.0,3.508125,0.497875
5.0,3.508,0.497875
5.0,3.50775,0.497875
5.0,3.5085,0.498
5.0,3.509625,0.498
5.0,3.510125,0.49775
5.0,3.5095,0.498
5.0,3.507875,0.49825
5.0,3.507875,0.49825
5.0,3.50775,0.49825
5.0,3.507125,0.498125
5.0,3.506875,0.498
5.0,3.507125,0.498125
5.0,3.507125,0.498125
5.0,3.5085,0.498375
5.0,3.509,0.498375
5.0,3.508625,0.4985
5.0,3.508625,0.49825
5.0,3.508125,0.498125
5.0,3.507875,0.498
5.0,3.509,0.498
5.0,3.510125,0.498
5.0,3.51,0.498125
5.0,3.50925,0.49825
5.0,3.508125,0.49825
5.0,3.508,0.498125
5.0,3.50775,0.498
5.0,3.507375,0.498125
5.0,3.506875,0.498125
5.0,3.506875,0.498125
5.0,3.507375,0.49825
5.0,3.508625,0.498375
5.0,3.50875,0.498375
5.0,3.508,0.498
5.0,3.508,0.498125
5.0,3.507875,0.498125
5.0,3.508125,0.497875
5.0,3.509375,0.498
5.0,3.51025,0.498
5.0,3.510125,0.498
5.0,3.509,0.497875
5.0,3.507625,0.49825
5.0,3.507375,0.498375
5.0,3.5075,0.498125
6.0,3.50825,0.45675
6.0,3.508,0.456875
6.0,3.5075,0.4565
6.0,3.507875,0.456375
6.0,3.50925,0.456375
6.0,3.509875,0.45625
6.0,3.509875,0.456125
6.0,3.5085,0.45625
6.0,3.5085,0.45625
6.0,3.50775,0.456875
6.0,3.508125,0.456875
6.0,3.5075,0.456625
6.0,3.506875,0.4565
6.0,3.507,0.4565
6.0,3.507875,0.456625
6.0,3.508375,0.456625
6.0,3.507875,0.457125
6.0,3.50825,0.456875
6.0,3.5085,0.456625
6.0,3.507875,0.456625
6.0,3.508375,0.456625
6.0,3.509,0.4565
6.0,3.509625,0.456375
6.0,3.50975,0.456625
6.0,3.508375,0.456625
6.0,3.508375,0.456875
6.0,3.508125,0.456875
6.0,3.507875,0.456625
6.0,3.507,0.456625
6.0,3.506875,0.4565
6.0,3.507375,0.456625
6.0,3.50825,0.456625
6.0,3.508625,0.45725
6.0,3.508625,0.457
6.0,3.5085,0.4565
6.0,3.50825,0.45625
6.0,3.50775,0.456375
6.0,3.508625,0.4565
6.0,3.509625,0.456625
6.0,3.509875,0.456375
6.0,3.50925,0.456375
6.0,3.50925,0.456375
6.0,3.508,0.45675
6.0,3.50775,0.456625
6.0,3.507375,0.456625
6.0,3.50675,0.4565
6.0,3.507125,0.456625
6.0,3.5075,0.456625
6.0,3.50825,0.45675
6.0,3.508625,0.456625
6.0,3.508125,0.456375
6.0,3.508375,0.45625
6.0,3.507875,0.456375
6.0,3.50775,0.456375
6.0,3.509,0.45625
6.0,3.509875,0.4565
6.0,3.509875,0.456375
6.0,3.509875,0.456375
6.0,3.509125,0.456375
6.0,3.50825,0.4565
6.0,3.507625,0.456625
6.0,3.507625,0.4565
6.0,3.507375,0.456625
6.0,3.507125,0.456625
6.0,3.507875,0.456625
6.0,3.508625,0.456875
6.0,3.50875,0.456625
6.0,3.508125,0.456625
6.0,3.507625,0.456375
6.0,3.50775,0.456375
6.0,3.508375,0.4565
6.0,3.509,0.456375
6.0,3.509625,0.456375
6.0,3.509625,0.456375
6.0,3.50975,0.4565
6.0,3.50875,0.456375
6.0,3.50825,0.45625
6.0,3.507625,0.456375
6.0,3.507,0.45675
6.0,3.50675,0.456625
6.0,3.507375,0.4565
6.0,3.508375,0.456875
6.0,3.509125,0.456875
6.0,3.508625,0.45675
6.0,3.507875,0.4565
6.0,3.50775,0.45625
6.0,3.507375,0.456375
6.0,3.50825,0.456625
6.0,3.5095,0.4565
6.0,3.5095,0.4565
6.0,3.51,0.45625
6.0,3.509375,0.4565
6.0,3.50775,0.45675
6.0,3.50725,0.45675
6.0,3.5075,0.4565
6.0,3.50725,0.4565
6.0,3.506625,0.456625
6.0,3.50725,0.4565
6.0,3.508375,0.45675
6.0,3.50925,0.456625
6.0,3.508625,0.456625
6.0,3.508375,0.456375
6.0,3.507875,0.456375
6.0,3.50775,0.456375
6.0,3.50875,0.45625
6.0,3.51,0.45625
6.0,3.51,0.45625
6.0,3.509875,0.456375
6.0,3.509,0.4565
6.0,3.508125,0.4565
6.0,3.5075,0.4565
6.0,3.5075,0.4565
6.0,3.50725,0.456375
6.0,3.507125,0.456375
6.0,3.508,0.456625
6.0,3.50925,0.45675
6.0,3.50925,0.457
6.0,3.508625,0.456625
6.0,3.50825,0.456375
6.0,3.508,0.45625
6.0,3.507875,0.456375
6.0,3.509,0.4565
6.0,3.509,0.4565
6.0,3.510125,0.4565
6.0,3.509875,0.4565
6.0,3.50825,0.456625
6.0,3.507625,0.45675
6.0,3.507875,0.456875
6.0,3.507625,0.456625
6.0,3.50675,0.4565
6.0,3.507125,0.4565
6.0,3.50825,0.456625
6.0,3.508875,0.45675
6.0,3.50825,0.45675
6.0,3.508,0.456375
6.0,3.50775,0.456375
6.0,3.507,0.4565
6.0,3.50825,0.456375
6.0,3.50825,0.456375
6.0,3.50975,0.456375
6.0,3.5105,0.45625
6.0,3.509625,0.456375
6.0,3.5085,0.456625
6.0,3.508,0.45675
6.0,3.507375,0.456625
6.0,3.507,0.456625
6.0,3.5065,0.4565
6.0,3.507125,0.4565
6.0,3.507875,0.456875
6.0,3.509,0.45675
6.0,3.509,0.456625
6.0,3.5085,0.4565
6.0,3.50825,0.456375
6.0,3.508125,0.4565
6.0,3.508125,0.4565
6.0,3.509125,0.456375
6.0,3.509625,0.4565
6.0,3.509625,0.45625
6.0,3.509125,0.45625
6.0,3.508,0.456375
6.0,3.50775,0.4565
6.0,3.5075,0.4565
6.0,3.507375,0.456625
6.0,3.507125,0.456625
6.0,3.50775,0.456625
6.0,3.508375,0.45675
6.0,3.508625,0.45675
6.0,3.50875,0.4565
6.0,3.508625,0.456375
7.0,3.50825,0.41625
7.0,3.50825,0.416125
7.0,3.508375,0.416125
7.0,3.508,0.41575
7.0,3.507125,0.41575
7.0,3.507875,0.415875
7.0,3.509,0.41575
7.0,3.5095,0.415875
7.0,3.50925,0.415875
7.0,3.50925,0.416125
7.0,3.508,0.416
7.0,3.507375,0.415875
7.0,3.507375,0.415875
7.0,3.506625,0.416125
7.0,3.5065,0.416
7.0,3.507625,0.416
7.0,3.5085,0.416125
7.0,3.508625,0.416375
7.0,3.508125,0.41625
7.0,3.50775,0.416125
7.0,3.507625,0.415875
7.0,3.507625,0.415875
7.0,3.5085,0.415875
7.0,3.50975,0.415875
7.0,3.509625,0.41575
7.0,3.509625,0.41575
7.0,3.508875,0.416
7.0,3.507375,0.41625
7.0,3.50725,0.41625
7.0,3.506875,0.416
7.0,3.5065,0.416
7.0,3.506125,0.416
7.0,3.5075,0.416125
7.0,3.509,0.4165
7.0,3.509125,0.416625
7.0,3.508625,0.41625
7.0,3.508,0.415875
7.0,3.507625,0.416125
7.0,3.50725,0.415875
7.0,3.508625,0.41575
7.0,3.5095,0.41575
7.0,3.5095,0.41575
7.0,3.5095,0.41575
7.0,3.5085,0.416
7.0,3.507625,0.41625
7.0,3.5075,0.41625
7.0,3.50725,0.416
7.0,3.506875,0.416
7.0,3.50675,0.416
7.0,3.50775,0.416125
7.0,3.508375,0.41625
7.0,3.508,0.416125
7.0,3.508,0.415875
7.0,3.5075,0.415625
7.0,3.5075,0.415875
7.0,3.50825,0.415875
7.0,3.50925,0.416
7.0,3.50925,0.416
7.0,3.5095,0.41575
7.0,3.509125,0.416
7.0,3.508125,0.416375
7.0,3.50775,0.416375
7.0,3.5075,0.41625
7.0,3.507,0.416125
7.0,3.506625,0.415875
7.0,3.506875,0.416125
7.0,3.508,0.41625
7.0,3.508625,0.416375
7.0,3.508125,0.416125
7.0,3.507875,0.416125
7.0,3.50775,0.415875
7.0,3.507375,0.415875
7.0,3.508125,0.415875
7.0,3.508125,0.415875
7.0,3.509125,0.415875
7.0,3.509625,0.41575
7.0,3.509125,0.415875
7.0,3.508,0.416125
7.0,3.5075,0.41575
7.0,3.507,0.416
7.0,3.507,0.416
7.0,3.506875,0.416
7.0,3.507,0.415875
7.0,3.507375,0.416
7.0,3.508,0.416375
7.0,3.50825,0.4165
7.0,3.507625,0.41625
7.0,3.50725,0.41625
7.0,3.508,0.415875
7.0,3.508,0.415875
7.0,3.509,0.41575
7.0,3.51,0.415875
7.0,3.51,0.41575
7.0,3.508625,0.415625
7.0,3.507875,0.415875
7.0,3.507875,0.415875
7.0,3.507375,0.415875
7.0,3.507,0.415875
7.0,3.506875,0.416
7.0,3.50725,0.416125
7.0,3.508375,0.416
7.0,3.50825,0.416
7.0,3.508125,0.416
7.0,3.508375,0.415875
7.0,3.507375,0.415875
7.0,3.5075,0.41575
7.0,3.5075,0.41575
7.0,3.50925,0.415875
7.0,3.50975,0.41575
7.0,3.5095,0.416
7.0,3.508375,0.415875
7.0,3.5075,0.415625
7.0,3.507375,0.41575
7.0,3.50725,0.415875
7.0,3.506625,0.416125
7.0,3.50675,0.416125
7.0,3.507625,0.416
7.0,3.50875,0.415875
7.0,3.50825,0.416125
7.0,3.50775,0.416
7.0,3.507625,0.416125
7.0,3.507625,0.416
7.0,3.507625,0.416
7.0,3.5085,0.415875
7.0,3.50925,0.415875
7.0,3.51,0.416
7.0,3.509375,0.416
7.0,3.507875,0.416125
7.0,3.507625,0.416
7.0,3.5075,0.416
7.0,3.506625,0.416
7.0,3.506125,0.416
7.0,3.50725,0.416
7.0,3.50825,0.416375
7.0,3.50825,0.416125
7.0,3.50825,0.416125
7.0,3.508,0.415875
7.0,3.507625,0.41575
7.0,3.507625,0.41575
7.0,3.50775,0.415875
7.0,3.508875,0.415875
7.0,3.5095,0.415875
7.0,3.509625,0.416
7.0,3.508875,0.41575
7.0,3.50775,0.416
7.0,3.507375,0.415875
7.0,3.507125,0.416
7.0,3.506375,0.416
7.0,3.506375,0.416
7.0,3.507625,0.416
7.0,3.50825,0.41625
7.0,3.508375,0.416125
7.0,3.508,0.416125
7.0,3.508375,0.416
7.0,3.508375,0.416
7.0,3.5075,0.416
7.0,3.507875,0.415875
7.0,3.5095,0.415875
7.0,3.509875,0.415625
7.0,3.509875,0.41575
7.0,3.50825,0.41575
7.0,3.5075,0.41575
7.0,3.507125,0.415875
7.0,3.50675,0.416
7.0,3.5065,0.416125
7.0,3.507,0.416125
7.0,3.50775,0.416125
7.0,3.50875,0.416375
7.0,3.50875,0.416125
8.0,3.50775,0.377375
8.0,3.5075,0.377
8.0,3.506875,0.376875
8.0,3.507125,0.377125
8.0,3.5085,0.377
8.0,3.509375,0.377
8.0,3.509,0.37725
8.0,3.508,0.377125
8.0,3.508,0.377125
8.0,3.507375,0.377375
8.0,3.50725,0.377375
8.0,3.506875,0.377375
8.0,3.506125,0.377375
8.0,3.5065,0.37725
8.0,3.507625,0.377375
8.0,3.508125,0.377625
8.0,3.508125,0.37775
8.0,3.507875,0.377375
8.0,3.507375,0.377375
8.0,3.507125,0.377125
8.0,3.508,0.377125
8.0,3.509,0.377125
8.0,3.5095,0.377
8.0,3.50925,0.377375
8.0,3.508,0.377375
8.0,3.508,0.376875
8.0,3.507125,0.37675
8.0,3.507125,0.377
8.0,3.506625,0.377125
8.0,3.506375,0.37725
8.0,3.506625,0.377125
8.0,3.50775,0.37725
8.0,3.5085,0.3775
8.0,3.50825,0.377625
8.0,3.508,0.377125
8.0,3.5075,0.377125
8.0,3.5075,0.37725
8.0,3.508125,0.377125
8.0,3.509,0.377
8.0,3.509,0.37725
8.0,3.508125,0.377375
8.0,3.508125,0.377375
8.0,3.507125,0.3775
8.0,3.507,0.377375
8.0,3.50725,0.377375
8.0,3.506875,0.37725
8.0,3.506625,0.377375
8.0,3.50725,0.377375
8.0,3.508625,0.37725
8.0,3.50875,0.377625
8.0,3.508,0.377625
8.0,3.508125,0.377375
8.0,3.507125,0.37725
8.0,3.507375,0.377125
8.0,3.5085,0.377125
8.0,3.5095,0.377
8.0,3.509375,0.37725
8.0,3.509375,0.37725
8.0,3.5085,0.3775
8.0,3.50775,0.377375
8.0,3.50725,0.37725
8.0,3.5075,0.377125
8.0,3.507,0.37725
8.0,3.506625,0.377125
8.0,3.50725,0.377375
8.0,3.50875,0.3775
8.0,3.5085,0.377625
8.0,3.508125,0.3775
8.0,3.507875,0.3775
8.0,3.507375,0.377375
8.0,3.5075,0.377125
8.0,3.508625,0.377125
8.0,3.50925,0.377125
8.0,3.50925,0.377125
8.0,3.509125,0.37725
8.0,3.5085,0.377125
8.0,3.507375,0.37725
8.0,3.507125,0.377
8.0,3.507,0.377375
8.0,3.506375,0.377375
8.0,3.506875,0.377375
8.0,3.508125,0.377375
8.0,3.508375,0.377625
8.0,3.507875,0.377625
8.0,3.5075,0.3775
8.0,3.507125,0.37725
8.0,3.507375,0.377125
8.0,3.508375,0.377125
8.0,3.509,0.377125
8.0,3.509125,0.377125
8.0,3.509125,0.377125
8.0,3.5085,0.377
8.0,3.507625,0.3775
8.0,3.507625,0.3775
8.0,3.50725,0.37725
8.0,3.506625,0.377375
8.0,3.506375,0.377375
8.0,3.506625,0.37725
8.0,3.508375,0.3775
8.0,3.509375,0.377625
8.0,3.508375,0.3775
8.0,3.50775,0.377375
8.0,3.507375,0.37725
8.0,3.507125,0.37725
8.0,3.5085,0.377125
8.0,3.509375,0.377125
8.0,3.509375,0.377125
8.0,3.509375,0.377125
8.0,3.50825,0.377125
8.0,3.5075,0.377625
8.0,3.507375,0.37725
8.0,3.50725,0.377125
8.0,3.506875,0.37725
8.0,3.50625,0.37725
8.0,3.507,0.377375
8.0,3.508125,0.377375
8.0,3.508125,0.377375
8.0,3.508,0.377375
8.0,3.50775,0.3775
8.0,3.50725,0.377125
8.0,3.50775,0.37725
8.0,3.50875,0.377125
8.0,3.50875,0.377125
8.0,3.509,0.377125
8.0,3.509375,0.377375
8.0,3.50825,0.377125
8.0,3.50675,0.377
8.0,3.506875,0.37725
8.0,3.507125,0.377375
8.0,3.506875,0.37725
8.0,3.506375,0.377
8.0,3.507375,0.377375
8.0,3.508375,0.3775
8.0,3.508,0.377375
8.0,3.507625,0.377
8.0,3.508125,0.376875
8.0,3.507875,0.377125
8.0,3.507875,0.37725
8.0,3.507875,0.37725
8.0,3.509125,0.377125
8.0,3.5095,0.37725
8.0,3.50875,0.37725
8.0,3.5075,0.377125
8.0,3.50725,0.37725
8.0,3.507375,0.37725
8.0,3.50675,0.377375
8.0,3.506125,0.377375
8.0,3.506875,0.377375
8.0,3.508375,0.377375
8.0,3.508875,0.3775
8.0,3.50775,0.3775
8.0,3.507625,0.377625
8.0,3.507375,0.377375
8.0,3.507375,0.37725
8.0,3.508375,0.377125
8.0,3.508375,0.377125
8.0,3.50925,0.377125
8.0,3.5095,0.377125
8.0,3.5085,0.377
8.0,3.507125,0.377125
8.0,3.50725,0.377125
8.0,3.507375,0.37725
8.0,3.506375,0.377375
8.0,3.506125,0.377375
8.0,3.507125,0.377375
8.0,3.508,0.37725
8.0,3.508125,0.3775
8.0,3.508,0.377375
8.0,3.508125,0.377125
9.0,3.5085,0.340375
9.0,3.50825,0.340125
9.0,3.507625,0.340125
9.0,3.507625,0.34
9.0,3.50725,0.34
9.0,3.507625,0.340125
9.0,3.509,0.34
9.0,3.50975,0.34
9.0,3.50975,0.340125
9.0,3.508875,0.340125
9.0,3.50775,0.34
9.0,3.50725,0.34025
9.0,3.506875,0.34025
9.0,3.507,0.340125
9.0,3.506375,0.340125
9.0,3.50625,0.34025
9.0,3.507875,0.34025
9.0,3.508,0.3405
9.0,3.507875,0.3405
9.0,3.508125,0.340375
9.0,3.507375,0.340125
9.0,3.507125,0.34
9.0,3.508375,0.340125
9.0,3.509375,0.339875
9.0,3.5095,0.34
9.0,3.5095,0.34
9.0,3.5085,0.339875
9.0,3.507375,0.34
9.0,3.507125,0.34
9.0,3.507,0.34025
9.0,3.506375,0.34025
9.0,3.50625,0.34025
9.0,3.507125,0.34025
9.0,3.508375,0.340375
9.0,3.5085,0.34075
9.0,3.508,0.3405
9.0,3.5075,0.340125
9.0,3.50725,0.34
9.0,3.507875,0.340125
9.0,3.509125,0.34
9.0,3.509375,0.34
9.0,3.509375,0.34
9.0,3.508875,0.340125
9.0,3.50825,0.340375
9.0,3.507625,0.34
9.0,3.50725,0.339875
9.0,3.507125,0.340125
9.0,3.50625,0.34025
9.0,3.506375,0.340125
9.0,3.5075,0.340125
9.0,3.508625,0.34025
9.0,3.508375,0.34025
9.0,3.507625,0.34025
9.0,3.5075,0.340125
9.0,3.5075,0.339875
9.0,3.508125,0.34
9.0,3.509,0.34
9.0,3.509,0.34
9.0,3.50975,0.33975
9.0,3.509,0.339875
9.0,3.50775,0.34
9.0,3.50725,0.339875
9.0,3.506875,0.339875
9.0,3.506875,0.340125
9.0,3.50625,0.34
9.0,3.50675,0.34025
9.0,3.5075,0.3405
9.0,3.50825,0.34025
9.0,3.508125,0.340125
9.0,3.507875,0.34
9.0,3.507625,0.340125
9.0,3.507875,0.34
9.0,3.508375,0.34
9.0,3.508375,0.34
9.0,3.50925,0.34
9.0,3.509875,0.34
9.0,3.508875,0.340125
9.0,3.50725,0.340125
9.0,3.507125,0.34
9.0,3.50725,0.34
9.0,3.506625,0.340125
9.0,3.5065,0.340125
9.0,3.507125,0.340125
9.0,3.508375,0.340375
9.0,3.508125,0.3405
9.0,3.507875,0.34025
9.0,3.508125,0.3405
9.0,3.507625,0.340125
9.0,3.5075,0.34
9.0,3.50875,0.34
9.0,3.50875,0.34
9.0,3.509375,0.34
9.0,3.50925,0.34
9.0,3.508375,0.34025
9.0,3.50775,0.34025
9.0,3.50725,0.340125
9.0,3.506875,0.34025
9.0,3.506375,0.340125
9.0,3.506125,0.34
9.0,3.5075,0.340375
9.0,3.508125,0.340125
9.0,3.507875,0.34025
9.0,3.507875,0.34
9.0,3.508,0.339875
9.0,3.50725,0.34
9.0,3.507375,0.340125
9.0,3.507375,0.340125
9.0,3.5085,0.34025
9.0,3.508875,0.340125
9.0,3.508875,0.340125
9.0,3.507875,0.34025
9.0,3.507125,0.340125
9.0,3.507125,0.340375
9.0,3.506375,0.3405
9.0,3.50625,0.34025
9.0,3.507,0.34025
9.0,3.507625,0.340125
9.0,3.508125,0.340375
9.0,3.50825,0.340375
9.0,3.508,0.339875
9.0,3.508,0.339875
9.0,3.507625,0.340125
9.0,3.507625,0.340125
9.0,3.508125,0.340125
9.0,3.50925,0.340125
9.0,3.509625,0.34
9.0,3.50875,0.33975
9.0,3.507625,0.339625
9.0,3.507125,0.33975
9.0,3.507375,0.339875
9.0,3.507,0.34025
9.0,3.506375,0.340125
9.0,3.506875,0.340125
9.0,3.508,0.340375
9.0,3.508375,0.340375
9.0,3.508,0.34
9.0,3.508125,0.34
9.0,3.50775,0.340125
9.0,3.50775,0.340125
9.0,3.507375,0.34
9.0,3.508625,0.340125
9.0,3.509375,0.34
9.0,3.509375,0.34
9.0,3.50875,0.340125
9.0,3.50775,0.340125
9.0,3.507375,0.34
9.0,3.506875,0.34
9.0,3.50675,0.340125
9.0,3.506875,0.34025
9.0,3.5075,0.34
9.0,3.5085,0.34025
9.0,3.5085,0.340375
9.0,3.508125,0.34025
9.0,3.508,0.340125
9.0,3.508,0.340125
9.0,3.50775,0.34
9.0,3.508,0.339875
9.0,3.508875,0.34
9.0,3.50925,0.34
9.0,3.5095,0.340125
9.0,3.5085,0.340625
9.0,3.50725,0.3405
9.0,3.507125,0.340125
9.0,3.5075,0.340125
9.0,3.506875,0.340125
9.0,3.50625,0.340125
9.0,3.5075,0.34025
9.0,3.5085,0.34
9.0,3.508,0.34025
10.0,3.507875,0.304625
10.0,3.507375,0.3045
10.0,3.507625,0.3045
10.0,3.508875,0.3045
10.0,3.50925,0.304375
10.0,3.509,0.3045
10.0,3.50875,0.304625
10.0,3.508,0.304625
10.0,3.508,0.304625
10.0,3.507375,0.3045
10.0,3.506875,0.304625
10.0,3.506625,0.304625
10.0,3.506625,0.304625
10.0,3.50725,0.304875
10.0,3.50825,0.304875
10.0,3.50875,0.305
10.0,3.508375,0.30475
10.0,3.508,0.3045
10.0,3.50725,0.30475
10.0,3.50725,0.304625
10.0,3.508625,0.3045
10.0,3.509625,0.3045
10.0,3.5095,0.3045
10.0,3.50825,0.304875
10.0,3.50825,0.304625
10.0,3.507625,0.304625
10.0,3.507125,0.30475
10.0,3.506875,0.30475
10.0,3.506375,0.30475
10.0,3.5065,0.304625
10.0,3.50725,0.30475
10.0,3.50825,0.305
10.0,3.508125,0.304875
10.0,3.5075,0.30475
10.0,3.50775,0.305
10.0,3.507625,0.304625
10.0,3.507625,0.3045
10.0,3.508625,0.3045
10.0,3.509875,0.3045
10.0,3.50975,0.3045
10.0,3.508,0.30475
10.0,3.508,0.30475
10.0,3.507375,0.30475
10.0,3.507625,0.304625
10.0,3.50725,0.30475
10.0,3.5065,0.304625
10.0,3.5065,0.304875
10.0,3.507625,0.304875
10.0,3.5085,0.305125
10.0,3.50825,0.305
10.0,3.508,0.30475
10.0,3.5075,0.304625
10.0,3.5075,0.3045
10.0,3.508375,0.3045
10.0,3.5095,0.3045
10.0,3.509625,0.3045
10.0,3.508875,0.304625
10.0,3.508875,0.304625
10.0,3.50775,0.3045
10.0,3.507375,0.30475
10.0,3.507125,0.30475
10.0,3.5065,0.30475
10.0,3.506375,0.30475
10.0,3.507,0.30475
10.0,3.508,0.304875
10.0,3.508625,0.305
10.0,3.507875,0.304875
10.0,3.507625,0.30475
10.0,3.5075,0.30475
10.0,3.5075,0.304625
10.0,3.508625,0.304625
10.0,3.5095,0.304625
10.0,3.509375,0.30475
10.0,3.509375,0.30475
10.0,3.508625,0.30475
10.0,3.507625,0.30475
10.0,3.507125,0.30475
10.0,3.507,0.30475
10.0,3.506125,0.30475
10.0,3.506,0.30475
10.0,3.507375,0.3045
10.0,3.508375,0.305
10.0,3.50825,0.30525
10.0,3.50775,0.305125
10.0,3.5075,0.305
10.0,3.50725,0.304875
10.0,3.508,0.30475
10.0,3.509,0.304625
10.0,3.50925,0.30475
10.0,3.50925,0.30475
10.0,3.509,0.30475
10.0,3.508125,0.304875
10.0,3.507125,0.30475
10.0,3.506875,0.304625
10.0,3.50675,0.304625
10.0,3.5065,0.3045
10.0,3.5065,0.304625
10.0,3.507625,0.30475
10.0,3.508625,0.305
10.0,3.508375,0.305
10.0,3.508375,0.304875
10.0,3.507625,0.30475
10.0,3.507,0.3045
10.0,3.507875,0.304625
10.0,3.508875,0.30475
10.0,3.509125,0.304625
10.0,3.509125,0.304625
10.0,3.508625,0.304875
10.0,3.507375,0.305
10.0,3.507,0.304625
10.0,3.506875,0.30475
10.0,3.507,0.30475
10.0,3.506625,0.304875
10.0,3.507,0.30475
10.0,3.508,0.30475
10.0,3.50825,0.304875
10.0,3.507625,0.30475
10.0,3.50775,0.30475
10.0,3.507625,0.304875
10.0,3.50725,0.30475
10.0,3.508125,0.30475
10.0,3.508875,0.3045
10.0,3.508875,0.3045
10.0,3.509,0.304375
10.0,3.50825,0.304375
10.0,3.507375,0.304625
10.0,3.507375,0.30475
10.0,3.507125,0.30475
10.0,3.50625,0.30475
10.0,3.505875,0.30475
10.0,3.507375,0.30475
10.0,3.508625,0.304875
10.0,3.50875,0.30475
10.0,3.508125,0.30475
10.0,3.508375,0.304625
10.0,3.507625,0.30475
10.0,3.50725,0.304625
10.0,3.5085,0.304625
10.0,3.5085,0.304625
10.0,3.509375,0.3045
10.0,3.50975,0.304375
10.0,3.508375,0.304625
10.0,3.507125,0.3045
10.0,3.507125,0.3045
10.0,3.507,0.304625
10.0,3.50675,0.3045
10.0,3.5065,0.304625
10.0,3.50725,0.304875
10.0,3.50825,0.304875
10.0,3.50825,0.304875
10.0,3.508,0.305
10.0,3.507625,0.304625
10.0,3.507375,0.304625
10.0,3.508,0.304625
10.0,3.508,0.304625
10.0,3.508875,0.304625
10.0,3.5095,0.304625
10.0,3.508875,0.304625
10.0,3.5075,0.30475
10.0,3.506875,0.304875
10.0,3.507375,0.30475
10.0,3.506875,0.304875
10.0,3.50625,0.30475
10.0,3.50675,0.30475
10.0,3.507625,0.304875
10.0,3.508125,0.30475
10.0,3.50825,0.304625
10.0,3.508,0.304625
10.0,3.5075,0.304625
11.0,3.50625,0.271875
11.0,3.506875,0.272
11.0,3.508125,0.272125
11.0,3.508,0.271875
11.0,3.507375,0.27175
11.0,3.5075,0.271875
11.0,3.5075,0.271625
11.0,3.50775,0.271625
11.0,3.50775,0.271625
11.0,3.508875,0.27175
11.0,3.5095,0.271625
11.0,3.509625,0.27175
11.0,3.50825,0.271625
11.0,3.507375,0.271625
11.0,3.507125,0.271625
11.0,3.50675,0.27175
11.0,3.506,0.27175
11.0,3.506,0.271625
11.0,3.506625,0.271875
11.0,3.507875,0.271875
11.0,3.507875,0.272
11.0,3.5075,0.272125
11.0,3.507625,0.27175
11.0,3.5075,0.271625
11.0,3.50825,0.271625
11.0,3.50825,0.271625
11.0,3.509125,0.27175
11.0,3.5095,0.27175
11.0,3.50825,0.271625
11.0,3.507375,0.27175
11.0,3.507125,0.272
11.0,3.506875,0.272
11.0,3.507,0.27175
11.0,3.506625,0.27175
11.0,3.506625,0.271625
11.0,3.507625,0.27175
11.0,3.5085,0.27175
11.0,3.508125,0.271875
11.0,3.507625,0.27175
11.0,3.507,0.27175
11.0,3.507,0.27175
11.0,3.507,0.27175
11.0,3.508375,0.27175
11.0,3.509375,0.27175
11.0,3.509,0.271625
11.0,3.508375,0.271625
11.0,3.50725,0.271875
11.0,3.507,0.27175
11.0,3.506875,0.271625
11.0,3.5065,0.271625
11.0,3.506125,0.27175
11.0,3.506875,0.271875
11.0,3.5085,0.272
11.0,3.508375,0.272
11.0,3.507875,0.271875
11.0,3.507625,0.2715
11.0,3.50725,0.271625
11.0,3.50725,0.271625
11.0,3.507625,0.271625
11.0,3.50875,0.271625
11.0,3.5095,0.271625
11.0,3.5095,0.2715
11.0,3.50825,0.272
11.0,3.50725,0.27225
11.0,3.507375,0.272
11.0,3.507125,0.272125
11.0,3.5065,0.27175
11.0,3.506375,0.271625
11.0,3.507125,0.27175
11.0,3.50825,0.271875
11.0,3.50825,0.271625
11.0,3.507625,0.271875
11.0,3.507375,0.271625
11.0,3.507375,0.271625
11.0,3.507375,0.271625
11.0,3.508,0.271625
11.0,3.50875,0.271625
11.0,3.509125,0.271625
11.0,3.50925,0.27175
11.0,3.508,0.271625
11.0,3.507125,0.271625
11.0,3.506875,0.272
11.0,3.50675,0.271875
11.0,3.50625,0.27175
11.0,3.5065,0.27175
11.0,3.507375,0.271875
11.0,3.5085,0.272
11.0,3.508,0.272
11.0,3.5075,0.271875
11.0,3.5075,0.271875
11.0,3.507375,0.2715
11.0,3.506875,0.271625
11.0,3.50825,0.27175
11.0,3.50975,0.271625
11.0,3.50975,0.271625
11.0,3.50875,0.271875
11.0,3.507,0.272125
11.0,3.507125,0.271875
11.0,3.50725,0.27175
11.0,3.50675,0.271875
11.0,3.506125,0.27175
11.0,3.507125,0.27175
11.0,3.508375,0.27175
11.0,3.508625,0.271875
11.0,3.508,0.271875
11.0,3.507875,0.272
11.0,3.507875,0.272
11.0,3.507625,0.271875
11.0,3.50775,0.27175
11.0,3.50875,0.27175
11.0,3.50925,0.271625
11.0,3.50875,0.271625
11.0,3.508,0.271875
11.0,3.507125,0.271875
11.0,3.507125,0.27175
11.0,3.506875,0.27175
11.0,3.506375,0.27175
11.0,3.506375,0.27175
11.0,3.507375,0.271875
11.0,3.508,0.272
11.0,3.508,0.272125
11.0,3.50775,0.27225
11.0,3.50775,0.27225
11.0,3.507625,0.271875
11.0,3.50725,0.271625
11.0,3.50775,0.271875
11.0,3.509,0.271875
11.0,3.5095,0.27175
11.0,3.509125,0.271875
11.0,3.507875,0.27175
11.0,3.507625,0.271625
11.0,3.507625,0.271625
11.0,3.50675,0.27175
11.0,3.506,0.271625
11.0,3.50675,0.271875
11.0,3.50775,0.272
11.0,3.508,0.272125
11.0,3.50825,0.271625
11.0,3.50825,0.271625
11.0,3.50825,0.271875
11.0,3.507625,0.271875
11.0,3.50725,0.271625
11.0,3.507875,0.271625
11.0,3.508875,0.271625
11.0,3.509625,0.271625
11.0,3.508875,0.271875
11.0,3.507625,0.27225
11.0,3.50725,0.27225
11.0,3.506625,0.271875
11.0,3.50675,0.271625
11.0,3.506625,0.271625
11.0,3.50675,0.271625
11.0,3.508125,0.27175
11.0,3.5085,0.272125
11.0,3.5085,0.272125
11.0,3.50775,0.27225
11.0,3.507625,0.27225
11.0,3.507,0.272
11.0,3.507125,0.27175
11.0,3.508375,0.271625
11.0,3.509,0.27175
11.0,3.50875,0.271625
11.0,3.508125,0.27175
11.0,3.507,0.27175
11.0,3.507375,0.27175
11.0,3.507625,0.271875
11.0,3.506625,0.27175
11.0,3.506,0.27175
11.0,3.507125,0.271875
12.0,3.50725,0.2405
12.0,3.507,0.24
12.0,3.507125,0.24
12.0,3.5065,0.24
12.0,3.506125,0.24
12.0,3.5065,0.240125
12.0,3.50775,0.24025
12.0,3.5085,0.240375
12.0,3.5085,0.240375
12.0,3.507875,0.240375
12.0,3.50775,0.240125
12.0,3.50725,0.24
12.0,3.5065,0.23975
12.0,3.50775,0.239625
12.0,3.508875,0.23975
12.0,3.509125,0.24
12.0,3.508,0.24025
12.0,3.50725,0.240125
12.0,3.50725,0.24025
12.0,3.507125,0.239875
12.0,3.50675,0.24
12.0,3.50625,0.24
12.0,3.507,0.24
12.0,3.508,0.24
12.0,3.508,0.240125
12.0,3.508,0.240125
12.0,3.507375,0.24025
12.0,3.507125,0.240375
12.0,3.507,0.240125
12.0,3.507375,0.239875
12.0,3.508875,0.23975
12.0,3.509375,0.23975
12.0,3.509375,0.239875
12.0,3.50825,0.23975
12.0,3.507,0.239875
12.0,3.50675,0.24
12.0,3.5065,0.24
12.0,3.50625,0.24
12.0,3.506125,0.24
12.0,3.507125,0.240125
12.0,3.50825,0.240125
12.0,3.50825,0.240125
12.0,3.508375,0.24025
12.0,3.50775,0.24
12.0,3.507625,0.23975
12.0,3.507,0.23975
12.0,3.50725,0.239875
12.0,3.509,0.24
12.0,3.50975,0.239875
12.0,3.509,0.24025
12.0,3.50775,0.240125
12.0,3.507125,0.24025
12.0,3.507,0.24
12.0,3.50675,0.240125
12.0,3.506375,0.24
12.0,3.506375,0.24
12.0,3.506875,0.240125
12.0,3.506875,0.240125
12.0,3.508,0.240375
12.0,3.50775,0.2405
12.0,3.50775,0.24
12.0,3.507875,0.239875
12.0,3.507625,0.24
12.0,3.50825,0.23975
12.0,3.509125,0.239875
12.0,3.50875,0.24
12.0,3.50825,0.240125
12.0,3.507875,0.24025
12.0,3.507375,0.24025
12.0,3.507,0.240125
12.0,3.506625,0.24
12.0,3.506125,0.239875
12.0,3.506875,0.24
12.0,3.506875,0.24
12.0,3.50775,0.24
12.0,3.50825,0.240125
12.0,3.508125,0.240375
12.0,3.5075,0.24
12.0,3.507125,0.24
12.0,3.50725,0.239875
12.0,3.5085,0.24
12.0,3.5095,0.239875
12.0,3.508875,0.239875
12.0,3.508,0.239875
12.0,3.507125,0.240375
12.0,3.50675,0.24025
12.0,3.506625,0.24
12.0,3.50675,0.24
12.0,3.5065,0.239875
12.0,3.507125,0.239875
12.0,3.507125,0.239875
12.0,3.507375,0.240125
12.0,3.5075,0.2405
12.0,3.507625,0.240125
12.0,3.5075,0.24
12.0,3.507125,0.24
12.0,3.507125,0.24
12.0,3.50875,0.239875
12.0,3.509625,0.239875
12.0,3.50925,0.24
12.0,3.508,0.240125
12.0,3.50725,0.240125
12.0,3.50675,0.24
12.0,3.50625,0.24
12.0,3.505875,0.239875
12.0,3.505875,0.239875
12.0,3.505875,0.239875
12.0,3.507,0.240125
12.0,3.507875,0.240375
12.0,3.507375,0.240125
12.0,3.507375,0.240125
12.0,3.507375,0.24
12.0,3.507,0.23975
12.0,3.50775,0.24
12.0,3.508875,0.24
12.0,3.50925,0.24
12.0,3.508625,0.239875
12.0,3.507625,0.240125
12.0,3.507,0.24
12.0,3.506625,0.24025
12.0,3.506375,0.24
12.0,3.506,0.239875
12.0,3.506,0.239875
12.0,3.5065,0.240125
12.0,3.507375,0.240375
12.0,3.5075,0.24025
12.0,3.507375,0.23975
12.0,3.507625,0.24
12.0,3.507125,0.24
12.0,3.507,0.24
12.0,3.508625,0.239875
12.0,3.5095,0.239875
12.0,3.50925,0.240125
12.0,3.5085,0.24
12.0,3.507625,0.24025
12.0,3.506875,0.240125
12.0,3.5065,0.239875
12.0,3.50625,0.24
12.0,3.50625,0.240125
12.0,3.506,0.240125
12.0,3.506875,0.240125
12.0,3.50775,0.24
12.0,3.50775,0.240125
12.0,3.507625,0.240375
12.0,3.50775,0.240125
12.0,3.5075,0.239875
12.0,3.507375,0.239875
12.0,3.5085,0.239875
12.0,3.509125,0.239875
12.0,3.50875,0.23975
12.0,3.50775,0.239875
12.0,3.506875,0.24
12.0,3.506875,0.240125
12.0,3.5065,0.240125
12.0,3.5065,0.240125
12.0,3.50625,0.240125
12.0,3.506125,0.240125
12.0,3.506625,0.23975
12.0,3.508125,0.240125
12.0,3.508375,0.240375
12.0,3.5075,0.240375
12.0,3.507125,0.240125
12.0,3.50675,0.239875
12.0,3.5075,0.24
12.0,3.50875,0.24
12.0,3.509375,0.240125
12.0,3.508625,0.240125
12.0,3.507375,0.240125
12.0,3.507,0.240125
13.0,3.5085,0.21025
13.0,3.507375,0.210375
13.0,3.507,0.2105
13.0,3.506625,0.210375
13.0,3.506625,0.210125
13.0,3.506,0.210125
13.0,3.506125,0.21
13.0,3.507125,0.210125
13.0,3.507125,0.210125
13.0,3.508125,0.210125
13.0,3.5075,0.21025
13.0,3.507125,0.210125
13.0,3.507125,0.21
13.0,3.50725,0.21
13.0,3.508125,0.21
13.0,3.50875,0.210125
13.0,3.508875,0.210125
13.0,3.508125,0.2105
13.0,3.50725,0.2105
13.0,3.507,0.21025
13.0,3.5065,0.210125
13.0,3.506,0.210125
13.0,3.506375,0.21
13.0,3.507,0.210125
13.0,3.507,0.210125
13.0,3.507625,0.210375
13.0,3.5075,0.2105
13.0,3.507,0.2105
13.0,3.507375,0.21025
13.0,3.507375,0.21
13.0,3.507125,0.21
13.0,3.508375,0.21
13.0,3.509,0.21
13.0,3.50825,0.209875
13.0,3.50775,0.21
13.0,3.506875,0.21025
13.0,3.506625,0.210125
13.0,3.5065,0.21
13.0,3.505625,0.21
13.0,3.5055,0.21
13.0,3.506875,0.21025
13.0,3.506875,0.21025
13.0,3.508,0.21025
13.0,3.508125,0.210125
13.0,3.507625,0.21
13.0,3.507125,0.210125
13.0,3.50675,0.21
13.0,3.507375,0.209875
13.0,3.508875,0.209875
13.0,3.5095,0.209875
13.0,3.508875,0.20975
13.0,3.50775,0.209875
13.0,3.507125,0.210125
13.0,3.506875,0.21
13.0,3.506375,0.210125
13.0,3.505875,0.21
13.0,3.506125,0.21025
13.0,3.506125,0.21025
13.0,3.50725,0.210125
13.0,3.50775,0.21025
13.0,3.507625,0.21025
13.0,3.5075,0.210125
13.0,3.507125,0.210125
13.0,3.50675,0.21
13.0,3.507875,0.209875
13.0,3.50925,0.209875
13.0,3.50925,0.21
13.0,3.50825,0.21
13.0,3.507375,0.210125
13.0,3.507,0.21
13.0,3.506625,0.21
13.0,3.506375,0.210125
13.0,3.505875,0.21
13.0,3.505875,0.21
13.0,3.506375,0.210125
13.0,3.50725,0.210375
13.0,3.508,0.21025
13.0,3.50775,0.2105
13.0,3.507375,0.2105
13.0,3.50675,0.210375
13.0,3.50725,0.21
13.0,3.508125,0.21
13.0,3.50875,0.209875
13.0,3.508875,0.210125
13.0,3.50825,0.210125
13.0,3.507125,0.210125
13.0,3.506125,0.209875
13.0,3.506125,0.21
13.0,3.50625,0.209875
13.0,3.50625,0.209875
13.0,3.506,0.21
13.0,3.50675,0.21
13.0,3.508,0.21025
13.0,3.507875,0.210375
13.0,3.50775,0.210125
13.0,3.507125,0.20975
13.0,3.507,0.210125
13.0,3.5075,0.21
13.0,3.508625,0.21
13.0,3.509125,0.21
13.0,3.509,0.210125
13.0,3.508,0.210375
13.0,3.507125,0.210375
13.0,3.506875,0.21
13.0,3.506875,0.21
13.0,3.506625,0.21025
13.0,3.506625,0.21025
13.0,3.506375,0.21025
13.0,3.507375,0.21025
13.0,3.507875,0.210375
13.0,3.50775,0.210125
13.0,3.50775,0.20975
13.0,3.5075,0.21
13.0,3.507,0.21
13.0,3.50775,0.210125
13.0,3.509,0.210125
13.0,3.50925,0.21
13.0,3.508875,0.210125
13.0,3.50725,0.210125
13.0,3.506875,0.210125
13.0,3.50725,0.210125
13.0,3.507125,0.210125
13.0,3.507125,0.210125
13.0,3.506625,0.21
13.0,3.50675,0.209875
13.0,3.507125,0.210125
13.0,3.50775,0.2105
13.0,3.507875,0.210625
13.0,3.507625,0.2105
13.0,3.50725,0.210125
13.0,3.50725,0.210125
13.0,3.508,0.21
13.0,3.509375,0.21
13.0,3.50925,0.21025
13.0,3.508125,0.210375
13.0,3.5075,0.210125
13.0,3.506875,0.21025
13.0,3.50675,0.210125
13.0,3.50675,0.210125
13.0,3.50675,0.21
13.0,3.50625,0.21025
13.0,3.5075,0.21025
13.0,3.508125,0.21
13.0,3.50775,0.210125
13.0,3.508,0.210375
13.0,3.508,0.210125
13.0,3.50725,0.21025
13.0,3.50775,0.210125
13.0,3.50875,0.21
13.0,3.509375,0.21
13.0,3.509,0.21
13.0,3.508,0.210125
13.0,3.50725,0.210375
13.0,3.506875,0.21025
13.0,3.506875,0.21025
13.0,3.50675,0.21
13.0,3.5065,0.210125
13.0,3.5065,0.21025
13.0,3.50725,0.210125
13.0,3.508,0.21
13.0,3.50775,0.209875
13.0,3.507375,0.210125
13.0,3.507625,0.21025
13.0,3.507125,0.21025
13.0,3.508125,0.21
13.0,3.50925,0.209875
13.0,3.509875,0.209875
13.0,3.508625,0.210125
13.0,3.507125,0.21025
14.0,3.50875,0.18175
14.0,3.507875,0.181875
14.0,3.507,0.182125
14.0,3.507,0.181875
14.0,3.5065,0.182
14.0,3.506125,0.182
14.0,3.506625,0.182
14.0,3.507375,0.182125
14.0,3.507375,0.182125
14.0,3.50825,0.182125
14.0,3.507625,0.181875
14.0,3.507625,0.18175
14.0,3.507125,0.181875
14.0,3.50675,0.181875
14.0,3.507875,0.181875
14.0,3.509375,0.181875
14.0,3.5095,0.181875
14.0,3.508375,0.182125
14.0,3.507,0.18225
14.0,3.507375,0.182375
14.0,3.50675,0.182125
14.0,3.506125,0.18175
14.0,3.505875,0.181875
14.0,3.506125,0.181875
14.0,3.506125,0.182
14.0,3.5075,0.182
14.0,3.508125,0.182
14.0,3.507625,0.182125
14.0,3.507625,0.181875
14.0,3.50725,0.181875
14.0,3.5075,0.181875
14.0,3.50875,0.181875
14.0,3.5095,0.181875
14.0,3.509125,0.181875
14.0,3.508125,0.18175
14.0,3.507125,0.1815
14.0,3.507,0.18175
14.0,3.506625,0.182125
14.0,3.50625,0.182125
14.0,3.506,0.181875
14.0,3.50625,0.182
14.0,3.50625,0.182
14.0,3.5075,0.18225
14.0,3.507625,0.182125
14.0,3.5075,0.181875
14.0,3.5075,0.181875
14.0,3.506375,0.182
14.0,3.507,0.181875
14.0,3.50875,0.18175
14.0,3.509125,0.182
14.0,3.509,0.182125
14.0,3.508,0.182
14.0,3.506875,0.182
14.0,3.506625,0.182
14.0,3.50675,0.182125
14.0,3.506,0.181875
14.0,3.506125,0.182
14.0,3.506125,0.182
14.0,3.507375,0.18225
14.0,3.508125,0.182125
14.0,3.508,0.18225
14.0,3.507625,0.18225
14.0,3.507375,0.182
14.0,3.507125,0.181875
14.0,3.507625,0.182
14.0,3.508625,0.181875
14.0,3.50925,0.18175
14.0,3.508875,0.181875
14.0,3.507625,0.182125
14.0,3.507,0.182
14.0,3.506875,0.181875
14.0,3.506625,0.182
14.0,3.50625,0.18175
14.0,3.50625,0.18175
14.0,3.5065,0.181875
14.0,3.507375,0.182125
14.0,3.508375,0.182125
14.0,3.508,0.182
14.0,3.50775,0.182
14.0,3.507,0.181875
14.0,3.50725,0.182
14.0,3.50825,0.181875
14.0,3.508875,0.181875
14.0,3.508875,0.18225
14.0,3.508125,0.18225
14.0,3.50725,0.181625
14.0,3.50775,0.181625
14.0,3.507,0.182
14.0,3.506,0.182125
14.0,3.506,0.182125
14.0,3.505875,0.182
14.0,3.507,0.182
14.0,3.508125,0.18225
14.0,3.5075,0.18225
14.0,3.50725,0.182375
14.0,3.507,0.182125
14.0,3.506875,0.182
14.0,3.507375,0.182
14.0,3.508375,0.181875
14.0,3.508875,0.181875
14.0,3.508375,0.181875
14.0,3.507625,0.182
14.0,3.507125,0.181875
14.0,3.507,0.18175
14.0,3.506625,0.181875
14.0,3.50625,0.181875
14.0,3.50625,0.181875
14.0,3.505875,0.181875
14.0,3.507,0.182125
14.0,3.50875,0.18225
14.0,3.508,0.182
14.0,3.507125,0.182
14.0,3.50725,0.182
14.0,3.5075,0.182
14.0,3.508,0.182
14.0,3.508875,0.181875
14.0,3.509125,0.181875
14.0,3.5085,0.182
14.0,3.50775,0.181875
14.0,3.507125,0.182125
14.0,3.50675,0.182
14.0,3.50675,0.182125
14.0,3.50675,0.182125
14.0,3.506625,0.181875
14.0,3.506625,0.18175
14.0,3.50775,0.18225
14.0,3.50825,0.182375
14.0,3.5075,0.181875
14.0,3.507375,0.182
14.0,3.5075,0.182
14.0,3.507375,0.181875
14.0,3.50825,0.181875
14.0,3.509125,0.181875
14.0,3.50925,0.182
14.0,3.50875,0.182
14.0,3.5075,0.182
14.0,3.506875,0.181875
14.0,3.506625,0.181875
14.0,3.506625,0.181875
14.0,3.506375,0.182
14.0,3.50625,0.18175
14.0,3.50675,0.181875
14.0,3.507875,0.182125
14.0,3.508,0.18225
14.0,3.507625,0.182
14.0,3.507375,0.181625
14.0,3.507,0.18175
14.0,3.50725,0.181875
14.0,3.5085,0.181875
14.0,3.5095,0.181875
14.0,3.50875,0.181875
14.0,3.50775,0.182125
14.0,3.507125,0.182125
14.0,3.50725,0.182
14.0,3.50725,0.182
14.0,3.507,0.182
14.0,3.505875,0.182
14.0,3.506,0.182
14.0,3.507375,0.182125
14.0,3.5085,0.182125
14.0,3.507625,0.181875
14.0,3.507375,0.181875
14.0,3.50775,0.181875
14.0,3.507375,0.182125
14.0,3.50775,0.181875
14.0,3.509125,0.181875
14.0,3.509375,0.181875
14.0,3.5085,0.182
14.0,3.507375,0.18225
15.0,3.507375,0.155875
15.0,3.507125,0.155875
15.0,3.508,0.15575
15.0,3.509375,0.155625
15.0,3.509625,0.155875
15.0,3.509125,0.156125
15.0,3.50775,0.156125
15.0,3.507,0.156
15.0,3.507,0.156
15.0,3.507125,0.155875
15.0,3.506875,0.15575
15.0,3.50625,0.155875
15.0,3.50675,0.15575
15.0,3.507875,0.15575
15.0,3.508625,0.155875
15.0,3.507625,0.156
15.0,3.507625,0.15625
15.0,3.507875,0.15625
15.0,3.507375,0.155875
15.0,3.50825,0.15575
15.0,3.50925,0.155625
15.0,3.509375,0.15575
15.0,3.50825,0.155875
15.0,3.50725,0.155625
15.0,3.50725,0.155625
15.0,3.507125,0.155625
15.0,3.50675,0.155875
15.0,3.506625,0.155875
15.0,3.506375,0.15575
15.0,3.50675,0.15575
15.0,3.507875,0.155875
15.0,3.508375,0.156
15.0,3.50775,0.156125
15.0,3.50725,0.15625
15.0,3.507125,0.155875
15.0,3.507625,0.155875
15.0,3.508875,0.15575
15.0,3.5095,0.15575
15.0,3.5095,0.15575
15.0,3.507875,0.156
15.0,3.507125,0.155875
15.0,3.507125,0.155875
15.0,3.507125,0.156
15.0,3.507125,0.155875
15.0,3.506625,0.155875
15.0,3.5065,0.15575
15.0,3.507375,0.155875
15.0,3.508375,0.156125
15.0,3.508,0.15625
15.0,3.507875,0.156
15.0,3.508125,0.15575
15.0,3.507375,0.15575
15.0,3.50775,0.155875
15.0,3.509375,0.155875
15.0,3.509875,0.15575
15.0,3.508875,0.156
15.0,3.5075,0.156
15.0,3.5075,0.156
15.0,3.507,0.156
15.0,3.50675,0.15575
15.0,3.506375,0.15575
15.0,3.506125,0.155625
15.0,3.50675,0.15575
15.0,3.508,0.15575
15.0,3.5085,0.156
15.0,3.508125,0.15575
15.0,3.507625,0.155875
15.0,3.5075,0.155875
15.0,3.5075,0.15575
15.0,3.508375,0.15575
15.0,3.509,0.155875
15.0,3.509125,0.155875
15.0,3.50875,0.155875
15.0,3.50875,0.155875
15.0,3.50775,0.15575
15.0,3.507125,0.15575
15.0,3.507125,0.155875
15.0,3.506375,0.155875
15.0,3.506,0.155875
15.0,3.5065,0.155875
15.0,3.50775,0.156
15.0,3.508,0.156
15.0,3.50775,0.155875
15.0,3.507875,0.155875
15.0,3.507375,0.156
15.0,3.5075,0.15575
15.0,3.50875,0.155875
15.0,3.509375,0.15575
15.0,3.50875,0.155875
15.0,3.50875,0.155875
15.0,3.5085,0.156125
15.0,3.508,0.156125
15.0,3.507375,0.156125
15.0,3.507125,0.15575
15.0,3.506875,0.15575
15.0,3.5065,0.155625
15.0,3.507625,0.15575
15.0,3.508625,0.156
15.0,3.508375,0.155875
15.0,3.50775,0.155875
15.0,3.507625,0.155875
15.0,3.50725,0.155875
15.0,3.507375,0.155625
15.0,3.50875,0.155875
15.0,3.50975,0.156
15.0,3.509375,0.1555
15.0,3.509375,0.1555
15.0,3.50825,0.1555
15.0,3.506875,0.156
15.0,3.506625,0.156125
15.0,3.5065,0.155875
15.0,3.506125,0.155875
15.0,3.505875,0.15575
15.0,3.507375,0.155875
15.0,3.5085,0.156125
15.0,3.508,0.15625
15.0,3.507875,0.155875
15.0,3.507375,0.15575
15.0,3.50675,0.155625
15.0,3.507375,0.155625
15.0,3.5085,0.155625
15.0,3.508875,0.155625
15.0,3.508875,0.155625
15.0,3.5085,0.155875
15.0,3.50775,0.15625
15.0,3.50725,0.156
15.0,3.506625,0.155875
15.0,3.506625,0.155875
15.0,3.506375,0.155875
15.0,3.507,0.15575
15.0,3.508,0.155875
15.0,3.5085,0.156
15.0,3.508,0.155875
15.0,3.508125,0.155625
15.0,3.507875,0.1555
15.0,3.507625,0.155625
15.0,3.508,0.155875
15.0,3.509125,0.15575
15.0,3.509125,0.15575
15.0,3.5095,0.15575
15.0,3.508625,0.155875
15.0,3.507375,0.156
15.0,3.507,0.156125
15.0,3.507375,0.155875
15.0,3.506875,0.155875
15.0,3.506625,0.15575
15.0,3.50725,0.15575
15.0,3.5085,0.156
15.0,3.508375,0.156
15.0,3.507875,0.156125
15.0,3.507375,0.156
15.0,3.507,0.155875
15.0,3.5075,0.15575
15.0,3.5085,0.15575
15.0,3.5085,0.15575
15.0,3.509375,0.15575
15.0,3.50925,0.156
15.0,3.508125,0.15575
15.0,3.507,0.155875
15.0,3.506625,0.156
15.0,3.506625,0.155875
15.0,3.506125,0.15575
15.0,3.506125,0.155875
15.0,3.5075,0.15575
15.0,3.5085,0.156125
15.0,3.508125,0.15625
15.0,3.50775,0.156
15.0,3.50775,0.155875
15.0,3.50725,0.155625
16.0,3.5075,0.13175
16.0,3.50725,0.131875
16.0,3.508375,0.131875
16.0,3.5095,0.13175
16.0,3.51,0.13175
16.0,3.508875,0.132125
16.0,3.5075,0.13225
16.0,3.507625,0.132125
16.0,3.507625,0.132125
16.0,3.507375,0.132
16.0,3.506625,0.131875
16.0,3.50625,0.13175
16.0,3.507125,0.131875
16.0,3.508375,0.13175
16.0,3.508625,0.132
16.0,3.508,0.132125
16.0,3.507875,0.13175
16.0,3.507375,0.132
16.0,3.507125,0.131875
16.0,3.5085,0.131875
16.0,3.509625,0.131875
16.0,3.5095,0.13175
16.0,3.508375,0.131875
16.0,3.50725,0.132
16.0,3.507375,0.132125
16.0,3.507375,0.132125
16.0,3.50725,0.132
16.0,3.506625,0.132
16.0,3.5065,0.13175
16.0,3.507375,0.132
16.0,3.507875,0.13225
16.0,3.508125,0.132125
16.0,3.5075,0.132
16.0,3.507625,0.132125
16.0,3.5075,0.131875
16.0,3.50775,0.131875
16.0,3.508625,0.131875
16.0,3.50925,0.131875
16.0,3.50875,0.132125
16.0,3.508375,0.132
16.0,3.50775,0.132625
16.0,3.50775,0.132625
16.0,3.506875,0.132125
16.0,3.50675,0.131875
16.0,3.506125,0.132
16.0,3.50675,0.131875
16.0,3.508125,0.131875
16.0,3.508625,0.131875
16.0,3.507875,0.131875
16.0,3.508,0.131875
16.0,3.50775,0.131875
16.0,3.507375,0.13175
16.0,3.50825,0.131875
16.0,3.509375,0.131875
16.0,3.5095,0.131875
16.0,3.508875,0.132125
16.0,3.5075,0.13225
16.0,3.5075,0.13225
16.0,3.507125,0.132125
16.0,3.507125,0.131875
16.0,3.507,0.131875
16.0,3.506375,0.131875
16.0,3.506875,0.132
16.0,3.50825,0.132
16.0,3.508375,0.132
16.0,3.507375,0.132125
16.0,3.5075,0.131875
16.0,3.507625,0.131875
16.0,3.50775,0.13175
16.0,3.50875,0.131875
16.0,3.509875,0.13175
16.0,3.5095,0.13175
16.0,3.508,0.131875
16.0,3.508,0.131875
16.0,3.507125,0.132
16.0,3.507,0.132125
16.0,3.5065,0.132
16.0,3.506125,0.131875
16.0,3.5065,0.131875
16.0,3.5075,0.132
16.0,3.5085,0.132125
16.0,3.508375,0.13225
16.0,3.507875,0.132
16.0,3.507625,0.132
16.0,3.507125,0.13175
16.0,3.507625,0.13175
16.0,3.5085,0.131875
16.0,3.50925,0.132
16.0,3.509125,0.132
16.0,3.508125,0.132125
16.0,3.508125,0.132125
16.0,3.50725,0.132
16.0,3.507,0.132
16.0,3.50675,0.132
16.0,3.5065,0.131875
16.0,3.506625,0.131875
16.0,3.50775,0.132
16.0,3.5085,0.132125
16.0,3.507875,0.131875
16.0,3.507625,0.13175
16.0,3.507625,0.13175
16.0,3.507,0.13175
16.0,3.507875,0.13175
16.0,3.50875,0.13175
16.0,3.509,0.13175
16.0,3.5085,0.13175
16.0,3.5085,0.13175
16.0,3.50775,0.13175
16.0,3.5075,0.13175
16.0,3.507,0.132
16.0,3.50675,0.131875
16.0,3.50675,0.131875
16.0,3.506875,0.131875
16.0,3.50825,0.13175
16.0,3.508625,0.132
16.0,3.507875,0.13225
16.0,3.507375,0.132
16.0,3.50725,0.131875
16.0,3.50725,0.13175
16.0,3.508125,0.13175
16.0,3.509375,0.131875
16.0,3.50925,0.13175
16.0,3.50925,0.13175
16.0,3.508,0.132
16.0,3.507,0.13175
16.0,3.507125,0.13175
16.0,3.506875,0.132
16.0,3.50675,0.131875
16.0,3.50625,0.13175
16.0,3.506875,0.131875
16.0,3.50825,0.131875
16.0,3.50825,0.131875
16.0,3.50775,0.131875
16.0,3.50775,0.131875
16.0,3.507125,0.131875
16.0,3.50725,0.13175
16.0,3.508625,0.13175
16.0,3.5095,0.132
16.0,3.5095,0.132
16.0,3.509,0.132
16.0,3.508,0.132
16.0,3.507125,0.13175
16.0,3.507,0.132
16.0,3.507125,0.132
16.0,3.506625,0.131875
16.0,3.506625,0.131875
16.0,3.50775,0.131875
16.0,3.508875,0.132
16.0,3.50825,0.131875
16.0,3.507375,0.131875
16.0,3.507375,0.131875
16.0,3.50725,0.131875
16.0,3.508,0.13175
16.0,3.509,0.131625
16.0,3.50925,0.131625
16.0,3.50925,0.13175
16.0,3.509125,0.132
16.0,3.50825,0.132125
16.0,3.507375,0.132375
16.0,3.507375,0.13225
16.0,3.50725,0.132
16.0,3.506625,0.131875
16.0,3.506625,0.131875
16.0,3.508,0.131875
16.0,3.508625,0.132125
16.0,3.508125,0.131875
16.0,3.507875,0.131625
16.0,3.5075,0.13175
16.0,3.507,0.131875
17.0,3.507,0.11
17.0,3.507875,0.109875
17.0,3.509375,0.10975
17.0,3.509875,0.10975
17.0,3.509625,0.109625
17.0,3.50825,0.10975
17.0,3.50825,0.109875
17.0,3.508,0.11
17.0,3.508,0.11
17.0,3.50725,0.11
17.0,3.50675,0.10975
17.0,3.507,0.10975
17.0,3.50825,0.109875
17.0,3.509,0.11
17.0,3.508375,0.110125
17.0,3.508,0.11
17.0,3.507875,0.109875
17.0,3.5075,0.109875
17.0,3.50825,0.109625
17.0,3.5095,0.10975
17.0,3.509625,0.109875
17.0,3.508875,0.10975
17.0,3.50825,0.109875
17.0,3.507875,0.10975
17.0,3.50775,0.10975
17.0,3.50775,0.11
17.0,3.50725,0.109875
17.0,3.506625,0.10975
17.0,3.50725,0.109875
17.0,3.5085,0.11
17.0,3.508875,0.109875
17.0,3.50825,0.10975
17.0,3.508,0.109875
17.0,3.50775,0.109875
17.0,3.50775,0.10975
17.0,3.50875,0.109625
17.0,3.51,0.10975
17.0,3.509625,0.10975
17.0,3.50825,0.109875
17.0,3.5075,0.109875
17.0,3.5075,0.109625
17.0,3.5075,0.109625
17.0,3.50725,0.109625
17.0,3.506875,0.109875
17.0,3.506625,0.109875
17.0,3.507125,0.109875
17.0,3.508,0.10975
17.0,3.508125,0.11
17.0,3.5085,0.11025
17.0,3.50825,0.11025
17.0,3.50725,0.109875
17.0,3.50775,0.10975
17.0,3.508875,0.109875
17.0,3.509125,0.109625
17.0,3.509125,0.109875
17.0,3.5085,0.109875
17.0,3.507625,0.110125
17.0,3.507625,0.110125
17.0,3.507125,0.11
17.0,3.50725,0.109875
17.0,3.507125,0.10975
17.0,3.507125,0.109625
17.0,3.507875,0.109875
17.0,3.508625,0.109875
17.0,3.508125,0.110125
17.0,3.508,0.110125
17.0,3.507625,0.10975
17.0,3.50725,0.109625
17.0,3.508375,0.10975
17.0,3.508875,0.10975
17.0,3.5095,0.10975
17.0,3.5095,0.10975
17.0,3.508,0.109375
17.0,3.508,0.109375
17.0,3.50775,0.1095
17.0,3.5075,0.10975
17.0,3.507125,0.109625
17.0,3.506875,0.10975
17.0,3.507125,0.10975
17.0,3.50775,0.109875
17.0,3.50825,0.109875
17.0,3.508,0.109875
17.0,3.50775,0.10975
17.0,3.5075,0.10975
17.0,3.50775,0.109625
17.0,3.508875,0.109625
17.0,3.5095,0.109625
17.0,3.509375,0.109625
17.0,3.50825,0.10975
17.0,3.50825,0.10975
17.0,3.5075,0.110125
17.0,3.50725,0.11
17.0,3.507625,0.109875
17.0,3.507375,0.10975
17.0,3.507125,0.10975
17.0,3.507625,0.109625
17.0,3.5085,0.109875
17.0,3.5085,0.109875
17.0,3.508125,0.109875
17.0,3.50825,0.109875
17.0,3.50775,0.109875
17.0,3.507875,0.109875
17.0,3.50875,0.10975
17.0,3.50925,0.109625
17.0,3.509125,0.109875
17.0,3.508375,0.109875
17.0,3.508375,0.109875
17.0,3.50775,0.109875
17.0,3.507625,0.11
17.0,3.50725,0.109875
17.0,3.5065,0.10975
17.0,3.50675,0.10975
17.0,3.507625,0.109875
17.0,3.508875,0.11
17.0,3.508375,0.10975
17.0,3.507875,0.109625
17.0,3.507875,0.10975
17.0,3.507625,0.109875
17.0,3.508125,0.10975
17.0,3.509375,0.10975
17.0,3.509875,0.10975
17.0,3.509625,0.11
17.0,3.509625,0.11
17.0,3.508375,0.1095
17.0,3.507625,0.1095
17.0,3.5075,0.110125
17.0,3.507375,0.110125
17.0,3.506875,0.109875
17.0,3.50725,0.109875
17.0,3.50825,0.11
17.0,3.5085,0.11
17.0,3.508,0.109875
17.0,3.50775,0.11
17.0,3.5075,0.110125
17.0,3.507625,0.109875
17.0,3.50875,0.109625
17.0,3.50975,0.109875
17.0,3.51,0.109875
17.0,3.51,0.109875
17.0,3.508875,0.109875
17.0,3.508125,0.109875
17.0,3.507625,0.11
17.0,3.507375,0.109875
17.0,3.507,0.10975
17.0,3.5065,0.109625
17.0,3.507375,0.109875
17.0,3.508125,0.110125
17.0,3.508625,0.110125
17.0,3.508375,0.110125
17.0,3.508125,0.10975
17.0,3.50775,0.10975
17.0,3.508,0.11
17.0,3.509,0.109875
17.0,3.50975,0.109875
17.0,3.50975,0.109875
17.0,3.5095,0.109875
17.0,3.50875,0.11
17.0,3.50775,0.110125
17.0,3.507625,0.11
17.0,3.5075,0.11
17.0,3.50725,0.10975
17.0,3.50725,0.10975
17.0,3.5075,0.109875
17.0,3.508375,0.11
17.0,3.508875,0.10975
17.0,3.508375,0.10975
17.0,3.508125,0.11
17.0,3.507375,0.11
17.0,3.508125,0.10975
18.0,3.506875,0.08975
18.0,3.5065,0.089625
18.0,3.506625,0.08975
18.0,3.50775,0.08975
18.0,3.50875,0.08975
18.0,3.508375,0.089875
18.0,3.507875,0.08975
18.0,3.50775,0.089625
18.0,3.50775,0.089625
18.0,3.507625,0.0895
18.0,3.508,0.0895
18.0,3.509375,0.0895
18.0,3.5095,0.089625
18.0,3.508625,0.089625
18.0,3.507875,0.089625
18.0,3.50775,0.09
18.0,3.507375,0.089625
18.0,3.50675,0.089625
18.0,3.5065,0.0895
18.0,3.506875,0.089625
18.0,3.5075,0.08975
18.0,3.508125,0.08975
18.0,3.508375,0.0895
18.0,3.508125,0.089625
18.0,3.50725,0.089625
18.0,3.50725,0.089625
18.0,3.50725,0.089625
18.0,3.5085,0.089625
18.0,3.50975,0.0895
18.0,3.50975,0.089375
18.0,3.509125,0.089625
18.0,3.508375,0.089875
18.0,3.50775,0.08975
18.0,3.507125,0.08975
18.0,3.507,0.089625
18.0,3.506875,0.08975
18.0,3.50675,0.089625
18.0,3.507875,0.08975
18.0,3.508875,0.08975
18.0,3.508375,0.089625
18.0,3.508,0.08975
18.0,3.508,0.08975
18.0,3.5075,0.08975
18.0,3.507375,0.0895
18.0,3.5085,0.0895
18.0,3.509375,0.0895
18.0,3.50925,0.089625
18.0,3.508625,0.089375
18.0,3.507875,0.089375
18.0,3.507625,0.089625
18.0,3.507,0.08975
18.0,3.506625,0.08975
18.0,3.506875,0.089625
18.0,3.5075,0.089625
18.0,3.508375,0.089875
18.0,3.50825,0.090125
18.0,3.508625,0.089875
18.0,3.508625,0.089875
18.0,3.508375,0.089875
18.0,3.5075,0.08975
18.0,3.50775,0.089625
18.0,3.508875,0.0895
18.0,3.509625,0.089625
18.0,3.50975,0.089625
18.0,3.50825,0.08975
18.0,3.50725,0.08975
18.0,3.507125,0.08975
18.0,3.506625,0.089625
18.0,3.506625,0.089625
18.0,3.507,0.08975
18.0,3.507625,0.08975
18.0,3.50825,0.089875
18.0,3.507875,0.08975
18.0,3.507875,0.08975
18.0,3.50775,0.089625
18.0,3.508,0.089625
18.0,3.507625,0.0895
18.0,3.50825,0.0895
18.0,3.509375,0.089625
18.0,3.509125,0.089625
18.0,3.508875,0.0895
18.0,3.508125,0.08975
18.0,3.507625,0.08975
18.0,3.5075,0.08975
18.0,3.507125,0.08975
18.0,3.506625,0.08975
18.0,3.506625,0.08975
18.0,3.507625,0.089625
18.0,3.50825,0.08975
18.0,3.50825,0.08975
18.0,3.507875,0.08975
18.0,3.50775,0.08975
18.0,3.507625,0.08975
18.0,3.50775,0.089625
18.0,3.508875,0.0895
18.0,3.509625,0.089625
18.0,3.509125,0.089625
18.0,3.508625,0.08975
18.0,3.507875,0.08975
18.0,3.507375,0.089875
18.0,3.507125,0.08975
18.0,3.506875,0.08975
18.0,3.507125,0.089625
18.0,3.50775,0.08975
18.0,3.508625,0.089875
18.0,3.508375,0.09
18.0,3.508375,0.09
18.0,3.507875,0.090125
18.0,3.507875,0.08975
18.0,3.50725,0.089625
18.0,3.5075,0.089625
18.0,3.509125,0.08975
18.0,3.509875,0.0895
18.0,3.509375,0.08975
18.0,3.508,0.089875
18.0,3.507625,0.089875
18.0,3.507375,0.09
18.0,3.50675,0.089875
18.0,3.506375,0.089625
18.0,3.506625,0.089625
18.0,3.5075,0.08975
18.0,3.50825,0.089875
18.0,3.50825,0.089875
18.0,3.508125,0.089375
18.0,3.508125,0.0895
18.0,3.50775,0.089625
18.0,3.50725,0.089625
18.0,3.508125,0.0895
18.0,3.509,0.0895
18.0,3.509625,0.0895
18.0,3.5095,0.089625
18.0,3.508,0.089875
18.0,3.5075,0.08975
18.0,3.507125,0.089625
18.0,3.50675,0.089625
18.0,3.506625,0.089625
18.0,3.507125,0.089625
18.0,3.507875,0.089875
18.0,3.507875,0.089875
18.0,3.508625,0.09
18.0,3.507875,0.089875
18.0,3.507625,0.08975
18.0,3.507875,0.08975
18.0,3.507875,0.089625
18.0,3.5085,0.089625
18.0,3.509125,0.08975
18.0,3.5095,0.08975
18.0,3.508625,0.089875
18.0,3.507375,0.090125
18.0,3.506875,0.089875
18.0,3.507,0.089875
18.0,3.50675,0.089625
18.0,3.506375,0.089625
18.0,3.507375,0.08975
18.0,3.507375,0.08975
18.0,3.509,0.08975
18.0,3.509,0.08975
18.0,3.508375,0.089625
18.0,3.508125,0.089625
18.0,3.507375,0.0895
18.0,3.508,0.089625
18.0,3.5095,0.089625
18.0,3.509875,0.089625
18.0,3.509625,0.089375
18.0,3.508625,0.0895
18.0,3.50725,0.09
18.0,3.50725,0.09
18.0,3.507,0.089875
18.0,3.50675,0.089625
19.0,3.507,0.07175
19.0,3.508125,0.071625
19.0,3.508375,0.07175
19.0,3.508375,0.071875
19.0,3.508125,0.0715
19.0,3.50725,0.0715
19.0,3.507875,0.071625
19.0,3.509375,0.071625
19.0,3.509375,0.071625
19.0,3.509625,0.071625
19.0,3.50925,0.071375
19.0,3.508,0.0715
19.0,3.50725,0.0715
19.0,3.50725,0.07175
19.0,3.507125,0.071625
19.0,3.5065,0.071625
19.0,3.50675,0.0715
19.0,3.50825,0.071625
19.0,3.5085,0.071875
19.0,3.508,0.071875
19.0,3.508,0.071875
19.0,3.5075,0.071625
19.0,3.507375,0.0715
19.0,3.508625,0.0715
19.0,3.50975,0.071625
19.0,3.50975,0.071625
19.0,3.50925,0.071625
19.0,3.508625,0.0715
19.0,3.50825,0.071375
19.0,3.50775,0.071375
19.0,3.507,0.071625
19.0,3.507,0.07175
19.0,3.506875,0.0715
19.0,3.507125,0.071625
19.0,3.508375,0.07175
19.0,3.50875,0.07175
19.0,3.508,0.071625
19.0,3.508,0.071625
19.0,3.50725,0.0715
19.0,3.5075,0.0715
19.0,3.508875,0.0715
19.0,3.508875,0.0715
19.0,3.509375,0.0715
19.0,3.5095,0.071625
19.0,3.508625,0.071625
19.0,3.507875,0.071375
19.0,3.507625,0.0715
19.0,3.50725,0.0715
19.0,3.50675,0.071625
19.0,3.5065,0.071625
19.0,3.5075,0.071375
19.0,3.508125,0.071375
19.0,3.508125,0.0715
19.0,3.507875,0.071625
19.0,3.5075,0.0715
19.0,3.507125,0.0715
19.0,3.508,0.071375
19.0,3.508,0.071375
19.0,3.509375,0.0715
19.0,3.50925,0.0715
19.0,3.508625,0.07175
19.0,3.508125,0.07175
19.0,3.5075,0.072
19.0,3.507,0.071875
19.0,3.50675,0.071625
19.0,3.50625,0.071625
19.0,3.5065,0.071625
19.0,3.508125,0.071625
19.0,3.50875,0.071875
19.0,3.50825,0.07175
19.0,3.507875,0.0715
19.0,3.50725,0.071625
19.0,3.5075,0.0715
19.0,3.5075,0.0715
19.0,3.508375,0.0715
19.0,3.509375,0.0715
19.0,3.509375,0.071625
19.0,3.50875,0.07175
19.0,3.5075,0.071875
19.0,3.5075,0.071875
19.0,3.507375,0.07175
19.0,3.506875,0.071625
19.0,3.506375,0.0715
19.0,3.50675,0.07175
19.0,3.508,0.071875
19.0,3.5085,0.07175
19.0,3.508,0.071625
19.0,3.50775,0.071625
19.0,3.5075,0.071625
19.0,3.5075,0.0715
19.0,3.507625,0.0715
19.0,3.5085,0.071625
19.0,3.509625,0.071625
19.0,3.509375,0.071625
19.0,3.508125,0.071875
19.0,3.5075,0.0715
19.0,3.507625,0.071625
19.0,3.506875,0.0715
19.0,3.506625,0.0715
19.0,3.506875,0.071375
19.0,3.507625,0.071625
19.0,3.508625,0.07175
19.0,3.508875,0.071375
19.0,3.50825,0.071375
19.0,3.5075,0.0715
19.0,3.507125,0.0715
19.0,3.507125,0.0715
19.0,3.5075,0.0715
19.0,3.509,0.07125
19.0,3.509875,0.0715
19.0,3.50975,0.071875
19.0,3.50825,0.072
19.0,3.507375,0.071625
19.0,3.50775,0.0715
19.0,3.507375,0.0715
19.0,3.50675,0.0715
19.0,3.506875,0.071625
19.0,3.508125,0.071625
19.0,3.508875,0.071875
19.0,3.508625,0.072
19.0,3.5085,0.07175
19.0,3.508375,0.071625
19.0,3.508375,0.071625
19.0,3.507625,0.071625
19.0,3.50825,0.0715
19.0,3.509625,0.0715
19.0,3.509875,0.0715
19.0,3.509,0.0715
19.0,3.508,0.07175
19.0,3.507625,0.071875
19.0,3.507375,0.07175
19.0,3.506875,0.071625
19.0,3.50675,0.071625
19.0,3.507375,0.0715
19.0,3.508375,0.0715
19.0,3.5085,0.07175
19.0,3.507875,0.07175
19.0,3.507875,0.0715
19.0,3.507875,0.0715
19.0,3.508,0.071625
19.0,3.507625,0.071625
19.0,3.5085,0.071375
19.0,3.50975,0.071375
19.0,3.510125,0.071375
19.0,3.50875,0.07125
19.0,3.507625,0.07175
19.0,3.507375,0.072
19.0,3.50675,0.07175
19.0,3.50625,0.07175
19.0,3.5065,0.071375
19.0,3.5075,0.07175
19.0,3.50825,0.072
19.0,3.508125,0.072
19.0,3.507875,0.07175
19.0,3.507875,0.071875
19.0,3.508125,0.071875
19.0,3.507625,0.0715
19.0,3.50775,0.071375
19.0,3.509,0.071375
19.0,3.50975,0.0715
19.0,3.509625,0.07125
19.0,3.50825,0.071375
19.0,3.507625,0.071625
19.0,3.507125,0.071625
19.0,3.506375,0.071625
19.0,3.506875,0.071625
19.0,3.507125,0.0715
19.0,3.507875,0.071625
19.0,3.508875,0.071875
20.0,3.508625,0.055375
20.0,3.5095,0.0555
20.0,3.508875,0.0555
20.0,3.50775,0.0555
20.0,3.507125,0.0555
20.0,3.507,0.05525
20.0,3.507125,0.055375
20.0,3.506625,0.055375
20.0,3.506625,0.055375
20.0,3.507,0.055375
20.0,3.508125,0.0555
20.0,3.5085,0.055375
20.0,3.507875,0.055375
20.0,3.507875,0.055375
20.0,3.507875,0.05525
20.0,3.507375,0.05525
20.0,3.50825,0.055375
20.0,3.509125,0.05525
20.0,3.50925,0.055375
20.0,3.50875,0.0555
20.0,3.508125,0.0555
20.0,3.507375,0.0555
20.0,3.5075,0.0555
20.0,3.506875,0.055375
20.0,3.50625,0.055375
20.0,3.50625,0.055375
20.0,3.506875,0.055375
20.0,3.508,0.055375
20.0,3.5085,0.0555
20.0,3.508125,0.055375
20.0,3.507875,0.055625
20.0,3.507625,0.0555
20.0,3.50725,0.055375
20.0,3.508125,0.0555
20.0,3.50875,0.055375
20.0,3.509375,0.05525
20.0,3.5085,0.055375
20.0,3.507375,0.0555
20.0,3.507,0.055125
20.0,3.507,0.05525
20.0,3.50675,0.055375
20.0,3.50675,0.055375
20.0,3.506125,0.05525
20.0,3.5065,0.055125
20.0,3.508,0.055375
20.0,3.508375,0.0555
20.0,3.508125,0.0555
20.0,3.507625,0.055375
20.0,3.507125,0.05525
20.0,3.507625,0.05525
20.0,3.508875,0.055375
20.0,3.50975,0.0555
20.0,3.509375,0.055625
20.0,3.508375,0.055625
20.0,3.50725,0.055375
20.0,3.507,0.05525
20.0,3.507,0.055375
20.0,3.507,0.055375
20.0,3.50625,0.055375
20.0,3.50625,0.055375
20.0,3.507125,0.0555
20.0,3.50825,0.055875
20.0,3.508125,0.05575
20.0,3.50775,0.05525
20.0,3.50725,0.05525
20.0,3.507,0.055375
20.0,3.50775,0.055375
20.0,3.508875,0.055375
20.0,3.509,0.0555
20.0,3.50875,0.055375
20.0,3.50775,0.055375
20.0,3.507,0.05525
20.0,3.507125,0.055375
20.0,3.507125,0.055375
20.0,3.5065,0.055375
20.0,3.506125,0.05525
20.0,3.506875,0.055375
20.0,3.507875,0.0555
20.0,3.507875,0.055625
20.0,3.508,0.05525
20.0,3.50825,0.0555
20.0,3.5075,0.05525
20.0,3.506875,0.055375
20.0,3.50825,0.05525
20.0,3.5095,0.05525
20.0,3.5095,0.055375
20.0,3.5085,0.055375
20.0,3.507625,0.055375
20.0,3.507,0.05525
20.0,3.5065,0.05525
20.0,3.5065,0.05525
20.0,3.506375,0.05525
20.0,3.506375,0.055375
20.0,3.507,0.055375
20.0,3.507875,0.0555
20.0,3.508375,0.055625
20.0,3.507875,0.055625
20.0,3.507625,0.0555
20.0,3.5075,0.0555
20.0,3.50775,0.05525
20.0,3.508375,0.055375
20.0,3.50925,0.05525
20.0,3.509625,0.0555
20.0,3.5085,0.055375
20.0,3.507375,0.055375
20.0,3.507125,0.055625
20.0,3.507125,0.055625
20.0,3.507,0.0555
20.0,3.506375,0.0555
20.0,3.506375,0.05525
20.0,3.507625,0.05525
20.0,3.5085,0.0555
20.0,3.5085,0.055875
20.0,3.508125,0.05575
20.0,3.5075,0.055625
20.0,3.5075,0.0555
20.0,3.50825,0.05525
20.0,3.508875,0.05525
20.0,3.509125,0.055375
20.0,3.508875,0.05525
20.0,3.507875,0.05525
20.0,3.50725,0.055375
20.0,3.50725,0.055375
20.0,3.50675,0.0555
20.0,3.50625,0.0555
20.0,3.506,0.055375
20.0,3.5065,0.055375
20.0,3.507625,0.0555
20.0,3.50825,0.0555
20.0,3.508125,0.0555
20.0,3.50725,0.055625
20.0,3.50725,0.055625
20.0,3.506875,0.055375
20.0,3.508,0.055375
20.0,3.5095,0.055375
20.0,3.50975,0.055375
20.0,3.509,0.055125
20.0,3.507875,0.05525
20.0,3.507875,0.05525
20.0,3.50725,0.055
20.0,3.50675,0.055375
20.0,3.5065,0.055375
20.0,3.506375,0.055375
20.0,3.507,0.0555
20.0,3.508,0.0555
20.0,3.508625,0.055875
20.0,3.508,0.05575
20.0,3.507625,0.0555
20.0,3.5075,0.05525
20.0,3.506875,0.0555
20.0,3.50825,0.05525
20.0,3.5095,0.05525
20.0,3.50925,0.055375
20.0,3.508125,0.055625
20.0,3.508125,0.055625
20.0,3.5075,0.055625
20.0,3.507125,0.055375
20.0,3.50675,0.0555
20.0,3.506375,0.0555
20.0,3.50675,0.05525
20.0,3.507375,0.055375
20.0,3.50775,0.05575
20.0,3.508,0.05575
20.0,3.508,0.05575
20.0,3.507875,0.05575
20.0,3.507375,0.055625
20.0,3.507625,0.05525
20.0,3.50875,0.055375
20.0,3.509,0.05525
21.0,3.506375,0.041625
21.0,3.506875,0.04175
21.0,3.507875,0.041875
21.0,3.508375,0.042
21.0,3.50725,0.042125
21.0,3.507625,0.042
21.0,3.507375,0.042
21.0,3.50775,0.04175
21.0,3.50775,0.04175
21.0,3.508875,0.041625
21.0,3.509625,0.041625
21.0,3.50925,0.04175
21.0,3.508375,0.04175
21.0,3.507625,0.041875
21.0,3.507125,0.041875
21.0,3.506875,0.04175
21.0,3.5065,0.041625
21.0,3.5065,0.041625
21.0,3.5075,0.041625
21.0,3.508375,0.041625
21.0,3.508375,0.0415
21.0,3.507625,0.041875
21.0,3.50775,0.041875
21.0,3.50775,0.041875
21.0,3.507625,0.04175
21.0,3.507625,0.04175
21.0,3.50875,0.041625
21.0,3.509,0.0415
21.0,3.509,0.04175
21.0,3.50825,0.041625
21.0,3.507125,0.041875
21.0,3.506875,0.04175
21.0,3.506875,0.04175
21.0,3.5065,0.041625
21.0,3.5065,0.0415
21.0,3.50725,0.041625
21.0,3.5085,0.041875
21.0,3.508375,0.041875
21.0,3.508,0.041625
21.0,3.507875,0.04175
21.0,3.507375,0.04175
21.0,3.507375,0.04175
21.0,3.507875,0.0415
21.0,3.508875,0.041625
21.0,3.509125,0.041625
21.0,3.50875,0.04175
21.0,3.507625,0.042
21.0,3.50675,0.041875
21.0,3.507,0.041875
21.0,3.506875,0.04175
21.0,3.50625,0.041625
21.0,3.506375,0.041625
21.0,3.50775,0.041875
21.0,3.508375,0.041875
21.0,3.507875,0.041875
21.0,3.507625,0.041625
21.0,3.50725,0.041625
21.0,3.50725,0.041625
21.0,3.50725,0.041625
21.0,3.508625,0.041625
21.0,3.510125,0.0415
21.0,3.509375,0.041625
21.0,3.50825,0.041375
21.0,3.507625,0.041625
21.0,3.50725,0.042
21.0,3.506875,0.04175
21.0,3.50675,0.041625
21.0,3.506625,0.0415
21.0,3.507375,0.04175
21.0,3.508375,0.04175
21.0,3.5085,0.041875
21.0,3.507875,0.041625
21.0,3.508125,0.04175
21.0,3.508125,0.04175
21.0,3.50775,0.041875
21.0,3.507375,0.041625
21.0,3.50875,0.04175
21.0,3.50975,0.041625
21.0,3.5095,0.041625
21.0,3.508375,0.041875
21.0,3.507625,0.041875
21.0,3.507625,0.041875
21.0,3.507125,0.041875
21.0,3.5065,0.041625
21.0,3.5065,0.04175
21.0,3.507625,0.04175
21.0,3.509,0.041875
21.0,3.508375,0.041625
21.0,3.50825,0.041875
21.0,3.508125,0.04175
21.0,3.508125,0.04175
21.0,3.50725,0.04175
21.0,3.508125,0.0415
21.0,3.5095,0.041625
21.0,3.5095,0.041375
21.0,3.509,0.041625
21.0,3.508125,0.042
21.0,3.5075,0.042
21.0,3.50725,0.04175
21.0,3.506875,0.04175
21.0,3.506625,0.041625
21.0,3.506875,0.04175
21.0,3.50825,0.0415
21.0,3.508875,0.04175
21.0,3.508,0.041625
21.0,3.508,0.0415
21.0,3.508,0.0415
21.0,3.507375,0.0415
21.0,3.506875,0.04175
21.0,3.508125,0.041625
21.0,3.509125,0.041625
21.0,3.50925,0.0415
21.0,3.508625,0.04175
21.0,3.507375,0.041875
21.0,3.50725,0.042
21.0,3.507,0.04175
21.0,3.50675,0.04175
21.0,3.5065,0.041625
21.0,3.506875,0.04175
21.0,3.50775,0.04175
21.0,3.5085,0.04175
21.0,3.507875,0.04175
21.0,3.507875,0.04175
21.0,3.507375,0.041875
21.0,3.50725,0.04175
21.0,3.507375,0.04175
21.0,3.508875,0.0415
21.0,3.5095,0.041625
21.0,3.509,0.0415
21.0,3.508375,0.04125
21.0,3.507375,0.041375
21.0,3.507125,0.041625
21.0,3.507,0.04175
21.0,3.506375,0.04175
21.0,3.506625,0.041625
21.0,3.507,0.041625
21.0,3.507625,0.041875
21.0,3.50825,0.04175
21.0,3.50825,0.04175
21.0,3.507625,0.041875
21.0,3.507125,0.041625
21.0,3.506875,0.0415
21.0,3.50775,0.041625
21.0,3.508625,0.0415
21.0,3.509125,0.041625
21.0,3.508625,0.041625
21.0,3.5075,0.042
21.0,3.507,0.04175
21.0,3.507125,0.041625
21.0,3.507,0.041875
21.0,3.506375,0.04175
21.0,3.50675,0.04175
21.0,3.50775,0.04175
21.0,3.50875,0.042
21.0,3.508125,0.042
21.0,3.508125,0.042
21.0,3.5075,0.042
21.0,3.507375,0.04175
21.0,3.507125,0.041625
21.0,3.50825,0.0415
21.0,3.509125,0.04175
21.0,3.5095,0.041625
21.0,3.50875,0.04175
21.0,3.507375,0.041625
21.0,3.507125,0.042125
21.0,3.507,0.042
21.0,3.506625,0.041625
21.0,3.506375,0.0415
21.0,3.50725,0.041625
22.0,3.506375,0.029625
22.0,3.506125,0.02975
22.0,3.506375,0.02975
22.0,3.507375,0.03
22.0,3.507875,0.030125
22.0,3.507625,0.02975
22.0,3.507125,0.029875
22.0,3.507375,0.029875
22.0,3.507375,0.029875
22.0,3.507125,0.029625
22.0,3.507875,0.029875
22.0,3.509,0.02975
22.0,3.509375,0.029875
22.0,3.50925,0.030125
22.0,3.507875,0.03
22.0,3.507375,0.030125
22.0,3.507125,0.029875
22.0,3.50675,0.02975
22.0,3.506625,0.029625
22.0,3.507125,0.02975
22.0,3.508125,0.029625
22.0,3.5085,0.02975
22.0,3.507875,0.030125
22.0,3.507625,0.029875
22.0,3.50725,0.029875
22.0,3.50725,0.029875
22.0,3.507,0.02975
22.0,3.508,0.02975
22.0,3.509125,0.029875
22.0,3.5095,0.029625
22.0,3.508375,0.0295
22.0,3.507625,0.030125
22.0,3.50775,0.03
22.0,3.50725,0.029875
22.0,3.5065,0.029875
22.0,3.506625,0.02975
22.0,3.50725,0.029875
22.0,3.508125,0.029875
22.0,3.5085,0.029875
22.0,3.5085,0.03
22.0,3.507625,0.03
22.0,3.507625,0.03
22.0,3.507125,0.02975
22.0,3.507625,0.02975
22.0,3.508875,0.02975
22.0,3.5095,0.029625
22.0,3.5095,0.029625
22.0,3.50875,0.02975
22.0,3.5075,0.02975
22.0,3.5075,0.03
22.0,3.506875,0.029875
22.0,3.50625,0.02975
22.0,3.5065,0.02975
22.0,3.5075,0.029625
22.0,3.50825,0.02975
22.0,3.5085,0.02975
22.0,3.508125,0.029625
22.0,3.508125,0.029625
22.0,3.50775,0.02975
22.0,3.507125,0.02975
22.0,3.50775,0.029625
22.0,3.509125,0.02975
22.0,3.509375,0.02975
22.0,3.508875,0.029875
22.0,3.507625,0.03
22.0,3.506875,0.029875
22.0,3.506875,0.02975
22.0,3.506375,0.029875
22.0,3.506125,0.029625
22.0,3.506625,0.02975
22.0,3.508125,0.029875
22.0,3.50825,0.02975
22.0,3.507375,0.029875
22.0,3.507375,0.029875
22.0,3.50775,0.03
22.0,3.50775,0.029875
22.0,3.50725,0.029875
22.0,3.508,0.029625
22.0,3.5095,0.029625
22.0,3.50975,0.029625
22.0,3.5085,0.029875
22.0,3.5075,0.029875
22.0,3.50675,0.029875
22.0,3.506875,0.02975
22.0,3.506375,0.02975
22.0,3.506125,0.029625
22.0,3.50675,0.029625
22.0,3.507625,0.029875
22.0,3.508125,0.029875
22.0,3.507875,0.029875
22.0,3.507875,0.02975
22.0,3.50775,0.03
22.0,3.507375,0.029875
22.0,3.507625,0.02975
22.0,3.50875,0.029625
22.0,3.509125,0.029875
22.0,3.50925,0.02975
22.0,3.508375,0.02975
22.0,3.507375,0.029875
22.0,3.50725,0.029625
22.0,3.506625,0.029875
22.0,3.506125,0.029875
22.0,3.5065,0.02975
22.0,3.50725,0.029875
22.0,3.507625,0.029625
22.0,3.507625,0.029875
22.0,3.507625,0.029875
22.0,3.50775,0.030125
22.0,3.5075,0.02975
22.0,3.506875,0.02975
22.0,3.50775,0.029625
22.0,3.509125,0.029625
22.0,3.509125,0.029875
22.0,3.508875,0.029875
22.0,3.508125,0.029625
22.0,3.507375,0.029875
22.0,3.507,0.029875
22.0,3.506375,0.029625
22.0,3.50625,0.029875
22.0,3.506375,0.029875
22.0,3.50725,0.029875
22.0,3.507875,0.03
22.0,3.507875,0.03
22.0,3.5075,0.029875
22.0,3.5075,0.02975
22.0,3.507375,0.029875
22.0,3.50725,0.029625
22.0,3.508,0.029625
22.0,3.509,0.029625
22.0,3.50925,0.02975
22.0,3.50925,0.03
22.0,3.5075,0.030125
22.0,3.507125,0.03
22.0,3.50725,0.02975
22.0,3.506375,0.02975
22.0,3.505875,0.029625
22.0,3.506875,0.02975
22.0,3.50775,0.029875
22.0,3.50775,0.029875
22.0,3.508,0.03
22.0,3.507375,0.02975
22.0,3.507375,0.0295
22.0,3.507,0.02975
22.0,3.50725,0.02975
22.0,3.5085,0.0295
22.0,3.509,0.02975
22.0,3.509375,0.02975
22.0,3.509,0.029625
22.0,3.508,0.029875
22.0,3.507125,0.03
22.0,3.506625,0.02975
22.0,3.50625,0.02975
22.0,3.506125,0.02975
22.0,3.507,0.029625
22.0,3.507,0.029875
22.0,3.508375,0.029875
22.0,3.508875,0.02975
22.0,3.508,0.029375
22.0,3.507625,0.029625
22.0,3.507625,0.02975
22.0,3.508125,0.02975
22.0,3.5095,0.029875
22.0,3.5095,0.029625
22.0,3.50825,0.02975
22.0,3.5075,0.02975
22.0,3.5075,0.02975
22.0,3.507625,0.029875
22.0,3.506625,0.029875
22.0,3.506125,0.02975
23.0,3.509625,0.02
23.0,3.50975,0.020125
23.0,3.508625,0.02
23.0,3.50725,0.020125
23.0,3.507125,0.02025
23.0,3.507125,0.020125
23.0,3.506625,0.02
23.0,3.506375,0.019875
23.0,3.506375,0.019875
23.0,3.507,0.019875
23.0,3.50775,0.02025
23.0,3.50775,0.019875
23.0,3.50775,0.019875
23.0,3.508,0.02
23.0,3.50725,0.019875
23.0,3.507125,0.01975
23.0,3.508625,0.01975
23.0,3.50975,0.019875
23.0,3.50925,0.02025
23.0,3.508,0.020125
23.0,3.50775,0.019875
23.0,3.507625,0.01975
23.0,3.507,0.02
23.0,3.5065,0.02
23.0,3.5065,0.02
23.0,3.506875,0.02
23.0,3.5075,0.02
23.0,3.508375,0.02025
23.0,3.508125,0.020375
23.0,3.50775,0.020125
23.0,3.507625,0.02
23.0,3.5075,0.019875
23.0,3.507875,0.019875
23.0,3.508875,0.019875
23.0,3.509375,0.02025
23.0,3.50925,0.019875
23.0,3.50825,0.019875
23.0,3.507125,0.02
23.0,3.506875,0.019875
23.0,3.507,0.019875
23.0,3.506625,0.02
23.0,3.506625,0.02
23.0,3.50675,0.02
23.0,3.507875,0.020125
23.0,3.508,0.019875
23.0,3.50825,0.02
23.0,3.508125,0.02
23.0,3.507625,0.02
23.0,3.507375,0.019875
23.0,3.50825,0.019875
23.0,3.509125,0.019875
23.0,3.5095,0.02
23.0,3.50925,0.02
23.0,3.508,0.02025
23.0,3.507375,0.020375
23.0,3.506875,0.02025
23.0,3.50675,0.02
23.0,3.50675,0.02
23.0,3.506625,0.019875
23.0,3.507375,0.019875
23.0,3.508375,0.020125
23.0,3.5085,0.020375
23.0,3.5075,0.020125
23.0,3.50775,0.02025
23.0,3.50775,0.020125
23.0,3.507375,0.02
23.0,3.50825,0.019875
23.0,3.509625,0.019875
23.0,3.509375,0.020125
23.0,3.508125,0.02025
23.0,3.50725,0.02
23.0,3.507375,0.019875
23.0,3.507125,0.02
23.0,3.507125,0.02
23.0,3.50675,0.02
23.0,3.50675,0.01975
23.0,3.50725,0.019875
23.0,3.50825,0.020125
23.0,3.50825,0.02
23.0,3.50775,0.019875
23.0,3.50775,0.019875
23.0,3.506875,0.019875
23.0,3.507375,0.02
23.0,3.508875,0.02
23.0,3.5095,0.019875
23.0,3.509125,0.019875
23.0,3.508,0.019875
23.0,3.507,0.020125
23.0,3.506875,0.020125
23.0,3.506875,0.020125
23.0,3.50675,0.02
23.0,3.506375,0.019875
23.0,3.506375,0.019875
23.0,3.5075,0.019875
23.0,3.50825,0.020125
23.0,3.507875,0.020625
23.0,3.50775,0.020375
23.0,3.50725,0.020125
23.0,3.507125,0.019875
23.0,3.50825,0.019875
23.0,3.5095,0.02
23.0,3.509625,0.02
23.0,3.50925,0.02025
23.0,3.508,0.019875
23.0,3.50725,0.019875
23.0,3.50725,0.020125
23.0,3.507,0.020125
23.0,3.506625,0.02
23.0,3.506125,0.019875
23.0,3.50675,0.020125
23.0,3.508,0.02025
23.0,3.507875,0.02
23.0,3.507625,0.020125
23.0,3.5075,0.019875
23.0,3.507,0.019875
23.0,3.507,0.01975
23.0,3.508625,0.02
23.0,3.50925,0.02
23.0,3.509125,0.019875
23.0,3.508625,0.020125
23.0,3.5075,0.02025
23.0,3.507375,0.02025
23.0,3.507375,0.02025
23.0,3.5075,0.02
23.0,3.50675,0.020125
23.0,3.506375,0.019875
23.0,3.50725,0.019625
23.0,3.508375,0.01975
23.0,3.5085,0.02025
23.0,3.50825,0.02
23.0,3.508,0.02
23.0,3.5075,0.019875
23.0,3.507375,0.019875
23.0,3.50875,0.019875
23.0,3.50925,0.019875
23.0,3.509125,0.02
23.0,3.507875,0.019875
23.0,3.507,0.02025
23.0,3.507,0.02025
23.0,3.507375,0.02
23.0,3.50725,0.02
23.0,3.506625,0.02
23.0,3.50675,0.020125
23.0,3.507625,0.02
23.0,3.50825,0.02
23.0,3.508125,0.02
23.0,3.508,0.02025
23.0,3.5075,0.020125
23.0,3.507,0.02
23.0,3.507625,0.019875
23.0,3.508875,0.019875
23.0,3.50925,0.02
23.0,3.508875,0.02
23.0,3.5075,0.02
23.0,3.5075,0.02
23.0,3.507125,0.01975
23.0,3.507125,0.01975
23.0,3.506875,0.02
23.0,3.506625,0.020125
23.0,3.506875,0.02
23.0,3.50775,0.020125
23.0,3.508,0.02
23.0,3.507375,0.019875
23.0,3.5075,0.01975
23.0,3.507375,0.019875
23.0,3.507125,0.01975
23.0,3.507875,0.01975
23.0,3.509,0.02
23.0,3.509125,0.019875
24.0,3.508125,0.012625
24.0,3.507875,0.012375
24.0,3.507625,0.01225
24.0,3.506875,0.01225
24.0,3.507,0.01225
24.0,3.50825,0.01225
24.0,3.50875,0.012375
24.0,3.508625,0.012625
24.0,3.508625,0.012625
24.0,3.508125,0.01225
24.0,3.507375,0.012125
24.0,3.507375,0.012125
24.0,3.506875,0.01225
24.0,3.5065,0.01225
24.0,3.506375,0.01225
24.0,3.507,0.0125
24.0,3.508125,0.01225
24.0,3.508125,0.01225
24.0,3.5075,0.01275
24.0,3.5075,0.0125
24.0,3.507375,0.012125
24.0,3.508,0.012125
24.0,3.50875,0.012125
24.0,3.509125,0.01225
24.0,3.509125,0.01225
24.0,3.509125,0.0125
24.0,3.507875,0.01225
24.0,3.507375,0.012375
24.0,3.506875,0.012125
24.0,3.506625,0.01225
24.0,3.506125,0.012125
24.0,3.506625,0.01225
24.0,3.507375,0.01225
24.0,3.50825,0.0125
24.0,3.50825,0.0125
24.0,3.507625,0.0125
24.0,3.507375,0.012375
24.0,3.507375,0.01225
24.0,3.508375,0.012125
24.0,3.509,0.01225
24.0,3.508625,0.012375
24.0,3.508625,0.012375
24.0,3.508,0.01225
24.0,3.50725,0.012375
24.0,3.507625,0.0125
24.0,3.507,0.012375
24.0,3.50625,0.01225
24.0,3.506375,0.012
24.0,3.506875,0.01225
24.0,3.508,0.01225
24.0,3.508,0.012375
24.0,3.50725,0.01275
24.0,3.50725,0.012625
24.0,3.507375,0.012375
24.0,3.507125,0.01225
24.0,3.508375,0.012375
24.0,3.509125,0.012
24.0,3.509125,0.012
24.0,3.5095,0.01225
24.0,3.50825,0.012875
24.0,3.50725,0.0125
24.0,3.50725,0.012375
24.0,3.507,0.01225
24.0,3.5065,0.012125
24.0,3.506375,0.012375
24.0,3.506875,0.012125
24.0,3.508,0.012125
24.0,3.508125,0.012375
24.0,3.507375,0.012125
24.0,3.506875,0.01225
24.0,3.5075,0.012125
24.0,3.508375,0.012125
24.0,3.509125,0.012125
24.0,3.509125,0.012125
24.0,3.509625,0.012
24.0,3.50925,0.012
24.0,3.507875,0.012125
24.0,3.507125,0.012
24.0,3.507,0.01225
24.0,3.507,0.012125
24.0,3.5065,0.01225
24.0,3.5065,0.012125
24.0,3.50775,0.012125
24.0,3.508375,0.012125
24.0,3.508125,0.012625
24.0,3.508,0.012375
24.0,3.50775,0.012375
24.0,3.50725,0.01225
24.0,3.50825,0.012125
24.0,3.50825,0.012125
24.0,3.50925,0.012375
24.0,3.509375,0.01225
24.0,3.508625,0.012
24.0,3.507625,0.01225
24.0,3.507375,0.012625
24.0,3.507,0.01225
24.0,3.50675,0.012125
24.0,3.5065,0.012125
24.0,3.507125,0.012375
24.0,3.508,0.012625
24.0,3.508,0.012375
24.0,3.507625,0.01225
24.0,3.507875,0.012375
24.0,3.507375,0.012375
24.0,3.507125,0.01225
24.0,3.507875,0.01225
24.0,3.507875,0.01225
24.0,3.508875,0.012375
24.0,3.509,0.01225
24.0,3.50825,0.012125
24.0,3.507625,0.012125
24.0,3.506875,0.01225
24.0,3.5065,0.012375
24.0,3.5065,0.01225
24.0,3.506375,0.01225
24.0,3.50725,0.012125
24.0,3.508125,0.012125
24.0,3.50825,0.012125
24.0,3.507625,0.012125
24.0,3.507625,0.012125
24.0,3.50725,0.01225
24.0,3.507375,0.012125
24.0,3.507375,0.012125
24.0,3.50825,0.01225
24.0,3.50925,0.012125
24.0,3.509,0.0125
24.0,3.507875,0.012625
24.0,3.507,0.01225
24.0,3.50675,0.012375
24.0,3.506375,0.012375
24.0,3.5065,0.01225
24.0,3.5065,0.01225
24.0,3.50775,0.01225
24.0,3.508375,0.01225
24.0,3.5075,0.01225
24.0,3.5075,0.012125
24.0,3.5075,0.012
24.0,3.507125,0.01225
24.0,3.507125,0.01225
24.0,3.507875,0.012125
24.0,3.509125,0.012125
24.0,3.509375,0.012
24.0,3.5085,0.012375
24.0,3.50725,0.012375
24.0,3.50725,0.0125
24.0,3.507,0.012125
24.0,3.50625,0.012125
24.0,3.506125,0.01225
24.0,3.506875,0.01225
24.0,3.507875,0.012375
24.0,3.5085,0.0125
24.0,3.507625,0.01275
24.0,3.5075,0.012625
24.0,3.5075,0.0125
24.0,3.5075,0.0125
24.0,3.507125,0.012375
24.0,3.508,0.01225
24.0,3.509,0.01225
24.0,3.50925,0.012375
24.0,3.50825,0.012375
24.0,3.507125,0.01225
24.0,3.507125,0.0125
24.0,3.506875,0.01225
24.0,3.506625,0.01225
24.0,3.50625,0.012375
24.0,3.506875,0.012375
24.0,3.50825,0.01225
24.0,3.507875,0.01225
24.0,3.507125,0.01225
25.0,3.50825,0.006875
25.0,3.5095,0.007
25.0,3.509375,0.007125
25.0,3.508,0.007
25.0,3.50725,0.007
25.0,3.507,0.00675
25.0,3.507,0.00675
25.0,3.506625,0.006875
25.0,3.506625,0.006875
25.0,3.506,0.006875
25.0,3.506625,0.006875
25.0,3.508,0.007125
25.0,3.508125,0.00725
25.0,3.507875,0.00725
25.0,3.5075,0.007
25.0,3.507,0.00675
25.0,3.507625,0.006625
25.0,3.508875,0.00675
25.0,3.5095,0.006875
25.0,3.509125,0.00675
25.0,3.507625,0.006875
25.0,3.507125,0.007
25.0,3.506875,0.006875
25.0,3.506625,0.00675
25.0,3.506375,0.00675
25.0,3.506375,0.00675
25.0,3.5065,0.006625
25.0,3.507625,0.006875
25.0,3.5085,0.006875
25.0,3.50825,0.00675
25.0,3.507625,0.00675
25.0,3.507375,0.006875
25.0,3.507,0.00675
25.0,3.508,0.006625
25.0,3.509125,0.00675
25.0,3.509,0.00675
25.0,3.50825,0.00675
25.0,3.507625,0.00675
25.0,3.5075,0.00675
25.0,3.50675,0.006875
25.0,3.5065,0.00675
25.0,3.5065,0.00675
25.0,3.506375,0.00675
25.0,3.50675,0.006875
25.0,3.5075,0.006875
25.0,3.50825,0.00675
25.0,3.507875,0.006375
25.0,3.5075,0.006125
25.0,3.507375,0.006375
25.0,3.507,0.006625
25.0,3.507625,0.006625
25.0,3.509,0.00675
25.0,3.509,0.0065
25.0,3.50825,0.00675
25.0,3.5075,0.006875
25.0,3.507,0.00675
25.0,3.507,0.006875
25.0,3.507,0.006875
25.0,3.50675,0.00675
25.0,3.50625,0.006625
25.0,3.506375,0.00675
25.0,3.508,0.00675
25.0,3.5085,0.0065
25.0,3.5075,0.006625
25.0,3.507375,0.006875
25.0,3.507375,0.006625
25.0,3.50725,0.00675
25.0,3.508125,0.00675
25.0,3.509125,0.00675
25.0,3.509,0.00675
25.0,3.508125,0.00675
25.0,3.507125,0.006875
25.0,3.50675,0.00675
25.0,3.50675,0.00675
25.0,3.506875,0.00675
25.0,3.50625,0.006875
25.0,3.506125,0.00675
25.0,3.506875,0.00675
25.0,3.507625,0.007
25.0,3.508125,0.0065
25.0,3.50775,0.00675
25.0,3.507375,0.006875
25.0,3.507125,0.006875
25.0,3.507625,0.006875
25.0,3.509,0.00675
25.0,3.5095,0.006875
25.0,3.5085,0.006625
25.0,3.507625,0.006625
25.0,3.507,0.0065
25.0,3.507,0.0065
25.0,3.506875,0.0065
25.0,3.50675,0.00675
25.0,3.50625,0.006625
25.0,3.506625,0.00675
25.0,3.508125,0.00675
25.0,3.508375,0.007
25.0,3.5075,0.006875
25.0,3.507625,0.00675
25.0,3.507625,0.00675
25.0,3.50725,0.006625
25.0,3.508,0.006625
25.0,3.50925,0.006625
25.0,3.5095,0.00675
25.0,3.5085,0.00675
25.0,3.5075,0.00675
25.0,3.507125,0.006875
25.0,3.507125,0.006875
25.0,3.50675,0.00675
25.0,3.506375,0.00675
25.0,3.506,0.00675
25.0,3.506375,0.006875
25.0,3.508,0.006875
25.0,3.508375,0.007
25.0,3.50775,0.007
25.0,3.5075,0.007
25.0,3.507125,0.006875
25.0,3.506875,0.00675
25.0,3.508125,0.006625
25.0,3.508875,0.006625
25.0,3.509,0.006875
25.0,3.508375,0.006875
25.0,3.5075,0.007125
25.0,3.5075,0.007125
25.0,3.506625,0.00725
25.0,3.506375,0.007125
25.0,3.506375,0.006875
25.0,3.50625,0.006625
25.0,3.507125,0.00675
25.0,3.508,0.006875
25.0,3.507875,0.0065
25.0,3.5075,0.00675
25.0,3.507375,0.006625
25.0,3.50675,0.006875
25.0,3.507625,0.006625
25.0,3.509,0.006625
25.0,3.5095,0.006625
25.0,3.50875,0.006625
25.0,3.507625,0.006625
25.0,3.507625,0.006625
25.0,3.507125,0.00675
25.0,3.507125,0.00675
25.0,3.506375,0.00675
25.0,3.506125,0.00675
25.0,3.506625,0.006625
25.0,3.5075,0.00675
25.0,3.508125,0.006875
25.0,3.508125,0.006875
25.0,3.508125,0.006625
25.0,3.507625,0.00675
25.0,3.506875,0.006625
25.0,3.508,0.00675
25.0,3.508875,0.006625
25.0,3.509,0.006625
25.0,3.5085,0.00675
25.0,3.5085,0.00675
25.0,3.50775,0.00675
25.0,3.50725,0.006875
25.0,3.507,0.006875
25.0,3.50675,0.00675
25.0,3.5065,0.00675
25.0,3.5065,0.006625
25.0,3.507375,0.00675
25.0,3.50775,0.007125
25.0,3.5075,0.007
25.0,3.50775,0.006875
25.0,3.507125,0.00675
25.0,3.50725,0.006625
25.0,3.508375,0.006625
25.0,3.509,0.006625
26.0,3.507625,0.003625
26.0,3.507625,0.0035
26.0,3.507375,0.0035
26.0,3.506625,0.00325
26.0,3.507375,0.003375
26.0,3.508875,0.003375
26.0,3.509125,0.003375
26.0,3.508625,0.003375
26.0,3.508625,0.003375
26.0,3.5075,0.003375
26.0,3.50675,0.00325
26.0,3.50625,0.00325
26.0,3.506,0.00325
26.0,3.505625,0.00325
26.0,3.506125,0.00325
26.0,3.50725,0.003375
26.0,3.50775,0.003375
26.0,3.50725,0.003125
26.0,3.507,0.003
26.0,3.507125,0.003375
26.0,3.506625,0.003375
26.0,3.50725,0.00325
26.0,3.508875,0.00325
26.0,3.509125,0.00325
26.0,3.508375,0.00325
26.0,3.508375,0.00325
26.0,3.507,0.0035
26.0,3.506875,0.003625
26.0,3.506375,0.003375
26.0,3.506,0.003375
26.0,3.506125,0.0035
26.0,3.5065,0.003375
26.0,3.507375,0.003375
26.0,3.508,0.0035
26.0,3.507375,0.003375
26.0,3.507,0.00325
26.0,3.5065,0.003375
26.0,3.507,0.003375
26.0,3.5085,0.003375
26.0,3.509125,0.003375
26.0,3.508875,0.003375
26.0,3.508875,0.003375
26.0,3.508375,0.0035
26.0,3.50675,0.00325
26.0,3.5065,0.003125
26.0,3.5065,0.00325
26.0,3.506,0.003375
26.0,3.505875,0.003125
26.0,3.506625,0.003375
26.0,3.507625,0.003625
26.0,3.5075,0.003625
26.0,3.507375,0.00375
26.0,3.507125,0.003625
26.0,3.50675,0.0035
26.0,3.50725,0.003375
26.0,3.50825,0.003375
26.0,3.5095,0.0035
26.0,3.5095,0.0035
26.0,3.509125,0.0035
26.0,3.508,0.00375
26.0,3.507,0.003625
26.0,3.5065,0.00375
26.0,3.50625,0.0035
26.0,3.505875,0.003375
26.0,3.506,0.003375
26.0,3.50675,0.0035
26.0,3.50775,0.0035
26.0,3.5075,0.003625
26.0,3.50725,0.0035
26.0,3.507,0.0035
26.0,3.5065,0.003375
26.0,3.507375,0.003375
26.0,3.50875,0.003375
26.0,3.50875,0.003375
26.0,3.508875,0.003375
26.0,3.507875,0.003625
26.0,3.50675,0.003375
26.0,3.506625,0.0035
26.0,3.5065,0.00325
26.0,3.505875,0.0035
26.0,3.5055,0.003625
26.0,3.506,0.0035
26.0,3.50725,0.003375
26.0,3.50825,0.0035
26.0,3.507375,0.00375
26.0,3.506625,0.0035
26.0,3.506625,0.003375
26.0,3.5065,0.003375
26.0,3.507625,0.0035
26.0,3.509125,0.00325
26.0,3.509125,0.00325
26.0,3.509625,0.0035
26.0,3.50825,0.00325
26.0,3.507,0.0035
26.0,3.506875,0.00375
26.0,3.506625,0.00375
26.0,3.506,0.003375
26.0,3.505625,0.003375
26.0,3.506375,0.00325
26.0,3.50775,0.003625
26.0,3.5075,0.003875
26.0,3.507375,0.003875
26.0,3.506875,0.003375
26.0,3.506625,0.003375
26.0,3.507,0.003375
26.0,3.508125,0.003375
26.0,3.508125,0.003375
26.0,3.509,0.0035
26.0,3.50875,0.0035
26.0,3.508,0.0035
26.0,3.507,0.003625
26.0,3.50675,0.003625
26.0,3.506125,0.003625
26.0,3.505875,0.0035
26.0,3.50575,0.003375
26.0,3.507125,0.003375
26.0,3.5085,0.003625
26.0,3.508,0.003625
26.0,3.50725,0.00375
26.0,3.507125,0.00375
26.0,3.5065,0.003625
26.0,3.507125,0.003375
26.0,3.507125,0.003375
26.0,3.508375,0.003375
26.0,3.508625,0.0035
26.0,3.50825,0.003625
26.0,3.507125,0.003625
26.0,3.506625,0.0035
26.0,3.5065,0.00325
26.0,3.506125,0.0035
26.0,3.506125,0.003375
26.0,3.5065,0.003375
26.0,3.5075,0.003375
26.0,3.507625,0.0035
26.0,3.506875,0.003625
26.0,3.507375,0.003625
26.0,3.507375,0.00325
26.0,3.506875,0.00325
26.0,3.506875,0.00325
26.0,3.508,0.00325
26.0,3.50925,0.003375
26.0,3.509375,0.00325
26.0,3.50875,0.003
26.0,3.5075,0.003125
26.0,3.507,0.003375
26.0,3.5065,0.003375
26.0,3.50575,0.003375
26.0,3.505875,0.00325
26.0,3.506875,0.0035
26.0,3.5075,0.003625
26.0,3.507625,0.0035
26.0,3.507125,0.003375
26.0,3.50725,0.0035
26.0,3.506875,0.003375
26.0,3.506875,0.003375
26.0,3.506875,0.003375
26.0,3.508,0.003375
26.0,3.509125,0.0035
26.0,3.508875,0.003375
26.0,3.507875,0.0035
26.0,3.507,0.003875
26.0,3.506625,0.00375
26.0,3.506375,0.003375
26.0,3.506125,0.00325
26.0,3.50625,0.003375
26.0,3.507125,0.0035
26.0,3.507625,0.003625
26.0,3.507125,0.003625
26.0,3.507125,0.0035
27.0,3.508,0.0025
27.0,3.507,0.002125
27.0,3.506875,0.00225
27.0,3.5065,0.002375
27.0,3.505875,0.00225
27.0,3.50575,0.002
27.0,3.506625,0.002125
27.0,3.5075,0.002125
27.0,3.5075,0.002125
27.0,3.50775,0.002125
27.0,3.50775,0.002375
27.0,3.50725,0.002375
27.0,3.5075,0.00225
27.0,3.50725,0.002
27.0,3.507875,0.002125
27.0,3.508875,0.00225
27.0,3.509,0.00225
27.0,3.50775,0.00225
27.0,3.506875,0.002375
27.0,3.506625,0.002375
27.0,3.506375,0.00225
27.0,3.5065,0.00225
27.0,3.506125,0.002125
27.0,3.506625,0.002
27.0,3.507875,0.002
27.0,3.507875,0.002125
27.0,3.507625,0.002
27.0,3.507625,0.002
27.0,3.5075,0.002375
27.0,3.506875,0.00225
27.0,3.507125,0.002
27.0,3.50825,0.002125
27.0,3.509,0.002
27.0,3.508625,0.002
27.0,3.5075,0.00225
27.0,3.506625,0.002375
27.0,3.5065,0.00225
27.0,3.506125,0.002125
27.0,3.506125,0.002125
27.0,3.5065,0.00225
27.0,3.507375,0.00225
27.0,3.507375,0.002125
27.0,3.508,0.002125
27.0,3.507625,0.002375
27.0,3.507375,0.0025
27.0,3.50675,0.002375
27.0,3.506625,0.002125
27.0,3.507375,0.00225
27.0,3.50825,0.00225
27.0,3.508875,0.002125
27.0,3.5085,0.00225
27.0,3.50675,0.002375
27.0,3.50625,0.002
27.0,3.506625,0.002125
27.0,3.506,0.002
27.0,3.5055,0.002
27.0,3.506625,0.002
27.0,3.506625,0.002
27.0,3.508,0.002125
27.0,3.508125,0.002125
27.0,3.5075,0.002125
27.0,3.50725,0.00225
27.0,3.507,0.002125
27.0,3.506875,0.002
27.0,3.508,0.002125
27.0,3.508875,0.00225
27.0,3.5085,0.00225
27.0,3.507625,0.002125
27.0,3.506625,0.002
27.0,3.506375,0.00225
27.0,3.506125,0.00225
27.0,3.505875,0.002
27.0,3.506125,0.002125
27.0,3.506125,0.002125
27.0,3.506625,0.002125
27.0,3.507375,0.002
27.0,3.507625,0.002125
27.0,3.507125,0.00225
27.0,3.50725,0.00225
27.0,3.506875,0.002125
27.0,3.507,0.002125
27.0,3.508125,0.001875
27.0,3.50875,0.002
27.0,3.50825,0.00225
27.0,3.5075,0.002375
27.0,3.506875,0.002375
27.0,3.506375,0.00225
27.0,3.505875,0.002125
27.0,3.5055,0.002125
27.0,3.50575,0.002125
27.0,3.50575,0.002125
27.0,3.507125,0.00225
27.0,3.508,0.002375
27.0,3.507625,0.00225
27.0,3.5075,0.00225
27.0,3.507375,0.002375
27.0,3.5065,0.00225
27.0,3.50725,0.002
27.0,3.508375,0.002
27.0,3.509,0.00225
27.0,3.508625,0.002
27.0,3.50725,0.001875
27.0,3.506875,0.002
27.0,3.506875,0.002125
27.0,3.506125,0.002125
27.0,3.505625,0.002125
27.0,3.505625,0.002125
27.0,3.506375,0.00225
27.0,3.507625,0.00225
27.0,3.508,0.00225
27.0,3.507375,0.002375
27.0,3.507,0.002
27.0,3.507,0.001875
27.0,3.50725,0.002
27.0,3.50825,0.002
27.0,3.509125,0.002
27.0,3.509,0.002125
27.0,3.508125,0.002
27.0,3.507,0.002
27.0,3.507,0.001875
27.0,3.5065,0.002125
27.0,3.506,0.002125
27.0,3.506,0.002125
27.0,3.50575,0.002
27.0,3.506625,0.002125
27.0,3.508,0.002125
27.0,3.507875,0.002
27.0,3.507625,0.002125
27.0,3.507375,0.002125
27.0,3.506875,0.002125
27.0,3.507,0.002
27.0,3.5085,0.001875
27.0,3.509375,0.002
27.0,3.509125,0.002
27.0,3.507875,0.002125
27.0,3.506625,0.00225
27.0,3.50675,0.002125
27.0,3.5065,0.002
27.0,3.5065,0.002
27.0,3.506,0.002
27.0,3.50575,0.002125
27.0,3.507,0.002125
27.0,3.508,0.002
27.0,3.507875,0.002125
27.0,3.507375,0.00225
27.0,3.507125,0.002125
27.0,3.506625,0.002125
27.0,3.50725,0.002
27.0,3.508875,0.002125
27.0,3.509125,0.002125
27.0,3.508625,0.00225
27.0,3.506875,0.002
27.0,3.50625,0.00225
27.0,3.5065,0.00225
27.0,3.506125,0.00225
27.0,3.506125,0.002125
27.0,3.50575,0.002125
27.0,3.506375,0.002125
27.0,3.507375,0.00225
27.0,3.507875,0.002125
27.0,3.507125,0.002375
27.0,3.507125,0.00225
27.0,3.50675,0.002375
27.0,3.506625,0.002125
27.0,3.507375,0.001875
27.0,3.508625,0.001875
27.0,3.509,0.002
27.0,3.50825,0.002
27.0,3.50725,0.001875
28.0,3.506125,0.002875
28.0,3.506875,0.002875
28.0,3.50775,0.002625
28.0,3.5075,0.002875
28.0,3.507125,0.002875
28.0,3.506875,0.002875
28.0,3.506625,0.002875
28.0,3.50775,0.002875
28.0,3.50775,0.002875
28.0,3.508875,0.002875
28.0,3.509125,0.003
28.0,3.50825,0.003
28.0,3.507,0.002875
28.0,3.506875,0.002875
28.0,3.507,0.00275
28.0,3.506625,0.00275
28.0,3.50625,0.00275
28.0,3.5065,0.002875
28.0,3.5075,0.003
28.0,3.50775,0.003
28.0,3.507125,0.003
28.0,3.506875,0.00325
28.0,3.506875,0.003
28.0,3.507125,0.002875
28.0,3.508,0.002875
28.0,3.508,0.002875
28.0,3.509125,0.002875
28.0,3.509,0.002875
28.0,3.508,0.003125
28.0,3.50725,0.00325
28.0,3.507,0.00325
28.0,3.506375,0.003125
28.0,3.506125,0.003125
28.0,3.50575,0.002875
28.0,3.50625,0.00275
28.0,3.50775,0.003
28.0,3.5075,0.003
28.0,3.507125,0.003
28.0,3.507375,0.003
28.0,3.5065,0.003
28.0,3.506625,0.003
28.0,3.506625,0.003
28.0,3.50825,0.003
28.0,3.509,0.003
28.0,3.50875,0.002875
28.0,3.5075,0.002875
28.0,3.50675,0.002875
28.0,3.506625,0.003
28.0,3.506875,0.003
28.0,3.50625,0.003
28.0,3.50625,0.00275
28.0,3.507375,0.002875
28.0,3.508125,0.003125
28.0,3.50725,0.002875
28.0,3.50675,0.002875
28.0,3.506875,0.003
28.0,3.506625,0.003
28.0,3.506625,0.003
28.0,3.50725,0.003
28.0,3.508375,0.003
28.0,3.508875,0.003
28.0,3.508125,0.00325
28.0,3.507,0.003
28.0,3.506625,0.003
28.0,3.50625,0.003
28.0,3.506,0.003
28.0,3.506,0.002875
28.0,3.5065,0.003
28.0,3.50725,0.002875
28.0,3.50775,0.00275
28.0,3.507625,0.003
28.0,3.50725,0.002875
28.0,3.506625,0.003
28.0,3.506625,0.003
28.0,3.506625,0.002875
28.0,3.508,0.002875
28.0,3.509,0.00275
28.0,3.5085,0.003
28.0,3.50775,0.003
28.0,3.50725,0.00325
28.0,3.50675,0.00325
28.0,3.506,0.003125
28.0,3.50575,0.002875
28.0,3.506125,0.002875
28.0,3.506625,0.003
28.0,3.507375,0.00325
28.0,3.50775,0.003125
28.0,3.50725,0.00325
28.0,3.506875,0.003125
28.0,3.506625,0.003
28.0,3.506625,0.003
28.0,3.507,0.003
28.0,3.508,0.003
28.0,3.508875,0.003
28.0,3.50875,0.003
28.0,3.507375,0.003
28.0,3.506625,0.003
28.0,3.506875,0.002875
28.0,3.506375,0.002875
28.0,3.5055,0.003
28.0,3.505875,0.002875
28.0,3.506625,0.003
28.0,3.507875,0.003125
28.0,3.50775,0.002875
28.0,3.50725,0.002875
28.0,3.507125,0.002875
28.0,3.507125,0.002875
28.0,3.50675,0.003
28.0,3.5075,0.002875
28.0,3.508625,0.002875
28.0,3.50875,0.003
28.0,3.5085,0.003
28.0,3.5075,0.002875
28.0,3.507,0.003375
28.0,3.506625,0.003
28.0,3.50625,0.003
28.0,3.506125,0.003
28.0,3.506625,0.003125
28.0,3.507875,0.003125
28.0,3.508,0.003125
28.0,3.50725,0.003125
28.0,3.50725,0.00325
28.0,3.50725,0.00325
28.0,3.507125,0.003
28.0,3.506875,0.002875
28.0,3.507625,0.002875
28.0,3.5085,0.002875
28.0,3.508875,0.003
28.0,3.508375,0.00325
28.0,3.507375,0.003375
28.0,3.50725,0.00325
28.0,3.506625,0.003
28.0,3.505875,0.002875
28.0,3.50575,0.003
28.0,3.5065,0.002875
28.0,3.50775,0.003
28.0,3.508,0.00325
28.0,3.507625,0.003375
28.0,3.507625,0.003375
28.0,3.5075,0.003
28.0,3.507,0.003
28.0,3.507,0.003
28.0,3.508625,0.003
28.0,3.50925,0.003
28.0,3.508625,0.003125
28.0,3.50775,0.003125
28.0,3.507,0.00275
28.0,3.506625,0.002625
28.0,3.50625,0.00275
28.0,3.505875,0.00275
28.0,3.506125,0.002875
28.0,3.507,0.002875
28.0,3.50825,0.003
28.0,3.507625,0.003125
28.0,3.507625,0.003125
28.0,3.507,0.00325
28.0,3.5075,0.002875
28.0,3.507375,0.002875
28.0,3.50725,0.002875
28.0,3.50825,0.002875
28.0,3.5095,0.002875
28.0,3.508875,0.002875
28.0,3.50725,0.002625
28.0,3.506875,0.00275
28.0,3.506875,0.003
28.0,3.506375,0.002875
28.0,3.50575,0.002875
28.0,3.50625,0.00275
28.0,3.50725,0.002875
29.0,3.50575,0.006
29.0,3.506125,0.006
29.0,3.5075,0.006125
29.0,3.508375,0.006125
29.0,3.50725,0.006125
29.0,3.507375,0.006375
29.0,3.508,0.006125
29.0,3.5075,0.006
29.0,3.5075,0.006
29.0,3.508125,0.006
29.0,3.50875,0.006
29.0,3.509125,0.006
29.0,3.508375,0.006125
29.0,3.506875,0.00625
29.0,3.506875,0.006
29.0,3.5065,0.006
29.0,3.506125,0.006
29.0,3.505875,0.006
29.0,3.506625,0.006125
29.0,3.507625,0.00625
29.0,3.508,0.00625
29.0,3.507625,0.00625
29.0,3.50725,0.006
29.0,3.506625,0.005875
29.0,3.507,0.005875
29.0,3.507,0.006
29.0,3.50825,0.005875
29.0,3.509,0.005875
29.0,3.508875,0.006125
29.0,3.508125,0.006
29.0,3.5075,0.006
29.0,3.507,0.00575
29.0,3.50675,0.005875
29.0,3.506,0.006
29.0,3.505625,0.00575
29.0,3.50675,0.005875
29.0,3.508125,0.005875
29.0,3.507625,0.00575
29.0,3.507125,0.005875
29.0,3.50725,0.006
29.0,3.507,0.005875
29.0,3.507,0.005875
29.0,3.507375,0.005875
29.0,3.5085,0.005875
29.0,3.509,0.005875
29.0,3.50825,0.006
29.0,3.50725,0.005875
29.0,3.50675,0.006125
29.0,3.506375,0.006125
29.0,3.506,0.006
29.0,3.50575,0.006
29.0,3.506,0.005875
29.0,3.50725,0.006
29.0,3.507875,0.006125
29.0,3.507125,0.006
29.0,3.507125,0.005875
29.0,3.50725,0.006
29.0,3.50725,0.006
29.0,3.5065,0.006
29.0,3.507375,0.00575
29.0,3.50825,0.005875
29.0,3.508875,0.006125
29.0,3.5085,0.006
29.0,3.5075,0.00625
29.0,3.506875,0.006375
29.0,3.506375,0.006
29.0,3.50625,0.005875
29.0,3.506375,0.006
29.0,3.506625,0.006
29.0,3.507625,0.006125
29.0,3.50775,0.005875
29.0,3.507375,0.006125
29.0,3.507625,0.00575
29.0,3.507625,0.00575
29.0,3.507375,0.005875
29.0,3.507375,0.005875
29.0,3.508125,0.00575
29.0,3.508375,0.005875
29.0,3.508625,0.006
29.0,3.50775,0.006125
29.0,3.507125,0.006
29.0,3.506875,0.006
29.0,3.506375,0.006
29.0,3.506,0.00575
29.0,3.50625,0.005875
29.0,3.507,0.005875
29.0,3.50775,0.006125
29.0,3.5075,0.006125
29.0,3.507,0.00625
29.0,3.507,0.00625
29.0,3.507625,0.006125
29.0,3.507375,0.006125
29.0,3.5075,0.006
29.0,3.508625,0.005875
29.0,3.508875,0.005875
29.0,3.508625,0.00575
29.0,3.50775,0.00575
29.0,3.50675,0.00625
29.0,3.506375,0.006125
29.0,3.5065,0.005875
29.0,3.506125,0.006
29.0,3.506,0.006
29.0,3.506875,0.006125
29.0,3.508,0.00625
29.0,3.508,0.006375
29.0,3.50775,0.00625
29.0,3.50775,0.00625
29.0,3.5075,0.006
29.0,3.507125,0.006
29.0,3.507875,0.00575
29.0,3.508875,0.006
29.0,3.509125,0.006
29.0,3.508875,0.006375
29.0,3.507875,0.006375
29.0,3.50675,0.006375
29.0,3.50625,0.00625
29.0,3.506125,0.006
29.0,3.50625,0.005875
29.0,3.506625,0.005875
29.0,3.5075,0.006125
29.0,3.508,0.006125
29.0,3.50725,0.00625
29.0,3.50725,0.00625
29.0,3.507,0.00625
29.0,3.507125,0.006125
29.0,3.506875,0.006
29.0,3.507875,0.006
29.0,3.508875,0.006
29.0,3.509125,0.005875
29.0,3.50775,0.005875
29.0,3.506625,0.006125
29.0,3.50675,0.006125
29.0,3.506375,0.006125
29.0,3.505875,0.005875
29.0,3.505875,0.006
29.0,3.50625,0.006
29.0,3.507375,0.006125
29.0,3.507875,0.006125
29.0,3.507875,0.006125
29.0,3.5075,0.006
29.0,3.507125,0.006
29.0,3.506625,0.006
29.0,3.50675,0.005875
29.0,3.50775,0.005875
29.0,3.5085,0.005875
29.0,3.508875,0.006
29.0,3.50775,0.006125
29.0,3.507,0.006
29.0,3.507125,0.00575
29.0,3.5065,0.006
29.0,3.505875,0.006
29.0,3.50625,0.006
29.0,3.507375,0.006
29.0,3.508,0.006
29.0,3.508,0.006
29.0,3.50775,0.00575
29.0,3.507375,0.005875
29.0,3.507125,0.005875
29.0,3.506625,0.005875
29.0,3.507375,0.00575
29.0,3.508625,0.005875
29.0,3.509125,0.006
29.0,3.508625,0.005875
29.0,3.50725,0.006
29.0,3.506625,0.005875
29.0,3.506375,0.006
29.0,3.506,0.006
29.0,3.505625,0.005875
29.0,3.506375,0.005875
30.0,3.506625,0.010875
30.0,3.506375,0.011
30.0,3.506125,0.011
30.0,3.50625,0.011
30.0,3.507375,0.011
30.0,3.508,0.011125
30.0,3.5075,0.01125
30.0,3.507375,0.011125
30.0,3.507375,0.011125
30.0,3.507125,0.011125
30.0,3.506875,0.011125
30.0,3.50775,0.011
30.0,3.508875,0.011
30.0,3.50925,0.01125
30.0,3.50875,0.0115
30.0,3.507625,0.011375
30.0,3.506625,0.011625
30.0,3.506625,0.0115
30.0,3.50625,0.01125
30.0,3.5055,0.011
30.0,3.506125,0.011125
30.0,3.507625,0.01125
30.0,3.50825,0.0115
30.0,3.50725,0.011125
30.0,3.507375,0.011125
30.0,3.507375,0.011
30.0,3.506875,0.011
30.0,3.50675,0.011125
30.0,3.507875,0.011125
30.0,3.509,0.011125
30.0,3.50875,0.011125
30.0,3.50825,0.01125
30.0,3.506875,0.01125
30.0,3.5065,0.01125
30.0,3.506375,0.011125
30.0,3.5065,0.011125
30.0,3.506,0.01125
30.0,3.50675,0.011125
30.0,3.507625,0.011125
30.0,3.50775,0.01125
30.0,3.507375,0.011125
30.0,3.507375,0.011125
30.0,3.50725,0.011
30.0,3.506875,0.011
30.0,3.507125,0.011
30.0,3.5085,0.010875
30.0,3.509,0.011
30.0,3.5085,0.011
30.0,3.50775,0.011
30.0,3.50675,0.010875
30.0,3.506625,0.011
30.0,3.50625,0.011
30.0,3.506,0.011125
30.0,3.50575,0.011125
30.0,3.506875,0.01125
30.0,3.507625,0.01125
30.0,3.507625,0.011125
30.0,3.507625,0.011125
30.0,3.507375,0.011
30.0,3.507125,0.011125
30.0,3.506875,0.011
30.0,3.507625,0.011
30.0,3.50875,0.011
30.0,3.509125,0.01125
30.0,3.50825,0.011125
30.0,3.50725,0.010875
30.0,3.506875,0.011125
30.0,3.5065,0.011
30.0,3.506125,0.010875
30.0,3.50575,0.010875
30.0,3.5065,0.011125
30.0,3.507125,0.01125
30.0,3.507625,0.01125
30.0,3.507625,0.01125
30.0,3.507625,0.011125
30.0,3.50725,0.011375
30.0,3.506875,0.011375
30.0,3.506875,0.011
30.0,3.507875,0.011
30.0,3.508625,0.011
30.0,3.50875,0.011
30.0,3.50775,0.011125
30.0,3.50675,0.011
30.0,3.506625,0.011
30.0,3.506375,0.011
30.0,3.50575,0.01125
30.0,3.505625,0.011125
30.0,3.5065,0.011
30.0,3.50725,0.011125
30.0,3.50725,0.011125
30.0,3.50725,0.011125
30.0,3.506875,0.01125
30.0,3.506625,0.011
30.0,3.506375,0.011
30.0,3.506375,0.011125
30.0,3.50775,0.011
30.0,3.508375,0.010875
30.0,3.508125,0.010875
30.0,3.507125,0.011
30.0,3.5065,0.011
30.0,3.506875,0.01125
30.0,3.506625,0.01125
30.0,3.505875,0.011125
30.0,3.505625,0.011
30.0,3.50675,0.011125
30.0,3.507875,0.011125
30.0,3.507875,0.011125
30.0,3.5075,0.011125
30.0,3.50725,0.01125
30.0,3.507125,0.011375
30.0,3.506625,0.011125
30.0,3.507,0.011125
30.0,3.508375,0.011
30.0,3.50875,0.011
30.0,3.50875,0.011125
30.0,3.5075,0.011125
30.0,3.50675,0.011125
30.0,3.5065,0.011125
30.0,3.506125,0.011125
30.0,3.505875,0.01125
30.0,3.50625,0.011
30.0,3.507125,0.011
30.0,3.507125,0.011
30.0,3.508125,0.011
30.0,3.507625,0.01125
30.0,3.507375,0.01125
30.0,3.50725,0.011125
30.0,3.50675,0.011
30.0,3.5075,0.010875
30.0,3.5085,0.011
30.0,3.5085,0.011
30.0,3.508,0.011125
30.0,3.507125,0.011
30.0,3.50675,0.01075
30.0,3.506625,0.011
30.0,3.50625,0.011125
30.0,3.50575,0.011
30.0,3.506125,0.011
30.0,3.506125,0.011
30.0,3.507125,0.011
30.0,3.507625,0.011125
30.0,3.507125,0.01125
30.0,3.507,0.011125
30.0,3.50675,0.011125
30.0,3.506625,0.011
30.0,3.507625,0.011
30.0,3.5085,0.011
30.0,3.50875,0.010875
30.0,3.507625,0.011
30.0,3.507125,0.010875
30.0,3.506875,0.01075
30.0,3.50675,0.011125
30.0,3.50625,0.011125
30.0,3.505875,0.011125
30.0,3.506625,0.011125
30.0,3.506625,0.011
30.0,3.507375,0.011125
30.0,3.5075,0.01125
30.0,3.507,0.010875
30.0,3.506875,0.011
30.0,3.5065,0.01125
30.0,3.50725,0.011
30.0,3.50825,0.011125
30.0,3.509,0.011125
30.0,3.508875,0.01125
30.0,3.508,0.011
30.0,3.50725,0.011375
30.0,3.50675,0.01125
30.0,3.506375,0.011125
31.0,3.50675,0.0185
31.0,3.50775,0.018375
31.0,3.508875,0.0185
31.0,3.508875,0.018375
31.0,3.50775,0.018125
31.0,3.506875,0.018
31.0,3.5065,0.017875
31.0,3.506,0.01825
31.0,3.506,0.01825
31.0,3.505875,0.01825
31.0,3.50625,0.01825
31.0,3.506625,0.018375
31.0,3.507375,0.01825
31.0,3.5075,0.0185
31.0,3.507,0.0185
31.0,3.507125,0.018375
31.0,3.50675,0.018375
31.0,3.5065,0.01825
31.0,3.508,0.01825
31.0,3.509375,0.01825
31.0,3.509125,0.01825
31.0,3.507875,0.018
31.0,3.507125,0.01825
31.0,3.5065,0.018375
31.0,3.50625,0.018375
31.0,3.50625,0.018375
31.0,3.506,0.018375
31.0,3.50575,0.01825
31.0,3.506625,0.01825
31.0,3.508,0.01825
31.0,3.507875,0.01825
31.0,3.507,0.018375
31.0,3.50675,0.018125
31.0,3.50675,0.01825
31.0,3.50725,0.018375
31.0,3.50875,0.01825
31.0,3.508875,0.01825
31.0,3.50825,0.01825
31.0,3.50725,0.0185
31.0,3.506875,0.01875
31.0,3.50675,0.018625
31.0,3.50675,0.018625
31.0,3.50625,0.0185
31.0,3.506,0.01825
31.0,3.506375,0.01825
31.0,3.507625,0.01825
31.0,3.508125,0.018375
31.0,3.50725,0.018375
31.0,3.507125,0.018375
31.0,3.50725,0.01825
31.0,3.50675,0.018125
31.0,3.507125,0.01825
31.0,3.508625,0.018125
31.0,3.509,0.01825
31.0,3.508125,0.018125
31.0,3.506875,0.01825
31.0,3.50675,0.0185
31.0,3.50675,0.0185
31.0,3.50675,0.01825
31.0,3.506,0.018375
31.0,3.505625,0.01825
31.0,3.506,0.018375
31.0,3.507625,0.018625
31.0,3.508125,0.0185
31.0,3.507,0.018625
31.0,3.50675,0.0185
31.0,3.507,0.018375
31.0,3.506875,0.018375
31.0,3.50775,0.018125
31.0,3.508625,0.01825
31.0,3.508875,0.018375
31.0,3.507875,0.0185
31.0,3.506625,0.01825
31.0,3.506625,0.01825
31.0,3.506875,0.01825
31.0,3.506625,0.0185
31.0,3.506,0.018375
31.0,3.505875,0.018375
31.0,3.507,0.018375
31.0,3.508,0.0185
31.0,3.50825,0.018625
31.0,3.507625,0.0185
31.0,3.507,0.01825
31.0,3.506875,0.01825
31.0,3.507625,0.01825
31.0,3.50875,0.01825
31.0,3.509125,0.018375
31.0,3.508375,0.01825
31.0,3.50725,0.0185
31.0,3.50725,0.0185
31.0,3.507375,0.0185
31.0,3.507125,0.0185
31.0,3.506375,0.018375
31.0,3.5055,0.018375
31.0,3.505875,0.01825
31.0,3.507,0.018375
31.0,3.508,0.01825
31.0,3.508125,0.018375
31.0,3.507375,0.018875
31.0,3.507125,0.0185
31.0,3.507,0.018375
31.0,3.507875,0.018375
31.0,3.509,0.01825
31.0,3.508875,0.01825
31.0,3.508125,0.018625
31.0,3.506875,0.018625
31.0,3.506875,0.018625
31.0,3.506625,0.018375
31.0,3.506625,0.0185
31.0,3.506375,0.018375
31.0,3.50625,0.018375
31.0,3.50625,0.018375
31.0,3.507375,0.0185
31.0,3.507375,0.0185
31.0,3.507375,0.018375
31.0,3.507375,0.0185
31.0,3.507,0.01825
31.0,3.50675,0.018125
31.0,3.507875,0.01825
31.0,3.509,0.018375
31.0,3.509125,0.018375
31.0,3.50825,0.01825
31.0,3.50825,0.01825
31.0,3.507125,0.0185
31.0,3.506625,0.018375
31.0,3.5065,0.018375
31.0,3.506,0.0185
31.0,3.505625,0.01825
31.0,3.506625,0.018375
31.0,3.507625,0.01825
31.0,3.50775,0.018125
31.0,3.50725,0.01825
31.0,3.50725,0.01825
31.0,3.50675,0.018125
31.0,3.50725,0.01825
31.0,3.508625,0.01825
31.0,3.50925,0.01825
31.0,3.509,0.01825
31.0,3.509,0.01825
31.0,3.507625,0.018375
31.0,3.50675,0.01875
31.0,3.5065,0.0185
31.0,3.5065,0.018375
31.0,3.50575,0.01825
31.0,3.506125,0.018125
31.0,3.507625,0.018375
31.0,3.508,0.01825
31.0,3.507625,0.0185
31.0,3.50775,0.018625
31.0,3.5075,0.018375
31.0,3.506875,0.018125
31.0,3.5075,0.018375
31.0,3.508875,0.018375
31.0,3.50925,0.018125
31.0,3.50925,0.018125
31.0,3.5085,0.0185
31.0,3.507125,0.01875
31.0,3.506875,0.018625
31.0,3.5065,0.0185
31.0,3.50625,0.0185
31.0,3.506,0.01825
31.0,3.506625,0.018
31.0,3.5075,0.01825
31.0,3.508375,0.018625
31.0,3.507625,0.0185
31.0,3.507,0.018375
31.0,3.50675,0.01825
31.0,3.506875,0.018375
31.0,3.50775,0.018125
32.0,3.508,0.02775
32.0,3.50775,0.027875
32.0,3.507375,0.02775
32.0,3.507125,0.027875
32.0,3.5065,0.027875
32.0,3.5075,0.027625
32.0,3.509,0.02775
32.0,3.509875,0.02775
32.0,3.509875,0.02775
32.0,3.50875,0.027375
32.0,3.5075,0.027375
32.0,3.50675,0.0275
32.0,3.5065,0.027625
32.0,3.506125,0.027625
32.0,3.50575,0.027625
32.0,3.506375,0.0275
32.0,3.507625,0.027625
32.0,3.508375,0.028
32.0,3.508125,0.027875
32.0,3.508,0.02775
32.0,3.5075,0.02775
32.0,3.507125,0.027625
32.0,3.508,0.027625
32.0,3.508875,0.027625
32.0,3.508875,0.027625
32.0,3.508875,0.027625
32.0,3.507875,0.0275
32.0,3.506875,0.027625
32.0,3.50675,0.027625
32.0,3.5065,0.0275
32.0,3.50625,0.027625
32.0,3.506,0.027625
32.0,3.507,0.02775
32.0,3.508,0.028
32.0,3.508,0.0275
32.0,3.507625,0.02775
32.0,3.507375,0.02775
32.0,3.5075,0.027625
32.0,3.507125,0.027625
32.0,3.508,0.027625
32.0,3.50875,0.02775
32.0,3.50875,0.02775
32.0,3.508625,0.027625
32.0,3.50775,0.0275
32.0,3.507125,0.027375
32.0,3.507,0.027625
32.0,3.506375,0.027625
32.0,3.505875,0.02775
32.0,3.506,0.0275
32.0,3.507,0.02775
32.0,3.50775,0.027875
32.0,3.5075,0.02775
32.0,3.507875,0.02775
32.0,3.507875,0.027625
32.0,3.5075,0.027625
32.0,3.50775,0.027625
32.0,3.508625,0.027625
32.0,3.508625,0.027625
32.0,3.50925,0.02775
32.0,3.509,0.0275
32.0,3.507625,0.027625
32.0,3.507125,0.02775
32.0,3.50675,0.027625
32.0,3.50625,0.027625
32.0,3.50625,0.027625
32.0,3.506875,0.027625
32.0,3.507375,0.02775
32.0,3.507875,0.027625
32.0,3.5075,0.027875
32.0,3.507625,0.02775
32.0,3.507625,0.027375
32.0,3.507125,0.0275
32.0,3.50825,0.027625
32.0,3.50825,0.027625
32.0,3.508875,0.0275
32.0,3.509,0.027625
32.0,3.50875,0.027875
32.0,3.50775,0.02775
32.0,3.507375,0.028
32.0,3.50675,0.02775
32.0,3.5065,0.027625
32.0,3.506375,0.0275
32.0,3.506875,0.027625
32.0,3.507875,0.027625
32.0,3.50775,0.027875
32.0,3.5075,0.02775
32.0,3.50775,0.027375
32.0,3.507125,0.027625
32.0,3.50725,0.027625
32.0,3.50725,0.0275
32.0,3.50875,0.0275
32.0,3.50975,0.027625
32.0,3.509875,0.0275
32.0,3.5085,0.0275
32.0,3.50725,0.027875
32.0,3.506875,0.02775
32.0,3.506375,0.02775
32.0,3.5065,0.0275
32.0,3.506375,0.027625
32.0,3.507125,0.02775
32.0,3.508375,0.027875
32.0,3.5085,0.027875
32.0,3.507625,0.02775
32.0,3.507375,0.027625
32.0,3.507,0.02775
32.0,3.5075,0.027625
32.0,3.5075,0.027625
32.0,3.508625,0.027625
32.0,3.509125,0.027625
32.0,3.509,0.027625
32.0,3.5075,0.0275
32.0,3.506875,0.028125
32.0,3.507,0.028
32.0,3.506625,0.02775
32.0,3.505875,0.0275
32.0,3.506125,0.027625
32.0,3.507375,0.02775
32.0,3.50825,0.027625
32.0,3.507625,0.02775
32.0,3.507375,0.027625
32.0,3.50725,0.0275
32.0,3.507,0.027625
32.0,3.507,0.027625
32.0,3.508,0.0275
32.0,3.50925,0.027625
32.0,3.50925,0.0275
32.0,3.5085,0.0275
32.0,3.507625,0.0275
32.0,3.50725,0.027625
32.0,3.506625,0.027625
32.0,3.506375,0.02775
32.0,3.5065,0.02775
32.0,3.506875,0.027875
32.0,3.50775,0.027875
32.0,3.508125,0.028
32.0,3.50775,0.028
32.0,3.5075,0.02775
32.0,3.507,0.02775
32.0,3.507,0.02775
32.0,3.507375,0.027625
32.0,3.50875,0.027625
32.0,3.5095,0.02775
32.0,3.50875,0.027625
32.0,3.508375,0.027625
32.0,3.50775,0.027625
32.0,3.506875,0.027625
32.0,3.50675,0.02775
32.0,3.5065,0.02775
32.0,3.506125,0.027625
32.0,3.50675,0.02775
32.0,3.50825,0.028
32.0,3.50825,0.028
32.0,3.5075,0.02775
32.0,3.507625,0.02775
32.0,3.507625,0.027625
32.0,3.507,0.027625
32.0,3.50725,0.0275
32.0,3.509,0.027625
32.0,3.509625,0.027625
32.0,3.509,0.027625
32.0,3.508,0.0275
32.0,3.507375,0.027625
32.0,3.5075,0.0275
32.0,3.50725,0.027625
32.0,3.506125,0.02775
32.0,3.50625,0.0275
32.0,3.507375,0.02775
32.0,3.50825,0.027875
32.0,3.507625,0.028
33.0,3.507375,0.03925
33.0,3.507125,0.03925
33.0,3.507125,0.039125
33.0,3.5085,0.039
33.0,3.509625,0.039
33.0,3.50925,0.039
33.0,3.50875,0.039375
33.0,3.507375,0.0395
33.0,3.507375,0.0395
33.0,3.506875,0.039125
33.0,3.506375,0.03925
33.0,3.506125,0.039125
33.0,3.505875,0.03925
33.0,3.506875,0.039375
33.0,3.508125,0.039375
33.0,3.508125,0.039125
33.0,3.50775,0.039375
33.0,3.507625,0.039125
33.0,3.50725,0.039125
33.0,3.507375,0.039
33.0,3.5085,0.039125
33.0,3.50925,0.039125
33.0,3.509,0.039125
33.0,3.508,0.0395
33.0,3.508,0.039375
33.0,3.50725,0.039375
33.0,3.506875,0.0395
33.0,3.506875,0.039125
33.0,3.506375,0.039125
33.0,3.50625,0.039125
33.0,3.507125,0.03925
33.0,3.50825,0.039
33.0,3.50825,0.039125
33.0,3.507875,0.039375
33.0,3.5075,0.039375
33.0,3.507375,0.039125
33.0,3.507375,0.039
33.0,3.50825,0.039125
33.0,3.509375,0.039125
33.0,3.509,0.0395
33.0,3.507875,0.039125
33.0,3.507875,0.039125
33.0,3.507375,0.03925
33.0,3.506625,0.03925
33.0,3.506375,0.039125
33.0,3.506125,0.039125
33.0,3.506625,0.039125
33.0,3.507875,0.039
33.0,3.508125,0.039125
33.0,3.507625,0.039
33.0,3.5075,0.0395
33.0,3.507125,0.03925
33.0,3.507,0.039
33.0,3.508125,0.039125
33.0,3.508875,0.039
33.0,3.509125,0.039
33.0,3.508625,0.039
33.0,3.508625,0.039
33.0,3.507375,0.039125
33.0,3.50725,0.038875
33.0,3.50725,0.039
33.0,3.5065,0.039125
33.0,3.506375,0.039125
33.0,3.5065,0.039125
33.0,3.507875,0.03925
33.0,3.507875,0.0395
33.0,3.507625,0.0395
33.0,3.50725,0.039125
33.0,3.507,0.039
33.0,3.507375,0.039125
33.0,3.50825,0.038875
33.0,3.50925,0.03925
33.0,3.509,0.039375
33.0,3.509,0.039375
33.0,3.507875,0.039375
33.0,3.50725,0.03925
33.0,3.506875,0.0395
33.0,3.506875,0.03925
33.0,3.506625,0.039125
33.0,3.506625,0.039125
33.0,3.507125,0.03925
33.0,3.507625,0.039125
33.0,3.5075,0.039
33.0,3.507375,0.03925
33.0,3.5075,0.03925
33.0,3.507,0.039125
33.0,3.50775,0.039
33.0,3.5095,0.039
33.0,3.509625,0.039
33.0,3.50875,0.039
33.0,3.50875,0.039125
33.0,3.507625,0.039375
33.0,3.5075,0.03925
33.0,3.507125,0.039
33.0,3.506375,0.039125
33.0,3.506,0.039125
33.0,3.506625,0.039
33.0,3.507625,0.039375
33.0,3.507875,0.039625
33.0,3.507875,0.039375
33.0,3.507875,0.039125
33.0,3.507375,0.03925
33.0,3.507375,0.039
33.0,3.507875,0.039
33.0,3.509,0.038875
33.0,3.509625,0.039125
33.0,3.509625,0.039125
33.0,3.50875,0.039125
33.0,3.507625,0.039375
33.0,3.507125,0.039375
33.0,3.506625,0.039375
33.0,3.5065,0.03925
33.0,3.506125,0.03925
33.0,3.50675,0.03925
33.0,3.507625,0.03925
33.0,3.507875,0.039
33.0,3.507125,0.03925
33.0,3.507375,0.039375
33.0,3.506875,0.03925
33.0,3.507375,0.039375
33.0,3.50875,0.039125
33.0,3.509625,0.039
33.0,3.509625,0.039
33.0,3.5095,0.039125
33.0,3.507875,0.039125
33.0,3.507,0.039125
33.0,3.50675,0.03925
33.0,3.506875,0.039125
33.0,3.506875,0.039125
33.0,3.506125,0.039125
33.0,3.50675,0.03925
33.0,3.508375,0.0395
33.0,3.507875,0.03925
33.0,3.507625,0.039125
33.0,3.507625,0.038875
33.0,3.507,0.039125
33.0,3.50725,0.039
33.0,3.5085,0.039
33.0,3.5085,0.039
33.0,3.50925,0.039125
33.0,3.508625,0.0395
33.0,3.507625,0.03925
33.0,3.50725,0.039125
33.0,3.507125,0.039375
33.0,3.507,0.03925
33.0,3.5065,0.039125
33.0,3.506125,0.039125
33.0,3.507625,0.039375
33.0,3.50875,0.03925
33.0,3.508,0.039125
33.0,3.5075,0.03875
33.0,3.5075,0.039
33.0,3.507,0.039
33.0,3.5075,0.039125
33.0,3.5075,0.039125
33.0,3.508625,0.039
33.0,3.509,0.039375
33.0,3.5085,0.039375
33.0,3.50725,0.039125
33.0,3.507125,0.03925
33.0,3.507375,0.03925
33.0,3.506625,0.039125
33.0,3.506375,0.039125
33.0,3.507125,0.039
33.0,3.507875,0.03925
33.0,3.508125,0.03925
33.0,3.508,0.039375
33.0,3.50775,0.039375
33.0,3.507375,0.03925
34.0,3.506125,0.052625
34.0,3.506125,0.05275
34.0,3.50725,0.05275
34.0,3.508125,0.052875
34.0,3.507875,0.053
34.0,3.5075,0.05275
34.0,3.507375,0.05275
34.0,3.507,0.05275
34.0,3.507,0.05275
34.0,3.50775,0.0525
34.0,3.509125,0.0525
34.0,3.509,0.052625
34.0,3.508375,0.0525
34.0,3.507625,0.052375
34.0,3.507,0.052625
34.0,3.50675,0.052625
34.0,3.506875,0.052625
34.0,3.507,0.0525
34.0,3.506625,0.052625
34.0,3.5075,0.05275
34.0,3.508625,0.053
34.0,3.508375,0.052625
34.0,3.50775,0.0525
34.0,3.507125,0.0525
34.0,3.507125,0.0525
34.0,3.507125,0.0525
34.0,3.508125,0.052625
34.0,3.509,0.052625
34.0,3.509,0.05275
34.0,3.508875,0.052875
34.0,3.507875,0.053125
34.0,3.50725,0.053
34.0,3.506875,0.053
34.0,3.506625,0.05275
34.0,3.506125,0.052625
34.0,3.50675,0.052625
34.0,3.507875,0.05275
34.0,3.507875,0.0525
34.0,3.5075,0.052875
34.0,3.507375,0.052875
34.0,3.507,0.05275
34.0,3.507,0.05275
34.0,3.507375,0.052625
34.0,3.50825,0.052625
34.0,3.509125,0.052625
34.0,3.509,0.052625
34.0,3.508375,0.05275
34.0,3.507125,0.052875
34.0,3.50675,0.053
34.0,3.50725,0.05275
34.0,3.5065,0.052625
34.0,3.50625,0.0525
34.0,3.507,0.05275
34.0,3.508,0.05275
34.0,3.508,0.053125
34.0,3.508,0.05275
34.0,3.507875,0.05275
34.0,3.507875,0.05275
34.0,3.507375,0.052625
34.0,3.507375,0.0525
34.0,3.508875,0.052625
34.0,3.50925,0.052625
34.0,3.508875,0.052625
34.0,3.5085,0.052875
34.0,3.507375,0.052625
34.0,3.507,0.052625
34.0,3.50675,0.052625
34.0,3.506375,0.052625
34.0,3.506375,0.052625
34.0,3.5075,0.052625
34.0,3.508375,0.05275
34.0,3.50825,0.05275
34.0,3.507625,0.052875
34.0,3.507625,0.052875
34.0,3.50725,0.052875
34.0,3.507375,0.05275
34.0,3.508125,0.052625
34.0,3.50925,0.052625
34.0,3.509375,0.05275
34.0,3.50825,0.052875
34.0,3.50725,0.052875
34.0,3.50725,0.0525
34.0,3.507125,0.052625
34.0,3.506875,0.052625
34.0,3.5065,0.052625
34.0,3.506375,0.052625
34.0,3.507375,0.05275
34.0,3.508,0.052625
34.0,3.5075,0.0525
34.0,3.5075,0.052875
34.0,3.507125,0.052875
34.0,3.50725,0.052875
34.0,3.507125,0.05275
34.0,3.508375,0.0525
34.0,3.509375,0.052625
34.0,3.509125,0.05275
34.0,3.508375,0.053
34.0,3.50725,0.05275
34.0,3.507375,0.052625
34.0,3.506875,0.05275
34.0,3.50625,0.052625
34.0,3.50625,0.0525
34.0,3.507375,0.052875
34.0,3.508125,0.053
34.0,3.508,0.053
34.0,3.507625,0.05275
34.0,3.507625,0.05275
34.0,3.507375,0.05275
34.0,3.507125,0.052625
34.0,3.5075,0.05275
34.0,3.5085,0.05275
34.0,3.509125,0.052625
34.0,3.508875,0.052625
34.0,3.507625,0.052625
34.0,3.507,0.05275
34.0,3.506875,0.0525
34.0,3.50675,0.052625
34.0,3.50625,0.052625
34.0,3.506625,0.05275
34.0,3.507375,0.05275
34.0,3.508375,0.052875
34.0,3.507875,0.05275
34.0,3.507875,0.05275
34.0,3.507375,0.052875
34.0,3.50775,0.052625
34.0,3.507125,0.0525
34.0,3.50775,0.052625
34.0,3.509,0.05275
34.0,3.509625,0.052625
34.0,3.509125,0.05275
34.0,3.50775,0.052875
34.0,3.50725,0.05275
34.0,3.50725,0.052875
34.0,3.506625,0.052625
34.0,3.506125,0.0525
34.0,3.50675,0.0525
34.0,3.50775,0.052625
34.0,3.508,0.05275
34.0,3.508,0.05275
34.0,3.5075,0.053125
34.0,3.507875,0.052875
34.0,3.507375,0.0525
34.0,3.506875,0.0525
34.0,3.508125,0.052625
34.0,3.50925,0.052625
34.0,3.509,0.05275
34.0,3.508375,0.05275
34.0,3.50775,0.052875
34.0,3.50725,0.05275
34.0,3.507,0.052625
34.0,3.506625,0.052625
34.0,3.506375,0.0525
34.0,3.506875,0.052625
34.0,3.508,0.05275
34.0,3.508,0.052875
34.0,3.50825,0.052875
34.0,3.507375,0.05275
34.0,3.50725,0.052625
34.0,3.507,0.0525
34.0,3.507375,0.05275
34.0,3.5085,0.052625
34.0,3.509125,0.052625
34.0,3.50875,0.05275
34.0,3.508,0.05275
34.0,3.507375,0.052625
34.0,3.507125,0.05275
34.0,3.506875,0.05275
34.0,3.50675,0.05275
34.0,3.506625,0.052625
35.0,3.50675,0.068625
35.0,3.50725,0.068625
35.0,3.508125,0.0685
35.0,3.5085,0.0685
35.0,3.50825,0.0685
35.0,3.5075,0.068625
35.0,3.507,0.068625
35.0,3.50675,0.068625
35.0,3.50675,0.068625
35.0,3.50675,0.0685
35.0,3.506125,0.0685
35.0,3.506,0.0685
35.0,3.506875,0.068625
35.0,3.508,0.068875
35.0,3.50775,0.06875
35.0,3.507375,0.0685
35.0,3.506875,0.0685
35.0,3.5065,0.068375
35.0,3.507375,0.068375
35.0,3.50875,0.0685
35.0,3.50875,0.068375
35.0,3.50775,0.068625
35.0,3.506625,0.068875
35.0,3.506375,0.068875
35.0,3.506375,0.0685
35.0,3.506375,0.0685
35.0,3.506125,0.068375
35.0,3.505625,0.0685
35.0,3.506125,0.068625
35.0,3.5075,0.068625
35.0,3.507875,0.068625
35.0,3.507375,0.06875
35.0,3.507375,0.0685
35.0,3.5065,0.06825
35.0,3.506625,0.068375
35.0,3.508125,0.068375
35.0,3.508875,0.068375
35.0,3.50825,0.068375
35.0,3.507125,0.06875
35.0,3.506625,0.06875
35.0,3.5065,0.06875
35.0,3.5065,0.06875
35.0,3.5065,0.0685
35.0,3.505875,0.0685
35.0,3.50525,0.0685
35.0,3.5065,0.0685
35.0,3.5075,0.0685
35.0,3.50775,0.0685
35.0,3.5075,0.0685
35.0,3.507125,0.068625
35.0,3.50625,0.0685
35.0,3.506875,0.0685
35.0,3.508,0.0685
35.0,3.50875,0.068625
35.0,3.50875,0.068625
35.0,3.507375,0.0685
35.0,3.506625,0.068375
35.0,3.506625,0.068375
35.0,3.506125,0.068375
35.0,3.505875,0.0685
35.0,3.506,0.0685
35.0,3.50625,0.0685
35.0,3.506875,0.068625
35.0,3.507625,0.068625
35.0,3.5075,0.0685
35.0,3.507125,0.0685
35.0,3.50675,0.0685
35.0,3.50675,0.068375
35.0,3.5075,0.068375
35.0,3.508,0.068375
35.0,3.508625,0.068375
35.0,3.5085,0.068625
35.0,3.507125,0.0685
35.0,3.507125,0.0685
35.0,3.5065,0.068625
35.0,3.50625,0.068625
35.0,3.506125,0.0685
35.0,3.50575,0.0685
35.0,3.506375,0.068375
35.0,3.507625,0.0685
35.0,3.507875,0.068375
35.0,3.5075,0.068375
35.0,3.507125,0.068625
35.0,3.5065,0.0685
35.0,3.5065,0.068375
35.0,3.507875,0.068375
35.0,3.508875,0.068375
35.0,3.508625,0.068375
35.0,3.50775,0.068375
35.0,3.50775,0.068375
35.0,3.50675,0.068625
35.0,3.506375,0.0685
35.0,3.506,0.0685
35.0,3.50575,0.0685
35.0,3.505625,0.068375
35.0,3.5065,0.068375
35.0,3.50775,0.068625
35.0,3.50725,0.068875
35.0,3.507125,0.06875
35.0,3.507,0.068625
35.0,3.506875,0.0685
35.0,3.50675,0.068375
35.0,3.507625,0.0685
35.0,3.508625,0.0685
35.0,3.50875,0.068375
35.0,3.50775,0.068375
35.0,3.50775,0.068375
35.0,3.506875,0.0685
35.0,3.506375,0.068375
35.0,3.506125,0.068375
35.0,3.506,0.068375
35.0,3.505875,0.068375
35.0,3.5065,0.068625
35.0,3.507625,0.068875
35.0,3.507125,0.068875
35.0,3.50725,0.068625
35.0,3.507375,0.06875
35.0,3.506625,0.0685
35.0,3.507375,0.068375
35.0,3.508625,0.068375
35.0,3.50875,0.06825
35.0,3.508,0.068375
35.0,3.508,0.068375
35.0,3.506875,0.068625
35.0,3.50625,0.0685
35.0,3.505875,0.068625
35.0,3.505625,0.0685
35.0,3.505625,0.0685
35.0,3.50625,0.068625
35.0,3.507125,0.06875
35.0,3.5075,0.068875
35.0,3.506875,0.068625
35.0,3.506875,0.068625
35.0,3.507125,0.068625
35.0,3.506875,0.0685
35.0,3.5075,0.0685
35.0,3.508375,0.068625
35.0,3.50825,0.068625
35.0,3.50825,0.068625
35.0,3.50775,0.0685
35.0,3.507125,0.06875
35.0,3.506875,0.06875
35.0,3.506875,0.068625
35.0,3.50625,0.0685
35.0,3.50575,0.068375
35.0,3.5065,0.0685
35.0,3.50775,0.06875
35.0,3.507875,0.068625
35.0,3.50725,0.068375
35.0,3.50725,0.0685
35.0,3.50675,0.0685
35.0,3.507,0.068375
35.0,3.50825,0.068375
35.0,3.508875,0.0685
35.0,3.508875,0.0685
35.0,3.508375,0.068375
35.0,3.50775,0.068625
35.0,3.506625,0.0685
35.0,3.506375,0.068625
35.0,3.50625,0.0685
35.0,3.50575,0.0685
35.0,3.505625,0.0685
35.0,3.5065,0.0685
35.0,3.50775,0.068625
35.0,3.5075,0.0685
35.0,3.506875,0.068375
35.0,3.507,0.06875
35.0,3.506875,0.068625
35.0,3.507,0.068375
36.0,3.507125,0.08625
36.0,3.506625,0.086
36.0,3.506125,0.086
36.0,3.5065,0.086
36.0,3.507,0.086125
36.0,3.507875,0.086
36.0,3.507625,0.086
36.0,3.5075,0.085875
36.0,3.5075,0.085875
36.0,3.5075,0.086
36.0,3.50675,0.086
36.0,3.507125,0.08575
36.0,3.508375,0.08575
36.0,3.50875,0.086
36.0,3.5085,0.085875
36.0,3.507375,0.086125
36.0,3.50675,0.086
36.0,3.50675,0.086125
36.0,3.506125,0.086125
36.0,3.506,0.085875
36.0,3.5065,0.085875
36.0,3.5075,0.086
36.0,3.508125,0.086125
36.0,3.5075,0.086
36.0,3.50725,0.086
36.0,3.50725,0.085875
36.0,3.507,0.085875
36.0,3.506125,0.085875
36.0,3.507375,0.085875
36.0,3.508625,0.086
36.0,3.508875,0.085875
36.0,3.508125,0.086125
36.0,3.507125,0.086125
36.0,3.507,0.08575
36.0,3.507,0.086
36.0,3.506375,0.086
36.0,3.506,0.086
36.0,3.50675,0.08575
36.0,3.507375,0.085875
36.0,3.507375,0.086
36.0,3.507125,0.086125
36.0,3.507125,0.086125
36.0,3.507125,0.0865
36.0,3.50675,0.08625
36.0,3.50675,0.086
36.0,3.50825,0.085875
36.0,3.509125,0.086
36.0,3.509,0.085875
36.0,3.508,0.085875
36.0,3.507,0.08625
36.0,3.5065,0.086375
36.0,3.506125,0.08625
36.0,3.505875,0.086
36.0,3.505625,0.086
36.0,3.5065,0.085875
36.0,3.507375,0.086125
36.0,3.507375,0.086
36.0,3.507375,0.086
36.0,3.507,0.086125
36.0,3.50725,0.08625
36.0,3.506625,0.086
36.0,3.507,0.085875
36.0,3.508625,0.086
36.0,3.509,0.086
36.0,3.508375,0.085875
36.0,3.50725,0.086
36.0,3.5065,0.086125
36.0,3.506125,0.086
36.0,3.50575,0.086
36.0,3.506125,0.086
36.0,3.5065,0.086
36.0,3.50775,0.086125
36.0,3.508,0.086
36.0,3.508,0.086
36.0,3.507375,0.086
36.0,3.507125,0.086125
36.0,3.506875,0.085875
36.0,3.506375,0.085875
36.0,3.50725,0.085875
36.0,3.508375,0.085875
36.0,3.5085,0.086125
36.0,3.508,0.086
36.0,3.50725,0.086125
36.0,3.506875,0.086125
36.0,3.50675,0.086125
36.0,3.506,0.086125
36.0,3.505625,0.086
36.0,3.50625,0.086125
36.0,3.507375,0.08625
36.0,3.507875,0.08625
36.0,3.507875,0.086375
36.0,3.507375,0.086125
36.0,3.507375,0.086
36.0,3.50675,0.085875
36.0,3.50675,0.085875
36.0,3.508125,0.085875
36.0,3.508875,0.086
36.0,3.50825,0.086125
36.0,3.507875,0.08625
36.0,3.50725,0.086125
36.0,3.506625,0.085875
36.0,3.506125,0.08575
36.0,3.506,0.086
36.0,3.506,0.086
36.0,3.50625,0.086
36.0,3.507125,0.086
36.0,3.507125,0.086125
36.0,3.50775,0.086375
36.0,3.506875,0.086375
36.0,3.50675,0.086125
36.0,3.506625,0.086
36.0,3.507,0.085875
36.0,3.50825,0.085875
36.0,3.5085,0.085875
36.0,3.508875,0.085875
36.0,3.50775,0.086125
36.0,3.506875,0.086125
36.0,3.506625,0.086375
36.0,3.506125,0.086
36.0,3.505875,0.086
36.0,3.50575,0.086
36.0,3.50675,0.086
36.0,3.50675,0.086
36.0,3.508,0.08625
36.0,3.50775,0.08625
36.0,3.507125,0.085875
36.0,3.507125,0.085875
36.0,3.506625,0.086
36.0,3.507125,0.08575
36.0,3.508125,0.085875
36.0,3.509,0.086
36.0,3.50875,0.08625
36.0,3.50725,0.086125
36.0,3.5065,0.086
36.0,3.50675,0.086
36.0,3.50625,0.086
36.0,3.5055,0.086
36.0,3.50575,0.086125
36.0,3.50575,0.086125
36.0,3.50725,0.086125
36.0,3.508125,0.08625
36.0,3.50725,0.08625
36.0,3.507125,0.086
36.0,3.506875,0.086125
36.0,3.5065,0.085875
36.0,3.5075,0.086
36.0,3.508875,0.085875
36.0,3.50925,0.086
36.0,3.508,0.086125
36.0,3.506875,0.08625
36.0,3.506875,0.086125
36.0,3.50675,0.08575
36.0,3.506375,0.085875
36.0,3.505625,0.08575
36.0,3.505625,0.08575
36.0,3.505875,0.086
36.0,3.507625,0.086125
36.0,3.508,0.08625
36.0,3.50725,0.08625
36.0,3.507125,0.085875
36.0,3.506875,0.086
36.0,3.50675,0.086125
36.0,3.507625,0.086
36.0,3.508875,0.08575
36.0,3.50875,0.085875
36.0,3.508125,0.086125
36.0,3.507125,0.085875
36.0,3.506625,0.086
36.0,3.506875,0.086125
37.0,3.505625,0.1055
37.0,3.506375,0.105625
37.0,3.507625,0.10575
37.0,3.50725,0.106
37.0,3.507,0.10575
37.0,3.50725,0.10575
37.0,3.50675,0.105625
37.0,3.507,0.105625
37.0,3.507,0.105625
37.0,3.508125,0.105625
37.0,3.5085,0.1055
37.0,3.50825,0.105875
37.0,3.5075,0.106125
37.0,3.5065,0.10575
37.0,3.506,0.105625
37.0,3.506,0.105625
37.0,3.506125,0.105625
37.0,3.505875,0.105625
37.0,3.506875,0.105625
37.0,3.508,0.105875
37.0,3.507625,0.10625
37.0,3.507125,0.105875
37.0,3.506875,0.105625
37.0,3.50675,0.105625
37.0,3.50675,0.105625
37.0,3.507,0.105625
37.0,3.50825,0.105625
37.0,3.508625,0.1055
37.0,3.508,0.105625
37.0,3.50725,0.1055
37.0,3.506625,0.10575
37.0,3.506125,0.105875
37.0,3.50575,0.10575
37.0,3.5055,0.105625
37.0,3.506125,0.105625
37.0,3.507625,0.105625
37.0,3.508,0.105625
37.0,3.50775,0.105625
37.0,3.5075,0.10575
37.0,3.507125,0.10575
37.0,3.50675,0.105625
37.0,3.50675,0.105625
37.0,3.5075,0.1055
37.0,3.508875,0.1055
37.0,3.50925,0.105625
37.0,3.50825,0.10575
37.0,3.50675,0.106
37.0,3.50575,0.106
37.0,3.505875,0.105875
37.0,3.50525,0.10575
37.0,3.505125,0.1055
37.0,3.506125,0.10575
37.0,3.507375,0.105875
37.0,3.5075,0.10575
37.0,3.506875,0.10575
37.0,3.506875,0.105625
37.0,3.507,0.105625
37.0,3.507,0.105625
37.0,3.507,0.105625
37.0,3.50775,0.1055
37.0,3.50825,0.1055
37.0,3.508375,0.1055
37.0,3.507625,0.105625
37.0,3.5065,0.10575
37.0,3.50625,0.105875
37.0,3.5065,0.10575
37.0,3.506375,0.105625
37.0,3.50625,0.1055
37.0,3.506875,0.105625
37.0,3.5075,0.105625
37.0,3.507125,0.10575
37.0,3.507,0.10575
37.0,3.507,0.1055
37.0,3.507,0.1055
37.0,3.50625,0.1055
37.0,3.507,0.1055
37.0,3.5085,0.105625
37.0,3.508625,0.105625
37.0,3.508125,0.106
37.0,3.507,0.105875
37.0,3.506,0.105375
37.0,3.506125,0.105625
37.0,3.506125,0.10575
37.0,3.505625,0.10575
37.0,3.505375,0.105625
37.0,3.506375,0.105875
37.0,3.507375,0.105875
37.0,3.506875,0.10575
37.0,3.50675,0.106125
37.0,3.50675,0.106125
37.0,3.506625,0.10575
37.0,3.5065,0.1055
37.0,3.507625,0.105625
37.0,3.508875,0.105625
37.0,3.508875,0.105625
37.0,3.50775,0.1055
37.0,3.50675,0.105875
37.0,3.506125,0.10575
37.0,3.50625,0.105625
37.0,3.505875,0.105625
37.0,3.50525,0.105625
37.0,3.506,0.10575
37.0,3.507125,0.105875
37.0,3.507625,0.106125
37.0,3.50725,0.106
37.0,3.50725,0.105625
37.0,3.50725,0.105625
37.0,3.50625,0.1055
37.0,3.506375,0.105625
37.0,3.507625,0.105625
37.0,3.508625,0.105625
37.0,3.508625,0.1055
37.0,3.508,0.10575
37.0,3.5065,0.105875
37.0,3.505875,0.105625
37.0,3.506,0.105625
37.0,3.505875,0.10575
37.0,3.505875,0.105625
37.0,3.506625,0.10575
37.0,3.50775,0.105875
37.0,3.507875,0.10575
37.0,3.50725,0.105625
37.0,3.50725,0.105625
37.0,3.506875,0.1055
37.0,3.506375,0.10575
37.0,3.506875,0.105375
37.0,3.508375,0.1055
37.0,3.508875,0.1055
37.0,3.508375,0.105625
37.0,3.5075,0.10575
37.0,3.5065,0.106
37.0,3.506125,0.105625
37.0,3.50625,0.1055
37.0,3.505375,0.105625
37.0,3.50525,0.10575
37.0,3.506625,0.105875
37.0,3.507625,0.105875
37.0,3.507375,0.105625
37.0,3.507375,0.105625
37.0,3.506875,0.10575
37.0,3.506375,0.10575
37.0,3.5065,0.10575
37.0,3.507375,0.105625
37.0,3.5085,0.105625
37.0,3.50875,0.105625
37.0,3.508375,0.105625
37.0,3.507125,0.105875
37.0,3.50625,0.106
37.0,3.506125,0.105875
37.0,3.505875,0.1055
37.0,3.505625,0.105625
37.0,3.506125,0.10575
37.0,3.507125,0.105875
37.0,3.5075,0.106
37.0,3.5075,0.105625
37.0,3.5075,0.105625
37.0,3.50725,0.105625
37.0,3.50675,0.10575
37.0,3.506625,0.10575
37.0,3.507375,0.105625
37.0,3.508375,0.105625
37.0,3.50875,0.10575
37.0,3.508125,0.10575
37.0,3.507375,0.105625
37.0,3.507125,0.105625
37.0,3.507,0.105625
37.0,3.50625,0.105625
37.0,3.5055,0.105625
37.0,3.506375,0.10575
38.0,3.50575,0.127375
38.0,3.5055,0.1275
38.0,3.506125,0.127375
38.0,3.507625,0.127375
38.0,3.507,0.1275
38.0,3.506625,0.127375
38.0,3.507125,0.127625
38.0,3.50675,0.12725
38.0,3.50675,0.12725
38.0,3.5065,0.12725
38.0,3.50775,0.127125
38.0,3.509,0.12725
38.0,3.5085,0.1275
38.0,3.5075,0.12725
38.0,3.506875,0.12725
38.0,3.5065,0.1275
38.0,3.50625,0.1275
38.0,3.50575,0.1275
38.0,3.505625,0.127375
38.0,3.50675,0.1275
38.0,3.507375,0.127625
38.0,3.507375,0.1275
38.0,3.507375,0.12725
38.0,3.506625,0.12725
38.0,3.50625,0.127125
38.0,3.50625,0.127125
38.0,3.507,0.127375
38.0,3.508125,0.127375
38.0,3.5085,0.12725
38.0,3.50825,0.127
38.0,3.507,0.12725
38.0,3.5065,0.127375
38.0,3.50625,0.127375
38.0,3.50575,0.127375
38.0,3.5055,0.127375
38.0,3.506125,0.127375
38.0,3.506875,0.1275
38.0,3.507375,0.127625
38.0,3.507125,0.127875
38.0,3.506875,0.12775
38.0,3.506375,0.1275
38.0,3.506375,0.1275
38.0,3.506375,0.127375
38.0,3.50775,0.127375
38.0,3.508375,0.127375
38.0,3.508375,0.127625
38.0,3.507625,0.12775
38.0,3.5065,0.12775
38.0,3.506375,0.1275
38.0,3.50625,0.12725
38.0,3.50575,0.127375
38.0,3.505625,0.1275
38.0,3.50625,0.127375
38.0,3.5075,0.1275
38.0,3.507875,0.12775
38.0,3.507375,0.1275
38.0,3.50725,0.127375
38.0,3.50725,0.127375
38.0,3.507,0.127375
38.0,3.506875,0.12725
38.0,3.508125,0.127375
38.0,3.50925,0.127625
38.0,3.508625,0.1275
38.0,3.507125,0.12725
38.0,3.50675,0.127375
38.0,3.5065,0.1275
38.0,3.506,0.127625
38.0,3.506,0.127375
38.0,3.506125,0.127375
38.0,3.50675,0.127375
38.0,3.507625,0.1275
38.0,3.507625,0.1275
38.0,3.507,0.127625
38.0,3.507,0.127625
38.0,3.50675,0.12725
38.0,3.507,0.127375
38.0,3.50725,0.12725
38.0,3.50775,0.12725
38.0,3.508375,0.12725
38.0,3.508375,0.1275
38.0,3.50725,0.1275
38.0,3.506125,0.127625
38.0,3.50625,0.12725
38.0,3.50625,0.127375
38.0,3.505375,0.127375
38.0,3.5055,0.127375
38.0,3.50725,0.127375
38.0,3.50775,0.1275
38.0,3.506875,0.1275
38.0,3.506875,0.1275
38.0,3.50675,0.127375
38.0,3.506875,0.1275
38.0,3.50675,0.127375
38.0,3.5075,0.127375
38.0,3.508625,0.127375
38.0,3.50875,0.1275
38.0,3.507875,0.1275
38.0,3.50725,0.12725
38.0,3.50675,0.12725
38.0,3.5065,0.127625
38.0,3.50575,0.1275
38.0,3.505125,0.127375
38.0,3.50625,0.127375
38.0,3.507375,0.127625
38.0,3.507375,0.127625
38.0,3.50725,0.127375
38.0,3.50725,0.127375
38.0,3.50675,0.1275
38.0,3.506,0.127375
38.0,3.50675,0.127375
38.0,3.507875,0.127375
38.0,3.508625,0.127375
38.0,3.508875,0.12725
38.0,3.50775,0.12725
38.0,3.5065,0.127375
38.0,3.506375,0.12725
38.0,3.506,0.1275
38.0,3.505875,0.1275
38.0,3.505875,0.127375
38.0,3.506375,0.127375
38.0,3.507,0.1275
38.0,3.507125,0.127625
38.0,3.507125,0.127625
38.0,3.506875,0.12775
38.0,3.50675,0.1275
38.0,3.50625,0.1275
38.0,3.506625,0.12725
38.0,3.508,0.127375
38.0,3.508125,0.1275
38.0,3.5085,0.127625
38.0,3.507625,0.12775
38.0,3.50675,0.12775
38.0,3.50625,0.12775
38.0,3.506125,0.1275
38.0,3.506,0.1275
38.0,3.50575,0.1275
38.0,3.5065,0.127375
38.0,3.50775,0.1275
38.0,3.50775,0.1275
38.0,3.507375,0.127375
38.0,3.507125,0.1275
38.0,3.506625,0.1275
38.0,3.506375,0.12725
38.0,3.507625,0.12725
38.0,3.508625,0.127375
38.0,3.508875,0.12725
38.0,3.508625,0.12725
38.0,3.50775,0.127125
38.0,3.506625,0.127625
38.0,3.506125,0.1275
38.0,3.50575,0.127375
38.0,3.505125,0.12725
38.0,3.50575,0.12725
38.0,3.507,0.1275
38.0,3.507,0.1275
38.0,3.507625,0.127625
38.0,3.506875,0.127625
38.0,3.507,0.1275
38.0,3.506625,0.127375
38.0,3.506625,0.1275
38.0,3.507875,0.127375
38.0,3.508625,0.127375
38.0,3.508625,0.12725
38.0,3.508,0.1275
38.0,3.507,0.12725
38.0,3.506875,0.1275
38.0,3.506125,0.127625
38.0,3.5055,0.127375
38.0,3.50575,0.12725
39.0,3.5065,0.151375
39.0,3.506125,0.151375
39.0,3.5055,0.15125
39.0,3.505625,0.151125
39.0,3.506875,0.151125
39.0,3.507625,0.151125
39.0,3.50725,0.15125
39.0,3.50675,0.151125
39.0,3.50675,0.151125
39.0,3.506625,0.150875
39.0,3.506375,0.151125
39.0,3.507125,0.151
39.0,3.508375,0.151
39.0,3.5085,0.151
39.0,3.508125,0.151125
39.0,3.507125,0.151125
39.0,3.50675,0.150875
39.0,3.506625,0.151
39.0,3.505875,0.151125
39.0,3.50575,0.151125
39.0,3.50625,0.15125
39.0,3.507125,0.151375
39.0,3.5075,0.1515
39.0,3.507125,0.151375
39.0,3.507125,0.151375
39.0,3.50725,0.151375
39.0,3.506375,0.151375
39.0,3.50625,0.151
39.0,3.50775,0.151
39.0,3.509,0.150875
39.0,3.5085,0.150875
39.0,3.508,0.151
39.0,3.50725,0.15125
39.0,3.50675,0.151375
39.0,3.506375,0.151125
39.0,3.50625,0.151125
39.0,3.506625,0.151125
39.0,3.5065,0.15125
39.0,3.507375,0.15125
39.0,3.5075,0.151125
39.0,3.506875,0.1515
39.0,3.506875,0.1515
39.0,3.507125,0.151375
39.0,3.506625,0.151125
39.0,3.506625,0.15125
39.0,3.508,0.15125
39.0,3.509,0.15125
39.0,3.5085,0.151375
39.0,3.507125,0.15125
39.0,3.506625,0.15125
39.0,3.50675,0.151125
39.0,3.506375,0.151125
39.0,3.506,0.151125
39.0,3.50575,0.151125
39.0,3.5065,0.15125
39.0,3.507875,0.15125
39.0,3.5075,0.15125
39.0,3.5075,0.15125
39.0,3.507,0.151125
39.0,3.507,0.15125
39.0,3.50675,0.151125
39.0,3.507125,0.151
39.0,3.508375,0.151125
39.0,3.509125,0.151
39.0,3.508875,0.151125
39.0,3.50725,0.151
39.0,3.506375,0.151
39.0,3.50625,0.15125
39.0,3.505625,0.15125
39.0,3.505625,0.151125
39.0,3.50625,0.151375
39.0,3.50725,0.151375
39.0,3.507625,0.151375
39.0,3.507625,0.151375
39.0,3.50675,0.15125
39.0,3.506875,0.15125
39.0,3.507125,0.15125
39.0,3.506875,0.151125
39.0,3.507625,0.151125
39.0,3.50875,0.151125
39.0,3.508625,0.150875
39.0,3.507875,0.151125
39.0,3.506625,0.151125
39.0,3.506375,0.151125
39.0,3.506625,0.151375
39.0,3.50575,0.15125
39.0,3.50525,0.151125
39.0,3.5065,0.151125
39.0,3.50775,0.151375
39.0,3.50775,0.151375
39.0,3.507375,0.151625
39.0,3.507,0.151875
39.0,3.507125,0.15125
39.0,3.506625,0.151
39.0,3.506375,0.151
39.0,3.507875,0.15125
39.0,3.508875,0.15125
39.0,3.508625,0.151
39.0,3.507625,0.151125
39.0,3.50675,0.15125
39.0,3.5065,0.151125
39.0,3.506,0.151375
39.0,3.5055,0.15125
39.0,3.505625,0.151125
39.0,3.5065,0.15125
39.0,3.5065,0.15125
39.0,3.507625,0.151375
39.0,3.507875,0.151375
39.0,3.506875,0.151375
39.0,3.5065,0.151375
39.0,3.506875,0.15125
39.0,3.507125,0.151125
39.0,3.50775,0.151125
39.0,3.508625,0.151125
39.0,3.5085,0.15125
39.0,3.5075,0.151
39.0,3.506625,0.150875
39.0,3.50625,0.150875
39.0,3.505875,0.151125
39.0,3.5055,0.151125
39.0,3.505375,0.151125
39.0,3.5065,0.15125
39.0,3.5065,0.15125
39.0,3.5075,0.1515
39.0,3.507125,0.15125
39.0,3.507125,0.151125
39.0,3.5065,0.15125
39.0,3.5065,0.151125
39.0,3.508,0.151125
39.0,3.509125,0.151
39.0,3.509125,0.151125
39.0,3.508375,0.151125
39.0,3.50725,0.151375
39.0,3.506875,0.151375
39.0,3.506375,0.151375
39.0,3.506,0.15125
39.0,3.505375,0.151125
39.0,3.506,0.15125
39.0,3.506,0.15125
39.0,3.506875,0.151375
39.0,3.507625,0.15125
39.0,3.5075,0.15125
39.0,3.507125,0.151375
39.0,3.506625,0.15125
39.0,3.506875,0.151
39.0,3.507625,0.151
39.0,3.50875,0.151125
39.0,3.508625,0.151125
39.0,3.5075,0.151
39.0,3.50675,0.1515
39.0,3.50675,0.151375
39.0,3.506375,0.15125
39.0,3.506,0.151125
39.0,3.505375,0.151125
39.0,3.505375,0.151125
39.0,3.506,0.15125
39.0,3.507375,0.1515
39.0,3.507375,0.15125
39.0,3.507375,0.15125
39.0,3.50725,0.15125
39.0,3.50675,0.151125
39.0,3.506875,0.15125
39.0,3.508,0.151125
39.0,3.50875,0.151
39.0,3.508375,0.151125
39.0,3.507125,0.151375
39.0,3.506875,0.151125
39.0,3.506625,0.151125
39.0,3.506375,0.151125
40.0,3.50625,0.17725
40.0,3.50625,0.177125
40.0,3.50575,0.177125
40.0,3.505625,0.176875
40.0,3.5065,0.177125
40.0,3.50725,0.17725
40.0,3.5075,0.17725
40.0,3.50725,0.177
40.0,3.50725,0.177
40.0,3.506875,0.177125
40.0,3.506375,0.177
40.0,3.507,0.17675
40.0,3.508125,0.17675
40.0,3.509125,0.176875
40.0,3.50825,0.177
40.0,3.50675,0.177
40.0,3.5065,0.17725
40.0,3.506125,0.177125
40.0,3.506,0.177
40.0,3.506,0.177
40.0,3.506125,0.177
40.0,3.507,0.177125
40.0,3.5075,0.17725
40.0,3.50775,0.177375
40.0,3.507,0.177375
40.0,3.507,0.1775
40.0,3.506125,0.17725
40.0,3.50625,0.176875
40.0,3.507375,0.176875
40.0,3.508375,0.176875
40.0,3.508625,0.177
40.0,3.508,0.17675
40.0,3.506875,0.177
40.0,3.506375,0.177125
40.0,3.506,0.177125
40.0,3.506,0.177
40.0,3.50575,0.176875
40.0,3.506375,0.176875
40.0,3.507375,0.177
40.0,3.50775,0.177
40.0,3.507125,0.177125
40.0,3.507125,0.177125
40.0,3.507125,0.177
40.0,3.506625,0.177
40.0,3.506375,0.177
40.0,3.5075,0.177
40.0,3.508625,0.177
40.0,3.508,0.177
40.0,3.50725,0.17725
40.0,3.506625,0.177
40.0,3.5065,0.176875
40.0,3.50625,0.177
40.0,3.50575,0.177
40.0,3.50525,0.176875
40.0,3.506625,0.177
40.0,3.507875,0.177125
40.0,3.507375,0.177375
40.0,3.507375,0.177375
40.0,3.50675,0.177125
40.0,3.506625,0.177
40.0,3.5065,0.176875
40.0,3.507,0.176875
40.0,3.507875,0.176875
40.0,3.5085,0.17675
40.0,3.508625,0.176875
40.0,3.507625,0.177
40.0,3.50675,0.176875
40.0,3.5065,0.176875
40.0,3.506125,0.17725
40.0,3.505875,0.177
40.0,3.506125,0.176875
40.0,3.50725,0.177125
40.0,3.507875,0.1775
40.0,3.507875,0.1775
40.0,3.5075,0.177375
40.0,3.507375,0.177375
40.0,3.507125,0.177
40.0,3.50675,0.176875
40.0,3.5075,0.177
40.0,3.508875,0.17675
40.0,3.5085,0.176875
40.0,3.508125,0.17675
40.0,3.50725,0.17675
40.0,3.506875,0.177125
40.0,3.506625,0.17725
40.0,3.50575,0.177125
40.0,3.5055,0.177125
40.0,3.50625,0.177
40.0,3.50725,0.177125
40.0,3.50725,0.177125
40.0,3.5075,0.177375
40.0,3.507125,0.17725
40.0,3.507125,0.1765
40.0,3.506875,0.17675
40.0,3.50675,0.176875
40.0,3.507875,0.17675
40.0,3.5085,0.176875
40.0,3.508,0.177
40.0,3.507375,0.177375
40.0,3.507125,0.176875
40.0,3.5065,0.176875
40.0,3.506375,0.177125
40.0,3.506125,0.177
40.0,3.5055,0.177
40.0,3.506375,0.177
40.0,3.5075,0.177
40.0,3.5075,0.177
40.0,3.50775,0.177
40.0,3.507375,0.177
40.0,3.507125,0.177125
40.0,3.506375,0.177125
40.0,3.50675,0.177
40.0,3.507875,0.176875
40.0,3.5085,0.177125
40.0,3.50825,0.177
40.0,3.508,0.177
40.0,3.50725,0.177125
40.0,3.50625,0.177125
40.0,3.506125,0.177125
40.0,3.505875,0.177
40.0,3.506,0.177125
40.0,3.506625,0.17725
40.0,3.506625,0.17725
40.0,3.50725,0.17725
40.0,3.507,0.177125
40.0,3.507,0.177375
40.0,3.5065,0.17725
40.0,3.5065,0.177125
40.0,3.5075,0.177
40.0,3.508625,0.176625
40.0,3.508875,0.17675
40.0,3.508125,0.17675
40.0,3.506875,0.177
40.0,3.50675,0.176875
40.0,3.507,0.177
40.0,3.506625,0.177
40.0,3.50575,0.177125
40.0,3.506,0.177125
40.0,3.506,0.177125
40.0,3.50775,0.177
40.0,3.50775,0.17725
40.0,3.507375,0.177375
40.0,3.507125,0.177375
40.0,3.506875,0.177125
40.0,3.5065,0.177
40.0,3.507875,0.176875
40.0,3.508875,0.176875
40.0,3.509,0.176875
40.0,3.508375,0.177
40.0,3.5075,0.177
40.0,3.507,0.176875
40.0,3.50625,0.176875
40.0,3.50575,0.176875
40.0,3.5055,0.176875
40.0,3.5055,0.176875
40.0,3.50625,0.177
40.0,3.50725,0.177
40.0,3.5075,0.17725
40.0,3.5075,0.177375
40.0,3.507,0.17725
40.0,3.5065,0.177
40.0,3.50675,0.176875
40.0,3.508,0.177
40.0,3.508625,0.176875
40.0,3.508375,0.176875
40.0,3.5075,0.176875
40.0,3.507,0.177
40.0,3.506875,0.177
40.0,3.50625,0.177125
41.0,3.507125,0.20475
41.0,3.507625,0.20475
41.0,3.507375,0.20475
41.0,3.507,0.20475
41.0,3.506375,0.2045
41.0,3.506625,0.204375
41.0,3.508,0.2045
41.0,3.508625,0.2045
41.0,3.508625,0.2045
41.0,3.508375,0.204375
41.0,3.507875,0.2045
41.0,3.506875,0.204875
41.0,3.506625,0.205125
41.0,3.506125,0.204625
41.0,3.5055,0.20475
41.0,3.505625,0.204625
41.0,3.50675,0.20475
41.0,3.50775,0.20475
41.0,3.507375,0.2045
41.0,3.50725,0.204375
41.0,3.507125,0.2045
41.0,3.506375,0.204625
41.0,3.506625,0.204625
41.0,3.508,0.204375
41.0,3.509,0.204625
41.0,3.509,0.204625
41.0,3.508375,0.2045
41.0,3.507125,0.2045
41.0,3.50625,0.20475
41.0,3.50575,0.204875
41.0,3.506375,0.204625
41.0,3.506,0.204375
41.0,3.5055,0.2045
41.0,3.506625,0.204625
41.0,3.507375,0.20475
41.0,3.506875,0.204875
41.0,3.50725,0.204875
41.0,3.507125,0.204625
41.0,3.50625,0.204625
41.0,3.507125,0.20475
41.0,3.50825,0.2045
41.0,3.50825,0.2045
41.0,3.508625,0.2045
41.0,3.508125,0.20425
41.0,3.506625,0.204625
41.0,3.506375,0.20475
41.0,3.50625,0.204625
41.0,3.50625,0.20475
41.0,3.506125,0.20475
41.0,3.50625,0.204625
41.0,3.50725,0.204625
41.0,3.50775,0.204625
41.0,3.5075,0.204625
41.0,3.507125,0.204625
41.0,3.50675,0.204625
41.0,3.506625,0.204625
41.0,3.50775,0.204375
41.0,3.50775,0.204375
41.0,3.50875,0.204375
41.0,3.508625,0.204375
41.0,3.507875,0.204375
41.0,3.50675,0.2045
41.0,3.506125,0.2045
41.0,3.506125,0.204625
41.0,3.506,0.20475
41.0,3.505875,0.20475
41.0,3.5065,0.20475
41.0,3.507625,0.204875
41.0,3.5075,0.204875
41.0,3.506375,0.204625
41.0,3.5065,0.20475
41.0,3.50675,0.204625
41.0,3.507,0.2045
41.0,3.507,0.2045
41.0,3.507875,0.2045
41.0,3.509,0.2045
41.0,3.508625,0.204625
41.0,3.507125,0.20475
41.0,3.506125,0.204625
41.0,3.5065,0.20475
41.0,3.50625,0.204875
41.0,3.505625,0.204625
41.0,3.505625,0.204625
41.0,3.506625,0.20475
41.0,3.508125,0.20475
41.0,3.507625,0.20475
41.0,3.506625,0.204875
41.0,3.507125,0.204625
41.0,3.506625,0.20475
41.0,3.50675,0.2045
41.0,3.50675,0.2045
41.0,3.508125,0.204625
41.0,3.50875,0.2045
41.0,3.50825,0.204625
41.0,3.507125,0.20475
41.0,3.506625,0.20475
41.0,3.506625,0.204625
41.0,3.50575,0.204625
41.0,3.5055,0.2045
41.0,3.506125,0.2045
41.0,3.507,0.20475
41.0,3.50725,0.20475
41.0,3.50675,0.204625
41.0,3.507,0.204875
41.0,3.507,0.204625
41.0,3.50625,0.204625
41.0,3.50625,0.204625
41.0,3.507,0.2045
41.0,3.50825,0.204625
41.0,3.508375,0.20475
41.0,3.507875,0.20475
41.0,3.507125,0.20475
41.0,3.506375,0.204375
41.0,3.506,0.20475
41.0,3.5055,0.20475
41.0,3.5055,0.204625
41.0,3.506375,0.20475
41.0,3.507375,0.2045
41.0,3.507375,0.20475
41.0,3.50675,0.20475
41.0,3.50675,0.20475
41.0,3.5065,0.20475
41.0,3.5065,0.20475
41.0,3.506625,0.204625
41.0,3.508,0.204625
41.0,3.5085,0.204625
41.0,3.50825,0.20475
41.0,3.50725,0.205
41.0,3.506625,0.204875
41.0,3.5065,0.204625
41.0,3.50625,0.204625
41.0,3.5055,0.2045
41.0,3.505625,0.2045
41.0,3.5065,0.20475
41.0,3.50725,0.204875
41.0,3.507375,0.205
41.0,3.507125,0.204875
41.0,3.507,0.204875
41.0,3.507,0.204875
41.0,3.506625,0.2045
41.0,3.507375,0.204625
41.0,3.5085,0.204625
41.0,3.508625,0.204375
41.0,3.50825,0.204625
41.0,3.507125,0.20475
41.0,3.50675,0.20475
41.0,3.506375,0.20475
41.0,3.505875,0.20475
41.0,3.505625,0.204625
41.0,3.505875,0.204625
41.0,3.50675,0.20475
41.0,3.50725,0.20475
41.0,3.507375,0.204625
41.0,3.50725,0.204875
41.0,3.50725,0.204875
41.0,3.5065,0.20475
41.0,3.5065,0.204625
41.0,3.507875,0.2045
41.0,3.508625,0.2045
41.0,3.508125,0.204625
41.0,3.50775,0.204375
41.0,3.507125,0.204625
41.0,3.5065,0.205
41.0,3.505875,0.204875
41.0,3.505875,0.20475
41.0,3.506,0.204625
41.0,3.50625,0.20475
41.0,3.507,0.204875
41.0,3.50775,0.20475
42.0,3.505875,0.2335
42.0,3.5055,0.233625
42.0,3.505,0.233625
42.0,3.505375,0.233625
42.0,3.5065,0.233875
42.0,3.507625,0.234
42.0,3.507125,0.234
42.0,3.506875,0.23375
42.0,3.506875,0.23375
42.0,3.5065,0.23375
42.0,3.506,0.233625
42.0,3.507,0.233625
42.0,3.5085,0.23375
42.0,3.50875,0.23375
42.0,3.508125,0.234
42.0,3.50675,0.23425
42.0,3.506125,0.234
42.0,3.50575,0.23375
42.0,3.505625,0.233875
42.0,3.505375,0.233875
42.0,3.505625,0.233875
42.0,3.507,0.234
42.0,3.507625,0.233875
42.0,3.507125,0.233625
42.0,3.506625,0.23375
42.0,3.506625,0.23375
42.0,3.50625,0.233875
42.0,3.506375,0.23375
42.0,3.507625,0.23375
42.0,3.5085,0.23375
42.0,3.508625,0.233875
42.0,3.5075,0.234
42.0,3.5065,0.234125
42.0,3.506,0.234
42.0,3.50575,0.23375
42.0,3.505625,0.23375
42.0,3.505375,0.23375
42.0,3.505875,0.23375
42.0,3.50725,0.233875
42.0,3.507125,0.234
42.0,3.506625,0.234125
42.0,3.506625,0.234125
42.0,3.5065,0.234
42.0,3.50575,0.23375
42.0,3.506125,0.23375
42.0,3.507375,0.233625
42.0,3.508,0.2335
42.0,3.50775,0.233625
42.0,3.507375,0.234125
42.0,3.50675,0.234
42.0,3.50625,0.233875
42.0,3.505875,0.233875
42.0,3.50525,0.233875
42.0,3.50525,0.23375
42.0,3.50575,0.23375
42.0,3.507125,0.234
42.0,3.50675,0.23425
42.0,3.50675,0.23425
42.0,3.506375,0.234375
42.0,3.5065,0.234
42.0,3.506375,0.23375
42.0,3.506875,0.23375
42.0,3.507875,0.233625
42.0,3.50825,0.23375
42.0,3.50825,0.233875
42.0,3.507125,0.234125
42.0,3.506375,0.234
42.0,3.50625,0.234
42.0,3.50575,0.233875
42.0,3.50525,0.23375
42.0,3.505875,0.23375
42.0,3.506625,0.233875
42.0,3.50725,0.23425
42.0,3.50725,0.23425
42.0,3.506375,0.23425
42.0,3.506375,0.23375
42.0,3.506125,0.233625
42.0,3.50625,0.23375
42.0,3.507375,0.233875
42.0,3.508,0.23375
42.0,3.50775,0.23375
42.0,3.507375,0.233875
42.0,3.506375,0.23375
42.0,3.5065,0.233875
42.0,3.5065,0.233875
42.0,3.50575,0.23375
42.0,3.505,0.233625
42.0,3.506125,0.233875
42.0,3.507125,0.23375
42.0,3.507125,0.234125
42.0,3.507125,0.234125
42.0,3.507,0.234
42.0,3.507125,0.23375
42.0,3.506625,0.233875
42.0,3.506875,0.233625
42.0,3.507875,0.23375
42.0,3.507875,0.233625
42.0,3.507875,0.23375
42.0,3.507125,0.23375
42.0,3.505875,0.233875
42.0,3.50625,0.234
42.0,3.505875,0.233875
42.0,3.50525,0.23375
42.0,3.50525,0.23375
42.0,3.506125,0.234
42.0,3.507125,0.234
42.0,3.507125,0.234
42.0,3.50725,0.234125
42.0,3.50675,0.234125
42.0,3.50675,0.234
42.0,3.50625,0.23375
42.0,3.506875,0.23375
42.0,3.50775,0.23375
42.0,3.50825,0.233625
42.0,3.507625,0.233875
42.0,3.506875,0.233875
42.0,3.50625,0.23375
42.0,3.506,0.233875
42.0,3.506,0.233875
42.0,3.505375,0.233875
42.0,3.505375,0.233875
42.0,3.50675,0.234125
42.0,3.50675,0.234125
42.0,3.507625,0.234
42.0,3.507375,0.234125
42.0,3.506875,0.234
42.0,3.50675,0.234
42.0,3.50625,0.23375
42.0,3.506625,0.23375
42.0,3.508125,0.23375
42.0,3.508,0.233625
42.0,3.507875,0.233875
42.0,3.50675,0.234
42.0,3.5065,0.233875
42.0,3.505875,0.233875
42.0,3.505625,0.233875
42.0,3.5055,0.233875
42.0,3.506125,0.23375
42.0,3.506125,0.23375
42.0,3.507125,0.233875
42.0,3.507125,0.233875
42.0,3.50675,0.234
42.0,3.5065,0.233875
42.0,3.506125,0.233875
42.0,3.50625,0.234
42.0,3.507375,0.233625
42.0,3.50825,0.23375
42.0,3.507875,0.233875
42.0,3.506875,0.234
42.0,3.506375,0.234
42.0,3.505875,0.234
42.0,3.505375,0.233875
42.0,3.505375,0.233875
42.0,3.505625,0.23375
42.0,3.505625,0.233875
42.0,3.50575,0.233875
42.0,3.50675,0.233875
42.0,3.50725,0.234125
42.0,3.50675,0.234
42.0,3.50675,0.233625
42.0,3.50625,0.233875
42.0,3.506375,0.23375
42.0,3.5075,0.23375
42.0,3.5085,0.233875
42.0,3.5085,0.23375
42.0,3.507125,0.234
42.0,3.5065,0.234
42.0,3.5065,0.234125
42.0,3.50575,0.23375
43.0,3.506125,0.2655
43.0,3.50575,0.26525
43.0,3.505625,0.265125
43.0,3.5065,0.26525
43.0,3.508,0.2655
43.0,3.5075,0.26525
43.0,3.506875,0.265125
43.0,3.50675,0.2655
43.0,3.50675,0.2655
43.0,3.506375,0.265375
43.0,3.507125,0.26525
43.0,3.507875,0.26525
43.0,3.508625,0.265375
43.0,3.5085,0.265125
43.0,3.50725,0.26525
43.0,3.506375,0.2655
43.0,3.506125,0.265125
43.0,3.506125,0.26525
43.0,3.50575,0.26525
43.0,3.50575,0.265375
43.0,3.506625,0.2655
43.0,3.508,0.26525
43.0,3.507625,0.265375
43.0,3.506875,0.2655
43.0,3.506875,0.2655
43.0,3.506625,0.2655
43.0,3.506625,0.26525
43.0,3.507375,0.265125
43.0,3.508,0.265125
43.0,3.509,0.26525
43.0,3.5085,0.2655
43.0,3.506875,0.265625
43.0,3.506375,0.2655
43.0,3.50625,0.2655
43.0,3.50575,0.265375
43.0,3.50525,0.26525
43.0,3.506125,0.265125
43.0,3.507375,0.2655
43.0,3.50775,0.2655
43.0,3.507375,0.265375
43.0,3.506875,0.26525
43.0,3.506875,0.26525
43.0,3.50625,0.26525
43.0,3.506625,0.265375
43.0,3.507875,0.26525
43.0,3.5085,0.26525
43.0,3.50825,0.265
43.0,3.50775,0.265
43.0,3.507,0.265375
43.0,3.50675,0.26525
43.0,3.50675,0.265375
43.0,3.506,0.26525
43.0,3.505625,0.26525
43.0,3.5065,0.265375
43.0,3.50775,0.265625
43.0,3.507375,0.2655
43.0,3.506625,0.26525
43.0,3.506625,0.26525
43.0,3.506625,0.26525
43.0,3.5065,0.26525
43.0,3.507,0.26525
43.0,3.508125,0.265125
43.0,3.5085,0.26525
43.0,3.508375,0.265125
43.0,3.507,0.26525
43.0,3.5065,0.26575
43.0,3.506375,0.265625
43.0,3.505625,0.265375
43.0,3.505375,0.265375
43.0,3.505375,0.265375
43.0,3.506375,0.265375
43.0,3.507875,0.26525
43.0,3.5075,0.26525
43.0,3.5075,0.26525
43.0,3.506625,0.265125
43.0,3.50675,0.265375
43.0,3.506375,0.2655
43.0,3.50675,0.26525
43.0,3.508,0.265125
43.0,3.50825,0.26525
43.0,3.50775,0.2655
43.0,3.506375,0.2655
43.0,3.506,0.2655
43.0,3.506375,0.265625
43.0,3.505875,0.265375
43.0,3.505,0.26525
43.0,3.50575,0.2655
43.0,3.506,0.265625
43.0,3.50675,0.26575
43.0,3.506875,0.265625
43.0,3.506875,0.265625
43.0,3.506625,0.265375
43.0,3.505875,0.26525
43.0,3.50625,0.26525
43.0,3.50775,0.265125
43.0,3.50825,0.26525
43.0,3.507875,0.265375
43.0,3.507875,0.2655
43.0,3.507375,0.2655
43.0,3.5065,0.2655
43.0,3.50625,0.265625
43.0,3.506,0.265375
43.0,3.505375,0.265375
43.0,3.505875,0.2655
43.0,3.50725,0.265625
43.0,3.507375,0.26575
43.0,3.507375,0.26575
43.0,3.50675,0.26525
43.0,3.506875,0.265125
43.0,3.506625,0.265125
43.0,3.50675,0.26525
43.0,3.508,0.265125
43.0,3.50875,0.265125
43.0,3.50875,0.265
43.0,3.50725,0.265125
43.0,3.50625,0.26525
43.0,3.506125,0.265375
43.0,3.5055,0.265375
43.0,3.50525,0.26525
43.0,3.505125,0.26525
43.0,3.506375,0.2655
43.0,3.50775,0.265625
43.0,3.50775,0.265625
43.0,3.507625,0.265625
43.0,3.50675,0.2655
43.0,3.506625,0.26525
43.0,3.5065,0.26525
43.0,3.50675,0.265375
43.0,3.508,0.265375
43.0,3.508375,0.265375
43.0,3.508,0.2655
43.0,3.506875,0.265375
43.0,3.5065,0.26525
43.0,3.5065,0.26525
43.0,3.50625,0.265375
43.0,3.50575,0.26525
43.0,3.5055,0.265375
43.0,3.506375,0.265375
43.0,3.506375,0.265375
43.0,3.507625,0.26575
43.0,3.507375,0.26575
43.0,3.507125,0.265625
43.0,3.506875,0.265375
43.0,3.50675,0.26525
43.0,3.507875,0.26525
43.0,3.508375,0.265125
43.0,3.508125,0.265125
43.0,3.508,0.265625
43.0,3.50675,0.2655
43.0,3.506125,0.26525
43.0,3.505875,0.265375
43.0,3.506125,0.265375
43.0,3.50575,0.26525
43.0,3.506375,0.265375
43.0,3.506375,0.265375
43.0,3.507375,0.265375
43.0,3.507,0.265375
43.0,3.5065,0.26525
43.0,3.507125,0.26525
43.0,3.5065,0.26525
43.0,3.506375,0.26525
43.0,3.5075,0.265375
43.0,3.508125,0.26525
43.0,3.5085,0.26525
43.0,3.508125,0.26525
43.0,3.50675,0.2655
43.0,3.506125,0.265375
43.0,3.50575,0.265375
43.0,3.505375,0.265375
44.0,3.50725,0.29825
44.0,3.5085,0.298125
44.0,3.508375,0.298375
44.0,3.507625,0.29875
44.0,3.506625,0.298625
44.0,3.506625,0.298375
44.0,3.50625,0.29825
44.0,3.505375,0.298375
44.0,3.505375,0.29825
44.0,3.505375,0.29825
44.0,3.506625,0.298375
44.0,3.50775,0.2985
44.0,3.50775,0.298625
44.0,3.506875,0.2985
44.0,3.50675,0.2985
44.0,3.50625,0.298375
44.0,3.506625,0.298125
44.0,3.507875,0.298
44.0,3.508625,0.29825
44.0,3.5085,0.298375
44.0,3.50775,0.29825
44.0,3.5065,0.298625
44.0,3.506375,0.298375
44.0,3.506125,0.29825
44.0,3.505625,0.298375
44.0,3.505625,0.298375
44.0,3.505875,0.298125
44.0,3.506375,0.298375
44.0,3.507625,0.29875
44.0,3.5075,0.298375
44.0,3.506375,0.298375
44.0,3.506875,0.298375
44.0,3.506875,0.298375
44.0,3.507125,0.298375
44.0,3.50775,0.29825
44.0,3.5085,0.298125
44.0,3.508375,0.2985
44.0,3.506875,0.298875
44.0,3.50625,0.298625
44.0,3.506375,0.2985
44.0,3.50625,0.298375
44.0,3.50625,0.298375
44.0,3.505625,0.298375
44.0,3.505875,0.298375
44.0,3.507,0.2985
44.0,3.5075,0.29875
44.0,3.506625,0.298625
44.0,3.506625,0.298125
44.0,3.50675,0.298125
44.0,3.50625,0.29825
44.0,3.507375,0.29825
44.0,3.508375,0.29825
44.0,3.507875,0.29825
44.0,3.50775,0.298625
44.0,3.507,0.2985
44.0,3.5065,0.2985
44.0,3.50625,0.2985
44.0,3.50625,0.2985
44.0,3.50625,0.29825
44.0,3.50575,0.29825
44.0,3.506,0.2985
44.0,3.507125,0.298625
44.0,3.507125,0.29875
44.0,3.507,0.298875
44.0,3.50725,0.2985
44.0,3.50675,0.298375
44.0,3.50625,0.29825
44.0,3.507625,0.29825
44.0,3.508625,0.29825
44.0,3.5085,0.29825
44.0,3.5075,0.298125
44.0,3.506875,0.29825
44.0,3.5065,0.29825
44.0,3.5065,0.29825
44.0,3.506,0.298375
44.0,3.50575,0.298375
44.0,3.50575,0.29825
44.0,3.506375,0.298375
44.0,3.507,0.2985
44.0,3.5075,0.298375
44.0,3.50725,0.29825
44.0,3.50675,0.29825
44.0,3.50625,0.29825
44.0,3.506875,0.29825
44.0,3.507875,0.298125
44.0,3.508375,0.298125
44.0,3.508375,0.298125
44.0,3.5075,0.298125
44.0,3.506875,0.298125
44.0,3.50675,0.298375
44.0,3.50675,0.298375
44.0,3.506125,0.2985
44.0,3.505875,0.2985
44.0,3.506,0.298375
44.0,3.506625,0.29825
44.0,3.507375,0.298375
44.0,3.507625,0.298375
44.0,3.507375,0.298375
44.0,3.506375,0.29825
44.0,3.506,0.298375
44.0,3.507125,0.29825
44.0,3.508375,0.29825
44.0,3.509,0.29825
44.0,3.508625,0.29825
44.0,3.507,0.2985
44.0,3.50625,0.29825
44.0,3.50625,0.29825
44.0,3.50625,0.298375
44.0,3.50575,0.29825
44.0,3.50575,0.29825
44.0,3.5065,0.298375
44.0,3.507,0.2985
44.0,3.507125,0.298375
44.0,3.507,0.2985
44.0,3.50675,0.298375
44.0,3.50625,0.29825
44.0,3.50625,0.298125
44.0,3.5075,0.29825
44.0,3.508375,0.29825
44.0,3.50875,0.29825
44.0,3.507875,0.298125
44.0,3.506625,0.298
44.0,3.506625,0.298
44.0,3.506375,0.29825
44.0,3.506125,0.298375
44.0,3.505875,0.29825
44.0,3.506,0.298375
44.0,3.506375,0.29825
44.0,3.507,0.298625
44.0,3.507125,0.29875
44.0,3.5065,0.298625
44.0,3.506875,0.298375
44.0,3.506625,0.29825
44.0,3.506625,0.298375
44.0,3.508125,0.29825
44.0,3.508875,0.298375
44.0,3.508125,0.2985
44.0,3.507,0.2985
44.0,3.507,0.2985
44.0,3.506625,0.29825
44.0,3.506875,0.2985
44.0,3.506125,0.298375
44.0,3.505375,0.298375
44.0,3.505625,0.298125
44.0,3.506,0.2985
44.0,3.507,0.2985
44.0,3.5075,0.298375
44.0,3.50725,0.297875
44.0,3.507125,0.2985
44.0,3.506625,0.298375
44.0,3.507125,0.298375
44.0,3.508,0.298125
44.0,3.507875,0.298125
44.0,3.50775,0.29825
44.0,3.506875,0.29825
44.0,3.506875,0.298375
44.0,3.506375,0.298375
44.0,3.506,0.29825
44.0,3.50575,0.298375
44.0,3.505375,0.298375
44.0,3.5055,0.298125
44.0,3.50675,0.2985
44.0,3.5075,0.298375
44.0,3.507375,0.2985
44.0,3.507375,0.298625
44.0,3.507125,0.298375
44.0,3.506625,0.29825
44.0,3.507375,0.298125
44.0,3.5085,0.29825
45.0,3.50775,0.333625
45.0,3.506625,0.333625
45.0,3.506375,0.33375
45.0,3.506125,0.33375
45.0,3.5055,0.333625
45.0,3.5055,0.33375
45.0,3.506625,0.333625
45.0,3.508,0.333625
45.0,3.507875,0.333625
45.0,3.507875,0.3335
45.0,3.507125,0.33325
45.0,3.507125,0.333375
45.0,3.5065,0.3335
45.0,3.50675,0.333625
45.0,3.508125,0.3335
45.0,3.508625,0.333375
45.0,3.50875,0.333625
45.0,3.507375,0.333625
45.0,3.50625,0.333625
45.0,3.506,0.33375
45.0,3.50575,0.33375
45.0,3.50525,0.3335
45.0,3.505375,0.333625
45.0,3.50675,0.33375
45.0,3.507375,0.333625
45.0,3.507375,0.333625
45.0,3.507125,0.333625
45.0,3.507,0.33375
45.0,3.506875,0.3335
45.0,3.50675,0.333625
45.0,3.507375,0.333625
45.0,3.5085,0.3335
45.0,3.508875,0.3335
45.0,3.50825,0.333625
45.0,3.507125,0.333625
45.0,3.5065,0.333875
45.0,3.5065,0.33375
45.0,3.506125,0.333625
45.0,3.505625,0.333625
45.0,3.506,0.333875
45.0,3.5075,0.333875
45.0,3.5075,0.333875
45.0,3.507875,0.333875
45.0,3.50725,0.333875
45.0,3.507375,0.333875
45.0,3.50675,0.333625
45.0,3.506625,0.333625
45.0,3.50775,0.3335
45.0,3.508375,0.333375
45.0,3.5085,0.3335
45.0,3.507375,0.33325
45.0,3.507,0.333375
45.0,3.507,0.3335
45.0,3.506125,0.333625
45.0,3.505625,0.33375
45.0,3.50575,0.33375
45.0,3.506375,0.333875
45.0,3.506375,0.333875
45.0,3.507125,0.33375
45.0,3.5075,0.333375
45.0,3.5075,0.333625
45.0,3.507125,0.3335
45.0,3.506125,0.333375
45.0,3.506625,0.333625
45.0,3.507625,0.3335
45.0,3.5085,0.3335
45.0,3.5085,0.3335
45.0,3.5075,0.33375
45.0,3.50675,0.333875
45.0,3.506625,0.333875
45.0,3.50625,0.333875
45.0,3.50575,0.333625
45.0,3.505625,0.333625
45.0,3.505625,0.333625
45.0,3.50675,0.333625
45.0,3.507875,0.333625
45.0,3.50775,0.3335
45.0,3.507125,0.333625
45.0,3.507,0.33375
45.0,3.5065,0.333625
45.0,3.507125,0.333625
45.0,3.508375,0.333625
45.0,3.5085,0.33375
45.0,3.508375,0.333625
45.0,3.507375,0.333375
45.0,3.5065,0.3335
45.0,3.506375,0.333375
45.0,3.506,0.3335
45.0,3.5055,0.3335
45.0,3.50575,0.333625
45.0,3.50575,0.333625
45.0,3.506875,0.333875
45.0,3.507625,0.334
45.0,3.507125,0.3335
45.0,3.506875,0.333625
45.0,3.506875,0.333625
45.0,3.506875,0.3335
45.0,3.507375,0.333375
45.0,3.508,0.333375
45.0,3.50825,0.3335
45.0,3.50775,0.33375
45.0,3.507125,0.333875
45.0,3.5065,0.334
45.0,3.506,0.33375
45.0,3.505625,0.3335
45.0,3.505625,0.3335
45.0,3.505625,0.3335
45.0,3.506375,0.33375
45.0,3.507,0.333875
45.0,3.50725,0.333875
45.0,3.506875,0.33375
45.0,3.50675,0.333375
45.0,3.506625,0.333375
45.0,3.506375,0.333625
45.0,3.50775,0.3335
45.0,3.508625,0.3335
45.0,3.508375,0.333625
45.0,3.50775,0.33375
45.0,3.507125,0.334125
45.0,3.50675,0.333875
45.0,3.506125,0.333625
45.0,3.50575,0.333625
45.0,3.50575,0.333625
45.0,3.505625,0.333625
45.0,3.50625,0.333875
45.0,3.507,0.333625
45.0,3.507375,0.333625
45.0,3.507125,0.334
45.0,3.506625,0.33375
45.0,3.50625,0.33375
45.0,3.50725,0.333625
45.0,3.5085,0.3335
45.0,3.508625,0.3335
45.0,3.508,0.333625
45.0,3.507125,0.333875
45.0,3.506125,0.333375
45.0,3.505875,0.333625
45.0,3.505625,0.333625
45.0,3.505625,0.333625
45.0,3.50525,0.333625
45.0,3.506125,0.333625
45.0,3.507375,0.33375
45.0,3.5075,0.33375
45.0,3.507375,0.333875
45.0,3.507,0.33375
45.0,3.506875,0.333625
45.0,3.5065,0.333625
45.0,3.507375,0.333625
45.0,3.50825,0.3335
45.0,3.508625,0.333625
45.0,3.50775,0.3335
45.0,3.50675,0.333625
45.0,3.506375,0.333875
45.0,3.505875,0.33375
45.0,3.505875,0.333625
45.0,3.505875,0.333625
45.0,3.50575,0.333625
45.0,3.506,0.333625
45.0,3.507,0.33375
45.0,3.50725,0.333625
45.0,3.507,0.333875
45.0,3.50725,0.333625
45.0,3.506625,0.333375
45.0,3.506,0.333375
45.0,3.507625,0.333625
45.0,3.50875,0.3335
45.0,3.508375,0.333375
45.0,3.50775,0.33375
45.0,3.506625,0.333625
46.0,3.5065,0.37025
46.0,3.507875,0.370125
46.0,3.508875,0.370125
46.0,3.508125,0.370375
46.0,3.506625,0.370375
46.0,3.505875,0.370625
46.0,3.506125,0.370375
46.0,3.506,0.37025
46.0,3.506,0.37025
46.0,3.50575,0.370375
46.0,3.505375,0.37025
46.0,3.506375,0.3705
46.0,3.507125,0.3705
46.0,3.50675,0.3705
46.0,3.506375,0.370125
46.0,3.5065,0.370125
46.0,3.50675,0.37025
46.0,3.507375,0.37
46.0,3.508625,0.370125
46.0,3.508875,0.370375
46.0,3.50825,0.370625
46.0,3.506875,0.370625
46.0,3.50625,0.370375
46.0,3.505875,0.37025
46.0,3.5055,0.37025
46.0,3.5055,0.37025
46.0,3.505375,0.37025
46.0,3.506,0.3705
46.0,3.507,0.370625
46.0,3.5075,0.370625
46.0,3.507,0.370625
46.0,3.50675,0.3705
46.0,3.50675,0.37025
46.0,3.50675,0.37025
46.0,3.507625,0.370125
46.0,3.508625,0.370125
46.0,3.508375,0.370125
46.0,3.5075,0.370375
46.0,3.506375,0.370375
46.0,3.50625,0.370375
46.0,3.506,0.369875
46.0,3.506,0.369875
46.0,3.5055,0.37025
46.0,3.505625,0.370125
46.0,3.506625,0.37025
46.0,3.507625,0.370375
46.0,3.507,0.370625
46.0,3.506375,0.37075
46.0,3.50625,0.370125
46.0,3.506125,0.37
46.0,3.506625,0.37025
46.0,3.50775,0.370125
46.0,3.50825,0.37
46.0,3.508,0.370375
46.0,3.506875,0.3705
46.0,3.506625,0.37025
46.0,3.506125,0.370375
46.0,3.506125,0.370375
46.0,3.50575,0.370375
46.0,3.505375,0.37025
46.0,3.50575,0.370375
46.0,3.506875,0.3705
46.0,3.507625,0.37025
46.0,3.507,0.369875
46.0,3.507,0.37025
46.0,3.506625,0.37025
46.0,3.506125,0.37025
46.0,3.50725,0.370125
46.0,3.5085,0.370375
46.0,3.508125,0.370125
46.0,3.50725,0.37
46.0,3.5065,0.370375
46.0,3.50625,0.370375
46.0,3.50625,0.370375
46.0,3.506125,0.370375
46.0,3.50575,0.37025
46.0,3.504875,0.37025
46.0,3.505625,0.37025
46.0,3.507375,0.370375
46.0,3.5075,0.37025
46.0,3.50725,0.370375
46.0,3.506875,0.3705
46.0,3.506125,0.37025
46.0,3.5065,0.37025
46.0,3.507875,0.37025
46.0,3.508625,0.370125
46.0,3.508125,0.370125
46.0,3.5075,0.370125
46.0,3.50675,0.370375
46.0,3.50675,0.370375
46.0,3.505875,0.3705
46.0,3.505625,0.3705
46.0,3.505125,0.370375
46.0,3.505,0.370375
46.0,3.50625,0.370375
46.0,3.507375,0.37025
46.0,3.506875,0.37
46.0,3.506875,0.370125
46.0,3.50675,0.37025
46.0,3.50625,0.37025
46.0,3.50675,0.37025
46.0,3.508125,0.370375
46.0,3.5085,0.37025
46.0,3.50825,0.37025
46.0,3.507,0.3705
46.0,3.506625,0.3705
46.0,3.506625,0.3705
46.0,3.506125,0.37025
46.0,3.50575,0.370375
46.0,3.505,0.370125
46.0,3.50525,0.37025
46.0,3.506125,0.370625
46.0,3.5075,0.370625
46.0,3.507125,0.370375
46.0,3.5065,0.3705
46.0,3.5065,0.370625
46.0,3.50625,0.370125
46.0,3.506625,0.37025
46.0,3.508,0.37025
46.0,3.5085,0.370125
46.0,3.508,0.37025
46.0,3.506375,0.37025
46.0,3.506375,0.37025
46.0,3.505875,0.37
46.0,3.506125,0.37025
46.0,3.505625,0.370375
46.0,3.505,0.370375
46.0,3.505375,0.3705
46.0,3.5065,0.370625
46.0,3.507125,0.370625
46.0,3.50675,0.3705
46.0,3.506625,0.370125
46.0,3.5065,0.370125
46.0,3.50625,0.37025
46.0,3.507375,0.37025
46.0,3.50875,0.370125
46.0,3.50825,0.37025
46.0,3.50725,0.370375
46.0,3.50725,0.370375
46.0,3.506375,0.370375
46.0,3.506125,0.370375
46.0,3.505875,0.370375
46.0,3.50525,0.37025
46.0,3.505125,0.37025
46.0,3.50625,0.370375
46.0,3.50725,0.370875
46.0,3.507,0.37075
46.0,3.50625,0.37025
46.0,3.5065,0.37025
46.0,3.5065,0.37025
46.0,3.507,0.370125
46.0,3.508,0.370125
46.0,3.50825,0.37025
46.0,3.508125,0.370375
46.0,3.508125,0.370375
46.0,3.50725,0.370125
46.0,3.506625,0.370125
46.0,3.506,0.370125
46.0,3.50575,0.370375
46.0,3.505625,0.370125
46.0,3.505375,0.37025
46.0,3.506375,0.370375
46.0,3.5075,0.3705
46.0,3.507125,0.370375
46.0,3.5065,0.3705
46.0,3.50675,0.3705
46.0,3.506625,0.37025
46.0,3.507,0.370125
46.0,3.50775,0.370125
47.0,3.5065,0.408375
47.0,3.506375,0.408375
47.0,3.506,0.40825
47.0,3.50575,0.40825
47.0,3.505375,0.408375
47.0,3.506625,0.40875
47.0,3.507625,0.40875
47.0,3.50725,0.40875
47.0,3.50725,0.40825
47.0,3.507,0.40825
47.0,3.506875,0.408125
47.0,3.506125,0.40825
47.0,3.507125,0.408125
47.0,3.5085,0.408125
47.0,3.5085,0.40825
47.0,3.50775,0.408125
47.0,3.506875,0.408
47.0,3.5065,0.408
47.0,3.506125,0.408125
47.0,3.5055,0.408125
47.0,3.5055,0.408375
47.0,3.506125,0.408375
47.0,3.5065,0.4085
47.0,3.506875,0.40825
47.0,3.506875,0.40825
47.0,3.507125,0.40825
47.0,3.507,0.407875
47.0,3.506625,0.408125
47.0,3.506625,0.408375
47.0,3.50775,0.408125
47.0,3.508875,0.408125
47.0,3.508875,0.408
47.0,3.507625,0.408375
47.0,3.50675,0.408375
47.0,3.5065,0.408125
47.0,3.505875,0.408375
47.0,3.505625,0.4085
47.0,3.505375,0.408375
47.0,3.505875,0.40825
47.0,3.507375,0.40825
47.0,3.507375,0.40875
47.0,3.507375,0.40875
47.0,3.506875,0.4085
47.0,3.506875,0.40825
47.0,3.50625,0.40825
47.0,3.50675,0.40825
47.0,3.508125,0.40825
47.0,3.50875,0.408375
47.0,3.5085,0.408375
47.0,3.507375,0.408375
47.0,3.50625,0.408
47.0,3.506125,0.408
47.0,3.505625,0.408375
47.0,3.505625,0.40825
47.0,3.505625,0.408375
47.0,3.506625,0.408375
47.0,3.507875,0.40825
47.0,3.507875,0.40825
47.0,3.507125,0.408375
47.0,3.50675,0.4085
47.0,3.50675,0.40825
47.0,3.50625,0.40825
47.0,3.507,0.408125
47.0,3.508,0.408375
47.0,3.508375,0.408125
47.0,3.508625,0.40825
47.0,3.506875,0.408125
47.0,3.506,0.4085
47.0,3.506,0.40825
47.0,3.50575,0.408375
47.0,3.505375,0.408375
47.0,3.50575,0.4085
47.0,3.5065,0.408625
47.0,3.5065,0.4085
47.0,3.50725,0.4085
47.0,3.50725,0.408625
47.0,3.506875,0.408125
47.0,3.506375,0.408
47.0,3.506375,0.408125
47.0,3.50775,0.408125
47.0,3.509,0.408125
47.0,3.50875,0.40825
47.0,3.507875,0.40875
47.0,3.5065,0.408625
47.0,3.50625,0.408375
47.0,3.506,0.40825
47.0,3.505375,0.40825
47.0,3.505375,0.40825
47.0,3.506,0.408375
47.0,3.50675,0.408625
47.0,3.50675,0.408625
47.0,3.507125,0.408375
47.0,3.50675,0.408375
47.0,3.506625,0.408375
47.0,3.50625,0.408125
47.0,3.506375,0.40825
47.0,3.507625,0.40825
47.0,3.508625,0.40825
47.0,3.5085,0.408
47.0,3.507375,0.408375
47.0,3.50625,0.408625
47.0,3.506125,0.408375
47.0,3.506125,0.408375
47.0,3.5055,0.40825
47.0,3.50575,0.40825
47.0,3.5065,0.4085
47.0,3.5065,0.4085
47.0,3.507125,0.40875
47.0,3.506875,0.4085
47.0,3.506625,0.40825
47.0,3.5065,0.408125
47.0,3.505875,0.408375
47.0,3.506625,0.40825
47.0,3.508125,0.408125
47.0,3.508625,0.408
47.0,3.5085,0.408
47.0,3.50725,0.40825
47.0,3.506375,0.408125
47.0,3.50625,0.4085
47.0,3.505875,0.4085
47.0,3.505375,0.40825
47.0,3.50575,0.408375
47.0,3.50575,0.408375
47.0,3.506875,0.4085
47.0,3.50725,0.4085
47.0,3.507,0.408375
47.0,3.50675,0.408375
47.0,3.506625,0.40825
47.0,3.506,0.40825
47.0,3.507,0.408125
47.0,3.5075,0.408125
47.0,3.507875,0.408
47.0,3.50825,0.408125
47.0,3.50725,0.4085
47.0,3.506625,0.408375
47.0,3.505875,0.408375
47.0,3.505875,0.408375
47.0,3.505125,0.40825
47.0,3.505125,0.40825
47.0,3.50575,0.408375
47.0,3.507,0.408625
47.0,3.507125,0.4085
47.0,3.506875,0.408625
47.0,3.506875,0.4085
47.0,3.5065,0.408125
47.0,3.506375,0.40825
47.0,3.50775,0.40825
47.0,3.5085,0.408125
47.0,3.507875,0.408
47.0,3.507375,0.4085
47.0,3.50675,0.40875
47.0,3.506375,0.408625
47.0,3.506125,0.4085
47.0,3.50525,0.408125
47.0,3.50525,0.408125
47.0,3.505125,0.408125
47.0,3.5065,0.408375
47.0,3.507125,0.408625
47.0,3.50725,0.408625
47.0,3.50675,0.4085
47.0,3.506625,0.4085
47.0,3.50625,0.40825
47.0,3.506125,0.40825
47.0,3.50725,0.408125
47.0,3.50825,0.40825
47.0,3.50825,0.4085
47.0,3.50725,0.408375
47.0,3.506875,0.40825
47.0,3.50625,0.408375
48.0,3.5065,0.4485
48.0,3.506125,0.448375
48.0,3.506625,0.44825
48.0,3.508125,0.448375
48.0,3.50875,0.448375
48.0,3.507875,0.448125
48.0,3.506375,0.4485
48.0,3.5065,0.448375
48.0,3.5065,0.448375
48.0,3.50625,0.448375
48.0,3.505625,0.448375
48.0,3.50525,0.4485
48.0,3.505625,0.448625
48.0,3.506625,0.448625
48.0,3.507375,0.44875
48.0,3.507,0.448875
48.0,3.5065,0.4485
48.0,3.506125,0.448375
48.0,3.505875,0.448375
48.0,3.507,0.448375
48.0,3.50825,0.448375
48.0,3.50825,0.44825
48.0,3.50775,0.44825
48.0,3.50675,0.44825
48.0,3.50675,0.44825
48.0,3.506375,0.44825
48.0,3.505875,0.448375
48.0,3.505625,0.4485
48.0,3.505125,0.4485
48.0,3.505375,0.4485
48.0,3.507,0.448875
48.0,3.5075,0.448875
48.0,3.50675,0.44875
48.0,3.506375,0.448375
48.0,3.506125,0.448375
48.0,3.5065,0.448375
48.0,3.5075,0.448625
48.0,3.508125,0.448375
48.0,3.50825,0.44825
48.0,3.50725,0.44875
48.0,3.506375,0.44875
48.0,3.506375,0.44875
48.0,3.506125,0.4485
48.0,3.506,0.448625
48.0,3.505875,0.4485
48.0,3.505625,0.4485
48.0,3.5065,0.448625
48.0,3.50725,0.449
48.0,3.507125,0.448875
48.0,3.5065,0.448375
48.0,3.506875,0.448125
48.0,3.5065,0.448375
48.0,3.506875,0.44825
48.0,3.50825,0.44825
48.0,3.508375,0.44825
48.0,3.507875,0.448
48.0,3.507375,0.448125
48.0,3.507375,0.448125
48.0,3.50675,0.448375
48.0,3.506375,0.448375
48.0,3.505875,0.4485
48.0,3.505375,0.4485
48.0,3.505625,0.4485
48.0,3.507,0.448625
48.0,3.5075,0.4485
48.0,3.507,0.44825
48.0,3.506625,0.4485
48.0,3.50675,0.448375
48.0,3.506625,0.448375
48.0,3.507125,0.4485
48.0,3.50825,0.4485
48.0,3.508375,0.4485
48.0,3.508,0.4485
48.0,3.508,0.4485
48.0,3.506625,0.448125
48.0,3.506375,0.448125
48.0,3.506125,0.44825
48.0,3.50575,0.448375
48.0,3.505375,0.448375
48.0,3.50575,0.4485
48.0,3.507,0.448625
48.0,3.507375,0.44875
48.0,3.506875,0.448625
48.0,3.5065,0.4485
48.0,3.50625,0.4485
48.0,3.506125,0.448375
48.0,3.507,0.448375
48.0,3.508,0.44825
48.0,3.508125,0.44825
48.0,3.508125,0.448
48.0,3.507625,0.448
48.0,3.50675,0.4485
48.0,3.506125,0.4485
48.0,3.505875,0.448375
48.0,3.505625,0.448375
48.0,3.5055,0.448375
48.0,3.506375,0.448625
48.0,3.50725,0.44875
48.0,3.506875,0.44875
48.0,3.5065,0.448625
48.0,3.507125,0.448375
48.0,3.506625,0.448375
48.0,3.507,0.44825
48.0,3.507875,0.448375
48.0,3.50825,0.448375
48.0,3.508125,0.448375
48.0,3.508125,0.448375
48.0,3.50675,0.448375
48.0,3.506125,0.448375
48.0,3.506,0.448375
48.0,3.506,0.4485
48.0,3.5055,0.4485
48.0,3.505875,0.4485
48.0,3.506625,0.448625
48.0,3.507625,0.44875
48.0,3.50725,0.448125
48.0,3.50675,0.448625
48.0,3.506875,0.4485
48.0,3.506875,0.4485
48.0,3.5075,0.44825
48.0,3.508625,0.448375
48.0,3.508625,0.44825
48.0,3.508625,0.44825
48.0,3.50775,0.448625
48.0,3.506625,0.448875
48.0,3.506125,0.44875
48.0,3.506,0.448625
48.0,3.505375,0.448625
48.0,3.505,0.4485
48.0,3.50575,0.448625
48.0,3.5065,0.448625
48.0,3.50775,0.449
48.0,3.5075,0.448625
48.0,3.50675,0.448625
48.0,3.506125,0.44825
48.0,3.506375,0.448375
48.0,3.5075,0.448375
48.0,3.508625,0.448375
48.0,3.508625,0.448375
48.0,3.5085,0.4485
48.0,3.507125,0.44875
48.0,3.506375,0.448625
48.0,3.5065,0.4485
48.0,3.506125,0.4485
48.0,3.505875,0.448375
48.0,3.505375,0.448375
48.0,3.506,0.4485
48.0,3.50725,0.44875
48.0,3.507375,0.449
48.0,3.5065,0.448625
48.0,3.506625,0.4485
48.0,3.50625,0.4485
48.0,3.506625,0.448375
48.0,3.508,0.448375
48.0,3.508,0.44825
48.0,3.508625,0.44825
48.0,3.5085,0.448375
48.0,3.50725,0.44875
48.0,3.506125,0.44875
48.0,3.5065,0.448875
48.0,3.506375,0.448625
48.0,3.5055,0.448375
48.0,3.505375,0.4485
48.0,3.506625,0.448625
48.0,3.50775,0.44875
48.0,3.507375,0.44875
48.0,3.50675,0.44875
48.0,3.506375,0.448625
48.0,3.505875,0.448375
49.0,3.507,0.49025
49.0,3.50625,0.49
49.0,3.506375,0.49
49.0,3.506,0.490125
49.0,3.50525,0.49025
49.0,3.504875,0.49025
49.0,3.506125,0.4905
49.0,3.50725,0.4905
49.0,3.50725,0.4905
49.0,3.50725,0.490375
49.0,3.507375,0.49025
49.0,3.506875,0.490375
49.0,3.50625,0.490125
49.0,3.506625,0.489875
49.0,3.507875,0.49
49.0,3.508375,0.49
49.0,3.508375,0.490125
49.0,3.507375,0.490125
49.0,3.50625,0.49
49.0,3.506,0.49025
49.0,3.50575,0.49025
49.0,3.505125,0.49025
49.0,3.50525,0.490125
49.0,3.50625,0.490375
49.0,3.5075,0.49025
49.0,3.5075,0.49025
49.0,3.50725,0.490375
49.0,3.506875,0.49025
49.0,3.50675,0.490125
49.0,3.506625,0.49025
49.0,3.50725,0.489875
49.0,3.508125,0.490125
49.0,3.508125,0.490125
49.0,3.507625,0.49
49.0,3.50675,0.490125
49.0,3.505875,0.490125
49.0,3.506125,0.490375
49.0,3.50625,0.49025
49.0,3.505625,0.49025
49.0,3.50625,0.49025
49.0,3.507125,0.490625
49.0,3.507125,0.490625
49.0,3.50725,0.4905
49.0,3.50675,0.490125
49.0,3.5065,0.49
49.0,3.506,0.490125
49.0,3.505875,0.490125
49.0,3.5075,0.49
49.0,3.508625,0.49
49.0,3.508625,0.49025
49.0,3.508,0.4905
49.0,3.50675,0.49025
49.0,3.506,0.490125
49.0,3.5055,0.49025
49.0,3.505375,0.490375
49.0,3.505375,0.49025
49.0,3.506,0.49025
49.0,3.506,0.49025
49.0,3.50725,0.4905
49.0,3.50725,0.4905
49.0,3.507,0.49025
49.0,3.50675,0.490125
49.0,3.506125,0.490125
49.0,3.50675,0.490125
49.0,3.50825,0.490125
49.0,3.508625,0.490125
49.0,3.508125,0.490125
49.0,3.507125,0.49025
49.0,3.506625,0.490375
49.0,3.5065,0.49025
49.0,3.50625,0.490375
49.0,3.505375,0.490125
49.0,3.50575,0.49025
49.0,3.50575,0.49025
49.0,3.506625,0.49025
49.0,3.50725,0.49025
49.0,3.507375,0.490375
49.0,3.507125,0.490125
49.0,3.50675,0.49
49.0,3.50625,0.49
49.0,3.50675,0.49
49.0,3.508125,0.490125
49.0,3.508375,0.490125
49.0,3.507625,0.490125
49.0,3.50625,0.49025
49.0,3.506,0.490375
49.0,3.506,0.490375
49.0,3.50575,0.49025
49.0,3.505625,0.49025
49.0,3.505875,0.49025
49.0,3.505875,0.4905
49.0,3.507,0.4905
49.0,3.5075,0.490375
49.0,3.50675,0.490375
49.0,3.506875,0.4905
49.0,3.5065,0.49025
49.0,3.506625,0.490125
49.0,3.50775,0.490125
49.0,3.50825,0.490125
49.0,3.50825,0.49
49.0,3.5075,0.490125
49.0,3.506625,0.490375
49.0,3.50625,0.490375
49.0,3.50575,0.490375
49.0,3.505125,0.490375
49.0,3.505125,0.490375
49.0,3.505125,0.49025
49.0,3.506,0.490375
49.0,3.506875,0.490375
49.0,3.50725,0.49025
49.0,3.507125,0.49025
49.0,3.506875,0.49025
49.0,3.506625,0.490125
49.0,3.507,0.490125
49.0,3.508125,0.490125
49.0,3.508625,0.49
49.0,3.5085,0.490125
49.0,3.50725,0.490375
49.0,3.50625,0.49025
49.0,3.506,0.49025
49.0,3.506125,0.49025
49.0,3.505375,0.490125
49.0,3.505375,0.490125
49.0,3.505125,0.490375
49.0,3.50625,0.490375
49.0,3.50725,0.490375
49.0,3.5065,0.49025
49.0,3.506625,0.49025
49.0,3.507,0.49025
49.0,3.506375,0.49025
49.0,3.507125,0.490125
49.0,3.50825,0.490125
49.0,3.5085,0.490125
49.0,3.50775,0.490375
49.0,3.506375,0.49025
49.0,3.506,0.490375
49.0,3.50575,0.490375
49.0,3.50575,0.49025
49.0,3.50575,0.49025
49.0,3.5055,0.49025
49.0,3.50625,0.490375
49.0,3.507,0.49025
49.0,3.506875,0.490375
49.0,3.50675,0.49025
49.0,3.506625,0.490125
49.0,3.50675,0.49
49.0,3.506375,0.49
49.0,3.507125,0.490125
49.0,3.50825,0.489875
49.0,3.5085,0.49
49.0,3.507875,0.490125
49.0,3.50675,0.4905
49.0,3.50625,0.490125
49.0,3.505875,0.49025
49.0,3.505875,0.49025
49.0,3.505375,0.49025
49.0,3.5055,0.49025
49.0,3.506375,0.4905
49.0,3.5075,0.4905
49.0,3.50725,0.490375
49.0,3.506875,0.49025
49.0,3.5065,0.49025
49.0,3.506125,0.490375
49.0,3.5065,0.490125
49.0,3.507625,0.49025
49.0,3.5085,0.490125
49.0,3.508375,0.490375
49.0,3.50725,0.490625
49.0,3.50675,0.4905
50.0,3.505875,0.5335
50.0,3.50575,0.533625
50.0,3.5055,0.5335
50.0,3.505875,0.533625
50.0,3.507125,0.533625
50.0,3.5075,0.533875
50.0,3.507375,0.53375
50.0,3.507125,0.533875
50.0,3.507125,0.533875
50.0,3.5065,0.5335
50.0,3.506375,0.53325
50.0,3.5075,0.5335
50.0,3.508375,0.53325
50.0,3.508125,0.533375
50.0,3.507375,0.5335
50.0,3.506375,0.53325
50.0,3.506125,0.53325
50.0,3.50575,0.533375
50.0,3.50575,0.5335
50.0,3.5055,0.533375
50.0,3.50625,0.5335
50.0,3.507125,0.533625
50.0,3.507,0.53375
50.0,3.506375,0.53375
50.0,3.50675,0.5335
50.0,3.50675,0.5335
50.0,3.506375,0.53325
50.0,3.50675,0.533375
50.0,3.50775,0.533375
50.0,3.507875,0.53325
50.0,3.50775,0.53325
50.0,3.506875,0.5335
50.0,3.506375,0.5335
50.0,3.50675,0.53325
50.0,3.506,0.5335
50.0,3.505125,0.53375
50.0,3.5055,0.533625
50.0,3.506625,0.53375
50.0,3.50775,0.534125
50.0,3.507375,0.53375
50.0,3.506625,0.533625
50.0,3.506625,0.533625
50.0,3.50625,0.5335
50.0,3.506375,0.533375
50.0,3.506875,0.533375
50.0,3.508,0.533375
50.0,3.508625,0.533375
50.0,3.50825,0.5335
50.0,3.50675,0.533875
50.0,3.506125,0.533875
50.0,3.50625,0.5335
50.0,3.505625,0.53375
50.0,3.505,0.5335
50.0,3.505875,0.533625
50.0,3.507375,0.53375
50.0,3.507625,0.533875
50.0,3.506625,0.53375
50.0,3.506625,0.53375
50.0,3.50625,0.5335
50.0,3.50625,0.533375
50.0,3.506125,0.533375
50.0,3.5075,0.533375
50.0,3.50875,0.53325
50.0,3.5085,0.53325
50.0,3.50725,0.5335
50.0,3.5065,0.533625
50.0,3.506,0.5335
50.0,3.505875,0.533625
50.0,3.5055,0.5335
50.0,3.50525,0.533625
50.0,3.506125,0.53375
50.0,3.5075,0.533875
50.0,3.50725,0.53375
50.0,3.50725,0.53375
50.0,3.50675,0.533625
50.0,3.5065,0.5335
50.0,3.50625,0.5335
50.0,3.506375,0.5335
50.0,3.507875,0.533375
50.0,3.508625,0.533375
50.0,3.508,0.5335
50.0,3.5075,0.533375
50.0,3.5065,0.533375
50.0,3.506125,0.533375
50.0,3.50575,0.5335
50.0,3.5055,0.533375
50.0,3.505625,0.533375
50.0,3.5065,0.53375
50.0,3.507375,0.533875
50.0,3.507375,0.533875
50.0,3.507375,0.533875
50.0,3.507125,0.5335
50.0,3.506875,0.533375
50.0,3.506375,0.53325
50.0,3.50675,0.533375
50.0,3.507875,0.5335
50.0,3.50825,0.533375
50.0,3.50825,0.5335
50.0,3.50725,0.5335
50.0,3.506375,0.533375
50.0,3.50575,0.5335
50.0,3.506125,0.533375
50.0,3.505625,0.533375
50.0,3.50575,0.533625
50.0,3.506625,0.53375
50.0,3.507375,0.533875
50.0,3.507375,0.533875
50.0,3.506875,0.533375
50.0,3.507,0.533375
50.0,3.50675,0.5335
50.0,3.506375,0.533375
50.0,3.506875,0.5335
50.0,3.508125,0.5335
50.0,3.508625,0.53325
50.0,3.5075,0.5335
50.0,3.5065,0.53375
50.0,3.50625,0.5335
50.0,3.505875,0.533375
50.0,3.50525,0.533625
50.0,3.50525,0.533375
50.0,3.506,0.53375
50.0,3.507375,0.53375
50.0,3.507375,0.53375
50.0,3.507875,0.534
50.0,3.506875,0.533625
50.0,3.5065,0.5335
50.0,3.506375,0.5335
50.0,3.5065,0.533375
50.0,3.507625,0.533375
50.0,3.508,0.53325
50.0,3.5075,0.533375
50.0,3.507,0.53325
50.0,3.505875,0.5335
50.0,3.506125,0.533375
50.0,3.505875,0.533625
50.0,3.5055,0.533375
50.0,3.50575,0.5335
50.0,3.506625,0.5335
50.0,3.506625,0.5335
50.0,3.507375,0.533875
50.0,3.507125,0.533875
50.0,3.507,0.533625
50.0,3.506875,0.5335
50.0,3.5065,0.5335
50.0,3.507,0.5335
50.0,3.508125,0.5335
50.0,3.50825,0.53325
50.0,3.5075,0.5335
50.0,3.506375,0.533625
50.0,3.506125,0.5335
50.0,3.505875,0.533375
50.0,3.506125,0.5335
50.0,3.505625,0.5335
50.0,3.506,0.533625
50.0,3.506,0.533875
50.0,3.507375,0.533875
50.0,3.507625,0.53375
50.0,3.50725,0.533875
50.0,3.506625,0.53375
50.0,3.50625,0.533625
50.0,3.505875,0.533375
50.0,3.507125,0.533375
50.0,3.507875,0.533375
50.0,3.508625,0.53325
50.0,3.508125,0.533375
50.0,3.507,0.5335
50.0,3.50625,0.53325
50.0,3.50625,0.5335
50.0,3.505625,0.5335
51.0,3.506375,0.57825
51.0,3.507875,0.578125
51.0,3.508125,0.57825
51.0,3.507875,0.57825
51.0,3.507125,0.578125
51.0,3.50625,0.578375
51.0,3.506,0.5785
51.0,3.50575,0.578375
51.0,3.50575,0.578375
51.0,3.50525,0.578375
51.0,3.505375,0.578375
51.0,3.5065,0.5785
51.0,3.507375,0.578375
51.0,3.5075,0.5785
51.0,3.506625,0.5785
51.0,3.506375,0.57825
51.0,3.506125,0.57825
51.0,3.506875,0.578125
51.0,3.507875,0.57825
51.0,3.5085,0.57825
51.0,3.508,0.57825
51.0,3.5065,0.578375
51.0,3.50625,0.578625
51.0,3.50575,0.5785
51.0,3.50575,0.578375
51.0,3.50525,0.578375
51.0,3.505125,0.578375
51.0,3.50575,0.578375
51.0,3.5065,0.578375
51.0,3.507,0.578375
51.0,3.50675,0.578375
51.0,3.5065,0.578625
51.0,3.50625,0.578625
51.0,3.506375,0.578375
51.0,3.507375,0.578375
51.0,3.508125,0.57825
51.0,3.50825,0.578125
51.0,3.5075,0.578125
51.0,3.5065,0.578625
51.0,3.5065,0.5785
51.0,3.506,0.578375
51.0,3.506,0.578375
51.0,3.5055,0.578375
51.0,3.5055,0.578375
51.0,3.50625,0.578375
51.0,3.507125,0.5785
51.0,3.507125,0.5785
51.0,3.50675,0.578625
51.0,3.506625,0.57825
51.0,3.506,0.57825
51.0,3.50675,0.578125
51.0,3.508,0.57825
51.0,3.508375,0.578125
51.0,3.508125,0.578125
51.0,3.507125,0.57825
51.0,3.50625,0.57825
51.0,3.50625,0.5785
51.0,3.50625,0.5785
51.0,3.506,0.578375
51.0,3.50525,0.5785
51.0,3.50525,0.578375
51.0,3.50625,0.5785
51.0,3.50725,0.5785
51.0,3.50725,0.57875
51.0,3.506625,0.578375
51.0,3.506125,0.578375
51.0,3.506375,0.57825
51.0,3.507125,0.578375
51.0,3.508125,0.57825
51.0,3.508625,0.578125
51.0,3.508,0.57825
51.0,3.50675,0.578625
51.0,3.505875,0.578375
51.0,3.505875,0.578375
51.0,3.505875,0.578125
51.0,3.5055,0.578375
51.0,3.505,0.578375
51.0,3.5055,0.57825
51.0,3.506625,0.5785
51.0,3.507125,0.5785
51.0,3.506625,0.578625
51.0,3.506875,0.578375
51.0,3.50675,0.578375
51.0,3.506375,0.57825
51.0,3.507,0.57825
51.0,3.508375,0.57825
51.0,3.508875,0.57825
51.0,3.50775,0.578375
51.0,3.506625,0.578375
51.0,3.506625,0.57825
51.0,3.506625,0.57825
51.0,3.506375,0.57825
51.0,3.505625,0.57825
51.0,3.505125,0.578375
51.0,3.50625,0.5785
51.0,3.507125,0.57875
51.0,3.50675,0.578625
51.0,3.50675,0.578125
51.0,3.507,0.57775
51.0,3.506125,0.578
51.0,3.505875,0.578125
51.0,3.507625,0.57825
51.0,3.50875,0.57825
51.0,3.508,0.578125
51.0,3.50675,0.578125
51.0,3.5065,0.578125
51.0,3.5065,0.578125
51.0,3.506375,0.57825
51.0,3.505625,0.578375
51.0,3.50525,0.578375
51.0,3.5055,0.578375
51.0,3.506125,0.578625
51.0,3.507,0.578625
51.0,3.5075,0.5785
51.0,3.507125,0.578375
51.0,3.50675,0.578
51.0,3.50625,0.57825
51.0,3.50675,0.578375
51.0,3.507875,0.57825
51.0,3.5085,0.578375
51.0,3.5085,0.578375
51.0,3.506875,0.578125
51.0,3.506875,0.578125
51.0,3.50625,0.57825
51.0,3.5065,0.578125
51.0,3.505875,0.578125
51.0,3.5055,0.578375
51.0,3.505625,0.5785
51.0,3.5065,0.57875
51.0,3.507375,0.578875
51.0,3.506625,0.578625
51.0,3.50625,0.57825
51.0,3.506125,0.578375
51.0,3.50625,0.57825
51.0,3.50725,0.578125
51.0,3.508375,0.578125
51.0,3.5085,0.57825
51.0,3.5075,0.578125
51.0,3.5075,0.578125
51.0,3.5065,0.5785
51.0,3.50625,0.578375
51.0,3.50625,0.578375
51.0,3.505875,0.57825
51.0,3.505125,0.578375
51.0,3.505375,0.5785
51.0,3.507125,0.578625
51.0,3.507125,0.578625
51.0,3.506625,0.578375
51.0,3.50675,0.578375
51.0,3.506125,0.57825
51.0,3.5065,0.57825
51.0,3.50775,0.57825
51.0,3.50825,0.578125
51.0,3.50825,0.57825
51.0,3.50825,0.57825
51.0,3.5075,0.57825
51.0,3.50625,0.578375
51.0,3.50625,0.578125
51.0,3.50625,0.57825
51.0,3.505125,0.57825
51.0,3.505,0.57825
51.0,3.50625,0.578375
51.0,3.507125,0.5785
51.0,3.50725,0.578625
51.0,3.50675,0.57875
51.0,3.506875,0.57825
51.0,3.50625,0.57825
51.0,3.506625,0.57825
51.0,3.50825,0.578375
52.0,3.505875,0.623875
52.0,3.507125,0.623875
52.0,3.507625,0.624125
52.0,3.507125,0.624
52.0,3.507,0.62375
52.0,3.506375,0.62375
52.0,3.506125,0.623625
52.0,3.5075,0.623625
52.0,3.5075,0.623625
52.0,3.508625,0.6235
52.0,3.50875,0.6235
52.0,3.507375,0.623625
52.0,3.506375,0.6235
52.0,3.505875,0.6235
52.0,3.50575,0.623625
52.0,3.505625,0.62375
52.0,3.505375,0.623875
52.0,3.505875,0.623875
52.0,3.50675,0.624
52.0,3.506875,0.62375
52.0,3.5065,0.6235
52.0,3.5065,0.623625
52.0,3.506125,0.623625
52.0,3.5065,0.62375
52.0,3.5065,0.62375
52.0,3.507625,0.62375
52.0,3.50875,0.623625
52.0,3.508375,0.623625
52.0,3.50675,0.623875
52.0,3.506125,0.623625
52.0,3.5065,0.624
52.0,3.50575,0.624
52.0,3.505125,0.623875
52.0,3.50525,0.623875
52.0,3.505875,0.624125
52.0,3.507125,0.624125
52.0,3.507125,0.623875
52.0,3.507,0.623875
52.0,3.5065,0.623375
52.0,3.506,0.6235
52.0,3.5065,0.623625
52.0,3.5065,0.623625
52.0,3.50825,0.62375
52.0,3.508625,0.62375
52.0,3.507375,0.624
52.0,3.50625,0.62375
52.0,3.50575,0.623875
52.0,3.505875,0.624
52.0,3.50575,0.623875
52.0,3.5055,0.62375
52.0,3.5055,0.623875
52.0,3.50675,0.624125
52.0,3.5075,0.623875
52.0,3.506875,0.62375
52.0,3.506375,0.623625
52.0,3.506625,0.623625
52.0,3.506375,0.62375
52.0,3.506375,0.62375
52.0,3.506875,0.62375
52.0,3.50775,0.623875
52.0,3.50825,0.623625
52.0,3.50725,0.62375
52.0,3.506375,0.624375
52.0,3.505875,0.62425
52.0,3.506,0.624
52.0,3.50575,0.623875
52.0,3.5055,0.623875
52.0,3.505875,0.624
52.0,3.506875,0.62425
52.0,3.50725,0.624
52.0,3.50675,0.62375
52.0,3.5065,0.623875
52.0,3.506125,0.62375
52.0,3.506125,0.62375
52.0,3.50675,0.62375
52.0,3.508,0.623625
52.0,3.50825,0.62325
52.0,3.507875,0.623625
52.0,3.507,0.624125
52.0,3.50575,0.623625
52.0,3.50575,0.62375
52.0,3.50575,0.62375
52.0,3.5055,0.62375
52.0,3.5055,0.62375
52.0,3.50625,0.624
52.0,3.5075,0.624125
52.0,3.50725,0.62375
52.0,3.50725,0.623625
52.0,3.507125,0.6235
52.0,3.506625,0.623625
52.0,3.506625,0.623625
52.0,3.506625,0.6235
52.0,3.508,0.623625
52.0,3.5085,0.623625
52.0,3.507875,0.623875
52.0,3.506625,0.624
52.0,3.50575,0.623875
52.0,3.5065,0.62375
52.0,3.50625,0.624
52.0,3.505625,0.623875
52.0,3.50575,0.623875
52.0,3.50675,0.624
52.0,3.507125,0.624125
52.0,3.50675,0.623625
52.0,3.50675,0.6235
52.0,3.506625,0.623875
52.0,3.506625,0.623875
52.0,3.5065,0.623875
52.0,3.50725,0.623875
52.0,3.507875,0.62375
52.0,3.508,0.623625
52.0,3.50725,0.623625
52.0,3.506375,0.623625
52.0,3.506125,0.62375
52.0,3.505625,0.62375
52.0,3.505125,0.623875
52.0,3.5055,0.62375
52.0,3.50625,0.624
52.0,3.507125,0.62425
52.0,3.50725,0.624125
52.0,3.506625,0.623875
52.0,3.5065,0.62375
52.0,3.5065,0.62375
52.0,3.50625,0.6235
52.0,3.506125,0.62375
52.0,3.507625,0.623875
52.0,3.5085,0.62375
52.0,3.508,0.62375
52.0,3.50725,0.62375
52.0,3.506,0.6235
52.0,3.505625,0.623875
52.0,3.5055,0.624125
52.0,3.505375,0.623875
52.0,3.505625,0.623875
52.0,3.506,0.624
52.0,3.506875,0.624125
52.0,3.507,0.624125
52.0,3.506875,0.623625
52.0,3.506875,0.623625
52.0,3.506625,0.623625
52.0,3.506375,0.6235
52.0,3.507,0.62375
52.0,3.508125,0.62375
52.0,3.508875,0.6235
52.0,3.50825,0.623625
52.0,3.50675,0.62375
52.0,3.505875,0.62375
52.0,3.505875,0.62375
52.0,3.505375,0.624
52.0,3.505125,0.62375
52.0,3.5055,0.623875
52.0,3.5065,0.624125
52.0,3.507125,0.62425
52.0,3.506875,0.624125
52.0,3.506875,0.624125
52.0,3.5065,0.623875
52.0,3.506125,0.623625
52.0,3.50625,0.62375
52.0,3.507375,0.623625
52.0,3.5085,0.623625
52.0,3.508875,0.6235
52.0,3.508125,0.6235
52.0,3.506375,0.62375
52.0,3.50625,0.6235
52.0,3.5065,0.623625
52.0,3.505875,0.62375
52.0,3.505625,0.62375
52.0,3.506375,0.624
52.0,3.507125,0.624
53.0,3.50825,0.671125
53.0,3.5075,0.6715
53.0,3.5065,0.6715
53.0,3.50675,0.671375
53.0,3.505875,0.6715
53.0,3.50525,0.6715
53.0,3.5055,0.671375
53.0,3.506375,0.6715
53.0,3.506375,0.671875
53.0,3.507375,0.671875
53.0,3.50725,0.671875
53.0,3.50675,0.671625
53.0,3.50675,0.67125
53.0,3.5065,0.67125
53.0,3.5065,0.671375
53.0,3.507125,0.67125
53.0,3.50825,0.67125
53.0,3.508625,0.67125
53.0,3.507625,0.671375
53.0,3.506375,0.671625
53.0,3.506125,0.67125
53.0,3.505875,0.671375
53.0,3.50575,0.671375
53.0,3.505875,0.67125
53.0,3.506375,0.671625
53.0,3.506375,0.671625
53.0,3.507375,0.671625
53.0,3.507125,0.671375
53.0,3.50675,0.671125
53.0,3.506375,0.67125
53.0,3.50625,0.671375
53.0,3.50675,0.671375
53.0,3.507875,0.671375
53.0,3.5085,0.67125
53.0,3.508,0.6715
53.0,3.50675,0.67175
53.0,3.506125,0.671375
53.0,3.50625,0.67125
53.0,3.506125,0.6715
53.0,3.50525,0.6715
53.0,3.505,0.671375
53.0,3.505,0.671375
53.0,3.507,0.671625
53.0,3.507625,0.671625
53.0,3.50675,0.67175
53.0,3.506625,0.671875
53.0,3.506625,0.6715
53.0,3.506375,0.671375
53.0,3.507375,0.67125
53.0,3.508375,0.67125
53.0,3.50875,0.671
53.0,3.508,0.671
53.0,3.506875,0.671375
53.0,3.50625,0.6715
53.0,3.506,0.6715
53.0,3.5055,0.6715
53.0,3.505375,0.6715
53.0,3.505375,0.6715
53.0,3.506125,0.671625
53.0,3.506875,0.67175
53.0,3.507125,0.6715
53.0,3.506875,0.6715
53.0,3.50675,0.67125
53.0,3.50625,0.6715
53.0,3.506125,0.671375
53.0,3.507625,0.67125
53.0,3.50875,0.671125
53.0,3.508125,0.67125
53.0,3.506625,0.671375
53.0,3.50625,0.671375
53.0,3.50625,0.6715
53.0,3.505625,0.6715
53.0,3.505125,0.6715
53.0,3.505125,0.6715
53.0,3.50525,0.6715
53.0,3.5065,0.67175
53.0,3.50725,0.67175
53.0,3.50725,0.672
53.0,3.50725,0.671625
53.0,3.50675,0.6715
53.0,3.50625,0.671375
53.0,3.506625,0.67125
53.0,3.507875,0.671375
53.0,3.50875,0.671125
53.0,3.508375,0.671375
53.0,3.50725,0.67175
53.0,3.5065,0.67125
53.0,3.506375,0.6715
53.0,3.506,0.6715
53.0,3.506,0.671625
53.0,3.505625,0.671625
53.0,3.50575,0.671625
53.0,3.506125,0.67175
53.0,3.50725,0.671625
53.0,3.50675,0.671625
53.0,3.506875,0.6715
53.0,3.507,0.671375
53.0,3.506,0.671375
53.0,3.506625,0.67125
53.0,3.508125,0.67125
53.0,3.50825,0.671125
53.0,3.50825,0.671375
53.0,3.50675,0.6715
53.0,3.506,0.671375
53.0,3.505875,0.671375
53.0,3.505375,0.671375
53.0,3.505375,0.671375
53.0,3.505375,0.671375
53.0,3.506125,0.6715
53.0,3.50675,0.67175
53.0,3.506875,0.67175
53.0,3.507,0.671625
53.0,3.506875,0.671375
53.0,3.50675,0.671375
53.0,3.506875,0.671375
53.0,3.5075,0.67125
53.0,3.5085,0.67125
53.0,3.50925,0.671375
53.0,3.50775,0.6715
53.0,3.506375,0.671625
53.0,3.506375,0.671375
53.0,3.506375,0.6715
53.0,3.506375,0.6715
53.0,3.505375,0.6715
53.0,3.505125,0.6715
53.0,3.506375,0.6715
53.0,3.507375,0.671875
53.0,3.50725,0.672
53.0,3.506625,0.67175
53.0,3.5065,0.67125
53.0,3.5065,0.671375
53.0,3.506875,0.671375
53.0,3.508125,0.67125
53.0,3.5085,0.67125
53.0,3.50825,0.6715
53.0,3.50725,0.67125
53.0,3.506375,0.671375
53.0,3.505875,0.671375
53.0,3.505875,0.671375
53.0,3.50575,0.6715
53.0,3.505875,0.6715
53.0,3.50575,0.6715
53.0,3.506375,0.671625
53.0,3.5075,0.671625
53.0,3.506375,0.671625
53.0,3.506375,0.671125
53.0,3.50675,0.671125
53.0,3.506375,0.671375
53.0,3.507125,0.671375
53.0,3.508125,0.671125
53.0,3.508375,0.671125
53.0,3.5075,0.671125
53.0,3.506875,0.6715
53.0,3.506625,0.67125
53.0,3.506625,0.6715
53.0,3.5065,0.6715
53.0,3.506125,0.6715
53.0,3.50575,0.671375
53.0,3.505625,0.6715
53.0,3.50675,0.672
53.0,3.507625,0.671875
53.0,3.507125,0.671375
53.0,3.506875,0.671125
53.0,3.5065,0.671125
53.0,3.506125,0.6715
53.0,3.507,0.671375
53.0,3.50825,0.671375
53.0,3.508375,0.671125
53.0,3.50775,0.67125
54.0,3.50625,0.72025
54.0,3.5065,0.72025
54.0,3.5075,0.720125
54.0,3.5085,0.72
54.0,3.50825,0.72025
54.0,3.506875,0.7205
54.0,3.506375,0.7205
54.0,3.50625,0.72025
54.0,3.50625,0.72025
54.0,3.5055,0.72025
54.0,3.505,0.72025
54.0,3.505125,0.720375
54.0,3.506125,0.720375
54.0,3.507125,0.720375
54.0,3.507,0.7205
54.0,3.506125,0.72025
54.0,3.50625,0.72
54.0,3.50625,0.719875
54.0,3.506375,0.72
54.0,3.5075,0.72
54.0,3.508125,0.719875
54.0,3.50825,0.72025
54.0,3.506875,0.7205
54.0,3.505625,0.7205
54.0,3.505625,0.7205
54.0,3.505625,0.7205
54.0,3.505875,0.720375
54.0,3.50525,0.720375
54.0,3.505375,0.7205
54.0,3.506625,0.720375
54.0,3.50725,0.72075
54.0,3.506875,0.72075
54.0,3.50675,0.720625
54.0,3.506375,0.72025
54.0,3.50575,0.72025
54.0,3.506875,0.720375
54.0,3.508375,0.72
54.0,3.508375,0.72
54.0,3.507875,0.72
54.0,3.507,0.720375
54.0,3.5065,0.720375
54.0,3.5065,0.720375
54.0,3.506,0.7205
54.0,3.5055,0.72025
54.0,3.504875,0.72025
54.0,3.50575,0.720375
54.0,3.507,0.720625
54.0,3.507125,0.720625
54.0,3.506625,0.720625
54.0,3.50675,0.720375
54.0,3.5065,0.720125
54.0,3.50625,0.72025
54.0,3.507125,0.720125
54.0,3.5085,0.72
54.0,3.50875,0.72
54.0,3.50725,0.720125
54.0,3.50625,0.72025
54.0,3.50625,0.72025
54.0,3.506625,0.720375
54.0,3.506,0.72025
54.0,3.50525,0.72025
54.0,3.505375,0.720375
54.0,3.506625,0.7205
54.0,3.507,0.720625
54.0,3.507125,0.720625
54.0,3.506875,0.720375
54.0,3.50675,0.720125
54.0,3.506625,0.72025
54.0,3.506875,0.72025
54.0,3.508125,0.72
54.0,3.50875,0.720125
54.0,3.508375,0.72
54.0,3.507375,0.7205
54.0,3.507375,0.7205
54.0,3.50625,0.7205
54.0,3.506125,0.720375
54.0,3.505875,0.720375
54.0,3.505375,0.720375
54.0,3.5055,0.72025
54.0,3.506375,0.7205
54.0,3.507375,0.7205
54.0,3.50675,0.7205
54.0,3.50625,0.720375
54.0,3.506,0.720125
54.0,3.506125,0.72025
54.0,3.50675,0.72025
54.0,3.508,0.720125
54.0,3.5085,0.720125
54.0,3.5075,0.72025
54.0,3.506625,0.72025
54.0,3.506625,0.720625
54.0,3.506625,0.720625
54.0,3.506375,0.7205
54.0,3.506125,0.720375
54.0,3.505625,0.720375
54.0,3.505375,0.720375
54.0,3.50675,0.720375
54.0,3.50725,0.720375
54.0,3.506625,0.7205
54.0,3.5065,0.720375
54.0,3.50625,0.72
54.0,3.506125,0.720375
54.0,3.507,0.72025
54.0,3.50825,0.720125
54.0,3.508375,0.72025
54.0,3.507625,0.720375
54.0,3.507625,0.720375
54.0,3.50625,0.7205
54.0,3.505875,0.72025
54.0,3.505125,0.72025
54.0,3.505,0.72025
54.0,3.505125,0.72025
54.0,3.5055,0.720375
54.0,3.50625,0.720625
54.0,3.507,0.720375
54.0,3.507,0.720125
54.0,3.506625,0.720125
54.0,3.506,0.720125
54.0,3.506375,0.720125
54.0,3.507375,0.720125
54.0,3.507875,0.720125
54.0,3.508125,0.720125
54.0,3.508125,0.720125
54.0,3.50725,0.720125
54.0,3.5065,0.72025
54.0,3.5065,0.7205
54.0,3.50625,0.7205
54.0,3.505375,0.720375
54.0,3.505625,0.720375
54.0,3.50675,0.7205
54.0,3.507375,0.7205
54.0,3.5065,0.720125
54.0,3.50625,0.72
54.0,3.50675,0.720125
54.0,3.506125,0.72025
54.0,3.506375,0.720125
54.0,3.508125,0.72
54.0,3.5085,0.720125
54.0,3.5085,0.720125
54.0,3.50775,0.72025
54.0,3.506875,0.720125
54.0,3.505875,0.720375
54.0,3.50575,0.720125
54.0,3.505625,0.72025
54.0,3.505125,0.720375
54.0,3.5055,0.720375
54.0,3.506375,0.7205
54.0,3.507375,0.720625
54.0,3.506875,0.720375
54.0,3.5065,0.72025
54.0,3.506125,0.72025
54.0,3.506,0.72025
54.0,3.507125,0.72
54.0,3.508375,0.72
54.0,3.508375,0.72
54.0,3.5085,0.72
54.0,3.50775,0.720125
54.0,3.5065,0.72025
54.0,3.506,0.720375
54.0,3.5055,0.72025
54.0,3.505125,0.72025
54.0,3.504875,0.720125
54.0,3.505625,0.720625
54.0,3.507125,0.72075
54.0,3.507,0.7205
54.0,3.506375,0.72
54.0,3.506875,0.720125
54.0,3.506375,0.72025
54.0,3.506375,0.720125
55.0,3.506375,0.77025
55.0,3.50625,0.77025
55.0,3.50675,0.770375
55.0,3.5075,0.770375
55.0,3.508125,0.7705
55.0,3.507875,0.77025
55.0,3.507,0.770375
55.0,3.50625,0.7705
55.0,3.50625,0.7705
55.0,3.506125,0.7705
55.0,3.505875,0.7705
55.0,3.50575,0.7705
55.0,3.50575,0.770625
55.0,3.50675,0.77075
55.0,3.507625,0.77075
55.0,3.50725,0.771
55.0,3.506625,0.77075
55.0,3.5065,0.770625
55.0,3.5065,0.770375
55.0,3.507125,0.7705
55.0,3.508,0.77025
55.0,3.508,0.7705
55.0,3.507625,0.7705
55.0,3.507125,0.7705
55.0,3.5065,0.770375
55.0,3.5065,0.770375
55.0,3.505875,0.7705
55.0,3.5055,0.77075
55.0,3.505625,0.770625
55.0,3.50575,0.770625
55.0,3.506875,0.770875
55.0,3.50725,0.77075
55.0,3.5065,0.770375
55.0,3.506875,0.7705
55.0,3.506625,0.770375
55.0,3.506125,0.7705
55.0,3.507,0.770625
55.0,3.507875,0.770375
55.0,3.50825,0.770375
55.0,3.507625,0.770375
55.0,3.506625,0.7705
55.0,3.506625,0.7705
55.0,3.506,0.770375
55.0,3.50575,0.770375
55.0,3.505625,0.770625
55.0,3.50525,0.770375
55.0,3.5055,0.770625
55.0,3.5065,0.77075
55.0,3.5065,0.771125
55.0,3.50625,0.770625
55.0,3.506125,0.77025
55.0,3.506125,0.770375
55.0,3.506875,0.770375
55.0,3.507625,0.7705
55.0,3.50825,0.77025
55.0,3.507875,0.770125
55.0,3.507,0.77025
55.0,3.507,0.77025
55.0,3.50625,0.7705
55.0,3.506,0.770375
55.0,3.505625,0.770375
55.0,3.505625,0.770625
55.0,3.505375,0.77075
55.0,3.50575,0.770875
55.0,3.50675,0.77075
55.0,3.507,0.770625
55.0,3.506625,0.770625
55.0,3.5065,0.770375
55.0,3.506375,0.7705
55.0,3.506875,0.7705
55.0,3.508,0.77025
55.0,3.508375,0.77025
55.0,3.507625,0.770625
55.0,3.507625,0.770625
55.0,3.50625,0.7705
55.0,3.50575,0.7705
55.0,3.506,0.770625
55.0,3.505625,0.770625
55.0,3.50525,0.770625
55.0,3.505375,0.77075
55.0,3.506625,0.770875
55.0,3.506875,0.770875
55.0,3.50675,0.77075
55.0,3.5065,0.77025
55.0,3.506125,0.7705
55.0,3.50625,0.7705
55.0,3.5075,0.770375
55.0,3.50825,0.770375
55.0,3.5085,0.770375
55.0,3.507625,0.770625
55.0,3.507625,0.770625
55.0,3.506125,0.771
55.0,3.50575,0.77075
55.0,3.506,0.7705
55.0,3.506125,0.7705
55.0,3.5055,0.77075
55.0,3.50575,0.77075
55.0,3.50675,0.771
55.0,3.50725,0.77075
55.0,3.507125,0.770625
55.0,3.50675,0.770625
55.0,3.506125,0.770375
55.0,3.506125,0.7705
55.0,3.507625,0.77025
55.0,3.50825,0.770125
55.0,3.508,0.77025
55.0,3.508,0.77025
55.0,3.50725,0.770625
55.0,3.50625,0.77075
55.0,3.50625,0.770875
55.0,3.506,0.7705
55.0,3.505375,0.7705
55.0,3.50525,0.770625
55.0,3.506125,0.77075
55.0,3.50725,0.771
55.0,3.50725,0.771125
55.0,3.50725,0.770625
55.0,3.506625,0.770375
55.0,3.505875,0.770375
55.0,3.506875,0.770375
55.0,3.508,0.77025
55.0,3.5085,0.77025
55.0,3.5085,0.77025
55.0,3.50825,0.770375
55.0,3.50675,0.7705
55.0,3.505875,0.7705
55.0,3.506,0.7705
55.0,3.506,0.77075
55.0,3.50525,0.770625
55.0,3.505625,0.770625
55.0,3.506375,0.770875
55.0,3.50725,0.77075
55.0,3.506625,0.7705
55.0,3.5065,0.770375
55.0,3.5065,0.770375
55.0,3.506125,0.770375
55.0,3.506875,0.770375
55.0,3.50825,0.77025
55.0,3.50825,0.77025
55.0,3.50825,0.77025
55.0,3.507375,0.770375
55.0,3.5065,0.77075
55.0,3.506375,0.770625
55.0,3.506,0.77075
55.0,3.505625,0.77075
55.0,3.50525,0.7705
55.0,3.506,0.770625
55.0,3.506875,0.77075
55.0,3.507125,0.770625
55.0,3.50625,0.77075
55.0,3.506375,0.770625
55.0,3.506375,0.770375
55.0,3.50625,0.7705
55.0,3.50775,0.7705
55.0,3.508375,0.7705
55.0,3.508375,0.770375
55.0,3.508,0.77025
55.0,3.507125,0.77025
55.0,3.506375,0.7705
55.0,3.506,0.770375
55.0,3.505625,0.7705
55.0,3.505375,0.770625
55.0,3.50525,0.770625
55.0,3.506125,0.770625
55.0,3.50725,0.771
55.0,3.50675,0.771
55.0,3.5065,0.770375
55.0,3.506875,0.77025
55.0,3.506125,0.7705
56.0,3.5065,0.821875
56.0,3.506,0.82225
56.0,3.50575,0.822125
56.0,3.505125,0.82225
56.0,3.50475,0.822125
56.0,3.505125,0.82225
56.0,3.506,0.8225
56.0,3.506875,0.8225
56.0,3.506875,0.8225
56.0,3.506375,0.82225
56.0,3.506,0.822125
56.0,3.505875,0.821875
56.0,3.505625,0.822
56.0,3.50625,0.821875
56.0,3.507125,0.822
56.0,3.508125,0.822
56.0,3.507375,0.822125
56.0,3.50675,0.822375
56.0,3.506,0.822625
56.0,3.505625,0.82225
56.0,3.50525,0.82225
56.0,3.504625,0.82225
56.0,3.505,0.82225
56.0,3.50625,0.822375
56.0,3.507,0.822375
56.0,3.507,0.822375
56.0,3.506625,0.8225
56.0,3.50675,0.82225
56.0,3.50625,0.822125
56.0,3.505625,0.82225
56.0,3.506875,0.822
56.0,3.508125,0.821875
56.0,3.508,0.82175
56.0,3.506875,0.822
56.0,3.506375,0.821875
56.0,3.506,0.821875
56.0,3.5055,0.822125
56.0,3.505375,0.82225
56.0,3.50525,0.822125
56.0,3.506,0.822375
56.0,3.50675,0.8225
56.0,3.50675,0.8225
56.0,3.507,0.822375
56.0,3.506875,0.82225
56.0,3.5065,0.821875
56.0,3.506,0.822
56.0,3.506375,0.821875
56.0,3.507375,0.822
56.0,3.50825,0.821875
56.0,3.50825,0.821875
56.0,3.506875,0.822125
56.0,3.50575,0.82225
56.0,3.506,0.822
56.0,3.505875,0.822
56.0,3.5045,0.82225
56.0,3.504875,0.822125
56.0,3.506375,0.822375
56.0,3.506375,0.822375
56.0,3.507,0.8225
56.0,3.506375,0.82225
56.0,3.506,0.82225
56.0,3.505875,0.822
56.0,3.506,0.82225
56.0,3.50675,0.822
56.0,3.50775,0.822125
56.0,3.507875,0.821875
56.0,3.508,0.822
56.0,3.50675,0.822125
56.0,3.50625,0.822125
56.0,3.50575,0.822125
56.0,3.505125,0.822
56.0,3.50475,0.822
56.0,3.505125,0.82225
56.0,3.505125,0.82225
56.0,3.50625,0.822625
56.0,3.50725,0.8225
56.0,3.506625,0.822375
56.0,3.506,0.822
56.0,3.505875,0.822
56.0,3.506,0.822125
56.0,3.506375,0.821875
56.0,3.50775,0.82175
56.0,3.5085,0.82175
56.0,3.50775,0.822125
56.0,3.506625,0.82225
56.0,3.506125,0.822375
56.0,3.506125,0.822125
56.0,3.505625,0.822125
56.0,3.505,0.82225
56.0,3.505,0.82225
56.0,3.505625,0.822375
56.0,3.50675,0.822375
56.0,3.507,0.822375
56.0,3.5065,0.822
56.0,3.506625,0.821875
56.0,3.506125,0.822
56.0,3.506,0.822125
56.0,3.507125,0.821875
56.0,3.508125,0.82175
56.0,3.507625,0.821875
56.0,3.506875,0.822375
56.0,3.505875,0.822
56.0,3.505625,0.822
56.0,3.50525,0.82225
56.0,3.505,0.82225
56.0,3.504875,0.822125
56.0,3.504875,0.822125
56.0,3.505875,0.8225
56.0,3.506875,0.822375
56.0,3.507,0.8225
56.0,3.5065,0.822125
56.0,3.506375,0.822
56.0,3.50625,0.822
56.0,3.50675,0.822
56.0,3.50775,0.822
56.0,3.50825,0.821875
56.0,3.507875,0.82225
56.0,3.50625,0.82225
56.0,3.50575,0.822125
56.0,3.505375,0.822
56.0,3.50525,0.822125
56.0,3.504875,0.822125
56.0,3.504875,0.822125
56.0,3.505375,0.82225
56.0,3.50675,0.822375
56.0,3.507,0.8225
56.0,3.506625,0.8225
56.0,3.50675,0.822125
56.0,3.506125,0.822
56.0,3.505875,0.822
56.0,3.50675,0.821875
56.0,3.5075,0.821875
56.0,3.507875,0.821875
56.0,3.507625,0.822
56.0,3.506625,0.82225
56.0,3.506125,0.822375
56.0,3.5055,0.822125
56.0,3.505,0.822
56.0,3.505,0.822
56.0,3.505,0.822125
56.0,3.505375,0.822375
56.0,3.50675,0.8225
56.0,3.506875,0.822625
56.0,3.506375,0.822375
56.0,3.506375,0.822125
56.0,3.50575,0.822125
56.0,3.506,0.822
56.0,3.507375,0.822125
56.0,3.508125,0.822125
56.0,3.508125,0.821875
56.0,3.507125,0.82225
56.0,3.506125,0.822375
56.0,3.506125,0.822125
56.0,3.50575,0.822125
56.0,3.50575,0.822125
56.0,3.504875,0.82225
56.0,3.504875,0.82225
56.0,3.505875,0.82225
56.0,3.507,0.8225
56.0,3.507125,0.822375
56.0,3.506625,0.82225
56.0,3.506375,0.822125
56.0,3.505875,0.822
56.0,3.5065,0.822125
56.0,3.507875,0.822
56.0,3.50825,0.822
56.0,3.5075,0.822
56.0,3.5065,0.822125
56.0,3.50575,0.82225
57.0,3.506625,0.873875
57.0,3.506,0.874125
57.0,3.5055,0.874125
57.0,3.5055,0.874
57.0,3.505125,0.873875
57.0,3.505375,0.874125
57.0,3.50675,0.87425
57.0,3.507375,0.87425
57.0,3.507375,0.87425
57.0,3.506875,0.87375
57.0,3.50675,0.873375
57.0,3.506,0.873625
57.0,3.50575,0.873875
57.0,3.507125,0.87375
57.0,3.508125,0.873625
57.0,3.507875,0.873375
57.0,3.50675,0.873125
57.0,3.50575,0.8735
57.0,3.505875,0.87375
57.0,3.506125,0.873875
57.0,3.5055,0.873875
57.0,3.505125,0.874
57.0,3.505625,0.874125
57.0,3.507,0.874
57.0,3.507625,0.874125
57.0,3.507625,0.874125
57.0,3.506875,0.874125
57.0,3.506375,0.873875
57.0,3.50625,0.87375
57.0,3.506625,0.873875
57.0,3.50775,0.873875
57.0,3.508375,0.873625
57.0,3.507875,0.873875
57.0,3.507,0.87425
57.0,3.50675,0.873875
57.0,3.506375,0.873875
57.0,3.506375,0.87425
57.0,3.50525,0.873875
57.0,3.505125,0.874
57.0,3.506375,0.874125
57.0,3.507125,0.87425
57.0,3.507125,0.87425
57.0,3.506875,0.87425
57.0,3.5065,0.873875
57.0,3.506375,0.87375
57.0,3.505875,0.873875
57.0,3.506125,0.873875
57.0,3.50725,0.87375
57.0,3.507625,0.873625
57.0,3.50775,0.873875
57.0,3.506875,0.8735
57.0,3.50575,0.873875
57.0,3.50575,0.874125
57.0,3.505625,0.874
57.0,3.505125,0.874
57.0,3.5055,0.874
57.0,3.5065,0.87425
57.0,3.5065,0.87425
57.0,3.50725,0.874125
57.0,3.506875,0.874
57.0,3.50625,0.874
57.0,3.506125,0.873875
57.0,3.506,0.874
57.0,3.50675,0.874
57.0,3.507625,0.873625
57.0,3.508,0.873625
57.0,3.5075,0.87375
57.0,3.50625,0.874125
57.0,3.50575,0.87375
57.0,3.505875,0.87375
57.0,3.50525,0.874
57.0,3.504875,0.874
57.0,3.505625,0.874125
57.0,3.505625,0.874125
57.0,3.507125,0.874
57.0,3.507375,0.8745
57.0,3.50675,0.8745
57.0,3.506,0.874125
57.0,3.505875,0.873875
57.0,3.50675,0.873875
57.0,3.5075,0.873625
57.0,3.507875,0.873625
57.0,3.508,0.8735
57.0,3.5075,0.874
57.0,3.506375,0.874
57.0,3.506,0.873625
57.0,3.5055,0.874
57.0,3.505125,0.873875
57.0,3.50525,0.874
57.0,3.505875,0.87425
57.0,3.505875,0.87425
57.0,3.506375,0.8745
57.0,3.506875,0.87425
57.0,3.507,0.873875
57.0,3.506625,0.873625
57.0,3.50575,0.873625
57.0,3.506125,0.87375
57.0,3.50725,0.87375
57.0,3.508125,0.873625
57.0,3.508,0.873875
57.0,3.506625,0.873875
57.0,3.506,0.873875
57.0,3.50575,0.873625
57.0,3.505375,0.874
57.0,3.504375,0.874
57.0,3.504875,0.874125
57.0,3.504875,0.874125
57.0,3.506375,0.87425
57.0,3.507125,0.8745
57.0,3.507,0.874375
57.0,3.506375,0.874125
57.0,3.505875,0.87375
57.0,3.50575,0.87375
57.0,3.5065,0.873875
57.0,3.508,0.873875
57.0,3.508125,0.87375
57.0,3.507375,0.87375
57.0,3.506125,0.874
57.0,3.506,0.874
57.0,3.5055,0.874
57.0,3.50525,0.874
57.0,3.505,0.873875
57.0,3.505,0.873875
57.0,3.505375,0.874125
57.0,3.506625,0.87425
57.0,3.506625,0.874
57.0,3.506125,0.87425
57.0,3.5065,0.873875
57.0,3.506125,0.873625
57.0,3.505875,0.87375
57.0,3.507125,0.87375
57.0,3.50775,0.87375
57.0,3.5075,0.87375
57.0,3.50675,0.874
57.0,3.505875,0.873875
57.0,3.505625,0.874
57.0,3.5055,0.874
57.0,3.50525,0.874
57.0,3.50525,0.874
57.0,3.504875,0.874
57.0,3.505875,0.87425
57.0,3.507,0.874
57.0,3.507125,0.87375
57.0,3.50675,0.87375
57.0,3.50625,0.873875
57.0,3.506,0.873875
57.0,3.50625,0.87375
57.0,3.5075,0.87375
57.0,3.507625,0.873625
57.0,3.507375,0.873875
57.0,3.50675,0.87425
57.0,3.506125,0.874
57.0,3.50575,0.873875
57.0,3.50525,0.874
57.0,3.504875,0.874
57.0,3.504875,0.874
57.0,3.50525,0.873875
57.0,3.50625,0.87425
57.0,3.50725,0.874375
57.0,3.50675,0.874125
57.0,3.506125,0.87375
57.0,3.506,0.873875
57.0,3.50575,0.87375
57.0,3.506125,0.87375
57.0,3.507875,0.87375
57.0,3.508375,0.873625
57.0,3.507375,0.87375
57.0,3.506125,0.873875
57.0,3.505625,0.87375
58.0,3.5055,0.927375
58.0,3.5055,0.927625
58.0,3.505125,0.927375
58.0,3.50475,0.927375
58.0,3.505125,0.927375
58.0,3.506375,0.927625
58.0,3.507,0.927875
58.0,3.5065,0.927625
58.0,3.5065,0.927625
58.0,3.506375,0.92725
58.0,3.506,0.927125
58.0,3.505625,0.927125
58.0,3.50675,0.92725
58.0,3.508125,0.927125
58.0,3.507875,0.927125
58.0,3.507125,0.927375
58.0,3.506,0.9275
58.0,3.5055,0.927375
58.0,3.505125,0.92725
58.0,3.505,0.9275
58.0,3.505125,0.9275
58.0,3.505875,0.9275
58.0,3.506875,0.9275
58.0,3.507,0.92725
58.0,3.50625,0.92725
58.0,3.50625,0.92725
58.0,3.505875,0.927125
58.0,3.50575,0.92725
58.0,3.505875,0.927375
58.0,3.507625,0.92725
58.0,3.508125,0.927125
58.0,3.50775,0.927125
58.0,3.5065,0.92725
58.0,3.505625,0.927375
58.0,3.5055,0.927375
58.0,3.505,0.927375
58.0,3.504875,0.927375
58.0,3.505125,0.9275
58.0,3.505375,0.92775
58.0,3.50625,0.927875
58.0,3.506375,0.9275
58.0,3.506375,0.9275
58.0,3.50625,0.927
58.0,3.505875,0.927
58.0,3.50575,0.927125
58.0,3.506125,0.927125
58.0,3.507375,0.927125
58.0,3.507625,0.927
58.0,3.50775,0.927125
58.0,3.50675,0.9275
58.0,3.50575,0.92725
58.0,3.505375,0.9275
58.0,3.5055,0.927375
58.0,3.505125,0.9275
58.0,3.505,0.927625
58.0,3.506,0.927625
58.0,3.507125,0.927625
58.0,3.507125,0.927625
58.0,3.50675,0.9275
58.0,3.506125,0.92725
58.0,3.505875,0.92725
58.0,3.506125,0.92725
58.0,3.507125,0.927125
58.0,3.50775,0.927
58.0,3.5075,0.927
58.0,3.507375,0.927125
58.0,3.505875,0.9275
58.0,3.505375,0.92725
58.0,3.505375,0.92725
58.0,3.505,0.927375
58.0,3.505125,0.927375
58.0,3.50575,0.9275
58.0,3.506875,0.927625
58.0,3.506875,0.927625
58.0,3.506875,0.92775
58.0,3.50625,0.927375
58.0,3.506,0.92725
58.0,3.50575,0.92725
58.0,3.50575,0.927125
58.0,3.507125,0.927125
58.0,3.50825,0.927125
58.0,3.508,0.927
58.0,3.50675,0.927125
58.0,3.505875,0.92725
58.0,3.505625,0.927375
58.0,3.5055,0.927375
58.0,3.5055,0.92725
58.0,3.50525,0.927375
58.0,3.50575,0.927625
58.0,3.5065,0.927625
58.0,3.5065,0.92775
58.0,3.506625,0.9275
58.0,3.506375,0.927375
58.0,3.506,0.927375
58.0,3.505625,0.92725
58.0,3.5065,0.92725
58.0,3.507625,0.92725
58.0,3.50775,0.92725
58.0,3.5075,0.9275
58.0,3.506625,0.927875
58.0,3.50575,0.9275
58.0,3.5055,0.92725
58.0,3.505375,0.927375
58.0,3.505125,0.927375
58.0,3.504875,0.9275
58.0,3.505875,0.92775
58.0,3.505875,0.92775
58.0,3.50725,0.927625
58.0,3.506125,0.927375
58.0,3.506125,0.92725
58.0,3.50625,0.927125
58.0,3.506,0.927125
58.0,3.507,0.92725
58.0,3.507875,0.927
58.0,3.507875,0.927125
58.0,3.50725,0.927375
58.0,3.50625,0.92725
58.0,3.505375,0.9275
58.0,3.504875,0.9275
58.0,3.50475,0.927375
58.0,3.504625,0.927375
58.0,3.50525,0.9275
58.0,3.50525,0.9275
58.0,3.5065,0.92775
58.0,3.506875,0.927625
58.0,3.50625,0.9275
58.0,3.50625,0.927125
58.0,3.50575,0.926875
58.0,3.50575,0.927125
58.0,3.507375,0.927375
58.0,3.508125,0.927
58.0,3.50775,0.927
58.0,3.507375,0.92725
58.0,3.506625,0.92725
58.0,3.506,0.927125
58.0,3.505375,0.92725
58.0,3.505,0.927375
58.0,3.505,0.927375
58.0,3.505,0.927375
58.0,3.505875,0.927625
58.0,3.50675,0.927875
58.0,3.50675,0.927625
58.0,3.5065,0.92725
58.0,3.5065,0.926875
58.0,3.505625,0.92725
58.0,3.506125,0.92725
58.0,3.5075,0.927375
58.0,3.508,0.927125
58.0,3.507375,0.927
58.0,3.506375,0.92725
58.0,3.506125,0.927125
58.0,3.50575,0.927
58.0,3.505625,0.9275
58.0,3.50525,0.927375
58.0,3.50525,0.927375
58.0,3.505125,0.927375
58.0,3.50575,0.92775
58.0,3.506625,0.92775
58.0,3.506875,0.927375
58.0,3.506375,0.92725
58.0,3.505625,0.92725
58.0,3.505875,0.92725
58.0,3.507,0.927125
58.0,3.508,0.92725
58.0,3.508,0.92725
58.0,3.506875,0.92725
58.0,3.505875,0.927625
58.0,3.50575,0.9275
58.0,3.505625,0.927375
59.0,3.507625,0.981625
59.0,3.50775,0.981375
59.0,3.507,0.9815
59.0,3.506,0.981625
59.0,3.5055,0.9815
59.0,3.5055,0.981875
59.0,3.505,0.98175
59.0,3.50475,0.98175
59.0,3.50475,0.98175
59.0,3.505125,0.982
59.0,3.505875,0.98225
59.0,3.50625,0.982125
59.0,3.506,0.982125
59.0,3.506125,0.98175
59.0,3.505625,0.981875
59.0,3.50625,0.981875
59.0,3.5075,0.98175
59.0,3.508,0.981625
59.0,3.508,0.981625
59.0,3.50675,0.98175
59.0,3.506,0.982125
59.0,3.505875,0.98225
59.0,3.5055,0.982125
59.0,3.50475,0.981875
59.0,3.50475,0.982
59.0,3.504625,0.982
59.0,3.505875,0.981875
59.0,3.50675,0.982
59.0,3.506375,0.982
59.0,3.5065,0.981875
59.0,3.506375,0.98175
59.0,3.50575,0.981875
59.0,3.506375,0.98175
59.0,3.50775,0.981625
59.0,3.508,0.9815
59.0,3.5075,0.98175
59.0,3.5065,0.981875
59.0,3.505875,0.982
59.0,3.506125,0.981875
59.0,3.5055,0.98175
59.0,3.5045,0.98175
59.0,3.5045,0.98175
59.0,3.504875,0.981875
59.0,3.506375,0.98225
59.0,3.506875,0.98225
59.0,3.506625,0.982125
59.0,3.50625,0.98175
59.0,3.505625,0.981625
59.0,3.50575,0.98175
59.0,3.507125,0.98175
59.0,3.50775,0.981625
59.0,3.50775,0.981625
59.0,3.50725,0.981875
59.0,3.5065,0.98175
59.0,3.50625,0.981625
59.0,3.505875,0.98175
59.0,3.505375,0.98175
59.0,3.505375,0.98175
59.0,3.504875,0.981875
59.0,3.505375,0.982125
59.0,3.5065,0.98225
59.0,3.506625,0.982125
59.0,3.506,0.981875
59.0,3.506,0.98175
59.0,3.50575,0.98175
59.0,3.505875,0.981875
59.0,3.50725,0.981875
59.0,3.50825,0.9815
59.0,3.508125,0.981625
59.0,3.50675,0.982
59.0,3.505375,0.981875
59.0,3.50575,0.981875
59.0,3.505875,0.981875
59.0,3.505875,0.981875
59.0,3.50525,0.982
59.0,3.505375,0.982
59.0,3.506,0.982125
59.0,3.50675,0.98225
59.0,3.506625,0.982125
59.0,3.506375,0.981875
59.0,3.50625,0.98175
59.0,3.506,0.981625
59.0,3.506625,0.98175
59.0,3.50775,0.981625
59.0,3.507875,0.98125
59.0,3.507375,0.9815
59.0,3.50675,0.981875
59.0,3.505875,0.981875
59.0,3.5055,0.982
59.0,3.5055,0.981875
59.0,3.505375,0.981875
59.0,3.50475,0.98175
59.0,3.504875,0.982
59.0,3.50625,0.982125
59.0,3.506875,0.9825
59.0,3.5065,0.98225
59.0,3.506625,0.981625
59.0,3.506,0.9815
59.0,3.50525,0.98175
59.0,3.5065,0.98175
59.0,3.50775,0.981625
59.0,3.507625,0.981625
59.0,3.50675,0.982
59.0,3.50625,0.98225
59.0,3.50625,0.98175
59.0,3.505875,0.982
59.0,3.505875,0.982
59.0,3.5055,0.982
59.0,3.504625,0.981875
59.0,3.50525,0.982
59.0,3.506875,0.982
59.0,3.507125,0.981875
59.0,3.506125,0.981875
59.0,3.506,0.981375
59.0,3.5055,0.9815
59.0,3.505375,0.981875
59.0,3.507,0.98175
59.0,3.508,0.981625
59.0,3.508,0.981625
59.0,3.50725,0.982
59.0,3.506375,0.981875
59.0,3.506,0.9815
59.0,3.506,0.9815
59.0,3.505,0.98175
59.0,3.505,0.98175
59.0,3.505375,0.981875
59.0,3.506,0.982125
59.0,3.506625,0.98225
59.0,3.506375,0.98225
59.0,3.506125,0.98175
59.0,3.506375,0.9815
59.0,3.506,0.981625
59.0,3.506,0.98175
59.0,3.50725,0.981625
59.0,3.508,0.9815
59.0,3.50775,0.9815
59.0,3.50675,0.9815
59.0,3.506,0.981625
59.0,3.506,0.981625
59.0,3.5055,0.981875
59.0,3.505375,0.982
59.0,3.505125,0.981875
59.0,3.5055,0.98175
59.0,3.50625,0.98175
59.0,3.5065,0.982
59.0,3.506125,0.981875
59.0,3.506125,0.98175
59.0,3.506,0.9815
59.0,3.505625,0.981625
59.0,3.506375,0.98175
59.0,3.508,0.98175
59.0,3.508125,0.98175
59.0,3.507125,0.981875
59.0,3.506125,0.982
59.0,3.50575,0.981875
59.0,3.50575,0.981875
59.0,3.505625,0.98175
59.0,3.50575,0.981875
59.0,3.505125,0.981875
59.0,3.505375,0.981875
59.0,3.507,0.982125
59.0,3.5075,0.982375
59.0,3.50675,0.982125
59.0,3.50625,0.981625
59.0,3.506125,0.981625
59.0,3.506,0.981875
59.0,3.507,0.98175
59.0,3.50825,0.98175
59.0,3.508125,0.9815
60.0,3.505875,1.036875
60.0,3.506,1.036875
60.0,3.5075,1.036875
60.0,3.5085,1.03675
60.0,3.50775,1.036625
60.0,3.50675,1.037125
60.0,3.505875,1.0375
60.0,3.505625,1.037375
60.0,3.505625,1.037375
60.0,3.505625,1.03725
60.0,3.5055,1.037125
60.0,3.505375,1.037125
60.0,3.505875,1.037375
60.0,3.506875,1.037625
60.0,3.507,1.03725
60.0,3.5065,1.03725
60.0,3.506125,1.037
60.0,3.505375,1.036875
60.0,3.506,1.036875
60.0,3.5075,1.036875
60.0,3.508125,1.036625
60.0,3.5075,1.036875
60.0,3.506375,1.037
60.0,3.505875,1.036875
60.0,3.505875,1.036875
60.0,3.5055,1.036875
60.0,3.505,1.037125
60.0,3.504375,1.037125
60.0,3.50475,1.03725
60.0,3.506375,1.037375
60.0,3.507375,1.0375
60.0,3.50675,1.0375
60.0,3.506625,1.037375
60.0,3.5065,1.036875
60.0,3.506,1.036875
60.0,3.506875,1.037125
60.0,3.507875,1.036875
60.0,3.507375,1.0365
60.0,3.506625,1.037125
60.0,3.506375,1.03725
60.0,3.505875,1.036875
60.0,3.505875,1.036875
60.0,3.505625,1.037
60.0,3.505375,1.037125
60.0,3.505,1.037
60.0,3.505625,1.037375
60.0,3.506625,1.0375
60.0,3.507,1.037375
60.0,3.506625,1.037125
60.0,3.50625,1.03675
60.0,3.505875,1.036875
60.0,3.506125,1.037
60.0,3.5075,1.037
60.0,3.508125,1.036875
60.0,3.507875,1.036875
60.0,3.507,1.03725
60.0,3.505625,1.037375
60.0,3.505625,1.037375
60.0,3.505625,1.03725
60.0,3.505375,1.03725
60.0,3.504875,1.037125
60.0,3.505,1.037
60.0,3.506,1.037375
60.0,3.506875,1.037625
60.0,3.50675,1.0375
60.0,3.5065,1.03725
60.0,3.50625,1.037125
60.0,3.506,1.037125
60.0,3.506625,1.037125
60.0,3.50775,1.037
60.0,3.50825,1.03675
60.0,3.507625,1.036875
60.0,3.506875,1.037125
60.0,3.506875,1.037
60.0,3.505875,1.037
60.0,3.5055,1.036875
60.0,3.505,1.037125
60.0,3.50475,1.03725
60.0,3.505,1.03725
60.0,3.506125,1.037375
60.0,3.507,1.037125
60.0,3.506625,1.03725
60.0,3.506375,1.03725
60.0,3.506375,1.036875
60.0,3.506125,1.036875
60.0,3.5065,1.036875
60.0,3.5075,1.037
60.0,3.507375,1.036875
60.0,3.50725,1.036875
60.0,3.50725,1.036875
60.0,3.506,1.036875
60.0,3.505375,1.03675
60.0,3.50575,1.037
60.0,3.50525,1.037
60.0,3.505125,1.037125
60.0,3.50525,1.03725
60.0,3.5065,1.0375
60.0,3.50675,1.037625
60.0,3.50625,1.0375
60.0,3.506375,1.036875
60.0,3.50575,1.03675
60.0,3.5055,1.036875
60.0,3.5065,1.037
60.0,3.507875,1.036875
60.0,3.508,1.036875
60.0,3.506875,1.03725
60.0,3.506875,1.03725
60.0,3.50625,1.03725
60.0,3.506125,1.03675
60.0,3.506,1.037
60.0,3.505375,1.03725
60.0,3.504625,1.037125
60.0,3.505375,1.037375
60.0,3.507125,1.037375
60.0,3.50675,1.0375
60.0,3.506125,1.037
60.0,3.50625,1.036875
60.0,3.50575,1.036875
60.0,3.50625,1.037
60.0,3.5075,1.036875
60.0,3.508375,1.03675
60.0,3.508,1.03675
60.0,3.508,1.03675
60.0,3.50675,1.037
60.0,3.505875,1.037
60.0,3.50525,1.037125
60.0,3.505375,1.037125
60.0,3.505125,1.037125
60.0,3.504625,1.037125
60.0,3.505625,1.037375
60.0,3.506875,1.037625
60.0,3.506625,1.037625
60.0,3.506,1.03725
60.0,3.50575,1.036625
60.0,3.505625,1.03675
60.0,3.5065,1.036875
60.0,3.507375,1.03675
60.0,3.50775,1.036625
60.0,3.50775,1.036875
60.0,3.5075,1.036875
60.0,3.506375,1.03725
60.0,3.505875,1.03725
60.0,3.505625,1.037375
60.0,3.50525,1.037125
60.0,3.505125,1.03725
60.0,3.5055,1.037375
60.0,3.506625,1.0375
60.0,3.507,1.03725
60.0,3.50625,1.03725
60.0,3.506375,1.03725
60.0,3.50625,1.037
60.0,3.505875,1.036875
60.0,3.50675,1.037125
60.0,3.508,1.03675
60.0,3.508,1.03675
60.0,3.508375,1.03675
60.0,3.507125,1.037
60.0,3.505875,1.037375
60.0,3.506,1.037125
60.0,3.505875,1.037125
60.0,3.50525,1.037125
60.0,3.504875,1.03725
60.0,3.505625,1.037375
60.0,3.50675,1.0375
60.0,3.506375,1.0375
60.0,3.5065,1.037375
60.0,3.506375,1.03725
60.0,3.505875,1.036875
60.0,3.506125,1.037
61.0,3.506,1.093875
61.0,3.505625,1.093625
61.0,3.505375,1.093875
61.0,3.505,1.093875
61.0,3.50475,1.093875
61.0,3.504875,1.093875
61.0,3.506,1.09425
61.0,3.50675,1.0945
61.0,3.50675,1.0945
61.0,3.50675,1.094125
61.0,3.50625,1.09375
61.0,3.506125,1.093625
61.0,3.505625,1.09375
61.0,3.506625,1.09375
61.0,3.50775,1.09375
61.0,3.50775,1.09375
61.0,3.507,1.094
61.0,3.506,1.094
61.0,3.505875,1.093625
61.0,3.505375,1.09375
61.0,3.5045,1.094
61.0,3.504625,1.093875
61.0,3.505375,1.094125
61.0,3.506375,1.094375
61.0,3.506875,1.094375
61.0,3.506875,1.093875
61.0,3.506125,1.09375
61.0,3.506125,1.093625
61.0,3.5055,1.093625
61.0,3.5055,1.09375
61.0,3.507125,1.093875
61.0,3.508,1.093625
61.0,3.5075,1.093375
61.0,3.50675,1.0935
61.0,3.50575,1.093625
61.0,3.5055,1.093875
61.0,3.50525,1.094125
61.0,3.505,1.094
61.0,3.504875,1.094
61.0,3.506,1.094375
61.0,3.507125,1.09475
61.0,3.507125,1.09475
61.0,3.506875,1.094375
61.0,3.506375,1.093875
61.0,3.506375,1.0935
61.0,3.505875,1.093625
61.0,3.506125,1.09375
61.0,3.507125,1.09375
61.0,3.50775,1.0935
61.0,3.5075,1.0935
61.0,3.5065,1.09375
61.0,3.506125,1.093875
61.0,3.50575,1.093875
61.0,3.5055,1.093875
61.0,3.504875,1.093875
61.0,3.505375,1.094
61.0,3.506375,1.09425
61.0,3.506375,1.09425
61.0,3.50725,1.094375
61.0,3.506625,1.093875
61.0,3.506,1.093625
61.0,3.506,1.0935
61.0,3.5055,1.09375
61.0,3.506,1.093875
61.0,3.5075,1.093625
61.0,3.508,1.0935
61.0,3.507,1.09375
61.0,3.506,1.094
61.0,3.50525,1.094
61.0,3.50525,1.093875
61.0,3.50525,1.093875
61.0,3.505,1.093875
61.0,3.50525,1.094125
61.0,3.50525,1.094125
61.0,3.506125,1.09425
61.0,3.507,1.094125
61.0,3.5065,1.094
61.0,3.506125,1.09375
61.0,3.50575,1.093625
61.0,3.505875,1.09375
61.0,3.506875,1.093625
61.0,3.50775,1.0935
61.0,3.507875,1.093625
61.0,3.507125,1.093625
61.0,3.505625,1.09375
61.0,3.5055,1.0935
61.0,3.5055,1.093875
61.0,3.504875,1.093875
61.0,3.504875,1.093875
61.0,3.505625,1.093875
61.0,3.505625,1.094125
61.0,3.506625,1.0945
61.0,3.507125,1.09475
61.0,3.5065,1.09425
61.0,3.505875,1.093875
61.0,3.505625,1.093875
61.0,3.506,1.093875
61.0,3.507625,1.093625
61.0,3.50825,1.0935
61.0,3.507625,1.093375
61.0,3.5065,1.0935
61.0,3.50575,1.093875
61.0,3.505375,1.094125
61.0,3.505,1.093875
61.0,3.505,1.093875
61.0,3.50525,1.093875
61.0,3.50525,1.093875
61.0,3.505875,1.09425
61.0,3.5065,1.09425
61.0,3.5065,1.094
61.0,3.50625,1.09375
61.0,3.505625,1.093625
61.0,3.50525,1.09375
61.0,3.50625,1.09375
61.0,3.507625,1.093625
61.0,3.508125,1.093375
61.0,3.5075,1.093625
61.0,3.506,1.094125
61.0,3.50575,1.094125
61.0,3.5055,1.094
61.0,3.505,1.094
61.0,3.504625,1.093875
61.0,3.504625,1.093875
61.0,3.505125,1.094
61.0,3.5065,1.0945
61.0,3.5075,1.094375
61.0,3.506875,1.09425
61.0,3.506625,1.0935
61.0,3.5065,1.093625
61.0,3.506,1.094
61.0,3.50675,1.093875
61.0,3.5075,1.09375
61.0,3.507625,1.093625
61.0,3.507125,1.093875
61.0,3.505875,1.093875
61.0,3.505625,1.0935
61.0,3.505625,1.093625
61.0,3.5055,1.093875
61.0,3.5055,1.093875
61.0,3.50525,1.09375
61.0,3.505875,1.094
61.0,3.506875,1.0945
61.0,3.506625,1.094625
61.0,3.506375,1.094
61.0,3.5065,1.09375
61.0,3.506,1.093875
61.0,3.506,1.093875
61.0,3.50725,1.09375
61.0,3.507875,1.093625
61.0,3.507625,1.093625
61.0,3.50675,1.09375
61.0,3.50575,1.093875
61.0,3.50575,1.093875
61.0,3.505,1.094
61.0,3.505,1.094
61.0,3.50475,1.093875
61.0,3.504875,1.094
61.0,3.505875,1.094125
61.0,3.507125,1.09425
61.0,3.50675,1.093875
61.0,3.5065,1.093375
61.0,3.506625,1.09375
61.0,3.506,1.093625
61.0,3.506375,1.093875
61.0,3.507375,1.093875
61.0,3.507875,1.0935
61.0,3.507875,1.093875
61.0,3.506625,1.094125
61.0,3.505625,1.0935
62.0,3.506,1.151
62.0,3.506875,1.150875
62.0,3.506375,1.1505
62.0,3.506375,1.15025
62.0,3.50625,1.15025
62.0,3.506,1.1505
62.0,3.50675,1.15025
62.0,3.508,1.150375
62.0,3.508,1.150375
62.0,3.50825,1.150125
62.0,3.506875,1.15025
62.0,3.505875,1.150375
62.0,3.505875,1.15025
62.0,3.505625,1.150375
62.0,3.5055,1.1505
62.0,3.505125,1.1505
62.0,3.50525,1.15075
62.0,3.506625,1.150875
62.0,3.506625,1.150875
62.0,3.50625,1.15075
62.0,3.50625,1.15025
62.0,3.505625,1.1505
62.0,3.506,1.150375
62.0,3.5075,1.1505
62.0,3.508375,1.1505
62.0,3.508375,1.15025
62.0,3.508125,1.149875
62.0,3.507125,1.1505
62.0,3.506125,1.150625
62.0,3.5055,1.150875
62.0,3.505125,1.15075
62.0,3.505,1.150625
62.0,3.505125,1.150625
62.0,3.50575,1.150875
62.0,3.507,1.151125
62.0,3.50675,1.151
62.0,3.506125,1.15025
62.0,3.506,1.15
62.0,3.5055,1.150375
62.0,3.506125,1.150375
62.0,3.50725,1.150375
62.0,3.50725,1.150375
62.0,3.50775,1.150375
62.0,3.507875,1.150125
62.0,3.50725,1.150625
62.0,3.505875,1.1505
62.0,3.505625,1.15025
62.0,3.5055,1.150375
62.0,3.505,1.1505
62.0,3.50525,1.150625
62.0,3.506375,1.150875
62.0,3.507,1.150875
62.0,3.50625,1.15075
62.0,3.505875,1.150625
62.0,3.505625,1.150375
62.0,3.50525,1.150375
62.0,3.50625,1.150375
62.0,3.50625,1.150375
62.0,3.507625,1.150125
62.0,3.50825,1.150125
62.0,3.5075,1.150375
62.0,3.50625,1.150375
62.0,3.505875,1.15025
62.0,3.506125,1.15025
62.0,3.5055,1.150625
62.0,3.50475,1.1505
62.0,3.50525,1.15075
62.0,3.506625,1.151
62.0,3.506875,1.150875
62.0,3.506125,1.15075
62.0,3.505875,1.150375
62.0,3.505625,1.15025
62.0,3.505625,1.150375
62.0,3.505625,1.150375
62.0,3.50675,1.150375
62.0,3.508125,1.15025
62.0,3.507875,1.150125
62.0,3.50675,1.1505
62.0,3.505875,1.150625
62.0,3.505375,1.15075
62.0,3.505375,1.150625
62.0,3.505125,1.150625
62.0,3.505125,1.150625
62.0,3.505625,1.150875
62.0,3.506375,1.151
62.0,3.50625,1.15075
62.0,3.505625,1.15075
62.0,3.505875,1.1505
62.0,3.505625,1.1505
62.0,3.505625,1.1505
62.0,3.506125,1.1505
62.0,3.507375,1.1505
62.0,3.508375,1.15025
62.0,3.508,1.15025
62.0,3.5065,1.150375
62.0,3.505875,1.1505
62.0,3.505875,1.150375
62.0,3.505875,1.15075
62.0,3.50525,1.150625
62.0,3.505,1.15075
62.0,3.505625,1.151
62.0,3.506375,1.15125
62.0,3.506625,1.151
62.0,3.506625,1.150875
62.0,3.506375,1.150625
62.0,3.506,1.150375
62.0,3.506,1.150375
62.0,3.506125,1.1505
62.0,3.5075,1.150375
62.0,3.5085,1.150125
62.0,3.507625,1.150375
62.0,3.50675,1.15075
62.0,3.50575,1.150375
62.0,3.5055,1.1505
62.0,3.50525,1.150625
62.0,3.504875,1.150625
62.0,3.5055,1.150625
62.0,3.5065,1.150875
62.0,3.50675,1.151
62.0,3.50675,1.150875
62.0,3.50725,1.15075
62.0,3.506375,1.150375
62.0,3.506375,1.150375
62.0,3.506,1.150375
62.0,3.50725,1.150375
62.0,3.508125,1.150375
62.0,3.508125,1.150125
62.0,3.507,1.15025
62.0,3.50575,1.15025
62.0,3.505375,1.150125
62.0,3.505375,1.15025
62.0,3.505125,1.1505
62.0,3.50525,1.150625
62.0,3.505625,1.150875
62.0,3.506625,1.15125
62.0,3.506875,1.150875
62.0,3.5065,1.150375
62.0,3.50575,1.15025
62.0,3.50575,1.15025
62.0,3.50525,1.150375
62.0,3.505875,1.1505
62.0,3.506875,1.1505
62.0,3.507625,1.15025
62.0,3.507625,1.150125
62.0,3.50675,1.1505
62.0,3.506125,1.15075
62.0,3.50525,1.150625
62.0,3.50525,1.15075
62.0,3.504875,1.150625
62.0,3.505,1.15075
62.0,3.50575,1.151
62.0,3.506875,1.151
62.0,3.506625,1.151
62.0,3.506375,1.150625
62.0,3.506375,1.150625
62.0,3.50575,1.15025
62.0,3.50525,1.15025
62.0,3.50675,1.1505
62.0,3.50775,1.150375
62.0,3.5075,1.15
62.0,3.507,1.15025
62.0,3.506625,1.1505
62.0,3.505875,1.150375
62.0,3.50575,1.150375
62.0,3.505,1.150625
62.0,3.5045,1.150625
62.0,3.505125,1.15075
62.0,3.505875,1.151125
62.0,3.506625,1.150875
63.0,3.507,1.207875
63.0,3.506125,1.208125
63.0,3.5055,1.207875
63.0,3.50525,1.208
63.0,3.505,1.20825
63.0,3.50475,1.208
63.0,3.505375,1.20825
63.0,3.5065,1.208625
63.0,3.5065,1.208625
63.0,3.50675,1.208125
63.0,3.506125,1.20775
63.0,3.506,1.207875
63.0,3.5055,1.207875
63.0,3.50575,1.207875
63.0,3.50725,1.208
63.0,3.50775,1.207875
63.0,3.507375,1.2075
63.0,3.50675,1.207875
63.0,3.50625,1.208125
63.0,3.505625,1.208125
63.0,3.505,1.208125
63.0,3.504625,1.208125
63.0,3.50475,1.208125
63.0,3.505375,1.2085
63.0,3.5065,1.2085
63.0,3.5065,1.2085
63.0,3.50625,1.208125
63.0,3.506,1.208375
63.0,3.506125,1.208
63.0,3.505625,1.207875
63.0,3.505875,1.208
63.0,3.50725,1.20775
63.0,3.508125,1.207625
63.0,3.507625,1.207875
63.0,3.50625,1.20825
63.0,3.50575,1.208125
63.0,3.505375,1.208
63.0,3.505125,1.208125
63.0,3.504625,1.208125
63.0,3.505,1.208375
63.0,3.50625,1.208625
63.0,3.50625,1.208625
63.0,3.50675,1.208375
63.0,3.50625,1.208125
63.0,3.505875,1.208
63.0,3.505625,1.20775
63.0,3.505875,1.207875
63.0,3.506875,1.207875
63.0,3.50775,1.20775
63.0,3.50775,1.2075
63.0,3.507625,1.208
63.0,3.506125,1.208375
63.0,3.505375,1.20825
63.0,3.505125,1.208125
63.0,3.505,1.20825
63.0,3.505,1.208125
63.0,3.50525,1.208375
63.0,3.50525,1.208375
63.0,3.506375,1.208625
63.0,3.507,1.208375
63.0,3.50625,1.208
63.0,3.506,1.208
63.0,3.505625,1.208
63.0,3.505625,1.208125
63.0,3.50675,1.208125
63.0,3.50775,1.20775
63.0,3.507625,1.207625
63.0,3.506875,1.207875
63.0,3.50575,1.208
63.0,3.5055,1.208125
63.0,3.505125,1.208125
63.0,3.504375,1.208125
63.0,3.504375,1.208125
63.0,3.504375,1.208125
63.0,3.505125,1.20825
63.0,3.50625,1.208625
63.0,3.506375,1.208375
63.0,3.50675,1.208
63.0,3.506625,1.20775
63.0,3.506125,1.208
63.0,3.5065,1.207875
63.0,3.507625,1.207875
63.0,3.508,1.20775
63.0,3.507625,1.207625
63.0,3.50625,1.208125
63.0,3.505375,1.208125
63.0,3.5055,1.208125
63.0,3.50525,1.208125
63.0,3.505,1.20825
63.0,3.50525,1.20825
63.0,3.50525,1.208125
63.0,3.506375,1.208375
63.0,3.507125,1.2085
63.0,3.50675,1.208375
63.0,3.50625,1.207875
63.0,3.50575,1.207875
63.0,3.505875,1.207875
63.0,3.506625,1.208
63.0,3.507625,1.207875
63.0,3.50825,1.2075
63.0,3.5075,1.207875
63.0,3.506,1.208
63.0,3.505625,1.207875
63.0,3.50525,1.207875
63.0,3.505125,1.208
63.0,3.505,1.208125
63.0,3.505,1.208125
63.0,3.505375,1.208125
63.0,3.506375,1.208375
63.0,3.506875,1.2085
63.0,3.506375,1.208375
63.0,3.506375,1.207875
63.0,3.506125,1.207875
63.0,3.505875,1.208125
63.0,3.506875,1.207875
63.0,3.50775,1.207625
63.0,3.5075,1.207625
63.0,3.5075,1.20775
63.0,3.50625,1.208
63.0,3.5055,1.208125
63.0,3.5055,1.20825
63.0,3.505125,1.208125
63.0,3.505125,1.208125
63.0,3.504875,1.208125
63.0,3.50575,1.20825
63.0,3.50675,1.208625
63.0,3.50675,1.2085
63.0,3.506375,1.20825
63.0,3.50625,1.208
63.0,3.505875,1.208
63.0,3.50625,1.207875
63.0,3.50725,1.207875
63.0,3.508125,1.20775
63.0,3.5075,1.20775
63.0,3.506375,1.208125
63.0,3.505625,1.208375
63.0,3.505375,1.208
63.0,3.505125,1.20825
63.0,3.505125,1.20825
63.0,3.504875,1.208125
63.0,3.504875,1.20825
63.0,3.5055,1.2085
63.0,3.506125,1.208375
63.0,3.50625,1.208375
63.0,3.50625,1.208125
63.0,3.506,1.20775
63.0,3.505625,1.207875
63.0,3.50625,1.208
63.0,3.50725,1.207875
63.0,3.507625,1.20775
63.0,3.507375,1.207625
63.0,3.506125,1.208
63.0,3.505875,1.207875
63.0,3.5055,1.208125
63.0,3.504875,1.208125
63.0,3.504875,1.208125
63.0,3.5045,1.208125
63.0,3.50525,1.20825
63.0,3.506,1.2085
63.0,3.507,1.2085
63.0,3.506375,1.20825
63.0,3.506,1.207875
63.0,3.505875,1.20775
63.0,3.50575,1.207875
63.0,3.5065,1.20775
63.0,3.507375,1.207625
63.0,3.507625,1.20775
63.0,3.507125,1.208125
63.0,3.506,1.20825
64.0,3.506,1.266875
64.0,3.505625,1.266875
64.0,3.505125,1.26675
64.0,3.50475,1.266625
64.0,3.50475,1.266625
64.0,3.505125,1.267125
64.0,3.506375,1.26725
64.0,3.506625,1.266875
64.0,3.506625,1.266875
64.0,3.50625,1.26675
64.0,3.50625,1.26675
64.0,3.5055,1.266375
64.0,3.505375,1.2665
64.0,3.506875,1.26625
64.0,3.507875,1.266375
64.0,3.50775,1.266375
64.0,3.50675,1.266625
64.0,3.50575,1.266875
64.0,3.505625,1.2665
64.0,3.505125,1.2665
64.0,3.50475,1.26675
64.0,3.504875,1.266625
64.0,3.505125,1.266875
64.0,3.506125,1.26725
64.0,3.506125,1.26725
64.0,3.506625,1.267
64.0,3.506375,1.266375
64.0,3.506125,1.2665
64.0,3.505625,1.266625
64.0,3.506375,1.266625
64.0,3.507375,1.2665
64.0,3.507875,1.2665
64.0,3.507,1.2665
64.0,3.505875,1.266625
64.0,3.5055,1.2665
64.0,3.505375,1.26675
64.0,3.504875,1.266625
64.0,3.5045,1.266875
64.0,3.50475,1.266875
64.0,3.50575,1.267125
64.0,3.50625,1.267375
64.0,3.50625,1.267375
64.0,3.50625,1.267
64.0,3.506,1.26625
64.0,3.506,1.26625
64.0,3.505375,1.266625
64.0,3.5055,1.26675
64.0,3.50725,1.266375
64.0,3.508,1.266375
64.0,3.50675,1.2665
64.0,3.50525,1.266625
64.0,3.5055,1.2665
64.0,3.505625,1.2665
64.0,3.504875,1.266625
64.0,3.5045,1.2665
64.0,3.50475,1.266875
64.0,3.506125,1.267125
64.0,3.506125,1.267125
64.0,3.50675,1.267
64.0,3.506,1.267
64.0,3.506,1.266875
64.0,3.506,1.266375
64.0,3.50575,1.2665
64.0,3.506625,1.2665
64.0,3.50775,1.26625
64.0,3.50775,1.266125
64.0,3.506875,1.266625
64.0,3.505875,1.26675
64.0,3.50575,1.2665
64.0,3.5055,1.26675
64.0,3.504875,1.26675
64.0,3.50475,1.266875
64.0,3.505625,1.267
64.0,3.505625,1.267
64.0,3.50625,1.267125
64.0,3.506125,1.266875
64.0,3.506375,1.2665
64.0,3.50625,1.26625
64.0,3.505875,1.2665
64.0,3.506,1.2665
64.0,3.507125,1.2665
64.0,3.507625,1.266375
64.0,3.507125,1.266375
64.0,3.506625,1.26675
64.0,3.505875,1.2665
64.0,3.505375,1.2665
64.0,3.50525,1.266625
64.0,3.505,1.26675
64.0,3.504875,1.266875
64.0,3.504875,1.267125
64.0,3.505625,1.267125
64.0,3.5065,1.267375
64.0,3.506125,1.267
64.0,3.506,1.26675
64.0,3.506,1.2665
64.0,3.505625,1.266625
64.0,3.50625,1.266875
64.0,3.5075,1.26675
64.0,3.5075,1.266125
64.0,3.507,1.266375
64.0,3.50625,1.26675
64.0,3.505875,1.2665
64.0,3.505875,1.2665
64.0,3.5055,1.266875
64.0,3.504625,1.266875
64.0,3.505,1.266875
64.0,3.505,1.266875
64.0,3.505875,1.26725
64.0,3.506125,1.267125
64.0,3.505375,1.266875
64.0,3.505625,1.266625
64.0,3.50575,1.266375
64.0,3.505625,1.2665
64.0,3.5065,1.2665
64.0,3.5075,1.26625
64.0,3.50725,1.266125
64.0,3.506875,1.266375
64.0,3.506125,1.266625
64.0,3.505375,1.2665
64.0,3.504875,1.266625
64.0,3.504875,1.266625
64.0,3.504875,1.266625
64.0,3.504875,1.266625
64.0,3.50525,1.266875
64.0,3.506125,1.267125
64.0,3.506375,1.267
64.0,3.505875,1.266875
64.0,3.506125,1.266625
64.0,3.5055,1.2665
64.0,3.5055,1.2665
64.0,3.50675,1.2665
64.0,3.507375,1.2665
64.0,3.507125,1.266375
64.0,3.5065,1.2665
64.0,3.50575,1.266625
64.0,3.50525,1.2665
64.0,3.505,1.266625
64.0,3.504625,1.26675
64.0,3.504625,1.26675
64.0,3.5045,1.26675
64.0,3.505375,1.267
64.0,3.506625,1.26725
64.0,3.506625,1.267
64.0,3.50575,1.266875
64.0,3.505625,1.266625
64.0,3.50575,1.266625
64.0,3.506125,1.266625
64.0,3.506625,1.266625
64.0,3.50725,1.266375
64.0,3.507375,1.2665
64.0,3.506125,1.267
64.0,3.505375,1.266875
64.0,3.505625,1.2665
64.0,3.505125,1.26675
64.0,3.505125,1.26675
64.0,3.504375,1.26675
64.0,3.504625,1.266875
64.0,3.505875,1.26725
64.0,3.506625,1.26725
64.0,3.506125,1.267
64.0,3.50575,1.26675
64.0,3.505625,1.2665
64.0,3.50575,1.2665
64.0,3.50675,1.2665
64.0,3.507625,1.266375
64.0,3.507625,1.266
64.0,3.506875,1.266625
64.0,3.50575,1.266875
64.0,3.5055,1.266625
65.0,3.50775,1.32575
65.0,3.507,1.326
65.0,3.506125,1.326125
65.0,3.50575,1.326125
65.0,3.5055,1.326375
65.0,3.50475,1.32625
65.0,3.5045,1.32625
65.0,3.5055,1.3265
65.0,3.5055,1.3265
65.0,3.507,1.326625
65.0,3.5065,1.326375
65.0,3.505875,1.32625
65.0,3.50625,1.325625
65.0,3.505875,1.326125
65.0,3.506,1.32625
65.0,3.507125,1.326125
65.0,3.5085,1.326
65.0,3.50825,1.326375
65.0,3.506375,1.3265
65.0,3.505125,1.326125
65.0,3.505625,1.326125
65.0,3.5055,1.32625
65.0,3.505,1.326375
65.0,3.505,1.326625
65.0,3.505,1.32675
65.0,3.505875,1.32675
65.0,3.506875,1.32675
65.0,3.506625,1.326625
65.0,3.50625,1.326
65.0,3.505875,1.32575
65.0,3.50525,1.326125
65.0,3.506125,1.326125
65.0,3.50775,1.326
65.0,3.508,1.325875
65.0,3.507375,1.326
65.0,3.506375,1.326125
65.0,3.50575,1.325875
65.0,3.505625,1.326125
65.0,3.50525,1.326375
65.0,3.50475,1.3265
65.0,3.505,1.326625
65.0,3.505,1.326625
65.0,3.506125,1.3265
65.0,3.50675,1.3265
65.0,3.506625,1.3265
65.0,3.506,1.32625
65.0,3.505625,1.325875
65.0,3.506,1.326125
65.0,3.506875,1.326125
65.0,3.508125,1.325875
65.0,3.508,1.32575
65.0,3.507125,1.326125
65.0,3.506,1.326375
65.0,3.505875,1.32625
65.0,3.5055,1.326125
65.0,3.505,1.32625
65.0,3.505125,1.32625
65.0,3.505125,1.32625
65.0,3.50575,1.326375
65.0,3.506875,1.3265
65.0,3.506875,1.326375
65.0,3.506125,1.326125
65.0,3.505875,1.326
65.0,3.50575,1.326
65.0,3.506125,1.32625
65.0,3.507625,1.32625
65.0,3.508375,1.326
65.0,3.5075,1.326125
65.0,3.5065,1.32675
65.0,3.505625,1.326375
65.0,3.505375,1.326
65.0,3.5055,1.32625
65.0,3.50475,1.32625
65.0,3.50475,1.32625
65.0,3.5045,1.326375
65.0,3.50575,1.326625
65.0,3.506875,1.326875
65.0,3.506625,1.32675
65.0,3.50625,1.326375
65.0,3.505875,1.326
65.0,3.505625,1.326125
65.0,3.506375,1.326125
65.0,3.5075,1.326
65.0,3.507875,1.325875
65.0,3.50775,1.32625
65.0,3.5065,1.32625
65.0,3.5055,1.326
65.0,3.505125,1.326375
65.0,3.505125,1.326375
65.0,3.5045,1.32625
65.0,3.5045,1.32625
65.0,3.5045,1.3265
65.0,3.50625,1.327
65.0,3.507,1.32675
65.0,3.5065,1.32675
65.0,3.50625,1.32625
65.0,3.506125,1.32575
65.0,3.505875,1.326
65.0,3.507,1.326
65.0,3.507625,1.325875
65.0,3.5075,1.32575
65.0,3.507,1.326
65.0,3.506,1.326125
65.0,3.50525,1.326
65.0,3.50525,1.326125
65.0,3.504875,1.32625
65.0,3.504875,1.32625
65.0,3.50475,1.326125
65.0,3.5055,1.3265
65.0,3.50625,1.326625
65.0,3.5065,1.326875
65.0,3.506375,1.32625
65.0,3.506125,1.32575
65.0,3.505875,1.326
65.0,3.506125,1.326125
65.0,3.507125,1.326125
65.0,3.50775,1.326
65.0,3.5075,1.326125
65.0,3.506625,1.326
65.0,3.505625,1.32625
65.0,3.5055,1.326125
65.0,3.505375,1.326125
65.0,3.505375,1.326125
65.0,3.504625,1.32625
65.0,3.50475,1.326375
65.0,3.50575,1.326625
65.0,3.506375,1.326625
65.0,3.506625,1.32675
65.0,3.505625,1.32625
65.0,3.505625,1.326125
65.0,3.506125,1.326125
65.0,3.50625,1.326125
65.0,3.507125,1.326125
65.0,3.507875,1.325875
65.0,3.5075,1.325625
65.0,3.50625,1.32625
65.0,3.505875,1.3265
65.0,3.505,1.326375
65.0,3.505,1.326375
65.0,3.5045,1.32625
65.0,3.50475,1.326375
65.0,3.505,1.3265
65.0,3.5055,1.327
65.0,3.50625,1.327
65.0,3.506125,1.326625
65.0,3.50625,1.326
65.0,3.506375,1.32575
65.0,3.50575,1.326
65.0,3.506625,1.32625
65.0,3.507875,1.325875
65.0,3.507875,1.325875
65.0,3.507625,1.326
65.0,3.506125,1.326125
65.0,3.50525,1.32625
65.0,3.50525,1.32625
65.0,3.50525,1.32625
65.0,3.504875,1.3265
65.0,3.50475,1.326375
65.0,3.505125,1.3265
65.0,3.506375,1.326625
65.0,3.507,1.32675
65.0,3.506375,1.326625
65.0,3.505875,1.326125
65.0,3.505625,1.326125
65.0,3.5055,1.326
65.0,3.506875,1.326
65.0,3.507375,1.325875
65.0,3.507375,1.325625
65.0,3.506375,1.326
66.0,3.50625,1.385875
66.0,3.505625,1.386125
66.0,3.50525,1.38625
66.0,3.504875,1.386125
66.0,3.50475,1.386125
66.0,3.505125,1.386375
66.0,3.506375,1.38675
66.0,3.50675,1.38675
66.0,3.50675,1.38675
66.0,3.506375,1.3865
66.0,3.5065,1.386125
66.0,3.506375,1.385875
66.0,3.50575,1.386
66.0,3.50675,1.386
66.0,3.507875,1.38575
66.0,3.507625,1.38575
66.0,3.506875,1.386125
66.0,3.506125,1.38625
66.0,3.5055,1.386125
66.0,3.505,1.38625
66.0,3.5045,1.386125
66.0,3.50475,1.386
66.0,3.5055,1.3865
66.0,3.506875,1.38625
66.0,3.506875,1.3865
66.0,3.507125,1.3865
66.0,3.506625,1.386
66.0,3.506125,1.38575
66.0,3.505125,1.385875
66.0,3.50575,1.386
66.0,3.507375,1.38575
66.0,3.508125,1.3855
66.0,3.5075,1.385625
66.0,3.50625,1.386
66.0,3.505625,1.386125
66.0,3.505625,1.386125
66.0,3.505875,1.386125
66.0,3.505375,1.38625
66.0,3.505375,1.38625
66.0,3.505875,1.386625
66.0,3.506625,1.38675
66.0,3.506625,1.38675
66.0,3.506625,1.38625
66.0,3.50625,1.38575
66.0,3.506,1.38575
66.0,3.505875,1.38575
66.0,3.5065,1.386
66.0,3.507625,1.385875
66.0,3.508375,1.3855
66.0,3.507625,1.385375
66.0,3.506125,1.385625
66.0,3.505625,1.38575
66.0,3.50575,1.385875
66.0,3.50525,1.385875
66.0,3.504875,1.386125
66.0,3.505375,1.386375
66.0,3.506375,1.3865
66.0,3.506375,1.3865
66.0,3.507125,1.386625
66.0,3.5065,1.38625
66.0,3.505625,1.38575
66.0,3.505625,1.385875
66.0,3.505875,1.386
66.0,3.507125,1.386
66.0,3.508,1.38575
66.0,3.507875,1.385625
66.0,3.507125,1.386375
66.0,3.50575,1.3865
66.0,3.505375,1.386125
66.0,3.5055,1.385875
66.0,3.505125,1.386
66.0,3.50425,1.386125
66.0,3.504875,1.386125
66.0,3.504875,1.386125
66.0,3.5065,1.38625
66.0,3.50675,1.386125
66.0,3.50575,1.3855
66.0,3.506,1.385625
66.0,3.505875,1.38575
66.0,3.505875,1.385875
66.0,3.507125,1.385875
66.0,3.507875,1.38575
66.0,3.508,1.385875
66.0,3.506875,1.38575
66.0,3.506,1.385625
66.0,3.505875,1.386
66.0,3.505375,1.386125
66.0,3.504875,1.386
66.0,3.504375,1.386125
66.0,3.505125,1.386125
66.0,3.505125,1.386625
66.0,3.506625,1.386375
66.0,3.50625,1.386
66.0,3.506375,1.38575
66.0,3.506375,1.38575
66.0,3.50575,1.385875
66.0,3.506,1.385875
66.0,3.50725,1.38575
66.0,3.50775,1.385375
66.0,3.507125,1.385375
66.0,3.506,1.38575
66.0,3.505375,1.386
66.0,3.5055,1.385875
66.0,3.50525,1.386
66.0,3.504625,1.386125
66.0,3.50525,1.38625
66.0,3.50525,1.38625
66.0,3.50625,1.386625
66.0,3.506625,1.3865
66.0,3.50625,1.386125
66.0,3.506,1.38575
66.0,3.505875,1.385625
66.0,3.505875,1.386
66.0,3.5065,1.385875
66.0,3.507375,1.38575
66.0,3.50775,1.385625
66.0,3.507,1.38575
66.0,3.505625,1.385875
66.0,3.505375,1.3855
66.0,3.505375,1.385875
66.0,3.504875,1.386
66.0,3.504875,1.38625
66.0,3.504875,1.38625
66.0,3.505125,1.386375
66.0,3.505875,1.386375
66.0,3.506125,1.386375
66.0,3.505875,1.38625
66.0,3.506,1.385875
66.0,3.50575,1.38575
66.0,3.5055,1.38575
66.0,3.50675,1.38575
66.0,3.508,1.3855
66.0,3.50775,1.385375
66.0,3.506625,1.38575
66.0,3.506,1.385875
66.0,3.506125,1.385875
66.0,3.50575,1.386125
66.0,3.5055,1.386125
66.0,3.5055,1.386125
66.0,3.505125,1.386
66.0,3.506125,1.3865
66.0,3.5065,1.38675
66.0,3.50625,1.386375
66.0,3.506125,1.385875
66.0,3.506,1.385625
66.0,3.505875,1.385875
66.0,3.506125,1.386
66.0,3.506875,1.385875
66.0,3.5075,1.385625
66.0,3.507125,1.385625
66.0,3.5065,1.385625
66.0,3.505875,1.385875
66.0,3.50575,1.385875
66.0,3.505125,1.385875
66.0,3.5045,1.385875
66.0,3.5045,1.385875
66.0,3.5045,1.386125
66.0,3.5055,1.386625
66.0,3.5065,1.386625
66.0,3.506625,1.386125
66.0,3.50625,1.385875
66.0,3.5055,1.385875
66.0,3.50575,1.385875
66.0,3.50675,1.386
66.0,3.507375,1.38575
66.0,3.507625,1.385625
66.0,3.507375,1.386125
66.0,3.5065,1.386375
66.0,3.5055,1.386375
67.0,3.50575,1.44525
67.0,3.506,1.44525
67.0,3.507375,1.445375
67.0,3.508125,1.445125
67.0,3.507625,1.445
67.0,3.50625,1.4455
67.0,3.50575,1.44575
67.0,3.5055,1.44575
67.0,3.5055,1.44575
67.0,3.504875,1.4455
67.0,3.504625,1.445625
67.0,3.50525,1.445625
67.0,3.506125,1.446
67.0,3.506375,1.446125
67.0,3.50675,1.446
67.0,3.50675,1.445625
67.0,3.50625,1.44525
67.0,3.505625,1.445375
67.0,3.5065,1.445375
67.0,3.507875,1.44525
67.0,3.50775,1.444875
67.0,3.50675,1.44525
67.0,3.506,1.445375
67.0,3.5055,1.445125
67.0,3.5055,1.445125
67.0,3.505375,1.445125
67.0,3.50525,1.4455
67.0,3.50475,1.445625
67.0,3.50525,1.44575
67.0,3.506625,1.446
67.0,3.507125,1.446125
67.0,3.5065,1.445875
67.0,3.505875,1.445375
67.0,3.505375,1.44525
67.0,3.50575,1.445375
67.0,3.50675,1.44525
67.0,3.5075,1.445125
67.0,3.50775,1.444875
67.0,3.507,1.445125
67.0,3.50575,1.445625
67.0,3.505375,1.44575
67.0,3.505375,1.44575
67.0,3.505125,1.4455
67.0,3.50525,1.4455
67.0,3.50475,1.445625
67.0,3.505375,1.445875
67.0,3.5065,1.446
67.0,3.506375,1.445625
67.0,3.5065,1.44525
67.0,3.506625,1.445
67.0,3.505625,1.445125
67.0,3.505875,1.445375
67.0,3.5075,1.44525
67.0,3.50825,1.445
67.0,3.507875,1.444875
67.0,3.506375,1.445375
67.0,3.50525,1.445375
67.0,3.50525,1.445375
67.0,3.505625,1.44525
67.0,3.50525,1.445625
67.0,3.50475,1.4455
67.0,3.504875,1.4455
67.0,3.506,1.446
67.0,3.506625,1.44625
67.0,3.506625,1.44575
67.0,3.506375,1.4455
67.0,3.506125,1.445375
67.0,3.505875,1.44525
67.0,3.5065,1.445375
67.0,3.5075,1.44525
67.0,3.50775,1.445125
67.0,3.50775,1.445375
67.0,3.5065,1.445625
67.0,3.5065,1.445625
67.0,3.505375,1.4455
67.0,3.50525,1.445625
67.0,3.50575,1.4455
67.0,3.504875,1.445625
67.0,3.505,1.445625
67.0,3.50625,1.445875
67.0,3.50725,1.446
67.0,3.506625,1.446
67.0,3.506,1.445125
67.0,3.506,1.445
67.0,3.50575,1.445375
67.0,3.5065,1.445375
67.0,3.507875,1.445125
67.0,3.50825,1.445125
67.0,3.507875,1.445625
67.0,3.507875,1.445625
67.0,3.506625,1.445625
67.0,3.505875,1.445375
67.0,3.505625,1.445375
67.0,3.504875,1.4455
67.0,3.504375,1.4455
67.0,3.50475,1.445625
67.0,3.50625,1.446125
67.0,3.50675,1.446
67.0,3.506375,1.445375
67.0,3.5065,1.444875
67.0,3.50575,1.444875
67.0,3.506125,1.44525
67.0,3.50725,1.445375
67.0,3.50825,1.445125
67.0,3.507875,1.445
67.0,3.506875,1.445375
67.0,3.506875,1.445375
67.0,3.506125,1.4455
67.0,3.50575,1.44525
67.0,3.50525,1.445375
67.0,3.50475,1.4455
67.0,3.504875,1.445625
67.0,3.50575,1.446
67.0,3.50675,1.445875
67.0,3.506875,1.4455
67.0,3.506625,1.4455
67.0,3.506,1.4455
67.0,3.505125,1.44525
67.0,3.50625,1.445375
67.0,3.5075,1.445375
67.0,3.507875,1.445
67.0,3.507375,1.44525
67.0,3.507375,1.44525
67.0,3.506625,1.4455
67.0,3.505875,1.445625
67.0,3.505875,1.445625
67.0,3.5055,1.445625
67.0,3.504875,1.445625
67.0,3.504875,1.44575
67.0,3.5055,1.446
67.0,3.50675,1.446
67.0,3.50675,1.446
67.0,3.506375,1.44575
67.0,3.506375,1.44525
67.0,3.505625,1.44525
67.0,3.506375,1.44525
67.0,3.507625,1.445
67.0,3.508,1.444875
67.0,3.508,1.444875
67.0,3.5075,1.44525
67.0,3.50625,1.4455
67.0,3.505375,1.445375
67.0,3.5055,1.4455
67.0,3.50525,1.4455
67.0,3.504875,1.445625
67.0,3.505375,1.44575
67.0,3.50625,1.446125
67.0,3.5065,1.44625
67.0,3.50625,1.446
67.0,3.50625,1.4455
67.0,3.50575,1.4455
67.0,3.505875,1.4455
67.0,3.507125,1.4455
67.0,3.507875,1.445375
67.0,3.507875,1.445375
67.0,3.507375,1.44525
67.0,3.506625,1.44525
67.0,3.506,1.445375
67.0,3.505625,1.44525
67.0,3.505125,1.445375
67.0,3.504875,1.4455
67.0,3.504875,1.445625
67.0,3.50575,1.445875
67.0,3.506375,1.446
67.0,3.5065,1.446
67.0,3.50575,1.44575
67.0,3.505875,1.445375
67.0,3.506,1.44525
67.0,3.506,1.445375
68.0,3.506625,1.50525
68.0,3.507375,1.505125
68.0,3.507625,1.505125
68.0,3.50725,1.505375
68.0,3.506375,1.505375
68.0,3.505375,1.50525
68.0,3.50475,1.5055
68.0,3.505,1.505625
68.0,3.505,1.505625
68.0,3.505125,1.50575
68.0,3.5055,1.505875
68.0,3.506625,1.50625
68.0,3.506625,1.506
68.0,3.506,1.505375
68.0,3.506,1.505125
68.0,3.50575,1.50525
68.0,3.505875,1.5055
68.0,3.50675,1.505375
68.0,3.507875,1.505
68.0,3.5075,1.504875
68.0,3.506375,1.50525
68.0,3.50575,1.505625
68.0,3.505625,1.5055
68.0,3.5055,1.5055
68.0,3.505125,1.505375
68.0,3.505125,1.505375
68.0,3.505125,1.5055
68.0,3.50575,1.506
68.0,3.506375,1.506
68.0,3.506375,1.50575
68.0,3.5065,1.505375
68.0,3.506375,1.50525
68.0,3.50575,1.505375
68.0,3.506,1.505375
68.0,3.507625,1.50525
68.0,3.507625,1.505125
68.0,3.50725,1.505125
68.0,3.506,1.505625
68.0,3.5055,1.505375
68.0,3.505625,1.5055
68.0,3.505125,1.5055
68.0,3.505125,1.5055
68.0,3.5045,1.505625
68.0,3.504875,1.505625
68.0,3.506125,1.505875
68.0,3.506875,1.505875
68.0,3.506375,1.50575
68.0,3.506,1.50525
68.0,3.506125,1.50525
68.0,3.505625,1.505375
68.0,3.506,1.505375
68.0,3.506875,1.505
68.0,3.507375,1.505
68.0,3.50675,1.505
68.0,3.505875,1.5055
68.0,3.50575,1.5055
68.0,3.505625,1.505375
68.0,3.505625,1.505375
68.0,3.50525,1.5055
68.0,3.50475,1.5055
68.0,3.505625,1.505875
68.0,3.5065,1.506125
68.0,3.506875,1.505875
68.0,3.506125,1.505875
68.0,3.505875,1.50525
68.0,3.50575,1.50525
68.0,3.505625,1.5055
68.0,3.507,1.5055
68.0,3.50775,1.50525
68.0,3.5075,1.505
68.0,3.506375,1.50525
68.0,3.50575,1.505375
68.0,3.50575,1.5055
68.0,3.50575,1.5055
68.0,3.505125,1.5055
68.0,3.50475,1.5055
68.0,3.505,1.50575
68.0,3.505625,1.506
68.0,3.506875,1.506
68.0,3.506625,1.50575
68.0,3.505625,1.505375
68.0,3.505875,1.505125
68.0,3.505625,1.505375
68.0,3.5065,1.505375
68.0,3.50775,1.505375
68.0,3.50775,1.505125
68.0,3.50725,1.50525
68.0,3.50625,1.50575
68.0,3.505625,1.505375
68.0,3.5055,1.50525
68.0,3.5055,1.50525
68.0,3.504875,1.5055
68.0,3.504375,1.505625
68.0,3.504875,1.50575
68.0,3.50625,1.506125
68.0,3.50675,1.506
68.0,3.505875,1.50575
68.0,3.506125,1.50525
68.0,3.506125,1.505
68.0,3.505625,1.50525
68.0,3.50675,1.505375
68.0,3.50725,1.505125
68.0,3.507375,1.505125
68.0,3.5075,1.505125
68.0,3.506625,1.505375
68.0,3.505875,1.5055
68.0,3.505875,1.5055
68.0,3.505375,1.505375
68.0,3.505125,1.50575
68.0,3.50475,1.505625
68.0,3.504625,1.506
68.0,3.506,1.50625
68.0,3.507125,1.506375
68.0,3.5065,1.505625
68.0,3.506,1.505125
68.0,3.505625,1.505125
68.0,3.505625,1.50525
68.0,3.506625,1.50525
68.0,3.507375,1.50525
68.0,3.507375,1.504875
68.0,3.506875,1.50525
68.0,3.506,1.50525
68.0,3.506,1.50525
68.0,3.505625,1.50525
68.0,3.505375,1.505625
68.0,3.504875,1.505625
68.0,3.5045,1.505625
68.0,3.5055,1.505875
68.0,3.50625,1.506
68.0,3.50625,1.506125
68.0,3.506,1.50575
68.0,3.50625,1.50525
68.0,3.50575,1.505375
68.0,3.506125,1.505375
68.0,3.507375,1.5055
68.0,3.50825,1.505125
68.0,3.50775,1.50525
68.0,3.506125,1.5055
68.0,3.506125,1.5055
68.0,3.50525,1.505625
68.0,3.505375,1.505375
68.0,3.505,1.50525
68.0,3.504625,1.5055
68.0,3.505,1.50575
68.0,3.505875,1.50625
68.0,3.506625,1.506125
68.0,3.506625,1.505625
68.0,3.506,1.505375
68.0,3.50575,1.505375
68.0,3.50525,1.505375
68.0,3.506,1.5055
68.0,3.507625,1.505375
68.0,3.507875,1.505
68.0,3.507625,1.505375
68.0,3.506375,1.5055
68.0,3.506375,1.5055
68.0,3.505625,1.5055
68.0,3.50525,1.5055
68.0,3.50475,1.505625
68.0,3.50425,1.505375
68.0,3.504875,1.505875
68.0,3.50625,1.506125
68.0,3.506625,1.506
68.0,3.506375,1.50575
68.0,3.506125,1.505125
68.0,3.505875,1.505375
68.0,3.50575,1.505375
68.0,3.50675,1.505375
68.0,3.507375,1.505125
69.0,3.50475,1.56625
69.0,3.50525,1.5665
69.0,3.506125,1.56675
69.0,3.50675,1.5665
69.0,3.50625,1.566375
69.0,3.506,1.566125
69.0,3.5055,1.565875
69.0,3.5055,1.566
69.0,3.5055,1.566
69.0,3.506875,1.565875
69.0,3.50775,1.565875
69.0,3.507625,1.566
69.0,3.506875,1.566125
69.0,3.505875,1.56625
69.0,3.50575,1.566
69.0,3.50575,1.566125
69.0,3.504875,1.566125
69.0,3.504625,1.566375
69.0,3.505625,1.566625
69.0,3.506875,1.566875
69.0,3.506625,1.56675
69.0,3.50625,1.566125
69.0,3.50625,1.566
69.0,3.5055,1.56625
69.0,3.5055,1.56625
69.0,3.50575,1.56625
69.0,3.507375,1.56625
69.0,3.507875,1.566
69.0,3.50725,1.566125
69.0,3.506625,1.566375
69.0,3.506,1.56625
69.0,3.50525,1.566125
69.0,3.504875,1.56625
69.0,3.50475,1.56625
69.0,3.504875,1.5665
69.0,3.505625,1.56675
69.0,3.50625,1.567
69.0,3.505875,1.5665
69.0,3.5055,1.566
69.0,3.505625,1.566
69.0,3.506125,1.566125
69.0,3.506125,1.566125
69.0,3.506375,1.566125
69.0,3.507,1.566
69.0,3.50725,1.5655
69.0,3.507,1.565875
69.0,3.506125,1.566375
69.0,3.50525,1.566
69.0,3.505125,1.565875
69.0,3.504625,1.56625
69.0,3.50475,1.56625
69.0,3.505375,1.566375
69.0,3.506,1.56675
69.0,3.5065,1.56675
69.0,3.506,1.56675
69.0,3.506125,1.566375
69.0,3.506,1.566
69.0,3.506,1.566
69.0,3.5055,1.566
69.0,3.506375,1.566
69.0,3.50775,1.566
69.0,3.508,1.56575
69.0,3.5075,1.56575
69.0,3.50625,1.566375
69.0,3.5055,1.565875
69.0,3.505375,1.566
69.0,3.50525,1.566375
69.0,3.50475,1.56625
69.0,3.5055,1.566375
69.0,3.506875,1.56675
69.0,3.507,1.566875
69.0,3.5065,1.56625
69.0,3.506125,1.565875
69.0,3.506125,1.565875
69.0,3.505625,1.565875
69.0,3.50575,1.56625
69.0,3.507125,1.566125
69.0,3.5075,1.565625
69.0,3.507125,1.56575
69.0,3.506625,1.56625
69.0,3.506,1.56625
69.0,3.5055,1.566375
69.0,3.5055,1.566375
69.0,3.50525,1.56625
69.0,3.505125,1.5665
69.0,3.505625,1.566625
69.0,3.5065,1.566875
69.0,3.506375,1.566875
69.0,3.505875,1.5665
69.0,3.505875,1.566375
69.0,3.506125,1.566375
69.0,3.505875,1.566125
69.0,3.506375,1.566125
69.0,3.5075,1.565875
69.0,3.50825,1.56575
69.0,3.507875,1.56575
69.0,3.506375,1.566375
69.0,3.505375,1.56625
69.0,3.505375,1.56625
69.0,3.505125,1.566375
69.0,3.50475,1.566375
69.0,3.505,1.566375
69.0,3.506,1.566875
69.0,3.507,1.566875
69.0,3.506625,1.5665
69.0,3.506375,1.566125
69.0,3.506375,1.566125
69.0,3.505875,1.565875
69.0,3.50575,1.566
69.0,3.507,1.56625
69.0,3.507375,1.566
69.0,3.507625,1.56575
69.0,3.5075,1.566
69.0,3.50625,1.566375
69.0,3.50525,1.566125
69.0,3.5055,1.566125
69.0,3.505625,1.56625
69.0,3.50475,1.566125
69.0,3.5055,1.56675
69.0,3.50625,1.567
69.0,3.5065,1.567125
69.0,3.505625,1.5665
69.0,3.505625,1.5665
69.0,3.50575,1.56575
69.0,3.5055,1.565875
69.0,3.50575,1.566125
69.0,3.507375,1.566125
69.0,3.507875,1.566
69.0,3.507625,1.565875
69.0,3.5065,1.566125
69.0,3.505625,1.566125
69.0,3.505625,1.566375
69.0,3.50525,1.566375
69.0,3.50475,1.56625
69.0,3.50475,1.56625
69.0,3.505875,1.566625
69.0,3.506625,1.56675
69.0,3.5065,1.56675
69.0,3.5065,1.56675
69.0,3.506,1.566375
69.0,3.505375,1.566125
69.0,3.50525,1.566125
69.0,3.506125,1.566125
69.0,3.507125,1.566125
69.0,3.508,1.566
69.0,3.50775,1.566125
69.0,3.506375,1.566375
69.0,3.506,1.566375
69.0,3.505625,1.56625
69.0,3.505125,1.56625
69.0,3.504875,1.566375
69.0,3.505125,1.566375
69.0,3.506,1.567
69.0,3.507,1.566875
69.0,3.507,1.566625
69.0,3.50675,1.566625
69.0,3.506125,1.566375
69.0,3.506,1.56625
69.0,3.505875,1.566125
69.0,3.506125,1.566125
69.0,3.5075,1.565875
69.0,3.508375,1.565875
69.0,3.507625,1.566375
69.0,3.506125,1.566375
69.0,3.505875,1.566
69.0,3.5055,1.566125
69.0,3.50525,1.56625
69.0,3.50475,1.56625
69.0,3.505,1.566625
70.0,3.505125,1.6275
70.0,3.5065,1.6275
70.0,3.506625,1.627125
70.0,3.505875,1.627
70.0,3.505625,1.62675
70.0,3.505375,1.62675
70.0,3.505625,1.626875
70.0,3.50675,1.626625
70.0,3.50675,1.626625
70.0,3.507375,1.6265
70.0,3.507375,1.626625
70.0,3.506,1.62725
70.0,3.505375,1.62725
70.0,3.5055,1.62725
70.0,3.505125,1.62725
70.0,3.50425,1.627125
70.0,3.50475,1.62725
70.0,3.50575,1.6275
70.0,3.506625,1.627875
70.0,3.5065,1.62775
70.0,3.506125,1.627125
70.0,3.505625,1.626875
70.0,3.505375,1.626875
70.0,3.506375,1.627
70.0,3.5075,1.626875
70.0,3.5075,1.626875
70.0,3.5075,1.626625
70.0,3.50675,1.627125
70.0,3.506125,1.627125
70.0,3.505625,1.626875
70.0,3.505375,1.627
70.0,3.5045,1.627125
70.0,3.504375,1.627125
70.0,3.505,1.62725
70.0,3.506,1.627625
70.0,3.506625,1.627875
70.0,3.505875,1.627625
70.0,3.505625,1.627
70.0,3.50575,1.62675
70.0,3.505625,1.626875
70.0,3.507,1.626875
70.0,3.507,1.626875
70.0,3.507625,1.626625
70.0,3.507125,1.626625
70.0,3.506375,1.626875
70.0,3.505625,1.627
70.0,3.5055,1.62675
70.0,3.505,1.627
70.0,3.504625,1.627125
70.0,3.50425,1.627125
70.0,3.505375,1.6275
70.0,3.506375,1.627875
70.0,3.505875,1.627625
70.0,3.505625,1.626875
70.0,3.50575,1.626375
70.0,3.5055,1.626625
70.0,3.506125,1.627
70.0,3.506125,1.627
70.0,3.507375,1.62675
70.0,3.507625,1.626625
70.0,3.50775,1.62675
70.0,3.506625,1.62725
70.0,3.505625,1.627125
70.0,3.505125,1.627
70.0,3.505125,1.627125
70.0,3.50475,1.627125
70.0,3.504625,1.62725
70.0,3.506,1.627375
70.0,3.507,1.6275
70.0,3.50625,1.627375
70.0,3.505875,1.627
70.0,3.505875,1.6265
70.0,3.505875,1.62675
70.0,3.50625,1.627
70.0,3.50625,1.627
70.0,3.507375,1.626875
70.0,3.5075,1.6265
70.0,3.506875,1.62625
70.0,3.505875,1.62675
70.0,3.505625,1.627
70.0,3.5055,1.627
70.0,3.505,1.627125
70.0,3.50425,1.627375
70.0,3.504875,1.6275
70.0,3.506125,1.627625
70.0,3.5065,1.62775
70.0,3.505875,1.62725
70.0,3.505875,1.62675
70.0,3.505625,1.6265
70.0,3.5055,1.62675
70.0,3.5055,1.62675
70.0,3.506625,1.627
70.0,3.507125,1.626625
70.0,3.50725,1.626625
70.0,3.507,1.627
70.0,3.506125,1.627375
70.0,3.505375,1.627125
70.0,3.50525,1.627125
70.0,3.50525,1.627
70.0,3.504625,1.62725
70.0,3.50525,1.627625
70.0,3.507,1.62775
70.0,3.5065,1.6275
70.0,3.506125,1.627
70.0,3.505875,1.626375
70.0,3.5055,1.62675
70.0,3.5055,1.62675
70.0,3.5055,1.626875
70.0,3.506875,1.62675
70.0,3.5075,1.626625
70.0,3.50725,1.626875
70.0,3.5065,1.627375
70.0,3.50575,1.627
70.0,3.505375,1.62675
70.0,3.504875,1.627
70.0,3.50475,1.627375
70.0,3.5045,1.627375
70.0,3.5055,1.6275
70.0,3.506125,1.627375
70.0,3.505875,1.627375
70.0,3.5055,1.626875
70.0,3.505125,1.626875
70.0,3.505125,1.626875
70.0,3.50525,1.626875
70.0,3.506,1.627
70.0,3.506875,1.62675
70.0,3.507375,1.6265
70.0,3.506875,1.626875
70.0,3.506,1.62725
70.0,3.505125,1.627125
70.0,3.505125,1.627125
70.0,3.505125,1.627125
70.0,3.5045,1.627125
70.0,3.504375,1.627375
70.0,3.506,1.627625
70.0,3.506375,1.6275
70.0,3.505875,1.62725
70.0,3.50575,1.626625
70.0,3.50575,1.626625
70.0,3.505875,1.626625
70.0,3.5055,1.626875
70.0,3.5065,1.627
70.0,3.5075,1.62675
70.0,3.507625,1.626625
70.0,3.507,1.626875
70.0,3.505875,1.627125
70.0,3.505625,1.627125
70.0,3.505375,1.62725
70.0,3.504875,1.62725
70.0,3.504375,1.627
70.0,3.505125,1.627375
70.0,3.50625,1.627625
70.0,3.506375,1.6275
70.0,3.50575,1.627125
70.0,3.505625,1.626875
70.0,3.505625,1.626875
70.0,3.505625,1.62675
70.0,3.50625,1.626875
70.0,3.507,1.626875
70.0,3.507625,1.62675
70.0,3.5075,1.62675
70.0,3.50675,1.627125
70.0,3.50575,1.62725
70.0,3.505625,1.627375
70.0,3.505,1.6275
70.0,3.50425,1.62725
70.0,3.504625,1.627125
70.0,3.505875,1.627625
70.0,3.506375,1.627875
71.0,3.50575,1.689125
71.0,3.506875,1.689375
71.0,3.50625,1.689125
71.0,3.506125,1.6885
71.0,3.506,1.68825
71.0,3.505375,1.68825
71.0,3.50575,1.6885
71.0,3.507,1.688375
71.0,3.507,1.688375
71.0,3.507875,1.68825
71.0,3.507125,1.688375
71.0,3.50575,1.68875
71.0,3.50525,1.68875
71.0,3.505375,1.688625
71.0,3.505125,1.68875
71.0,3.50475,1.68875
71.0,3.504875,1.688875
71.0,3.505625,1.689125
71.0,3.506625,1.6895
71.0,3.5065,1.689
71.0,3.506,1.68825
71.0,3.5055,1.688375
71.0,3.50525,1.6885
71.0,3.5065,1.688375
71.0,3.507625,1.68825
71.0,3.507625,1.68825
71.0,3.50775,1.688125
71.0,3.50675,1.68825
71.0,3.5055,1.689
71.0,3.505375,1.68875
71.0,3.504875,1.68875
71.0,3.504625,1.688625
71.0,3.504875,1.688625
71.0,3.50475,1.689
71.0,3.50575,1.689125
71.0,3.506375,1.688875
71.0,3.50625,1.688625
71.0,3.50625,1.688
71.0,3.505375,1.688125
71.0,3.50525,1.688375
71.0,3.506625,1.688375
71.0,3.506625,1.688375
71.0,3.50725,1.688125
71.0,3.507,1.688125
71.0,3.506375,1.688625
71.0,3.505375,1.68875
71.0,3.50525,1.688375
71.0,3.505125,1.688625
71.0,3.50475,1.68875
71.0,3.504625,1.68875
71.0,3.505375,1.689125
71.0,3.5065,1.68925
71.0,3.506125,1.6895
71.0,3.506,1.68925
71.0,3.505625,1.6885
71.0,3.5055,1.68825
71.0,3.506125,1.688375
71.0,3.506125,1.688375
71.0,3.507375,1.68825
71.0,3.50775,1.68825
71.0,3.507375,1.688375
71.0,3.506125,1.68875
71.0,3.50525,1.68875
71.0,3.505125,1.68875
71.0,3.504625,1.689
71.0,3.504375,1.68875
71.0,3.50475,1.688875
71.0,3.505875,1.68925
71.0,3.50675,1.689
71.0,3.506,1.688625
71.0,3.506,1.688
71.0,3.506,1.688125
71.0,3.505375,1.6885
71.0,3.505375,1.6885
71.0,3.50625,1.6885
71.0,3.50725,1.688375
71.0,3.507625,1.688125
71.0,3.50675,1.688125
71.0,3.5055,1.68875
71.0,3.504875,1.68875
71.0,3.505,1.688625
71.0,3.505375,1.68875
71.0,3.505,1.68875
71.0,3.505375,1.689125
71.0,3.5065,1.6895
71.0,3.506875,1.68925
71.0,3.505875,1.689
71.0,3.50575,1.68825
71.0,3.505625,1.68825
71.0,3.505625,1.688375
71.0,3.505625,1.688375
71.0,3.50675,1.688375
71.0,3.507,1.688125
71.0,3.507,1.688125
71.0,3.50675,1.688375
71.0,3.505625,1.688625
71.0,3.505375,1.6885
71.0,3.505,1.68875
71.0,3.504625,1.68875
71.0,3.50425,1.688875
71.0,3.505,1.68925
71.0,3.506375,1.6895
71.0,3.506375,1.68925
71.0,3.506,1.689125
71.0,3.506125,1.6885
71.0,3.505375,1.688375
71.0,3.505375,1.688375
71.0,3.505625,1.6885
71.0,3.50675,1.68825
71.0,3.5075,1.68825
71.0,3.50725,1.688375
71.0,3.50575,1.688875
71.0,3.505125,1.688625
71.0,3.505125,1.688375
71.0,3.50475,1.68875
71.0,3.50425,1.688625
71.0,3.504625,1.688875
71.0,3.505875,1.689
71.0,3.50675,1.68925
71.0,3.506375,1.689
71.0,3.505875,1.6885
71.0,3.50575,1.68825
71.0,3.50575,1.68825
71.0,3.505375,1.688375
71.0,3.506,1.6885
71.0,3.50675,1.688375
71.0,3.50725,1.68825
71.0,3.50675,1.688375
71.0,3.506,1.68875
71.0,3.5055,1.688875
71.0,3.505125,1.68875
71.0,3.504625,1.68875
71.0,3.50425,1.688875
71.0,3.504625,1.689
71.0,3.506,1.68925
71.0,3.506625,1.689125
71.0,3.506,1.688875
71.0,3.505875,1.6885
71.0,3.505875,1.6885
71.0,3.505625,1.688375
71.0,3.5055,1.6885
71.0,3.5065,1.6885
71.0,3.50775,1.688125
71.0,3.508,1.68825
71.0,3.50625,1.6885
71.0,3.505125,1.68875
71.0,3.505375,1.688375
71.0,3.505125,1.6885
71.0,3.504625,1.6885
71.0,3.504625,1.68875
71.0,3.505625,1.689
71.0,3.5065,1.689125
71.0,3.5065,1.689125
71.0,3.506,1.688625
71.0,3.505875,1.688125
71.0,3.505875,1.688125
71.0,3.505,1.68825
71.0,3.505375,1.6885
71.0,3.5065,1.688375
71.0,3.507,1.688
71.0,3.506875,1.68825
71.0,3.505875,1.688625
71.0,3.505375,1.688375
71.0,3.50525,1.688375
71.0,3.504875,1.688625
71.0,3.504375,1.68875
71.0,3.504625,1.688875
71.0,3.505125,1.68925
71.0,3.506125,1.6895
72.0,3.50675,1.74925
72.0,3.507375,1.749125
72.0,3.5075,1.748875
72.0,3.5065,1.749125
72.0,3.5055,1.749625
72.0,3.50525,1.749375
72.0,3.50475,1.7495
72.0,3.504625,1.749375
72.0,3.504625,1.749375
72.0,3.504625,1.749625
72.0,3.50525,1.74975
72.0,3.506875,1.749875
72.0,3.506625,1.749625
72.0,3.50575,1.749125
72.0,3.50575,1.748875
72.0,3.5055,1.74925
72.0,3.50575,1.74925
72.0,3.507,1.749125
72.0,3.507375,1.74875
72.0,3.507,1.748875
72.0,3.506,1.748875
72.0,3.505125,1.749375
72.0,3.50525,1.74925
72.0,3.504625,1.74925
72.0,3.5045,1.74925
72.0,3.5045,1.7495
72.0,3.50475,1.749625
72.0,3.505125,1.75
72.0,3.505875,1.74975
72.0,3.505375,1.7495
72.0,3.505625,1.74925
72.0,3.505875,1.749125
72.0,3.5055,1.749125
72.0,3.506,1.749125
72.0,3.506875,1.748875
72.0,3.507375,1.74875
72.0,3.507,1.74925
72.0,3.506125,1.7495
72.0,3.50525,1.749125
72.0,3.50475,1.74925
72.0,3.504625,1.749375
72.0,3.504625,1.749375
72.0,3.5045,1.7495
72.0,3.50475,1.74975
72.0,3.50625,1.750125
72.0,3.50675,1.750125
72.0,3.506375,1.749625
72.0,3.506,1.748875
72.0,3.50575,1.74875
72.0,3.505375,1.74925
72.0,3.5065,1.74925
72.0,3.507625,1.749
72.0,3.507375,1.749
72.0,3.506375,1.749125
72.0,3.5055,1.74925
72.0,3.504875,1.749125
72.0,3.50475,1.7495
72.0,3.50475,1.7495
72.0,3.504375,1.749625
72.0,3.504375,1.749625
72.0,3.505125,1.75
72.0,3.506625,1.750125
72.0,3.5065,1.74975
72.0,3.505875,1.7495
72.0,3.505875,1.749125
72.0,3.505875,1.749375
72.0,3.505875,1.7495
72.0,3.50675,1.749
72.0,3.5075,1.748875
72.0,3.507375,1.749
72.0,3.506375,1.74925
72.0,3.505375,1.749375
72.0,3.505375,1.749
72.0,3.505375,1.749
72.0,3.505125,1.74925
72.0,3.5045,1.749375
72.0,3.504125,1.749625
72.0,3.5055,1.75
72.0,3.50675,1.750125
72.0,3.506375,1.749625
72.0,3.506,1.749
72.0,3.506125,1.749
72.0,3.5055,1.74925
72.0,3.506,1.749125
72.0,3.507375,1.749
72.0,3.50775,1.748875
72.0,3.507375,1.749125
72.0,3.50625,1.749625
72.0,3.50575,1.7495
72.0,3.50525,1.7495
72.0,3.50525,1.749375
72.0,3.5045,1.7495
72.0,3.504125,1.749375
72.0,3.505,1.749625
72.0,3.506,1.75
72.0,3.506125,1.75
72.0,3.50575,1.749625
72.0,3.5055,1.749125
72.0,3.505375,1.749
72.0,3.5055,1.749125
72.0,3.506375,1.74925
72.0,3.5075,1.749125
72.0,3.507625,1.749125
72.0,3.506875,1.749375
72.0,3.505875,1.74925
72.0,3.50575,1.749
72.0,3.50575,1.749
72.0,3.5055,1.749125
72.0,3.504625,1.74925
72.0,3.50425,1.749625
72.0,3.505125,1.75
72.0,3.506375,1.75
72.0,3.506625,1.75
72.0,3.50625,1.7495
72.0,3.505625,1.749
72.0,3.505375,1.749
72.0,3.505875,1.74925
72.0,3.507,1.74925
72.0,3.50775,1.748875
72.0,3.50725,1.749
72.0,3.506,1.749375
72.0,3.50525,1.749375
72.0,3.50525,1.749375
72.0,3.505125,1.749125
72.0,3.50475,1.749375
72.0,3.50425,1.7495
72.0,3.5045,1.749625
72.0,3.505375,1.749875
72.0,3.506375,1.749875
72.0,3.5065,1.7495
72.0,3.505875,1.749125
72.0,3.50575,1.74875
72.0,3.50525,1.749
72.0,3.50575,1.749125
72.0,3.507125,1.749
72.0,3.50775,1.74875
72.0,3.5075,1.749125
72.0,3.506375,1.74925
72.0,3.506375,1.74925
72.0,3.50575,1.749125
72.0,3.505625,1.74925
72.0,3.50525,1.749375
72.0,3.504875,1.749375
72.0,3.50525,1.7495
72.0,3.505875,1.74975
72.0,3.506375,1.749875
72.0,3.5065,1.7495
72.0,3.506,1.74925
72.0,3.505875,1.749125
72.0,3.505875,1.74925
72.0,3.506875,1.74925
72.0,3.507375,1.749
72.0,3.507375,1.74875
72.0,3.507125,1.748875
72.0,3.507125,1.748875
72.0,3.506125,1.74925
72.0,3.5055,1.749125
72.0,3.504875,1.74925
72.0,3.504875,1.7495
72.0,3.504625,1.749625
72.0,3.504875,1.74975
72.0,3.50625,1.749875
72.0,3.506875,1.749625
72.0,3.506,1.7495
72.0,3.5055,1.74925
72.0,3.5055,1.749125
72.0,3.505875,1.74925
72.0,3.506625,1.74925
72.0,3.50725,1.749
73.0,3.505125,1.81
73.0,3.504875,1.81025
73.0,3.504625,1.81025
73.0,3.50425,1.8105
73.0,3.50525,1.81075
73.0,3.506375,1.81075
73.0,3.5065,1.81075
73.0,3.50625,1.809875
73.0,3.50625,1.809875
73.0,3.506,1.809625
73.0,3.50575,1.809875
73.0,3.5065,1.810125
73.0,3.50725,1.809875
73.0,3.5075,1.809625
73.0,3.506875,1.809875
73.0,3.505625,1.810125
73.0,3.505375,1.81025
73.0,3.50525,1.810125
73.0,3.50525,1.81025
73.0,3.5045,1.810125
73.0,3.505125,1.810625
73.0,3.50625,1.810875
73.0,3.506625,1.811
73.0,3.5065,1.81075
73.0,3.50575,1.809875
73.0,3.50575,1.809875
73.0,3.505125,1.809625
73.0,3.5055,1.81
73.0,3.507,1.810125
73.0,3.508,1.809875
73.0,3.507875,1.809375
73.0,3.50675,1.809625
73.0,3.505625,1.810125
73.0,3.505375,1.81025
73.0,3.50475,1.81025
73.0,3.5045,1.81025
73.0,3.50425,1.810375
73.0,3.50475,1.810625
73.0,3.505375,1.810625
73.0,3.505375,1.81025
73.0,3.505375,1.81025
73.0,3.505375,1.81025
73.0,3.5055,1.81
73.0,3.505375,1.81
73.0,3.505875,1.810125
73.0,3.507125,1.810125
73.0,3.508125,1.809875
73.0,3.507625,1.80975
73.0,3.506375,1.809875
73.0,3.505375,1.809875
73.0,3.50525,1.81
73.0,3.505,1.81025
73.0,3.504375,1.810375
73.0,3.5045,1.8105
73.0,3.50575,1.81075
73.0,3.506625,1.811
73.0,3.506125,1.810625
73.0,3.506125,1.810625
73.0,3.506,1.81025
73.0,3.50575,1.809875
73.0,3.505125,1.81025
73.0,3.505875,1.810375
73.0,3.5075,1.81
73.0,3.508,1.809625
73.0,3.506875,1.81
73.0,3.505375,1.810375
73.0,3.505125,1.809875
73.0,3.505,1.81025
73.0,3.504875,1.8105
73.0,3.504625,1.810375
73.0,3.505,1.81075
73.0,3.50625,1.810875
73.0,3.50625,1.810875
73.0,3.50625,1.810875
73.0,3.505625,1.810625
73.0,3.50575,1.810125
73.0,3.505625,1.809875
73.0,3.505375,1.810125
73.0,3.506375,1.81025
73.0,3.507,1.809875
73.0,3.507,1.809625
73.0,3.507125,1.81
73.0,3.505625,1.810375
73.0,3.505125,1.810125
73.0,3.50525,1.81025
73.0,3.504625,1.810375
73.0,3.504625,1.810375
73.0,3.505125,1.810625
73.0,3.5055,1.810875
73.0,3.5055,1.810875
73.0,3.505875,1.810875
73.0,3.505875,1.810625
73.0,3.50575,1.809625
73.0,3.505125,1.809875
73.0,3.505625,1.81
73.0,3.506875,1.81
73.0,3.507625,1.80975
73.0,3.50725,1.809875
73.0,3.506,1.81025
73.0,3.505375,1.810125
73.0,3.5055,1.81
73.0,3.50475,1.81025
73.0,3.504125,1.81025
73.0,3.50425,1.810625
73.0,3.505875,1.811
73.0,3.5065,1.811
73.0,3.5065,1.811
73.0,3.50625,1.81075
73.0,3.50625,1.81025
73.0,3.505875,1.81
73.0,3.50525,1.810125
73.0,3.505875,1.810125
73.0,3.507375,1.810125
73.0,3.5075,1.81
73.0,3.507,1.80975
73.0,3.50625,1.810125
73.0,3.505625,1.81
73.0,3.50525,1.810125
73.0,3.504875,1.81025
73.0,3.5045,1.8105
73.0,3.504625,1.810625
73.0,3.505625,1.811
73.0,3.505625,1.811
73.0,3.50675,1.810875
73.0,3.506,1.8105
73.0,3.506,1.810125
73.0,3.50575,1.809875
73.0,3.505875,1.810125
73.0,3.50625,1.810375
73.0,3.507,1.81
73.0,3.507375,1.80975
73.0,3.506375,1.810125
73.0,3.50525,1.810375
73.0,3.504875,1.810375
73.0,3.505375,1.8105
73.0,3.505125,1.8105
73.0,3.5045,1.810375
73.0,3.505375,1.810625
73.0,3.505375,1.810625
73.0,3.506375,1.810875
73.0,3.50625,1.81075
73.0,3.50575,1.8105
73.0,3.506,1.810125
73.0,3.505875,1.810125
73.0,3.505375,1.81025
73.0,3.5065,1.81
73.0,3.507375,1.809625
73.0,3.507,1.809875
73.0,3.506125,1.810375
73.0,3.50525,1.8105
73.0,3.505375,1.81025
73.0,3.505,1.81025
73.0,3.5045,1.8105
73.0,3.504875,1.810375
73.0,3.504875,1.810375
73.0,3.50575,1.81075
73.0,3.506375,1.811
73.0,3.506125,1.8105
73.0,3.505875,1.81025
73.0,3.505625,1.810125
73.0,3.505,1.81025
73.0,3.50575,1.810375
73.0,3.50725,1.810125
73.0,3.508125,1.81
73.0,3.5075,1.809875
73.0,3.506,1.81
73.0,3.505,1.809875
73.0,3.504875,1.81
73.0,3.504625,1.81025
74.0,3.507375,1.870875
74.0,3.507625,1.87075
74.0,3.50675,1.870875
74.0,3.505625,1.871375
74.0,3.50525,1.871375
74.0,3.504875,1.87125
74.0,3.504625,1.8715
74.0,3.50425,1.8715
74.0,3.50425,1.8715
74.0,3.505375,1.871875
74.0,3.5065,1.872375
74.0,3.506625,1.871875
74.0,3.506125,1.871375
74.0,3.50575,1.871125
74.0,3.5055,1.871125
74.0,3.505625,1.871375
74.0,3.506625,1.871125
74.0,3.50775,1.871
74.0,3.507375,1.871125
74.0,3.506125,1.871625
74.0,3.50575,1.87175
74.0,3.505625,1.8715
74.0,3.505,1.8715
74.0,3.504875,1.871625
74.0,3.505,1.871625
74.0,3.505,1.871625
74.0,3.50575,1.872125
74.0,3.50625,1.87225
74.0,3.50625,1.871875
74.0,3.506,1.871625
74.0,3.506,1.87125
74.0,3.50525,1.871375
74.0,3.5055,1.87125
74.0,3.507,1.871125
74.0,3.508,1.87075
74.0,3.5075,1.870875
74.0,3.505875,1.871125
74.0,3.50525,1.87125
74.0,3.504875,1.871375
74.0,3.504875,1.8715
74.0,3.504625,1.8715
74.0,3.504625,1.8715
74.0,3.505125,1.87175
74.0,3.50625,1.87225
74.0,3.5065,1.87225
74.0,3.50625,1.871875
74.0,3.506,1.871125
74.0,3.50575,1.871125
74.0,3.505875,1.87125
74.0,3.50675,1.871375
74.0,3.507375,1.871125
74.0,3.50775,1.87075
74.0,3.507125,1.871
74.0,3.505625,1.8715
74.0,3.50525,1.871375
74.0,3.505125,1.871625
74.0,3.505,1.871625
74.0,3.505,1.871625
74.0,3.5045,1.87175
74.0,3.505125,1.872
74.0,3.506125,1.872375
74.0,3.50625,1.872375
74.0,3.505875,1.871625
74.0,3.506,1.870875
74.0,3.5055,1.871125
74.0,3.50575,1.8715
74.0,3.506625,1.87125
74.0,3.50725,1.871
74.0,3.50725,1.871
74.0,3.50625,1.87125
74.0,3.505125,1.87125
74.0,3.505,1.87125
74.0,3.504875,1.8715
74.0,3.5045,1.8715
74.0,3.5045,1.87175
74.0,3.505,1.871625
74.0,3.506,1.871875
74.0,3.507125,1.87225
74.0,3.506625,1.872
74.0,3.505875,1.871375
74.0,3.5055,1.871125
74.0,3.5055,1.87125
74.0,3.506,1.871375
74.0,3.507,1.87125
74.0,3.507375,1.871
74.0,3.507,1.871
74.0,3.506125,1.871375
74.0,3.505,1.87125
74.0,3.504625,1.87125
74.0,3.50475,1.871375
74.0,3.50475,1.871375
74.0,3.5045,1.8715
74.0,3.5045,1.87175
74.0,3.505375,1.872125
74.0,3.506625,1.872
74.0,3.506625,1.871875
74.0,3.506125,1.871375
74.0,3.505875,1.871125
74.0,3.505375,1.871125
74.0,3.50575,1.871375
74.0,3.507,1.871125
74.0,3.50725,1.870875
74.0,3.50675,1.871125
74.0,3.505875,1.871875
74.0,3.50525,1.871875
74.0,3.505125,1.8715
74.0,3.505125,1.8715
74.0,3.505125,1.8715
74.0,3.50475,1.871625
74.0,3.505,1.871875
74.0,3.506125,1.872125
74.0,3.506625,1.87225
74.0,3.506,1.87175
74.0,3.50575,1.871
74.0,3.505625,1.871
74.0,3.5055,1.871125
74.0,3.506875,1.87125
74.0,3.508125,1.871
74.0,3.50775,1.870875
74.0,3.506625,1.87125
74.0,3.505125,1.8715
74.0,3.504875,1.871625
74.0,3.504875,1.871625
74.0,3.50475,1.8715
74.0,3.504625,1.8715
74.0,3.504375,1.871625
74.0,3.5055,1.872125
74.0,3.50625,1.87225
74.0,3.506375,1.87175
74.0,3.506,1.871375
74.0,3.505625,1.871
74.0,3.50525,1.871125
74.0,3.50575,1.87125
74.0,3.50675,1.87125
74.0,3.50775,1.871
74.0,3.50775,1.870875
74.0,3.506125,1.87125
74.0,3.505125,1.871375
74.0,3.505125,1.871375
74.0,3.505125,1.8715
74.0,3.50475,1.871375
74.0,3.504375,1.8715
74.0,3.505,1.871625
74.0,3.506,1.872125
74.0,3.506875,1.872375
74.0,3.506625,1.871875
74.0,3.506625,1.87125
74.0,3.506375,1.870875
74.0,3.505375,1.871375
74.0,3.506125,1.871375
74.0,3.507125,1.871125
74.0,3.50725,1.871
74.0,3.50675,1.871125
74.0,3.506375,1.8715
74.0,3.505625,1.8715
74.0,3.505625,1.871375
74.0,3.505125,1.87125
74.0,3.504625,1.871625
74.0,3.5045,1.871625
74.0,3.504875,1.872
74.0,3.50625,1.87225
74.0,3.507125,1.872
74.0,3.506125,1.87175
74.0,3.505625,1.87125
74.0,3.50575,1.871
74.0,3.506,1.87125
74.0,3.506625,1.871375
74.0,3.507625,1.871
74.0,3.50775,1.87075
75.0,3.507875,1.931875
75.0,3.50725,1.931875
75.0,3.506,1.932125
75.0,3.5055,1.932125
75.0,3.50525,1.93225
75.0,3.505,1.932375
75.0,3.5045,1.932375
75.0,3.505,1.9325
75.0,3.505,1.9325
75.0,3.50575,1.932875
75.0,3.506125,1.933125
75.0,3.506,1.93275
75.0,3.50625,1.932125
75.0,3.505875,1.932
75.0,3.50525,1.932
75.0,3.506125,1.932
75.0,3.507,1.93175
75.0,3.507625,1.931625
75.0,3.506875,1.931875
75.0,3.5055,1.932375
75.0,3.505125,1.93225
75.0,3.504875,1.932125
75.0,3.5045,1.932375
75.0,3.504375,1.932375
75.0,3.505125,1.93275
75.0,3.505125,1.93275
75.0,3.50675,1.933
75.0,3.507,1.932625
75.0,3.50675,1.93225
75.0,3.506375,1.931625
75.0,3.505625,1.93175
75.0,3.50575,1.932
75.0,3.5065,1.932
75.0,3.50775,1.93175
75.0,3.507625,1.9315
75.0,3.506625,1.932
75.0,3.505625,1.932375
75.0,3.505,1.932375
75.0,3.504625,1.93225
75.0,3.504375,1.93225
75.0,3.50475,1.932375
75.0,3.50475,1.932375
75.0,3.505625,1.932625
75.0,3.50625,1.933
75.0,3.506375,1.933
75.0,3.506125,1.932375
75.0,3.506125,1.931625
75.0,3.505875,1.93175
75.0,3.50625,1.932
75.0,3.507,1.931875
75.0,3.507375,1.931625
75.0,3.50725,1.93175
75.0,3.506,1.931875
75.0,3.50525,1.932375
75.0,3.50525,1.932375
75.0,3.504875,1.932125
75.0,3.504125,1.932375
75.0,3.504125,1.932375
75.0,3.5045,1.932375
75.0,3.506,1.93275
75.0,3.506875,1.933
75.0,3.506125,1.93275
75.0,3.505875,1.931875
75.0,3.506125,1.93175
75.0,3.505625,1.931875
75.0,3.50575,1.932125
75.0,3.50725,1.931875
75.0,3.50775,1.931625
75.0,3.506875,1.931875
75.0,3.50575,1.932125
75.0,3.505,1.931875
75.0,3.504875,1.932
75.0,3.505,1.932125
75.0,3.505,1.932125
75.0,3.5045,1.932375
75.0,3.504875,1.932625
75.0,3.506,1.933
75.0,3.5065,1.93275
75.0,3.506125,1.932625
75.0,3.505875,1.931875
75.0,3.5055,1.9315
75.0,3.50525,1.932125
75.0,3.50625,1.93225
75.0,3.507625,1.931875
75.0,3.507875,1.93175
75.0,3.5065,1.931875
75.0,3.505125,1.932125
75.0,3.505375,1.932125
75.0,3.505625,1.93225
75.0,3.505125,1.93225
75.0,3.505125,1.93225
75.0,3.504625,1.93225
75.0,3.505625,1.93275
75.0,3.5065,1.933125
75.0,3.506375,1.93275
75.0,3.50625,1.932
75.0,3.506,1.931625
75.0,3.505625,1.931875
75.0,3.50575,1.931875
75.0,3.506875,1.932
75.0,3.50775,1.93175
75.0,3.507375,1.93175
75.0,3.506125,1.93225
75.0,3.505625,1.932
75.0,3.50525,1.93175
75.0,3.504625,1.932125
75.0,3.504625,1.932125
75.0,3.5045,1.93225
75.0,3.5045,1.9325
75.0,3.505625,1.932875
75.0,3.50675,1.93275
75.0,3.50625,1.932625
75.0,3.506,1.93175
75.0,3.5055,1.931375
75.0,3.505375,1.932
75.0,3.506125,1.932
75.0,3.507375,1.931875
75.0,3.508,1.93175
75.0,3.5075,1.931875
75.0,3.50625,1.932125
75.0,3.505375,1.932375
75.0,3.5055,1.932
75.0,3.5055,1.932
75.0,3.50475,1.932125
75.0,3.504125,1.93225
75.0,3.504375,1.9325
75.0,3.5055,1.933
75.0,3.506,1.93275
75.0,3.505625,1.9325
75.0,3.505875,1.93225
75.0,3.50575,1.932
75.0,3.505625,1.93225
75.0,3.50675,1.932125
75.0,3.50775,1.931625
75.0,3.507375,1.9315
75.0,3.506375,1.931875
75.0,3.50525,1.93225
75.0,3.505,1.932
75.0,3.505,1.932
75.0,3.505125,1.93225
75.0,3.50475,1.932375
75.0,3.504375,1.932375
75.0,3.504875,1.932625
75.0,3.506125,1.93275
75.0,3.5065,1.932375
75.0,3.506125,1.932375
75.0,3.5055,1.93175
75.0,3.505375,1.93175
75.0,3.505875,1.932125
75.0,3.507,1.932125
75.0,3.5075,1.931875
75.0,3.506875,1.931875
75.0,3.50625,1.932
75.0,3.505625,1.932
75.0,3.505625,1.932
75.0,3.50575,1.931875
75.0,3.50525,1.932125
75.0,3.504875,1.93225
75.0,3.504375,1.932625
75.0,3.505,1.932875
75.0,3.506,1.933
75.0,3.505875,1.932875
75.0,3.505875,1.932375
75.0,3.505375,1.93175
75.0,3.5055,1.932
75.0,3.506125,1.932125
75.0,3.5075,1.932
75.0,3.50775,1.931625
75.0,3.507125,1.932125
76.0,3.505625,1.99225
76.0,3.50525,1.9925
76.0,3.50525,1.992625
76.0,3.50475,1.992625
76.0,3.50425,1.992875
76.0,3.504625,1.993
76.0,3.50575,1.9935
76.0,3.506,1.9935
76.0,3.506,1.9935
76.0,3.50575,1.993
76.0,3.50575,1.99225
76.0,3.5055,1.992125
76.0,3.505,1.992375
76.0,3.50575,1.9925
76.0,3.50675,1.99225
76.0,3.506875,1.992125
76.0,3.506625,1.99225
76.0,3.506125,1.992875
76.0,3.505375,1.992875
76.0,3.504875,1.9925
76.0,3.50475,1.99275
76.0,3.50475,1.992875
76.0,3.50475,1.993
76.0,3.505875,1.993375
76.0,3.506875,1.993375
76.0,3.506875,1.99325
76.0,3.506375,1.9925
76.0,3.506375,1.99225
76.0,3.505625,1.99225
76.0,3.505375,1.9925
76.0,3.506125,1.992625
76.0,3.507125,1.9925
76.0,3.507,1.992125
76.0,3.50625,1.992375
76.0,3.505,1.993
76.0,3.50525,1.992875
76.0,3.505375,1.992875
76.0,3.50475,1.993
76.0,3.5045,1.993
76.0,3.5055,1.993125
76.0,3.5065,1.993375
76.0,3.5065,1.993375
76.0,3.50625,1.99325
76.0,3.50575,1.99275
76.0,3.5055,1.99225
76.0,3.505125,1.992375
76.0,3.5055,1.9925
76.0,3.50675,1.9925
76.0,3.5075,1.992375
76.0,3.507,1.99225
76.0,3.505875,1.992375
76.0,3.50525,1.992625
76.0,3.505125,1.9925
76.0,3.50525,1.992625
76.0,3.505,1.993
76.0,3.504875,1.993
76.0,3.50575,1.993375
76.0,3.50575,1.993375
76.0,3.507,1.993375
76.0,3.5065,1.993125
76.0,3.506125,1.9925
76.0,3.50575,1.992125
76.0,3.5055,1.992375
76.0,3.50575,1.992625
76.0,3.507125,1.992375
76.0,3.507625,1.992
76.0,3.506875,1.992375
76.0,3.506,1.993
76.0,3.50525,1.99275
76.0,3.504875,1.992625
76.0,3.50475,1.993
76.0,3.50425,1.992875
76.0,3.504625,1.993
76.0,3.504625,1.993
76.0,3.50625,1.9935
76.0,3.50675,1.993375
76.0,3.5055,1.99275
76.0,3.505625,1.992125
76.0,3.5055,1.991875
76.0,3.505125,1.99225
76.0,3.50575,1.9925
76.0,3.50725,1.99225
76.0,3.507,1.992
76.0,3.50675,1.992375
76.0,3.506,1.99275
76.0,3.505,1.99275
76.0,3.504625,1.99275
76.0,3.50475,1.99275
76.0,3.5045,1.99275
76.0,3.5045,1.99275
76.0,3.50525,1.993125
76.0,3.506125,1.9935
76.0,3.506,1.993
76.0,3.50575,1.9925
76.0,3.5055,1.99225
76.0,3.50525,1.992375
76.0,3.506,1.992625
76.0,3.50675,1.992625
76.0,3.5075,1.992375
76.0,3.50725,1.99225
76.0,3.506375,1.992375
76.0,3.5055,1.992375
76.0,3.505375,1.992625
76.0,3.504875,1.992875
76.0,3.50425,1.992875
76.0,3.504,1.993
76.0,3.504,1.993
76.0,3.505125,1.993375
76.0,3.5065,1.993625
76.0,3.506125,1.993625
76.0,3.505375,1.99325
76.0,3.505375,1.9925
76.0,3.50525,1.992625
76.0,3.5055,1.99275
76.0,3.506875,1.9925
76.0,3.507625,1.992125
76.0,3.507375,1.992125
76.0,3.506,1.9925
76.0,3.505375,1.992375
76.0,3.50525,1.992625
76.0,3.504625,1.992875
76.0,3.504375,1.99275
76.0,3.504375,1.99275
76.0,3.504375,1.993
76.0,3.505375,1.99325
76.0,3.506375,1.993125
76.0,3.506125,1.992875
76.0,3.506,1.9925
76.0,3.505625,1.992125
76.0,3.50525,1.992375
76.0,3.50575,1.9925
76.0,3.507,1.99225
76.0,3.507375,1.992125
76.0,3.506625,1.992375
76.0,3.505625,1.9925
76.0,3.505375,1.992375
76.0,3.505,1.9925
76.0,3.504375,1.992875
76.0,3.504375,1.992875
76.0,3.504125,1.992875
76.0,3.504625,1.993125
76.0,3.50625,1.9935
76.0,3.506375,1.993375
76.0,3.505875,1.993
76.0,3.50575,1.992375
76.0,3.50575,1.99225
76.0,3.5055,1.992625
76.0,3.5065,1.992625
76.0,3.507375,1.992625
76.0,3.507125,1.992375
76.0,3.506,1.99225
76.0,3.504875,1.9925
76.0,3.505125,1.99275
76.0,3.50475,1.992875
76.0,3.50475,1.992875
76.0,3.504625,1.992875
76.0,3.504625,1.992875
76.0,3.505125,1.993375
76.0,3.50575,1.9935
76.0,3.505875,1.99325
76.0,3.505625,1.99275
76.0,3.505625,1.992375
76.0,3.505,1.9925
76.0,3.505625,1.992625
76.0,3.506875,1.992625
76.0,3.507375,1.99225
76.0,3.507375,1.992
76.0,3.50625,1.9925
76.0,3.50525,1.99275
77.0,3.505125,2.053
77.0,3.504625,2.05325
77.0,3.504125,2.05325
77.0,3.504625,2.053375
77.0,3.506125,2.054
77.0,3.5065,2.05375
77.0,3.50625,2.0535
77.0,3.50575,2.053125
77.0,3.50575,2.053125
77.0,3.50525,2.052625
77.0,3.505625,2.053
77.0,3.5065,2.053
77.0,3.507,2.052625
77.0,3.507125,2.05225
77.0,3.506,2.05275
77.0,3.505125,2.053125
77.0,3.50525,2.05275
77.0,3.505,2.053125
77.0,3.50475,2.053125
77.0,3.5045,2.053125
77.0,3.50525,2.0535
77.0,3.506,2.053875
77.0,3.50625,2.0535
77.0,3.506,2.053375
77.0,3.506,2.052625
77.0,3.506,2.052625
77.0,3.505375,2.052375
77.0,3.505375,2.052875
77.0,3.50625,2.053
77.0,3.507125,2.052375
77.0,3.507125,2.052375
77.0,3.50625,2.052625
77.0,3.5055,2.05275
77.0,3.505375,2.052875
77.0,3.504875,2.05325
77.0,3.504375,2.053125
77.0,3.5045,2.05325
77.0,3.505375,2.053625
77.0,3.5065,2.053875
77.0,3.506375,2.053375
77.0,3.50575,2.05325
77.0,3.50575,2.05325
77.0,3.505125,2.05275
77.0,3.505,2.05275
77.0,3.505875,2.052875
77.0,3.507,2.05275
77.0,3.507625,2.0525
77.0,3.507375,2.052375
77.0,3.5065,2.052625
77.0,3.50525,2.052875
77.0,3.504875,2.052875
77.0,3.504625,2.053125
77.0,3.504375,2.05325
77.0,3.5045,2.053375
77.0,3.505625,2.05375
77.0,3.5065,2.053625
77.0,3.505625,2.053375
77.0,3.505625,2.053375
77.0,3.50575,2.052875
77.0,3.506,2.05275
77.0,3.505375,2.053
77.0,3.506375,2.053
77.0,3.507625,2.05275
77.0,3.50775,2.052375
77.0,3.506625,2.053
77.0,3.50525,2.053125
77.0,3.504875,2.053125
77.0,3.504625,2.053125
77.0,3.50425,2.05325
77.0,3.50375,2.05325
77.0,3.504875,2.053625
77.0,3.50625,2.05375
77.0,3.5065,2.053625
77.0,3.5065,2.053625
77.0,3.50575,2.05325
77.0,3.505625,2.052625
77.0,3.505375,2.0525
77.0,3.50575,2.052875
77.0,3.50675,2.053
77.0,3.507875,2.05275
77.0,3.507625,2.0525
77.0,3.506625,2.05275
77.0,3.5055,2.052875
77.0,3.504875,2.052875
77.0,3.504875,2.052875
77.0,3.504125,2.053125
77.0,3.503875,2.053375
77.0,3.504625,2.053625
77.0,3.506625,2.053625
77.0,3.506625,2.053625
77.0,3.506875,2.053375
77.0,3.50625,2.052875
77.0,3.505875,2.052625
77.0,3.504875,2.052625
77.0,3.505375,2.052875
77.0,3.507,2.052875
77.0,3.50725,2.0525
77.0,3.506875,2.052625
77.0,3.50575,2.053375
77.0,3.505,2.053125
77.0,3.50525,2.053
77.0,3.50525,2.053
77.0,3.50475,2.053125
77.0,3.504625,2.053375
77.0,3.505875,2.053875
77.0,3.5065,2.053875
77.0,3.5065,2.053875
77.0,3.506375,2.053625
77.0,3.506375,2.053375
77.0,3.505875,2.05275
77.0,3.5055,2.052875
77.0,3.505875,2.052875
77.0,3.50725,2.052875
77.0,3.507875,2.0525
77.0,3.507,2.052875
77.0,3.505375,2.053375
77.0,3.505,2.053125
77.0,3.50475,2.053125
77.0,3.50475,2.053
77.0,3.504625,2.05325
77.0,3.50475,2.0535
77.0,3.505625,2.054
77.0,3.505625,2.054
77.0,3.50625,2.05375
77.0,3.505625,2.05325
77.0,3.506,2.052625
77.0,3.505875,2.052625
77.0,3.504875,2.053
77.0,3.506125,2.052875
77.0,3.50775,2.05275
77.0,3.5075,2.0525
77.0,3.506375,2.052625
77.0,3.5055,2.053125
77.0,3.505375,2.0535
77.0,3.50475,2.05325
77.0,3.50425,2.053125
77.0,3.5045,2.053375
77.0,3.505375,2.054
77.0,3.505375,2.054
77.0,3.506125,2.054125
77.0,3.506125,2.05375
77.0,3.505625,2.053375
77.0,3.50575,2.052625
77.0,3.5055,2.0525
77.0,3.506,2.05275
77.0,3.507,2.05275
77.0,3.507375,2.0525
77.0,3.507125,2.052625
77.0,3.506625,2.05325
77.0,3.505375,2.053
77.0,3.505,2.053
77.0,3.50475,2.053125
77.0,3.5045,2.053125
77.0,3.50475,2.05325
77.0,3.50475,2.05325
77.0,3.50525,2.05375
77.0,3.506,2.053875
77.0,3.506125,2.05325
77.0,3.50575,2.05275
77.0,3.5055,2.052625
77.0,3.5055,2.052875
77.0,3.506,2.053125
77.0,3.50725,2.05275
77.0,3.50725,2.052625
77.0,3.507125,2.052875
77.0,3.506,2.053
77.0,3.505125,2.053125
77.0,3.50475,2.053375
77.0,3.5045,2.05325
78.0,3.5055,2.112875
78.0,3.505625,2.11225
78.0,3.50525,2.112125
78.0,3.505375,2.112375
78.0,3.506,2.112375
78.0,3.506375,2.112125
78.0,3.507125,2.112
78.0,3.506375,2.11225
78.0,3.506375,2.11225
78.0,3.505125,2.1125
78.0,3.504875,2.112625
78.0,3.50525,2.112625
78.0,3.504625,2.112625
78.0,3.504375,2.11275
78.0,3.505375,2.11325
78.0,3.506625,2.1135
78.0,3.506375,2.113125
78.0,3.50575,2.112375
78.0,3.505625,2.112
78.0,3.5055,2.112375
78.0,3.50575,2.1125
78.0,3.506875,2.112375
78.0,3.507375,2.112
78.0,3.507,2.11225
78.0,3.505875,2.11225
78.0,3.505875,2.1125
78.0,3.504875,2.11225
78.0,3.50475,2.112375
78.0,3.504625,2.112625
78.0,3.50425,2.11275
78.0,3.504375,2.113
78.0,3.50575,2.113625
78.0,3.5065,2.1135
78.0,3.505875,2.113
78.0,3.505875,2.112125
78.0,3.505375,2.112125
78.0,3.505125,2.1125
78.0,3.506125,2.1125
78.0,3.507,2.112375
78.0,3.506875,2.111875
78.0,3.506625,2.1125
78.0,3.506625,2.1125
78.0,3.50575,2.112875
78.0,3.5055,2.1125
78.0,3.504875,2.1125
78.0,3.505,2.11275
78.0,3.5045,2.113
78.0,3.504875,2.113125
78.0,3.506125,2.113125
78.0,3.50625,2.113375
78.0,3.505375,2.11325
78.0,3.505625,2.112375
78.0,3.504875,2.112375
78.0,3.50525,2.112625
78.0,3.506625,2.112375
78.0,3.50775,2.112125
78.0,3.507,2.112125
78.0,3.507,2.112125
78.0,3.50625,2.1125
78.0,3.5055,2.11275
78.0,3.50525,2.11225
78.0,3.505,2.112625
78.0,3.5045,2.11275
78.0,3.504125,2.112875
78.0,3.50525,2.11325
78.0,3.506375,2.113375
78.0,3.5065,2.11325
78.0,3.505875,2.113
78.0,3.505625,2.11275
78.0,3.505375,2.1125
78.0,3.505875,2.112625
78.0,3.507,2.112375
78.0,3.507375,2.112
78.0,3.507375,2.112
78.0,3.507,2.112
78.0,3.506125,2.11275
78.0,3.505375,2.11275
78.0,3.505,2.112375
78.0,3.50475,2.112625
78.0,3.504625,2.112625
78.0,3.5045,2.11275
78.0,3.505,2.1135
78.0,3.505875,2.1135
78.0,3.506125,2.113125
78.0,3.506375,2.1125
78.0,3.506,2.112125
78.0,3.505,2.112375
78.0,3.505875,2.1125
78.0,3.507125,2.112375
78.0,3.507125,2.112375
78.0,3.5075,2.112125
78.0,3.50675,2.11225
78.0,3.5055,2.112625
78.0,3.50525,2.112375
78.0,3.505,2.112375
78.0,3.504875,2.11275
78.0,3.504625,2.112625
78.0,3.505,2.113
78.0,3.50575,2.11325
78.0,3.506,2.11325
78.0,3.506,2.112875
78.0,3.50575,2.112375
78.0,3.505375,2.112375
78.0,3.505375,2.112625
78.0,3.506625,2.1125
78.0,3.5075,2.112125
78.0,3.5075,2.112125
78.0,3.507375,2.112125
78.0,3.506375,2.112125
78.0,3.50575,2.112125
78.0,3.505125,2.112125
78.0,3.505125,2.1125
78.0,3.50475,2.11275
78.0,3.5045,2.112875
78.0,3.50525,2.11325
78.0,3.506375,2.113375
78.0,3.50625,2.11325
78.0,3.5055,2.112875
78.0,3.505625,2.11225
78.0,3.505,2.112125
78.0,3.5055,2.11225
78.0,3.506625,2.112375
78.0,3.506625,2.112375
78.0,3.507125,2.112
78.0,3.507,2.11175
78.0,3.50575,2.112125
78.0,3.504875,2.1125
78.0,3.504875,2.112375
78.0,3.504875,2.112375
78.0,3.504625,2.11225
78.0,3.504625,2.112375
78.0,3.5055,2.112625
78.0,3.50625,2.112875
78.0,3.506125,2.112625
78.0,3.505625,2.111875
78.0,3.5055,2.1115
78.0,3.50525,2.11175
78.0,3.50575,2.111875
78.0,3.50575,2.111875
78.0,3.506625,2.11175
78.0,3.50725,2.1115
78.0,3.507125,2.111875
78.0,3.506125,2.112375
78.0,3.50575,2.112375
78.0,3.505625,2.112375
78.0,3.505125,2.112375
78.0,3.504625,2.1125
78.0,3.505,2.11275
78.0,3.505875,2.11325
78.0,3.506625,2.113125
78.0,3.50625,2.112625
78.0,3.505875,2.112
78.0,3.505625,2.112125
78.0,3.504875,2.11225
78.0,3.504875,2.11225
78.0,3.505875,2.112375
78.0,3.5075,2.11225
78.0,3.5075,2.112
78.0,3.50675,2.112375
78.0,3.5055,2.11275
78.0,3.505,2.11275
78.0,3.505125,2.112625
78.0,3.504625,2.112625
78.0,3.504125,2.11275
78.0,3.504875,2.11325
78.0,3.506375,2.113625
78.0,3.50625,2.1135
78.0,3.505375,2.113
78.0,3.50525,2.112375
79.0,3.50525,2.172375
79.0,3.505375,2.1725
79.0,3.506375,2.17225
79.0,3.507,2.17175
79.0,3.50725,2.172
79.0,3.505875,2.1725
79.0,3.504875,2.172625
79.0,3.505125,2.1725
79.0,3.505125,2.1725
79.0,3.505125,2.172625
79.0,3.504375,2.172625
79.0,3.50425,2.172875
79.0,3.5055,2.17325
79.0,3.50625,2.1735
79.0,3.50625,2.17325
79.0,3.50575,2.172625
79.0,3.505375,2.172
79.0,3.50525,2.172125
79.0,3.5055,2.172375
79.0,3.506375,2.172125
79.0,3.50725,2.172125
79.0,3.506375,2.1725
79.0,3.50525,2.17275
79.0,3.505,2.172375
79.0,3.505125,2.172375
79.0,3.505125,2.17225
79.0,3.504625,2.1725
79.0,3.504,2.17275
79.0,3.5045,2.173
79.0,3.505625,2.173375
79.0,3.506375,2.1735
79.0,3.505875,2.172875
79.0,3.50575,2.17225
79.0,3.5055,2.172125
79.0,3.505125,2.172375
79.0,3.505875,2.172375
79.0,3.506875,2.172125
79.0,3.506875,2.172
79.0,3.505875,2.17225
79.0,3.5055,2.1725
79.0,3.505375,2.172125
79.0,3.505375,2.172125
79.0,3.50475,2.17225
79.0,3.504375,2.172625
79.0,3.50475,2.172625
79.0,3.50525,2.173
79.0,3.506,2.173125
79.0,3.506,2.17325
79.0,3.50575,2.172625
79.0,3.50575,2.172
79.0,3.50525,2.172125
79.0,3.505375,2.17225
79.0,3.5065,2.17225
79.0,3.507,2.172
79.0,3.507125,2.171875
79.0,3.506,2.172375
79.0,3.505125,2.17275
79.0,3.505125,2.17275
79.0,3.505125,2.172375
79.0,3.504875,2.172625
79.0,3.50425,2.17275
79.0,3.50425,2.17275
79.0,3.505125,2.173125
79.0,3.5065,2.173375
79.0,3.50625,2.173125
79.0,3.505625,2.1725
79.0,3.5055,2.172125
79.0,3.505,2.17225
79.0,3.5055,2.172375
79.0,3.506625,2.17225
79.0,3.507,2.171875
79.0,3.507,2.172125
79.0,3.505875,2.1725
79.0,3.505875,2.1725
79.0,3.50475,2.172125
79.0,3.50475,2.172375
79.0,3.504625,2.172625
79.0,3.50425,2.172625
79.0,3.50475,2.17275
79.0,3.50575,2.173125
79.0,3.505875,2.173375
79.0,3.5055,2.173
79.0,3.50575,2.172375
79.0,3.5055,2.172
79.0,3.50525,2.17225
79.0,3.505875,2.172375
79.0,3.506875,2.172125
79.0,3.507125,2.17175
79.0,3.506375,2.17225
79.0,3.504875,2.172625
79.0,3.504875,2.172625
79.0,3.504875,2.172375
79.0,3.505125,2.1725
79.0,3.50475,2.17275
79.0,3.5045,2.172625
79.0,3.505125,2.173
79.0,3.50625,2.173375
79.0,3.506375,2.173
79.0,3.50575,2.172625
79.0,3.50575,2.17225
79.0,3.505,2.172
79.0,3.505125,2.172375
79.0,3.506375,2.1725
79.0,3.507,2.172
79.0,3.50675,2.17175
79.0,3.506125,2.17225
79.0,3.506125,2.17225
79.0,3.505375,2.17275
79.0,3.50525,2.17275
79.0,3.50475,2.17275
79.0,3.504125,2.172625
79.0,3.504375,2.17275
79.0,3.5055,2.173375
79.0,3.50675,2.173375
79.0,3.506625,2.17325
79.0,3.50575,2.172375
79.0,3.5055,2.172
79.0,3.50475,2.172375
79.0,3.505875,2.1725
79.0,3.507125,2.172375
79.0,3.506875,2.172
79.0,3.50675,2.171875
79.0,3.50675,2.171875
79.0,3.505875,2.1725
79.0,3.505,2.17225
79.0,3.50475,2.17225
79.0,3.50475,2.17275
79.0,3.504625,2.17275
79.0,3.5045,2.173125
79.0,3.505375,2.173375
79.0,3.50575,2.1735
79.0,3.50575,2.173375
79.0,3.505125,2.17275
79.0,3.505125,2.17225
79.0,3.504875,2.172375
79.0,3.505875,2.172375
79.0,3.507125,2.17225
79.0,3.507,2.172
79.0,3.507,2.172
79.0,3.506125,2.17225
79.0,3.5055,2.17275
79.0,3.5055,2.172625
79.0,3.505625,2.17275
79.0,3.504875,2.17275
79.0,3.504875,2.172875
79.0,3.505,2.173125
79.0,3.5055,2.1735
79.0,3.50575,2.17325
79.0,3.505375,2.17275
79.0,3.50575,2.17225
79.0,3.505625,2.172
79.0,3.505125,2.172375
79.0,3.506375,2.172375
79.0,3.507375,2.172
79.0,3.507375,2.172
79.0,3.507125,2.172
79.0,3.506125,2.172375
79.0,3.50525,2.172375
79.0,3.505125,2.172375
79.0,3.504875,2.172625
79.0,3.50425,2.17275
79.0,3.504,2.172875
79.0,3.505,2.17325
79.0,3.506,2.173375
79.0,3.50575,2.173125
79.0,3.50575,2.172625
79.0,3.505875,2.172125
79.0,3.50525,2.172125
79.0,3.505375,2.172375
80.0,3.50475,2.23075
80.0,3.506,2.230875
80.0,3.507,2.2305
80.0,3.506625,2.2305
80.0,3.506,2.231125
80.0,3.505,2.23125
80.0,3.5045,2.230875
80.0,3.50425,2.231125
80.0,3.50425,2.231125
80.0,3.50425,2.231125
80.0,3.504125,2.23125
80.0,3.50475,2.231625
80.0,3.5055,2.232
80.0,3.506,2.231875
80.0,3.505625,2.231125
80.0,3.50575,2.23025
80.0,3.504875,2.2305
80.0,3.505,2.230875
80.0,3.506375,2.230875
80.0,3.507125,2.2305
80.0,3.506625,2.230375
80.0,3.505375,2.231
80.0,3.504625,2.23075
80.0,3.5045,2.230625
80.0,3.504125,2.231125
80.0,3.504125,2.231125
80.0,3.50375,2.231125
80.0,3.50425,2.231125
80.0,3.505125,2.231625
80.0,3.5055,2.232
80.0,3.505625,2.232
80.0,3.50525,2.231125
80.0,3.50525,2.2305
80.0,3.504875,2.23075
80.0,3.50525,2.23075
80.0,3.5065,2.230625
80.0,3.507125,2.2305
80.0,3.506625,2.230625
80.0,3.5055,2.231
80.0,3.50475,2.230625
80.0,3.504625,2.2305
80.0,3.504625,2.2305
80.0,3.5045,2.231
80.0,3.504125,2.231125
80.0,3.5045,2.231375
80.0,3.505125,2.23175
80.0,3.50525,2.231875
80.0,3.5055,2.23125
80.0,3.505625,2.230625
80.0,3.505375,2.2305
80.0,3.504875,2.23075
80.0,3.5055,2.23075
80.0,3.50675,2.230625
80.0,3.50675,2.23025
80.0,3.50625,2.23025
80.0,3.5055,2.230875
80.0,3.504625,2.23075
80.0,3.504625,2.23075
80.0,3.504375,2.230875
80.0,3.504125,2.231125
80.0,3.503875,2.231125
80.0,3.504625,2.23125
80.0,3.505625,2.231875
80.0,3.5055,2.2315
80.0,3.505625,2.230625
80.0,3.5055,2.230125
80.0,3.505,2.230625
80.0,3.50475,2.23075
80.0,3.505375,2.23075
80.0,3.50625,2.230375
80.0,3.506875,2.23025
80.0,3.50625,2.23075
80.0,3.505375,2.23075
80.0,3.505375,2.23075
80.0,3.504875,2.230625
80.0,3.50425,2.230875
80.0,3.503875,2.231
80.0,3.503625,2.23125
80.0,3.504625,2.231625
80.0,3.506125,2.231625
80.0,3.506375,2.231125
80.0,3.506125,2.230625
80.0,3.505625,2.23025
80.0,3.505,2.2305
80.0,3.50525,2.230875
80.0,3.50675,2.23075
80.0,3.5075,2.230375
80.0,3.50675,2.230625
80.0,3.505375,2.231
80.0,3.505,2.230625
80.0,3.505,2.230625
80.0,3.504375,2.2305
80.0,3.504,2.231125
80.0,3.5035,2.231
80.0,3.504,2.23125
80.0,3.505,2.23175
80.0,3.505875,2.231875
80.0,3.50575,2.231375
80.0,3.505875,2.230625
80.0,3.505125,2.2305
80.0,3.50425,2.23075
80.0,3.505625,2.23075
80.0,3.50725,2.2305
80.0,3.50725,2.23025
80.0,3.506125,2.230375
80.0,3.50525,2.23075
80.0,3.50525,2.23075
80.0,3.505125,2.2305
80.0,3.504375,2.230625
80.0,3.503875,2.231125
80.0,3.50425,2.23125
80.0,3.504875,2.2315
80.0,3.505875,2.231875
80.0,3.506125,2.23175
80.0,3.50575,2.23125
80.0,3.50575,2.230375
80.0,3.50525,2.230375
80.0,3.50525,2.23075
80.0,3.506125,2.23075
80.0,3.50725,2.23025
80.0,3.507125,2.23025
80.0,3.505875,2.230875
80.0,3.505875,2.230875
80.0,3.50475,2.231
80.0,3.50475,2.23075
80.0,3.504375,2.230875
80.0,3.50375,2.23125
80.0,3.50375,2.231125
80.0,3.505,2.231375
80.0,3.506125,2.231875
80.0,3.505875,2.231875
80.0,3.5055,2.231
80.0,3.505125,2.230375
80.0,3.50525,2.2305
80.0,3.50575,2.230625
80.0,3.5065,2.230625
80.0,3.50725,2.23025
80.0,3.506875,2.230625
80.0,3.506875,2.23075
80.0,3.505625,2.23075
80.0,3.50525,2.230875
80.0,3.505,2.23075
80.0,3.5045,2.231125
80.0,3.503875,2.231125
80.0,3.503625,2.23125
80.0,3.50475,2.23175
80.0,3.506,2.231625
80.0,3.505625,2.231625
80.0,3.505375,2.23125
80.0,3.505,2.23075
80.0,3.504625,2.23075
80.0,3.50575,2.23075
80.0,3.50675,2.230625
80.0,3.507,2.230375
80.0,3.507,2.2305
80.0,3.5065,2.2305
80.0,3.50525,2.23075
80.0,3.505125,2.230625
80.0,3.505125,2.23075
80.0,3.504375,2.231
80.0,3.504,2.231
80.0,3.504125,2.2315
80.0,3.5055,2.232
80.0,3.5065,2.231875
80.0,3.505875,2.23125
80.0,3.505375,2.230375
80.0,3.5055,2.230375
80.0,3.50575,2.23075
80.0,3.50625,2.23075
81.0,3.505375,2.290625
81.0,3.505,2.28975
81.0,3.504875,2.289625
81.0,3.504875,2.29
81.0,3.505625,2.29
81.0,3.50675,2.289625
81.0,3.506625,2.289625
81.0,3.506,2.290125
81.0,3.506,2.290125
81.0,3.50525,2.290375
81.0,3.504875,2.289875
81.0,3.504625,2.29
81.0,3.504125,2.29025
81.0,3.50375,2.29025
81.0,3.50425,2.29075
81.0,3.505625,2.291
81.0,3.505875,2.291
81.0,3.505,2.290625
81.0,3.505125,2.289875
81.0,3.505125,2.28975
81.0,3.505125,2.290125
81.0,3.506375,2.29
81.0,3.507125,2.2895
81.0,3.506875,2.28925
81.0,3.505625,2.29025
81.0,3.505625,2.29025
81.0,3.504625,2.290375
81.0,3.50475,2.290125
81.0,3.504625,2.290375
81.0,3.504,2.290375
81.0,3.504125,2.2905
81.0,3.504625,2.29075
81.0,3.505375,2.291
81.0,3.505375,2.290875
81.0,3.505375,2.290375
81.0,3.5055,2.29
81.0,3.5045,2.29
81.0,3.505125,2.290125
81.0,3.506125,2.29
81.0,3.506625,2.289625
81.0,3.506375,2.28975
81.0,3.506375,2.28975
81.0,3.505375,2.290125
81.0,3.505125,2.289625
81.0,3.50475,2.289875
81.0,3.504375,2.2905
81.0,3.50425,2.2905
81.0,3.50425,2.290625
81.0,3.50475,2.291
81.0,3.505875,2.290875
81.0,3.5055,2.29025
81.0,3.50525,2.29025
81.0,3.504875,2.289875
81.0,3.5045,2.29
81.0,3.5055,2.29025
81.0,3.50675,2.289875
81.0,3.506875,2.289625
81.0,3.506875,2.289625
81.0,3.506,2.289875
81.0,3.504875,2.290125
81.0,3.5045,2.290375
81.0,3.504625,2.29025
81.0,3.504125,2.290375
81.0,3.503625,2.290375
81.0,3.504,2.29075
81.0,3.5055,2.291125
81.0,3.50625,2.291
81.0,3.505375,2.2905
81.0,3.505125,2.289875
81.0,3.5045,2.29
81.0,3.5045,2.290125
81.0,3.506125,2.29025
81.0,3.507,2.28975
81.0,3.507,2.2895
81.0,3.50675,2.2895
81.0,3.505625,2.29
81.0,3.50475,2.290375
81.0,3.504875,2.290375
81.0,3.504875,2.29025
81.0,3.503875,2.290375
81.0,3.503625,2.2905
81.0,3.505,2.290875
81.0,3.506125,2.291125
81.0,3.506125,2.290875
81.0,3.5055,2.29025
81.0,3.505125,2.289875
81.0,3.504875,2.290125
81.0,3.504875,2.29025
81.0,3.506125,2.29
81.0,3.507,2.289625
81.0,3.507,2.289625
81.0,3.506625,2.2895
81.0,3.505375,2.28975
81.0,3.504875,2.290125
81.0,3.504625,2.290375
81.0,3.504125,2.2905
81.0,3.504,2.290375
81.0,3.504125,2.290625
81.0,3.504875,2.291125
81.0,3.5055,2.29125
81.0,3.505125,2.291
81.0,3.505,2.29025
81.0,3.504625,2.28975
81.0,3.505,2.29
81.0,3.505875,2.290375
81.0,3.506625,2.29
81.0,3.506625,2.29
81.0,3.506625,2.289625
81.0,3.506125,2.2895
81.0,3.504875,2.29
81.0,3.5045,2.290125
81.0,3.5045,2.29
81.0,3.504375,2.290375
81.0,3.503625,2.290375
81.0,3.504,2.290625
81.0,3.505125,2.291
81.0,3.50575,2.291125
81.0,3.505125,2.29075
81.0,3.505125,2.289875
81.0,3.504875,2.29
81.0,3.50475,2.290125
81.0,3.505875,2.290125
81.0,3.505875,2.290125
81.0,3.5065,2.28975
81.0,3.506375,2.289625
81.0,3.50575,2.29
81.0,3.504625,2.290375
81.0,3.504125,2.29025
81.0,3.504375,2.290375
81.0,3.504375,2.290625
81.0,3.50375,2.2905
81.0,3.504125,2.290875
81.0,3.505875,2.291125
81.0,3.505875,2.290875
81.0,3.505125,2.29025
81.0,3.505,2.290125
81.0,3.504625,2.29
81.0,3.504875,2.290125
81.0,3.504875,2.290125
81.0,3.506375,2.290125
81.0,3.507125,2.28975
81.0,3.5065,2.28975
81.0,3.505625,2.29025
81.0,3.505,2.290375
81.0,3.5045,2.29025
81.0,3.50425,2.29025
81.0,3.503875,2.290375
81.0,3.50375,2.290375
81.0,3.5045,2.291
81.0,3.506,2.290875
81.0,3.50575,2.29075
81.0,3.50525,2.290125
81.0,3.50525,2.28975
81.0,3.504625,2.290125
81.0,3.504625,2.290125
81.0,3.505375,2.290125
81.0,3.506875,2.289875
81.0,3.507,2.2895
81.0,3.506375,2.2895
81.0,3.505,2.289875
81.0,3.50475,2.289875
81.0,3.50475,2.29
81.0,3.504,2.290125
81.0,3.503375,2.29025
81.0,3.504125,2.290625
81.0,3.50525,2.291125
81.0,3.506,2.291125
81.0,3.505375,2.2905
81.0,3.50525,2.29
82.0,3.505625,2.34775
82.0,3.50475,2.348
82.0,3.50475,2.347875
82.0,3.5045,2.348
82.0,3.504375,2.348
82.0,3.5035,2.348375
82.0,3.503875,2.34875
82.0,3.505625,2.349
82.0,3.505625,2.349
82.0,3.50575,2.34875
82.0,3.505,2.34825
82.0,3.505,2.34775
82.0,3.504625,2.347625
82.0,3.504875,2.347875
82.0,3.505875,2.347875
82.0,3.506375,2.347375
82.0,3.506375,2.347375
82.0,3.505125,2.347875
82.0,3.504125,2.347625
82.0,3.50375,2.347625
82.0,3.503875,2.348
82.0,3.5035,2.348125
82.0,3.504,2.3485
82.0,3.505375,2.34875
82.0,3.506,2.3485
82.0,3.506,2.3485
82.0,3.5055,2.348375
82.0,3.504875,2.347875
82.0,3.5045,2.34775
82.0,3.504625,2.347875
82.0,3.505375,2.347875
82.0,3.50625,2.347625
82.0,3.506625,2.347375
82.0,3.506125,2.3475
82.0,3.505,2.348125
82.0,3.504625,2.34775
82.0,3.5045,2.348
82.0,3.504125,2.348125
82.0,3.5035,2.348125
82.0,3.503875,2.348375
82.0,3.505125,2.34875
82.0,3.505125,2.34875
82.0,3.5055,2.348875
82.0,3.505625,2.348375
82.0,3.505125,2.347875
82.0,3.504125,2.347625
82.0,3.5045,2.347875
82.0,3.505875,2.34775
82.0,3.506875,2.347625
82.0,3.506875,2.3475
82.0,3.505375,2.348125
82.0,3.5045,2.348375
82.0,3.50475,2.348
82.0,3.50425,2.348
82.0,3.50375,2.348
82.0,3.503625,2.34825
82.0,3.504375,2.34875
82.0,3.504375,2.34875
82.0,3.505375,2.34875
82.0,3.505875,2.3485
82.0,3.50525,2.348
82.0,3.505375,2.3475
82.0,3.5045,2.347625
82.0,3.504375,2.348
82.0,3.506,2.347625
82.0,3.507,2.347375
82.0,3.507,2.347625
82.0,3.50575,2.34825
82.0,3.505,2.34775
82.0,3.504625,2.3475
82.0,3.50425,2.348
82.0,3.50375,2.348125
82.0,3.503375,2.34825
82.0,3.504375,2.34825
82.0,3.504375,2.34875
82.0,3.506125,2.348875
82.0,3.50575,2.3485
82.0,3.50525,2.347875
82.0,3.50475,2.3475
82.0,3.50475,2.347875
82.0,3.50525,2.347875
82.0,3.5065,2.347625
82.0,3.507,2.34725
82.0,3.506,2.347625
82.0,3.50525,2.34825
82.0,3.504375,2.347875
82.0,3.504125,2.34775
82.0,3.504,2.348
82.0,3.503875,2.34825
82.0,3.50425,2.34825
82.0,3.50425,2.3485
82.0,3.505,2.348875
82.0,3.505625,2.348875
82.0,3.505375,2.348375
82.0,3.504875,2.3475
82.0,3.50425,2.347375
82.0,3.50425,2.34775
82.0,3.5055,2.347875
82.0,3.506375,2.347625
82.0,3.506625,2.34725
82.0,3.506,2.3475
82.0,3.504875,2.347875
82.0,3.504,2.34775
82.0,3.504125,2.347875
82.0,3.503625,2.348125
82.0,3.504,2.348125
82.0,3.504,2.348125
82.0,3.50475,2.348625
82.0,3.5055,2.348875
82.0,3.5055,2.3485
82.0,3.50525,2.348
82.0,3.505375,2.3475
82.0,3.504625,2.347625
82.0,3.504625,2.348
82.0,3.505875,2.347875
82.0,3.50675,2.347375
82.0,3.507,2.3475
82.0,3.50575,2.348
82.0,3.504625,2.348375
82.0,3.5045,2.348
82.0,3.50425,2.348125
82.0,3.503875,2.348125
82.0,3.503875,2.348125
82.0,3.504,2.34825
82.0,3.504875,2.348625
82.0,3.50575,2.348625
82.0,3.505125,2.3485
82.0,3.504375,2.347875
82.0,3.504875,2.347375
82.0,3.504625,2.3475
82.0,3.50475,2.347875
82.0,3.506,2.34775
82.0,3.506625,2.347375
82.0,3.50625,2.347375
82.0,3.505375,2.348
82.0,3.50475,2.34775
82.0,3.504,2.348
82.0,3.50375,2.348125
82.0,3.503875,2.348125
82.0,3.503875,2.348125
82.0,3.504125,2.348375
82.0,3.505375,2.348875
82.0,3.505625,2.348875
82.0,3.505375,2.34875
82.0,3.50525,2.34775
82.0,3.505,2.347375
82.0,3.5045,2.34775
82.0,3.50525,2.347875
82.0,3.506625,2.347625
82.0,3.507,2.347375
82.0,3.506375,2.347375
82.0,3.505375,2.34775
82.0,3.50475,2.347625
82.0,3.504375,2.348
82.0,3.503875,2.348
82.0,3.503875,2.34825
82.0,3.503375,2.34825
82.0,3.503625,2.3485
82.0,3.504875,2.34875
82.0,3.505125,2.348875
82.0,3.505125,2.348375
82.0,3.505,2.347625
82.0,3.5045,2.347625
82.0,3.504625,2.347875
82.0,3.505875,2.34775
82.0,3.5065,2.347375
82.0,3.5065,2.347375
82.0,3.50575,2.348
82.0,3.5045,2.348125
83.0,3.504125,2.40375
83.0,3.50525,2.40375
83.0,3.506375,2.403375
83.0,3.506375,2.403375
83.0,3.505875,2.403625
83.0,3.504625,2.403875
83.0,3.5045,2.4035
83.0,3.50475,2.40375
83.0,3.50475,2.40375
83.0,3.504,2.404
83.0,3.5035,2.404
83.0,3.504125,2.404625
83.0,3.5055,2.40475
83.0,3.5055,2.404625
83.0,3.50475,2.404125
83.0,3.505,2.4035
83.0,3.504375,2.4035
83.0,3.504625,2.40375
83.0,3.505625,2.40375
83.0,3.506375,2.403375
83.0,3.505875,2.4035
83.0,3.504875,2.404
83.0,3.50475,2.403875
83.0,3.5045,2.403375
83.0,3.5045,2.403375
83.0,3.504,2.403875
83.0,3.5035,2.404
83.0,3.504,2.404125
83.0,3.5045,2.404625
83.0,3.504875,2.40475
83.0,3.505125,2.40425
83.0,3.50475,2.403875
83.0,3.50475,2.4035
83.0,3.504625,2.40375
83.0,3.505125,2.403875
83.0,3.5065,2.403625
83.0,3.507375,2.40325
83.0,3.506625,2.403375
83.0,3.505375,2.404
83.0,3.5045,2.403875
83.0,3.504125,2.404
83.0,3.504125,2.404
83.0,3.504,2.404125
83.0,3.503875,2.404125
83.0,3.50375,2.40425
83.0,3.505,2.40475
83.0,3.5055,2.40475
83.0,3.505125,2.40425
83.0,3.50475,2.403625
83.0,3.5045,2.40325
83.0,3.5045,2.403625
83.0,3.505125,2.40375
83.0,3.506375,2.403625
83.0,3.5065,2.40325
83.0,3.50575,2.403625
83.0,3.504875,2.403875
83.0,3.504625,2.40375
83.0,3.504625,2.40375
83.0,3.504,2.404125
83.0,3.50375,2.404125
83.0,3.503625,2.404125
83.0,3.50425,2.404625
83.0,3.505375,2.405
83.0,3.5055,2.404375
83.0,3.505125,2.403625
83.0,3.504875,2.40325
83.0,3.50425,2.403375
83.0,3.504625,2.403625
83.0,3.505625,2.403625
83.0,3.5065,2.403125
83.0,3.506625,2.403125
83.0,3.50575,2.403875
83.0,3.50475,2.404
83.0,3.50475,2.404
83.0,3.504375,2.40375
83.0,3.504375,2.403875
83.0,3.504125,2.404125
83.0,3.503875,2.404
83.0,3.5045,2.404375
83.0,3.505375,2.404625
83.0,3.50525,2.404625
83.0,3.505,2.404
83.0,3.505,2.40325
83.0,3.50475,2.403375
83.0,3.505,2.40375
83.0,3.506125,2.403625
83.0,3.506625,2.403125
83.0,3.506375,2.403375
83.0,3.505125,2.404
83.0,3.505125,2.404
83.0,3.5045,2.403875
83.0,3.504375,2.40375
83.0,3.504125,2.404125
83.0,3.50375,2.40425
83.0,3.50375,2.40425
83.0,3.50475,2.404625
83.0,3.505625,2.404625
83.0,3.505,2.404375
83.0,3.505,2.40375
83.0,3.505,2.403375
83.0,3.50425,2.403625
83.0,3.505125,2.403875
83.0,3.506625,2.403625
83.0,3.5065,2.40325
83.0,3.5055,2.403625
83.0,3.5055,2.403875
83.0,3.504625,2.403875
83.0,3.504375,2.403625
83.0,3.504125,2.40375
83.0,3.50375,2.404
83.0,3.503625,2.404125
83.0,3.504125,2.40425
83.0,3.50525,2.404875
83.0,3.505375,2.40475
83.0,3.505125,2.404375
83.0,3.50525,2.403625
83.0,3.505125,2.403375
83.0,3.50475,2.40375
83.0,3.505125,2.40375
83.0,3.506375,2.403375
83.0,3.50675,2.40325
83.0,3.50575,2.403625
83.0,3.50575,2.403625
83.0,3.505,2.40425
83.0,3.5045,2.403875
83.0,3.503875,2.403875
83.0,3.50375,2.403875
83.0,3.503875,2.404
83.0,3.504375,2.404625
83.0,3.50525,2.404875
83.0,3.505375,2.40475
83.0,3.505125,2.403875
83.0,3.505375,2.40325
83.0,3.50475,2.4035
83.0,3.505,2.404
83.0,3.506,2.40375
83.0,3.50675,2.403375
83.0,3.506375,2.4035
83.0,3.506375,2.4035
83.0,3.505,2.40375
83.0,3.5045,2.403875
83.0,3.50425,2.403875
83.0,3.50425,2.404125
83.0,3.503625,2.404125
83.0,3.503375,2.40425
83.0,3.504,2.404625
83.0,3.50525,2.405
83.0,3.50575,2.404625
83.0,3.504875,2.403875
83.0,3.504375,2.403625
83.0,3.5045,2.403875
83.0,3.50525,2.404
83.0,3.50625,2.403625
83.0,3.5065,2.403375
83.0,3.5065,2.403375
83.0,3.506,2.40375
83.0,3.505125,2.404
83.0,3.504625,2.404125
83.0,3.504125,2.403875
83.0,3.503375,2.404125
83.0,3.503375,2.40425
83.0,3.504,2.4045
83.0,3.50475,2.404875
83.0,3.505,2.40475
83.0,3.504875,2.404
83.0,3.504875,2.403375
83.0,3.504375,2.403375
83.0,3.504375,2.40375
83.0,3.5055,2.404
84.0,3.506375,2.459875
84.0,3.506,2.45975
84.0,3.505375,2.46
84.0,3.5045,2.460375
84.0,3.504125,2.460125
84.0,3.504,2.4605
84.0,3.5035,2.46075
84.0,3.503125,2.46075
84.0,3.503125,2.46075
84.0,3.50425,2.46125
84.0,3.505625,2.46175
84.0,3.505375,2.461625
84.0,3.50475,2.46075
84.0,3.504375,2.46
84.0,3.504125,2.460125
84.0,3.505,2.4605
84.0,3.506,2.460125
84.0,3.506375,2.45975
84.0,3.506125,2.46
84.0,3.50525,2.46075
84.0,3.504625,2.460375
84.0,3.504375,2.460125
84.0,3.503875,2.4605
84.0,3.503625,2.460625
84.0,3.503625,2.46075
84.0,3.503625,2.46075
84.0,3.504375,2.461375
84.0,3.50525,2.461375
84.0,3.505,2.461125
84.0,3.5045,2.460125
84.0,3.5045,2.45975
84.0,3.504,2.46025
84.0,3.504875,2.460375
84.0,3.50575,2.460125
84.0,3.506375,2.45975
84.0,3.50625,2.46025
84.0,3.505,2.4605
84.0,3.50425,2.460125
84.0,3.504125,2.460375
84.0,3.50375,2.46075
84.0,3.503625,2.460625
84.0,3.503625,2.460625
84.0,3.504125,2.460875
84.0,3.50475,2.461375
84.0,3.50525,2.461125
84.0,3.505125,2.461
84.0,3.504875,2.460375
84.0,3.504375,2.46
84.0,3.504125,2.460125
84.0,3.50525,2.460125
84.0,3.506,2.46
84.0,3.5065,2.46
84.0,3.506125,2.4605
84.0,3.504625,2.460625
84.0,3.50425,2.460125
84.0,3.504,2.460375
84.0,3.50325,2.460625
84.0,3.50325,2.460625
84.0,3.50325,2.46075
84.0,3.504375,2.461125
84.0,3.5055,2.461375
84.0,3.505125,2.46125
84.0,3.505,2.46025
84.0,3.50525,2.45975
84.0,3.5045,2.46
84.0,3.504375,2.46025
84.0,3.5055,2.460125
84.0,3.506375,2.459875
84.0,3.506375,2.459875
84.0,3.50575,2.4605
84.0,3.504625,2.4605
84.0,3.50425,2.4605
84.0,3.504,2.46075
84.0,3.5035,2.46075
84.0,3.5035,2.460625
84.0,3.503625,2.460875
84.0,3.504875,2.46125
84.0,3.50575,2.461375
84.0,3.50525,2.460875
84.0,3.504625,2.460375
84.0,3.504875,2.460125
84.0,3.504625,2.46025
84.0,3.50475,2.460375
84.0,3.50575,2.460125
84.0,3.506375,2.45975
84.0,3.505875,2.45975
84.0,3.5045,2.4605
84.0,3.504125,2.4605
84.0,3.50425,2.4605
84.0,3.504,2.460625
84.0,3.504,2.460625
84.0,3.503375,2.460625
84.0,3.50375,2.461
84.0,3.50475,2.46125
84.0,3.505625,2.46075
84.0,3.505,2.460375
84.0,3.5045,2.46
84.0,3.504625,2.460125
84.0,3.5045,2.460375
84.0,3.50525,2.4605
84.0,3.50575,2.46
84.0,3.506125,2.45975
84.0,3.506,2.460375
84.0,3.504625,2.460625
84.0,3.5045,2.46025
84.0,3.504,2.4605
84.0,3.504,2.4605
84.0,3.503125,2.46075
84.0,3.503125,2.460875
84.0,3.50375,2.46125
84.0,3.505,2.4615
84.0,3.505125,2.461375
84.0,3.504375,2.460625
84.0,3.504625,2.460125
84.0,3.5045,2.460125
84.0,3.50425,2.460375
84.0,3.505375,2.4605
84.0,3.506375,2.46
84.0,3.506125,2.459875
84.0,3.50525,2.46025
84.0,3.504375,2.4605
84.0,3.504375,2.46025
84.0,3.504375,2.46025
84.0,3.50425,2.46075
84.0,3.503375,2.46075
84.0,3.503125,2.460875
84.0,3.504375,2.461375
84.0,3.505125,2.46175
84.0,3.505125,2.461625
84.0,3.505,2.46075
84.0,3.504875,2.460125
84.0,3.5045,2.460375
84.0,3.504875,2.460625
84.0,3.506,2.460375
84.0,3.50625,2.459875
84.0,3.505625,2.459875
84.0,3.504625,2.460625
84.0,3.50425,2.46075
84.0,3.50425,2.46075
84.0,3.5045,2.4605
84.0,3.503625,2.46075
84.0,3.50325,2.460875
84.0,3.503875,2.461
84.0,3.504375,2.4615
84.0,3.504875,2.461625
84.0,3.505125,2.461125
84.0,3.505125,2.46025
84.0,3.505,2.459875
84.0,3.50475,2.460375
84.0,3.505125,2.460625
84.0,3.50625,2.460375
84.0,3.506375,2.459875
84.0,3.50575,2.460375
84.0,3.5045,2.46075
84.0,3.50425,2.4605
84.0,3.50425,2.4605
84.0,3.503875,2.460375
84.0,3.503625,2.46075
84.0,3.503375,2.460875
84.0,3.504125,2.461125
84.0,3.50525,2.461625
84.0,3.50575,2.4615
84.0,3.50525,2.460875
84.0,3.504875,2.46025
84.0,3.504625,2.46
84.0,3.5045,2.460375
84.0,3.50575,2.4605
84.0,3.5065,2.46025
84.0,3.50625,2.459875
85.0,3.505125,2.515625
85.0,3.50475,2.514875
85.0,3.504,2.515125
85.0,3.504125,2.515625
85.0,3.5055,2.515625
85.0,3.5065,2.51525
85.0,3.506375,2.514875
85.0,3.505375,2.5155
85.0,3.505375,2.5155
85.0,3.504375,2.51575
85.0,3.503875,2.515625
85.0,3.503625,2.515875
85.0,3.503375,2.516
85.0,3.503625,2.516125
85.0,3.504625,2.516625
85.0,3.50525,2.517
85.0,3.50525,2.5165
85.0,3.505,2.51575
85.0,3.5045,2.515125
85.0,3.5045,2.515375
85.0,3.50525,2.51575
85.0,3.50625,2.515375
85.0,3.5065,2.515
85.0,3.506,2.51525
85.0,3.505125,2.515875
85.0,3.505125,2.515875
85.0,3.504,2.51575
85.0,3.503875,2.5155
85.0,3.5035,2.515875
85.0,3.503,2.516125
85.0,3.5035,2.516125
85.0,3.504625,2.516625
85.0,3.5055,2.5165
85.0,3.505,2.515875
85.0,3.504875,2.515375
85.0,3.504875,2.515125
85.0,3.50425,2.5155
85.0,3.505,2.515625
85.0,3.506125,2.51525
85.0,3.506375,2.515
85.0,3.505375,2.515
85.0,3.505375,2.515
85.0,3.50425,2.516
85.0,3.50425,2.515875
85.0,3.50425,2.515625
85.0,3.503625,2.516
85.0,3.50325,2.516125
85.0,3.503875,2.5165
85.0,3.505,2.516625
85.0,3.505375,2.516625
85.0,3.504625,2.516
85.0,3.50475,2.5155
85.0,3.504625,2.5155
85.0,3.50475,2.515625
85.0,3.505625,2.5155
85.0,3.506,2.515125
85.0,3.506375,2.515125
85.0,3.506375,2.515125
85.0,3.50575,2.515375
85.0,3.504125,2.515625
85.0,3.503875,2.515625
85.0,3.504125,2.515875
85.0,3.5035,2.516
85.0,3.503,2.516125
85.0,3.504,2.5165
85.0,3.505375,2.51675
85.0,3.505375,2.516625
85.0,3.504875,2.515875
85.0,3.5045,2.51525
85.0,3.503625,2.51525
85.0,3.504375,2.515625
85.0,3.505375,2.5155
85.0,3.505875,2.515
85.0,3.505875,2.515
85.0,3.50575,2.515125
85.0,3.505625,2.51575
85.0,3.504875,2.5155
85.0,3.504375,2.51525
85.0,3.503625,2.51575
85.0,3.503125,2.515875
85.0,3.503125,2.516
85.0,3.504375,2.516625
85.0,3.505125,2.516625
85.0,3.50475,2.5165
85.0,3.505,2.515875
85.0,3.504875,2.51525
85.0,3.504375,2.515375
85.0,3.505,2.515625
85.0,3.505875,2.515375
85.0,3.505875,2.515
85.0,3.506,2.515
85.0,3.50575,2.51525
85.0,3.50475,2.515875
85.0,3.50425,2.515875
85.0,3.504375,2.51575
85.0,3.503625,2.515875
85.0,3.5035,2.51575
85.0,3.504,2.51625
85.0,3.504625,2.516875
85.0,3.505125,2.51675
85.0,3.50475,2.516125
85.0,3.50475,2.5155
85.0,3.504625,2.5155
85.0,3.5045,2.5155
85.0,3.505875,2.51575
85.0,3.50675,2.51525
85.0,3.50675,2.51525
85.0,3.5065,2.514875
85.0,3.505625,2.515375
85.0,3.50475,2.51575
85.0,3.50425,2.515625
85.0,3.503875,2.51575
85.0,3.50375,2.516
85.0,3.503875,2.516125
85.0,3.504375,2.5165
85.0,3.505375,2.51675
85.0,3.5055,2.516375
85.0,3.505,2.516
85.0,3.505125,2.51525
85.0,3.504875,2.515375
85.0,3.504875,2.51575
85.0,3.505875,2.515625
85.0,3.505875,2.515625
85.0,3.507,2.515125
85.0,3.5065,2.515375
85.0,3.505375,2.515875
85.0,3.5045,2.51575
85.0,3.5045,2.5155
85.0,3.504125,2.51575
85.0,3.503625,2.515875
85.0,3.503875,2.516
85.0,3.50475,2.51675
85.0,3.5055,2.51675
85.0,3.50525,2.5165
85.0,3.50475,2.51575
85.0,3.5045,2.51525
85.0,3.504125,2.5155
85.0,3.50475,2.515625
85.0,3.50475,2.515625
85.0,3.505875,2.515375
85.0,3.5065,2.515125
85.0,3.506375,2.515125
85.0,3.504625,2.5155
85.0,3.504625,2.515375
85.0,3.504375,2.515375
85.0,3.50425,2.515875
85.0,3.503375,2.515875
85.0,3.5035,2.51625
85.0,3.50425,2.516875
85.0,3.50475,2.516625
85.0,3.505,2.51625
85.0,3.504875,2.515625
85.0,3.504875,2.515375
85.0,3.504625,2.515625
85.0,3.504625,2.51575
85.0,3.50525,2.51575
85.0,3.506625,2.5155
85.0,3.506875,2.51525
85.0,3.506,2.5155
85.0,3.50475,2.515875
85.0,3.503875,2.515375
85.0,3.503875,2.515625
85.0,3.503875,2.516
85.0,3.5035,2.516125
85.0,3.503875,2.5165
85.0,3.5045,2.516875
85.0,3.505,2.516875
85.0,3.50475,2.51625
85.0,3.50425,2.5155
86.0,3.505375,2.571
86.0,3.50475,2.57
86.0,3.5045,2.569
86.0,3.5045,2.569375
86.0,3.50425,2.569875
86.0,3.5055,2.57
86.0,3.506375,2.569625
86.0,3.506,2.56925
86.0,3.506,2.56925
86.0,3.50525,2.569875
86.0,3.504,2.570125
86.0,3.503625,2.57
86.0,3.50325,2.57025
86.0,3.503125,2.57025
86.0,3.5035,2.57025
86.0,3.504375,2.570875
86.0,3.505,2.571125
86.0,3.505125,2.571
86.0,3.50475,2.570375
86.0,3.504625,2.569625
86.0,3.50425,2.569625
86.0,3.504625,2.57
86.0,3.505625,2.569875
86.0,3.505875,2.56925
86.0,3.505875,2.5695
86.0,3.505875,2.5695
86.0,3.505375,2.57
86.0,3.5045,2.570125
86.0,3.503875,2.570125
86.0,3.5035,2.570375
86.0,3.503375,2.57025
86.0,3.50325,2.570375
86.0,3.5045,2.571125
86.0,3.505375,2.57125
86.0,3.505,2.57075
86.0,3.504875,2.569875
86.0,3.504625,2.569375
86.0,3.503875,2.569875
86.0,3.50475,2.57
86.0,3.506125,2.56975
86.0,3.5065,2.569375
86.0,3.5065,2.569375
86.0,3.50575,2.57
86.0,3.504375,2.57025
86.0,3.503625,2.569875
86.0,3.504,2.569875
86.0,3.504375,2.57025
86.0,3.50375,2.57025
86.0,3.503875,2.570625
86.0,3.504875,2.571
86.0,3.505125,2.571
86.0,3.504875,2.5705
86.0,3.504875,2.56975
86.0,3.50425,2.569625
86.0,3.504,2.569875
86.0,3.505375,2.57
86.0,3.506375,2.569625
86.0,3.506375,2.569625
86.0,3.50575,2.56925
86.0,3.505125,2.56975
86.0,3.504375,2.57
86.0,3.50425,2.569875
86.0,3.504125,2.569875
86.0,3.503875,2.57
86.0,3.5035,2.570375
86.0,3.504125,2.570875
86.0,3.50525,2.571
86.0,3.505625,2.570875
86.0,3.504875,2.570125
86.0,3.50425,2.569375
86.0,3.504125,2.569625
86.0,3.504125,2.569875
86.0,3.50575,2.56975
86.0,3.50575,2.56975
86.0,3.5065,2.5695
86.0,3.506125,2.569125
86.0,3.505125,2.569875
86.0,3.50425,2.569875
86.0,3.50375,2.56975
86.0,3.5035,2.570125
86.0,3.503375,2.57025
86.0,3.503375,2.570375
86.0,3.5045,2.570875
86.0,3.50575,2.571
86.0,3.5055,2.570375
86.0,3.505125,2.57
86.0,3.504625,2.569625
86.0,3.50425,2.569875
86.0,3.50475,2.56975
86.0,3.50475,2.56975
86.0,3.505875,2.569625
86.0,3.506625,2.56925
86.0,3.506,2.569375
86.0,3.504875,2.56975
86.0,3.504,2.570125
86.0,3.504125,2.57
86.0,3.503875,2.57025
86.0,3.503375,2.57025
86.0,3.503625,2.570375
86.0,3.50475,2.570875
86.0,3.50575,2.5705
86.0,3.50525,2.570125
86.0,3.504875,2.5695
86.0,3.504375,2.56925
86.0,3.5045,2.569875
86.0,3.5045,2.57
86.0,3.5055,2.57
86.0,3.5065,2.5695
86.0,3.506375,2.56925
86.0,3.505375,2.56975
86.0,3.504375,2.570125
86.0,3.504,2.56975
86.0,3.50425,2.570125
86.0,3.503625,2.570125
86.0,3.503125,2.570125
86.0,3.50375,2.570625
86.0,3.504875,2.571125
86.0,3.505375,2.570875
86.0,3.504875,2.570375
86.0,3.504375,2.56975
86.0,3.503875,2.569625
86.0,3.50425,2.56975
86.0,3.50425,2.56975
86.0,3.5055,2.56975
86.0,3.506375,2.569375
86.0,3.506,2.569375
86.0,3.505375,2.57
86.0,3.50425,2.570125
86.0,3.503625,2.570125
86.0,3.503875,2.570375
86.0,3.503375,2.57025
86.0,3.503125,2.570375
86.0,3.50425,2.570875
86.0,3.505,2.571
86.0,3.505375,2.57075
86.0,3.505,2.569875
86.0,3.504375,2.569625
86.0,3.504,2.569875
86.0,3.504,2.569875
86.0,3.504625,2.57
86.0,3.505875,2.569875
86.0,3.5065,2.56925
86.0,3.506125,2.569375
86.0,3.50475,2.570125
86.0,3.504125,2.570125
86.0,3.50425,2.57025
86.0,3.503875,2.570375
86.0,3.50325,2.570375
86.0,3.503375,2.5705
86.0,3.505125,2.571125
86.0,3.505125,2.571
86.0,3.5045,2.57025
86.0,3.504875,2.56975
86.0,3.504875,2.569625
86.0,3.504875,2.569875
86.0,3.504125,2.569875
86.0,3.504625,2.57
86.0,3.506,2.56975
86.0,3.506625,2.569375
86.0,3.50575,2.569625
86.0,3.504625,2.57025
86.0,3.504125,2.569875
86.0,3.503625,2.57
86.0,3.50325,2.570375
86.0,3.50325,2.57025
86.0,3.504,2.570625
86.0,3.505,2.571125
86.0,3.505375,2.571
86.0,3.504875,2.570625
87.0,3.505,2.623875
87.0,3.50625,2.6235
87.0,3.506875,2.623125
87.0,3.50625,2.623625
87.0,3.504875,2.624125
87.0,3.504,2.623875
87.0,3.503625,2.623875
87.0,3.503625,2.624125
87.0,3.503625,2.624125
87.0,3.50375,2.624125
87.0,3.504,2.6245
87.0,3.504875,2.624875
87.0,3.505375,2.624875
87.0,3.504375,2.624
87.0,3.504625,2.623
87.0,3.50475,2.62325
87.0,3.50425,2.62375
87.0,3.505,2.62375
87.0,3.506375,2.623375
87.0,3.5065,2.623
87.0,3.50525,2.623375
87.0,3.50425,2.6235
87.0,3.50425,2.623375
87.0,3.503875,2.623875
87.0,3.5035,2.624125
87.0,3.5035,2.624125
87.0,3.50375,2.624
87.0,3.504375,2.624625
87.0,3.505375,2.625125
87.0,3.5055,2.6245
87.0,3.504875,2.62375
87.0,3.504875,2.623125
87.0,3.504375,2.62325
87.0,3.504125,2.623875
87.0,3.505375,2.62375
87.0,3.50625,2.62325
87.0,3.505875,2.62325
87.0,3.504625,2.623875
87.0,3.504375,2.623875
87.0,3.504625,2.6235
87.0,3.504125,2.62375
87.0,3.504125,2.62375
87.0,3.50375,2.623875
87.0,3.503625,2.62425
87.0,3.504,2.624875
87.0,3.505,2.624875
87.0,3.505625,2.624375
87.0,3.505,2.623625
87.0,3.504625,2.623
87.0,3.504375,2.6235
87.0,3.505,2.623875
87.0,3.505875,2.6235
87.0,3.506375,2.623
87.0,3.506125,2.623375
87.0,3.50525,2.624
87.0,3.50425,2.624125
87.0,3.504125,2.624125
87.0,3.504125,2.624125
87.0,3.503875,2.624125
87.0,3.50325,2.624125
87.0,3.5035,2.6245
87.0,3.50475,2.624875
87.0,3.505625,2.62475
87.0,3.505125,2.62425
87.0,3.5045,2.623375
87.0,3.504375,2.623375
87.0,3.503875,2.62375
87.0,3.5055,2.62375
87.0,3.5065,2.623375
87.0,3.506125,2.62275
87.0,3.50575,2.62325
87.0,3.504375,2.624
87.0,3.503625,2.624
87.0,3.503875,2.624
87.0,3.503875,2.623875
87.0,3.503375,2.624
87.0,3.50325,2.624125
87.0,3.50375,2.6245
87.0,3.5045,2.62475
87.0,3.50525,2.62475
87.0,3.505,2.62425
87.0,3.50475,2.6235
87.0,3.503875,2.6235
87.0,3.504125,2.62375
87.0,3.505375,2.62375
87.0,3.506625,2.62325
87.0,3.506625,2.623125
87.0,3.505375,2.6235
87.0,3.504375,2.62375
87.0,3.5045,2.624
87.0,3.5045,2.624
87.0,3.50375,2.624125
87.0,3.503,2.624125
87.0,3.503375,2.62425
87.0,3.504375,2.624875
87.0,3.505125,2.624875
87.0,3.505375,2.6245
87.0,3.504625,2.62375
87.0,3.504,2.623375
87.0,3.50425,2.62375
87.0,3.505,2.62375
87.0,3.50575,2.623625
87.0,3.506375,2.623125
87.0,3.506375,2.6235
87.0,3.504875,2.623875
87.0,3.504125,2.62375
87.0,3.504125,2.62375
87.0,3.504,2.62375
87.0,3.50425,2.624
87.0,3.503625,2.624125
87.0,3.503375,2.624375
87.0,3.504375,2.624875
87.0,3.505125,2.624625
87.0,3.50475,2.62425
87.0,3.504625,2.623375
87.0,3.5045,2.62325
87.0,3.50425,2.62375
87.0,3.50525,2.623875
87.0,3.506125,2.623375
87.0,3.50575,2.623125
87.0,3.505375,2.623375
87.0,3.504125,2.624
87.0,3.504125,2.624
87.0,3.50425,2.624
87.0,3.504375,2.623875
87.0,3.504,2.624
87.0,3.5035,2.624125
87.0,3.503375,2.624625
87.0,3.505,2.625
87.0,3.505625,2.62475
87.0,3.504625,2.62425
87.0,3.5045,2.623625
87.0,3.504625,2.6235
87.0,3.50475,2.62375
87.0,3.505375,2.623875
87.0,3.506375,2.62325
87.0,3.506875,2.623
87.0,3.505875,2.623625
87.0,3.505875,2.623625
87.0,3.50475,2.62425
87.0,3.5045,2.623875
87.0,3.503625,2.623875
87.0,3.503125,2.624125
87.0,3.50325,2.62425
87.0,3.50425,2.6245
87.0,3.5055,2.624875
87.0,3.505625,2.624375
87.0,3.50475,2.623625
87.0,3.5045,2.623
87.0,3.504125,2.623375
87.0,3.5045,2.62375
87.0,3.5055,2.623625
87.0,3.506875,2.623
87.0,3.50675,2.623125
87.0,3.504875,2.624125
87.0,3.504875,2.624125
87.0,3.504,2.62375
87.0,3.50425,2.623625
87.0,3.503875,2.624125
87.0,3.5035,2.624125
87.0,3.503375,2.624375
87.0,3.504,2.624875
87.0,3.505,2.625
87.0,3.505,2.6245
87.0,3.504625,2.623625
87.0,3.50425,2.62325
87.0,3.504625,2.6235
87.0,3.505625,2.62375
87.0,3.50625,2.6235
88.0,3.5035,2.67625
88.0,3.504375,2.67675
88.0,3.505,2.676625
88.0,3.504875,2.676125
88.0,3.504875,2.675125
88.0,3.5045,2.674875
88.0,3.50425,2.6755
88.0,3.505625,2.675375
88.0,3.505625,2.675375
88.0,3.50625,2.675
88.0,3.506,2.674875
88.0,3.5055,2.675625
88.0,3.504625,2.67575
88.0,3.50425,2.67575
88.0,3.503875,2.675875
88.0,3.503625,2.675875
88.0,3.503375,2.676
88.0,3.504125,2.676375
88.0,3.50525,2.6765
88.0,3.505375,2.676625
88.0,3.50475,2.6755
88.0,3.504625,2.675
88.0,3.504125,2.67525
88.0,3.50425,2.6755
88.0,3.50425,2.675375
88.0,3.505625,2.675375
88.0,3.506375,2.674875
88.0,3.505875,2.67525
88.0,3.505,2.676
88.0,3.50425,2.67575
88.0,3.504,2.675375
88.0,3.503875,2.67575
88.0,3.503375,2.675875
88.0,3.503375,2.676125
88.0,3.504375,2.6765
88.0,3.505625,2.6765
88.0,3.504875,2.67625
88.0,3.504375,2.675625
88.0,3.50475,2.67525
88.0,3.5045,2.67525
88.0,3.504625,2.675625
88.0,3.504625,2.675625
88.0,3.505625,2.675375
88.0,3.506375,2.674875
88.0,3.506125,2.67525
88.0,3.505,2.675375
88.0,3.504125,2.675125
88.0,3.504,2.6755
88.0,3.504,2.67575
88.0,3.5035,2.67575
88.0,3.503625,2.676125
88.0,3.50475,2.67675
88.0,3.505375,2.6765
88.0,3.505125,2.676125
88.0,3.5045,2.6755
88.0,3.503875,2.67525
88.0,3.504,2.6755
88.0,3.504,2.6755
88.0,3.505375,2.675625
88.0,3.506625,2.67525
88.0,3.5065,2.674625
88.0,3.505125,2.675
88.0,3.50425,2.67575
88.0,3.50425,2.675375
88.0,3.504,2.675625
88.0,3.503625,2.67575
88.0,3.50375,2.675875
88.0,3.504375,2.676375
88.0,3.504875,2.67675
88.0,3.50475,2.6765
88.0,3.505125,2.675875
88.0,3.505125,2.675
88.0,3.503875,2.67525
88.0,3.503875,2.67525
88.0,3.50375,2.6755
88.0,3.5055,2.6755
88.0,3.506125,2.674875
88.0,3.506,2.674875
88.0,3.505125,2.6755
88.0,3.5045,2.6755
88.0,3.504,2.67525
88.0,3.50375,2.675375
88.0,3.50325,2.675625
88.0,3.503375,2.67575
88.0,3.504625,2.676375
88.0,3.505375,2.676375
88.0,3.5055,2.676
88.0,3.504875,2.675625
88.0,3.504875,2.675
88.0,3.504875,2.675
88.0,3.503875,2.675125
88.0,3.504375,2.675375
88.0,3.505625,2.675
88.0,3.50625,2.674625
88.0,3.505625,2.675
88.0,3.504625,2.675625
88.0,3.5045,2.675625
88.0,3.50425,2.67575
88.0,3.504125,2.67575
88.0,3.503625,2.67575
88.0,3.504,2.67625
88.0,3.50475,2.676625
88.0,3.505125,2.676375
88.0,3.50475,2.67575
88.0,3.504375,2.675
88.0,3.50425,2.675
88.0,3.50425,2.675
88.0,3.504,2.675375
88.0,3.50525,2.6755
88.0,3.506125,2.675125
88.0,3.50625,2.674875
88.0,3.50575,2.675125
88.0,3.504875,2.675875
88.0,3.504,2.6755
88.0,3.50375,2.6755
88.0,3.504,2.67575
88.0,3.5035,2.675625
88.0,3.504,2.67625
88.0,3.505,2.676625
88.0,3.505375,2.676
88.0,3.505,2.67525
88.0,3.505,2.67475
88.0,3.505,2.67475
88.0,3.50425,2.675125
88.0,3.504125,2.6755
88.0,3.505375,2.67525
88.0,3.506375,2.67475
88.0,3.50625,2.674625
88.0,3.505125,2.675125
88.0,3.504125,2.675375
88.0,3.504,2.6755
88.0,3.503875,2.67575
88.0,3.5035,2.675625
88.0,3.50375,2.676
88.0,3.504625,2.676375
88.0,3.505625,2.676625
88.0,3.505375,2.676125
88.0,3.504875,2.67525
88.0,3.504875,2.67525
88.0,3.504625,2.674875
88.0,3.504375,2.675125
88.0,3.505125,2.6755
88.0,3.506,2.67525
88.0,3.506625,2.67475
88.0,3.506125,2.674875
88.0,3.50475,2.675375
88.0,3.504125,2.675875
88.0,3.504375,2.675875
88.0,3.50425,2.675875
88.0,3.50375,2.675875
88.0,3.503625,2.676125
88.0,3.504125,2.67675
88.0,3.50525,2.67675
88.0,3.504875,2.675875
88.0,3.504875,2.675875
88.0,3.5045,2.675375
88.0,3.504375,2.67525
88.0,3.504125,2.675375
88.0,3.505125,2.675375
88.0,3.506375,2.67525
88.0,3.506625,2.675125
88.0,3.506,2.675375
88.0,3.505,2.675625
88.0,3.50425,2.675375
88.0,3.50375,2.675375
88.0,3.503625,2.67575
88.0,3.50325,2.675875
88.0,3.504,2.676125
88.0,3.505,2.6765
89.0,3.505625,2.727875
89.0,3.50525,2.7275
89.0,3.504625,2.726875
89.0,3.5045,2.726125
89.0,3.504,2.726625
89.0,3.504625,2.727125
89.0,3.50575,2.726875
89.0,3.506125,2.7265
89.0,3.506125,2.7265
89.0,3.50575,2.7265
89.0,3.50475,2.727
89.0,3.504125,2.727125
89.0,3.50375,2.727125
89.0,3.5035,2.72725
89.0,3.503625,2.727375
89.0,3.503875,2.72775
89.0,3.504375,2.72825
89.0,3.505375,2.7285
89.0,3.505,2.727875
89.0,3.5045,2.72675
89.0,3.503875,2.7265
89.0,3.504625,2.727
89.0,3.5055,2.727125
89.0,3.505625,2.726625
89.0,3.505625,2.726375
89.0,3.505875,2.726375
89.0,3.50525,2.72675
89.0,3.504125,2.727
89.0,3.503875,2.727
89.0,3.503625,2.727125
89.0,3.503375,2.727375
89.0,3.503375,2.7275
89.0,3.50425,2.72775
89.0,3.505125,2.728
89.0,3.5055,2.72775
89.0,3.504625,2.727125
89.0,3.504625,2.7265
89.0,3.5045,2.72675
89.0,3.504625,2.727
89.0,3.505375,2.727
89.0,3.506625,2.726625
89.0,3.506625,2.726625
89.0,3.506375,2.72625
89.0,3.505125,2.726625
89.0,3.504,2.727
89.0,3.504,2.726875
89.0,3.503875,2.727125
89.0,3.503125,2.727375
89.0,3.502875,2.727625
89.0,3.5045,2.727875
89.0,3.5055,2.72825
89.0,3.504875,2.727875
89.0,3.5045,2.727
89.0,3.504875,2.726625
89.0,3.5045,2.72675
89.0,3.504625,2.727
89.0,3.505875,2.726625
89.0,3.505875,2.726625
89.0,3.5065,2.726125
89.0,3.506,2.726125
89.0,3.504875,2.72675
89.0,3.503875,2.727
89.0,3.503625,2.727
89.0,3.503875,2.72725
89.0,3.5035,2.727375
89.0,3.503625,2.72775
89.0,3.504625,2.72825
89.0,3.50525,2.72825
89.0,3.504625,2.72725
89.0,3.504375,2.726375
89.0,3.505,2.726375
89.0,3.50475,2.726875
89.0,3.50475,2.727
89.0,3.50475,2.727
89.0,3.506,2.72675
89.0,3.50675,2.72625
89.0,3.506125,2.726375
89.0,3.50475,2.726625
89.0,3.5045,2.726625
89.0,3.504125,2.727125
89.0,3.50325,2.727375
89.0,3.503125,2.727375
89.0,3.50375,2.72775
89.0,3.504625,2.728125
89.0,3.505375,2.728
89.0,3.504625,2.7275
89.0,3.504375,2.726875
89.0,3.504625,2.72675
89.0,3.504625,2.726875
89.0,3.504625,2.726875
89.0,3.50525,2.726875
89.0,3.506,2.7265
89.0,3.506,2.726375
89.0,3.50525,2.727
89.0,3.504625,2.72725
89.0,3.504125,2.727
89.0,3.503625,2.72725
89.0,3.50325,2.727375
89.0,3.50325,2.7275
89.0,3.504125,2.728
89.0,3.505375,2.728
89.0,3.505375,2.728
89.0,3.504875,2.727375
89.0,3.504875,2.726625
89.0,3.5045,2.726625
89.0,3.504125,2.726875
89.0,3.504125,2.726875
89.0,3.50575,2.726625
89.0,3.506875,2.72625
89.0,3.50625,2.726375
89.0,3.504875,2.726625
89.0,3.503875,2.72675
89.0,3.50325,2.72675
89.0,3.503625,2.72725
89.0,3.50375,2.72725
89.0,3.50375,2.7275
89.0,3.504625,2.728
89.0,3.505375,2.728
89.0,3.505125,2.7275
89.0,3.5045,2.72675
89.0,3.504375,2.72625
89.0,3.5045,2.72675
89.0,3.5045,2.72675
89.0,3.5055,2.727125
89.0,3.50625,2.726875
89.0,3.506625,2.726375
89.0,3.505625,2.726375
89.0,3.5045,2.726875
89.0,3.504125,2.72675
89.0,3.504,2.726875
89.0,3.5035,2.7275
89.0,3.503625,2.7275
89.0,3.504125,2.727875
89.0,3.504875,2.72825
89.0,3.50575,2.727875
89.0,3.50525,2.7275
89.0,3.505125,2.7265
89.0,3.5045,2.7265
89.0,3.5045,2.7265
89.0,3.504375,2.727125
89.0,3.505625,2.727
89.0,3.50625,2.726375
89.0,3.506125,2.726375
89.0,3.505375,2.726875
89.0,3.504,2.72725
89.0,3.504125,2.727
89.0,3.50375,2.72725
89.0,3.503375,2.727375
89.0,3.503,2.72725
89.0,3.504375,2.727625
89.0,3.5055,2.728125
89.0,3.5055,2.727875
89.0,3.505125,2.727625
89.0,3.505,2.726875
89.0,3.505,2.726875
89.0,3.504625,2.727
89.0,3.5045,2.727125
89.0,3.505875,2.727
89.0,3.5065,2.7265
89.0,3.50625,2.7265
89.0,3.505375,2.727
89.0,3.504,2.727375
89.0,3.50375,2.727125
89.0,3.503625,2.727375
89.0,3.50325,2.7275
89.0,3.503625,2.7275
89.0,3.50475,2.728125
89.0,3.5055,2.728375
89.0,3.505,2.727625
90.0,3.504,2.778125
90.0,3.50525,2.77825
90.0,3.50525,2.777875
90.0,3.50475,2.777125
90.0,3.50475,2.7765
90.0,3.5045,2.776625
90.0,3.5045,2.777
90.0,3.505875,2.776875
90.0,3.505875,2.776875
90.0,3.506,2.77625
90.0,3.505875,2.776375
90.0,3.5055,2.777
90.0,3.5045,2.776875
90.0,3.504375,2.776875
90.0,3.504125,2.777125
90.0,3.5035,2.77725
90.0,3.503375,2.777625
90.0,3.5045,2.777875
90.0,3.505875,2.777875
90.0,3.5055,2.777625
90.0,3.50475,2.7765
90.0,3.5045,2.776125
90.0,3.5045,2.776875
90.0,3.5055,2.777
90.0,3.50625,2.777
90.0,3.50625,2.7765
90.0,3.5065,2.776125
90.0,3.50575,2.7765
90.0,3.504625,2.776875
90.0,3.504125,2.776875
90.0,3.504,2.777
90.0,3.503375,2.777125
90.0,3.503375,2.777125
90.0,3.5045,2.7775
90.0,3.5055,2.777875
90.0,3.5055,2.777625
90.0,3.50475,2.776875
90.0,3.504625,2.776375
90.0,3.504375,2.776375
90.0,3.50425,2.776875
90.0,3.505125,2.776875
90.0,3.505125,2.776875
90.0,3.506625,2.776375
90.0,3.506875,2.77625
90.0,3.50525,2.777
90.0,3.50425,2.777125
90.0,3.504375,2.776875
90.0,3.504,2.776875
90.0,3.5035,2.777125
90.0,3.503375,2.7775
90.0,3.504125,2.778
90.0,3.50525,2.778125
90.0,3.50525,2.777625
90.0,3.504625,2.776875
90.0,3.504875,2.776375
90.0,3.5045,2.776625
90.0,3.505,2.777
90.0,3.505,2.777
90.0,3.506,2.77675
90.0,3.506875,2.77625
90.0,3.50625,2.77625
90.0,3.505,2.777125
90.0,3.504125,2.77725
90.0,3.504125,2.777
90.0,3.504,2.777
90.0,3.503375,2.77725
90.0,3.503625,2.777375
90.0,3.50425,2.77775
90.0,3.505375,2.77775
90.0,3.505,2.777625
90.0,3.504375,2.7765
90.0,3.50475,2.776125
90.0,3.5045,2.776625
90.0,3.5045,2.776625
90.0,3.505125,2.776875
90.0,3.506375,2.776375
90.0,3.506375,2.776125
90.0,3.50625,2.776375
90.0,3.505,2.777
90.0,3.504,2.77675
90.0,3.504125,2.77675
90.0,3.504125,2.777
90.0,3.503625,2.776875
90.0,3.504125,2.7775
90.0,3.50525,2.778125
90.0,3.5055,2.778125
90.0,3.50475,2.77725
90.0,3.505,2.776375
90.0,3.504625,2.7765
90.0,3.504375,2.776875
90.0,3.504375,2.776875
90.0,3.505125,2.776875
90.0,3.506,2.776625
90.0,3.506125,2.776375
90.0,3.505625,2.776625
90.0,3.50475,2.777
90.0,3.5045,2.77675
90.0,3.504,2.77675
90.0,3.503625,2.777125
90.0,3.503,2.777125
90.0,3.503875,2.77775
90.0,3.50525,2.777875
90.0,3.50525,2.777375
90.0,3.505,2.776875
90.0,3.504875,2.77625
90.0,3.504125,2.776625
90.0,3.504125,2.776625
90.0,3.50475,2.77675
90.0,3.50575,2.776625
90.0,3.50625,2.77625
90.0,3.506375,2.77625
90.0,3.5055,2.777
90.0,3.504375,2.776875
90.0,3.504125,2.77675
90.0,3.5035,2.777
90.0,3.5035,2.777125
90.0,3.504,2.777375
90.0,3.505,2.77775
90.0,3.50575,2.77775
90.0,3.505375,2.777375
90.0,3.505,2.77675
90.0,3.505,2.776375
90.0,3.505,2.776375
90.0,3.504625,2.776625
90.0,3.505,2.77675
90.0,3.50625,2.776625
90.0,3.5065,2.776125
90.0,3.505875,2.776375
90.0,3.504625,2.776875
90.0,3.504375,2.776875
90.0,3.5045,2.777
90.0,3.50375,2.777125
90.0,3.5035,2.77725
90.0,3.504125,2.777625
90.0,3.504625,2.778125
90.0,3.50575,2.77825
90.0,3.505875,2.777375
90.0,3.5055,2.776375
90.0,3.5055,2.776375
90.0,3.504625,2.776375
90.0,3.504375,2.777
90.0,3.505,2.776875
90.0,3.506125,2.776375
90.0,3.5065,2.77625
90.0,3.505625,2.776625
90.0,3.5045,2.77725
90.0,3.50425,2.77675
90.0,3.5045,2.776875
90.0,3.50425,2.77725
90.0,3.504,2.777125
90.0,3.50425,2.7775
90.0,3.505125,2.778
90.0,3.505125,2.778125
90.0,3.50475,2.777125
90.0,3.50475,2.777125
90.0,3.50475,2.7765
90.0,3.504375,2.776625
90.0,3.504875,2.776875
90.0,3.50575,2.77675
90.0,3.50675,2.7765
90.0,3.5065,2.7765
90.0,3.505375,2.777
90.0,3.504375,2.777125
90.0,3.504,2.776875
90.0,3.503875,2.77725
90.0,3.50325,2.77725
90.0,3.50325,2.777375
90.0,3.50425,2.777875
90.0,3.50525,2.778125
91.0,3.503875,2.825875
91.0,3.505,2.8265
91.0,3.505875,2.826625
91.0,3.50575,2.82625
91.0,3.5055,2.825
91.0,3.504875,2.824875
91.0,3.504625,2.825375
91.0,3.50575,2.8255
91.0,3.50575,2.8255
91.0,3.506625,2.825
91.0,3.50675,2.82475
91.0,3.5065,2.825
91.0,3.505125,2.8255
91.0,3.5045,2.82525
91.0,3.5045,2.825375
91.0,3.50375,2.825625
91.0,3.5035,2.82575
91.0,3.5035,2.82625
91.0,3.50475,2.826625
91.0,3.505625,2.826375
91.0,3.50525,2.825875
91.0,3.504875,2.824875
91.0,3.504375,2.825
91.0,3.5045,2.825625
91.0,3.5045,2.825625
91.0,3.50575,2.825625
91.0,3.506625,2.824875
91.0,3.506625,2.824875
91.0,3.505375,2.825375
91.0,3.504875,2.825875
91.0,3.504875,2.825375
91.0,3.504375,2.8255
91.0,3.504125,2.82575
91.0,3.503625,2.825875
91.0,3.504,2.826375
91.0,3.505375,2.826875
91.0,3.505375,2.8265
91.0,3.505375,2.825625
91.0,3.50475,2.825
91.0,3.504125,2.825375
91.0,3.504625,2.8255
91.0,3.504625,2.8255
91.0,3.506125,2.8255
91.0,3.506375,2.82475
91.0,3.506,2.825
91.0,3.505125,2.8255
91.0,3.5045,2.82575
91.0,3.504125,2.825625
91.0,3.50375,2.825875
91.0,3.50375,2.825875
91.0,3.503875,2.82625
91.0,3.5045,2.82675
91.0,3.505625,2.826875
91.0,3.5055,2.82625
91.0,3.505125,2.82525
91.0,3.505,2.825
91.0,3.5045,2.825625
91.0,3.5045,2.825625
91.0,3.505,2.825625
91.0,3.50625,2.82525
91.0,3.507,2.82475
91.0,3.506375,2.825125
91.0,3.50475,2.825875
91.0,3.504125,2.825625
91.0,3.504,2.8255
91.0,3.504,2.826
91.0,3.503625,2.826
91.0,3.504375,2.82625
91.0,3.50525,2.826625
91.0,3.505625,2.82675
91.0,3.50475,2.826
91.0,3.504375,2.825
91.0,3.50425,2.825
91.0,3.50425,2.825
91.0,3.504375,2.8255
91.0,3.505625,2.82575
91.0,3.50675,2.825125
91.0,3.506625,2.824875
91.0,3.50575,2.825125
91.0,3.504375,2.825375
91.0,3.5045,2.825375
91.0,3.504,2.825625
91.0,3.50375,2.825875
91.0,3.503625,2.825875
91.0,3.504375,2.826375
91.0,3.505875,2.82675
91.0,3.505875,2.826375
91.0,3.505125,2.825625
91.0,3.504625,2.824875
91.0,3.504625,2.824875
91.0,3.504375,2.825125
91.0,3.504375,2.8255
91.0,3.5055,2.8255
91.0,3.5065,2.824875
91.0,3.50675,2.825125
91.0,3.5055,2.825875
91.0,3.504625,2.825875
91.0,3.504625,2.825875
91.0,3.50425,2.826
91.0,3.50375,2.825875
91.0,3.503875,2.826
91.0,3.504875,2.826625
91.0,3.50575,2.826875
91.0,3.505125,2.826375
91.0,3.5045,2.825125
91.0,3.5045,2.825
91.0,3.5045,2.825
91.0,3.504,2.8255
91.0,3.50525,2.82575
91.0,3.506375,2.825375
91.0,3.506625,2.824875
91.0,3.506375,2.824875
91.0,3.505125,2.82575
91.0,3.504125,2.825875
91.0,3.5045,2.82575
91.0,3.504125,2.826
91.0,3.503375,2.826
91.0,3.503625,2.826375
91.0,3.50475,2.82675
91.0,3.50525,2.8265
91.0,3.50475,2.82575
91.0,3.504375,2.825125
91.0,3.504375,2.825125
91.0,3.504,2.825125
91.0,3.504125,2.8255
91.0,3.50525,2.8255
91.0,3.5065,2.825
91.0,3.506375,2.824875
91.0,3.505375,2.82525
91.0,3.5045,2.825875
91.0,3.504375,2.82575
91.0,3.504125,2.825875
91.0,3.5035,2.826
91.0,3.503375,2.826
91.0,3.504125,2.8265
91.0,3.5055,2.827
91.0,3.505375,2.827
91.0,3.505,2.826
91.0,3.505,2.826
91.0,3.505,2.825
91.0,3.504375,2.825125
91.0,3.50475,2.825625
91.0,3.506,2.8255
91.0,3.5065,2.825
91.0,3.506125,2.82525
91.0,3.505375,2.826
91.0,3.5045,2.8255
91.0,3.504375,2.82525
91.0,3.503875,2.82575
91.0,3.503375,2.826
91.0,3.50375,2.826
91.0,3.5045,2.826625
91.0,3.505625,2.82675
91.0,3.505625,2.826375
91.0,3.505625,2.826375
91.0,3.504875,2.8255
91.0,3.504375,2.825
91.0,3.5045,2.825375
91.0,3.505,2.825625
91.0,3.506125,2.82525
91.0,3.506625,2.824875
91.0,3.506125,2.825375
91.0,3.50475,2.82575
91.0,3.50375,2.825625
91.0,3.503875,2.825625
91.0,3.503875,2.826
91.0,3.503375,2.826
91.0,3.5035,2.82625
91.0,3.505,2.82675
92.0,3.50475,2.8725
92.0,3.5045,2.873
92.0,3.50475,2.87325
92.0,3.50575,2.873125
92.0,3.506625,2.872625
92.0,3.50625,2.872875
92.0,3.505125,2.873375
92.0,3.504625,2.873125
92.0,3.504625,2.873125
92.0,3.5045,2.873
92.0,3.504125,2.873625
92.0,3.503625,2.87375
92.0,3.503625,2.873875
92.0,3.50425,2.874625
92.0,3.505,2.87475
92.0,3.505125,2.874
92.0,3.504875,2.873125
92.0,3.504375,2.872625
92.0,3.50375,2.873125
92.0,3.50475,2.87325
92.0,3.50625,2.873
92.0,3.506625,2.87275
92.0,3.506125,2.873125
92.0,3.50475,2.873375
92.0,3.50475,2.87325
92.0,3.504125,2.87325
92.0,3.50375,2.873375
92.0,3.5035,2.873625
92.0,3.503875,2.873625
92.0,3.504125,2.87425
92.0,3.505,2.87475
92.0,3.505625,2.874375
92.0,3.505375,2.8735
92.0,3.50475,2.87275
92.0,3.504625,2.873
92.0,3.504375,2.873375
92.0,3.5055,2.873375
92.0,3.5065,2.873
92.0,3.506625,2.87275
92.0,3.505375,2.873
92.0,3.504625,2.873375
92.0,3.504625,2.873375
92.0,3.504125,2.87325
92.0,3.504,2.8735
92.0,3.50375,2.8735
92.0,3.50325,2.87375
92.0,3.503375,2.87425
92.0,3.504625,2.874625
92.0,3.505125,2.87425
92.0,3.504875,2.8735
92.0,3.50525,2.872875
92.0,3.5045,2.873
92.0,3.504125,2.873375
92.0,3.50525,2.8735
92.0,3.50625,2.872875
92.0,3.50625,2.873
92.0,3.505125,2.8735
92.0,3.505125,2.8735
92.0,3.504625,2.87325
92.0,3.50425,2.873375
92.0,3.504125,2.87375
92.0,3.503625,2.873625
92.0,3.503625,2.873875
92.0,3.50425,2.874625
92.0,3.50475,2.8745
92.0,3.5045,2.87425
92.0,3.50425,2.873625
92.0,3.50425,2.872875
92.0,3.504125,2.873125
92.0,3.505125,2.8735
92.0,3.506125,2.873125
92.0,3.5065,2.872625
92.0,3.506125,2.87275
92.0,3.506125,2.87275
92.0,3.504625,2.8735
92.0,3.503875,2.87325
92.0,3.50425,2.873375
92.0,3.50375,2.87375
92.0,3.503625,2.87375
92.0,3.503625,2.874
92.0,3.504625,2.8745
92.0,3.50525,2.87425
92.0,3.50475,2.874
92.0,3.505,2.873125
92.0,3.50425,2.873
92.0,3.50425,2.8735
92.0,3.505,2.8735
92.0,3.506375,2.872875
92.0,3.506625,2.87275
92.0,3.506625,2.87275
92.0,3.506,2.872875
92.0,3.5045,2.87325
92.0,3.50425,2.873125
92.0,3.50425,2.873375
92.0,3.503625,2.87375
92.0,3.503125,2.873875
92.0,3.503625,2.874375
92.0,3.505125,2.874875
92.0,3.5055,2.874625
92.0,3.504875,2.873875
92.0,3.5045,2.87325
92.0,3.504375,2.873
92.0,3.504625,2.873375
92.0,3.5055,2.873375
92.0,3.506375,2.872875
92.0,3.506375,2.872375
92.0,3.50625,2.872375
92.0,3.50525,2.873
92.0,3.5045,2.873125
92.0,3.504125,2.87325
92.0,3.50375,2.873625
92.0,3.50325,2.87375
92.0,3.50325,2.87375
92.0,3.504375,2.87425
92.0,3.505625,2.8745
92.0,3.505625,2.873875
92.0,3.505,2.87325
92.0,3.505,2.872875
92.0,3.504125,2.87325
92.0,3.504625,2.873375
92.0,3.506,2.873125
92.0,3.506375,2.873
92.0,3.506375,2.873
92.0,3.50575,2.872875
92.0,3.504875,2.8735
92.0,3.504375,2.8735
92.0,3.504125,2.87325
92.0,3.503875,2.873625
92.0,3.503,2.873625
92.0,3.503375,2.873875
92.0,3.504875,2.874375
92.0,3.5055,2.874625
92.0,3.505,2.87425
92.0,3.5045,2.873375
92.0,3.5045,2.872875
92.0,3.5045,2.873375
92.0,3.5055,2.8735
92.0,3.5065,2.873
92.0,3.5065,2.873
92.0,3.50675,2.872625
92.0,3.505875,2.873
92.0,3.50475,2.8735
92.0,3.50475,2.873125
92.0,3.504125,2.8735
92.0,3.50375,2.873625
92.0,3.503375,2.8735
92.0,3.504,2.874
92.0,3.505,2.8745
92.0,3.5055,2.8745
92.0,3.505125,2.87425
92.0,3.505,2.873
92.0,3.5045,2.87275
92.0,3.504,2.873375
92.0,3.50525,2.873375
92.0,3.50525,2.873375
92.0,3.50625,2.872875
92.0,3.50675,2.872625
92.0,3.50575,2.87325
92.0,3.50475,2.87325
92.0,3.5045,2.872875
92.0,3.504125,2.873375
92.0,3.50375,2.87375
92.0,3.503375,2.87375
92.0,3.50425,2.87425
92.0,3.50525,2.874625
92.0,3.505375,2.874375
92.0,3.505125,2.873875
92.0,3.50475,2.872875
92.0,3.504375,2.872875
93.0,3.506375,2.918375
93.0,3.50675,2.917875
93.0,3.506125,2.9185
93.0,3.504875,2.91925
93.0,3.5045,2.919
93.0,3.5045,2.918875
93.0,3.503875,2.919125
93.0,3.50325,2.919125
93.0,3.50325,2.919125
93.0,3.504,2.91975
93.0,3.5055,2.919875
93.0,3.505625,2.9195
93.0,3.504875,2.91875
93.0,3.5045,2.918125
93.0,3.50425,2.9185
93.0,3.5045,2.918625
93.0,3.505625,2.9185
93.0,3.506,2.918125
93.0,3.506375,2.91825
93.0,3.5055,2.919
93.0,3.504625,2.918875
93.0,3.50425,2.91875
93.0,3.503875,2.918875
93.0,3.5035,2.919
93.0,3.50375,2.91925
93.0,3.50375,2.91925
93.0,3.5045,2.92
93.0,3.50525,2.919625
93.0,3.5055,2.919375
93.0,3.5055,2.918625
93.0,3.505125,2.918375
93.0,3.504875,2.9185
93.0,3.50525,2.918625
93.0,3.505875,2.918125
93.0,3.506375,2.917875
93.0,3.50625,2.918
93.0,3.50475,2.918375
93.0,3.5045,2.918625
93.0,3.504375,2.919
93.0,3.503625,2.91925
93.0,3.503125,2.91925
93.0,3.503125,2.91925
93.0,3.503625,2.919375
93.0,3.5045,2.92
93.0,3.505625,2.91975
93.0,3.505125,2.919375
93.0,3.5045,2.918625
93.0,3.50425,2.918375
93.0,3.504,2.918625
93.0,3.505,2.91875
93.0,3.506375,2.91825
93.0,3.50675,2.918125
93.0,3.505875,2.918375
93.0,3.504375,2.918875
93.0,3.50375,2.919
93.0,3.503875,2.919
93.0,3.50375,2.919125
93.0,3.50375,2.919125
93.0,3.50325,2.919
93.0,3.503625,2.9195
93.0,3.505,2.919875
93.0,3.505625,2.91975
93.0,3.505,2.91875
93.0,3.50475,2.91825
93.0,3.50475,2.918375
93.0,3.504625,2.918875
93.0,3.5055,2.918625
93.0,3.506375,2.918125
93.0,3.506375,2.918125
93.0,3.505375,2.91875
93.0,3.50425,2.918875
93.0,3.503875,2.9185
93.0,3.50375,2.919
93.0,3.50375,2.919
93.0,3.5035,2.919125
93.0,3.503125,2.91925
93.0,3.503875,2.919875
93.0,3.505,2.92
93.0,3.505,2.919625
93.0,3.50475,2.91875
93.0,3.50475,2.918
93.0,3.50425,2.91825
93.0,3.50475,2.918625
93.0,3.50625,2.9185
93.0,3.507,2.918
93.0,3.506375,2.918125
93.0,3.505,2.918625
93.0,3.5045,2.919
93.0,3.50425,2.919
93.0,3.50425,2.919
93.0,3.50375,2.919125
93.0,3.50325,2.919125
93.0,3.503625,2.9195
93.0,3.50475,2.92
93.0,3.505625,2.920125
93.0,3.50525,2.919625
93.0,3.505,2.9185
93.0,3.50475,2.91825
93.0,3.504375,2.918625
93.0,3.50525,2.918625
93.0,3.506,2.918375
93.0,3.506375,2.918
93.0,3.505625,2.917875
93.0,3.504375,2.91875
93.0,3.504125,2.91875
93.0,3.504125,2.918625
93.0,3.504125,2.918625
93.0,3.504,2.919
93.0,3.503625,2.919125
93.0,3.503625,2.919625
93.0,3.504875,2.92
93.0,3.505375,2.919625
93.0,3.504875,2.919
93.0,3.504625,2.91825
93.0,3.504625,2.918125
93.0,3.504625,2.91875
93.0,3.505375,2.918875
93.0,3.506125,2.918375
93.0,3.50625,2.918
93.0,3.505625,2.9185
93.0,3.5045,2.919
93.0,3.504,2.91875
93.0,3.504,2.91875
93.0,3.503875,2.919
93.0,3.50325,2.919125
93.0,3.503,2.91925
93.0,3.503875,2.91975
93.0,3.505125,2.919875
93.0,3.504875,2.91975
93.0,3.504875,2.919125
93.0,3.504875,2.918375
93.0,3.50425,2.9185
93.0,3.504625,2.91875
93.0,3.505625,2.918625
93.0,3.50675,2.918125
93.0,3.506375,2.91825
93.0,3.504875,2.9185
93.0,3.504,2.918625
93.0,3.504,2.918625
93.0,3.504,2.9185
93.0,3.503625,2.918875
93.0,3.5035,2.91925
93.0,3.50325,2.9195
93.0,3.503875,2.919875
93.0,3.505,2.919875
93.0,3.504875,2.91975
93.0,3.504625,2.91875
93.0,3.505,2.91825
93.0,3.5045,2.9185
93.0,3.505,2.918625
93.0,3.506,2.918375
93.0,3.506625,2.917875
93.0,3.506,2.91825
93.0,3.50475,2.919125
93.0,3.50475,2.919125
93.0,3.50425,2.91875
93.0,3.504125,2.918875
93.0,3.50375,2.919125
93.0,3.503375,2.919
93.0,3.5035,2.919375
93.0,3.504875,2.91975
93.0,3.505625,2.91975
93.0,3.505,2.919125
93.0,3.505125,2.918625
93.0,3.5045,2.9185
93.0,3.504125,2.918625
93.0,3.5055,2.918625
93.0,3.506625,2.91825
93.0,3.50625,2.91825
94.0,3.50475,2.96375
94.0,3.50475,2.96275
94.0,3.50425,2.962625
94.0,3.50475,2.963
94.0,3.50575,2.963
94.0,3.506875,2.962375
94.0,3.506375,2.962375
94.0,3.504875,2.96275
94.0,3.504875,2.96275
94.0,3.504375,2.962875
94.0,3.5045,2.9625
94.0,3.50425,2.963
94.0,3.503625,2.96325
94.0,3.50375,2.9635
94.0,3.504375,2.963875
94.0,3.505375,2.963875
94.0,3.505125,2.9635
94.0,3.505,2.963375
94.0,3.505,2.9625
94.0,3.504375,2.962625
94.0,3.504875,2.963125
94.0,3.505875,2.962875
94.0,3.5065,2.96225
94.0,3.50625,2.96225
94.0,3.505,2.962875
94.0,3.505,2.962875
94.0,3.504375,2.96325
94.0,3.50425,2.962875
94.0,3.503875,2.963125
94.0,3.503625,2.96325
94.0,3.5035,2.963625
94.0,3.505125,2.964125
94.0,3.50625,2.96425
94.0,3.5055,2.96375
94.0,3.50475,2.96275
94.0,3.504625,2.9625
94.0,3.504125,2.962875
94.0,3.50525,2.963
94.0,3.5065,2.96275
94.0,3.507,2.962375
94.0,3.506125,2.9625
94.0,3.506125,2.9625
94.0,3.50425,2.963
94.0,3.5045,2.962875
94.0,3.5045,2.963
94.0,3.503625,2.963375
94.0,3.50325,2.963375
94.0,3.50375,2.963875
94.0,3.505,2.96425
94.0,3.505625,2.96375
94.0,3.50525,2.963125
94.0,3.50475,2.96225
94.0,3.504125,2.962375
94.0,3.50425,2.963
94.0,3.50575,2.963
94.0,3.506875,2.9625
94.0,3.506625,2.96225
94.0,3.506625,2.96225
94.0,3.505625,2.96275
94.0,3.50425,2.962875
94.0,3.503875,2.9625
94.0,3.504,2.963125
94.0,3.503625,2.963375
94.0,3.50325,2.963375
94.0,3.504,2.964
94.0,3.505,2.96425
94.0,3.505125,2.963875
94.0,3.50475,2.96325
94.0,3.504875,2.9625
94.0,3.504375,2.962625
94.0,3.5045,2.963
94.0,3.505875,2.963
94.0,3.5065,2.96225
94.0,3.5065,2.96225
94.0,3.506125,2.962375
94.0,3.505,2.962875
94.0,3.504,2.963
94.0,3.504,2.96275
94.0,3.50375,2.963125
94.0,3.503375,2.963375
94.0,3.5035,2.96375
94.0,3.504375,2.964125
94.0,3.50525,2.964375
94.0,3.504625,2.963625
94.0,3.5045,2.963125
94.0,3.504875,2.962625
94.0,3.5045,2.962875
94.0,3.504875,2.963125
94.0,3.506375,2.962625
94.0,3.50675,2.962625
94.0,3.50675,2.962375
94.0,3.505875,2.9625
94.0,3.50475,2.96325
94.0,3.5045,2.96325
94.0,3.504125,2.963
94.0,3.50325,2.96325
94.0,3.5035,2.96325
94.0,3.504,2.96375
94.0,3.50475,2.964125
94.0,3.50525,2.963875
94.0,3.504875,2.96325
94.0,3.50475,2.9625
94.0,3.50475,2.962375
94.0,3.504375,2.962875
94.0,3.505375,2.963
94.0,3.506125,2.962625
94.0,3.506125,2.962625
94.0,3.506375,2.96225
94.0,3.5055,2.96275
94.0,3.50425,2.963125
94.0,3.504,2.96275
94.0,3.503875,2.963125
94.0,3.503375,2.96325
94.0,3.5035,2.9635
94.0,3.504,2.964
94.0,3.505125,2.964
94.0,3.5055,2.964125
94.0,3.505,2.96375
94.0,3.50475,2.96275
94.0,3.50425,2.96275
94.0,3.5045,2.963125
94.0,3.50575,2.963
94.0,3.50575,2.963
94.0,3.506625,2.9625
94.0,3.506,2.9625
94.0,3.50525,2.963
94.0,3.504375,2.963
94.0,3.504,2.962875
94.0,3.503875,2.96325
94.0,3.503375,2.9635
94.0,3.50325,2.963625
94.0,3.504375,2.96425
94.0,3.505,2.964625
94.0,3.505125,2.964125
94.0,3.504875,2.963
94.0,3.50475,2.962625
94.0,3.50425,2.962875
94.0,3.50475,2.963
94.0,3.50475,2.963
94.0,3.505875,2.96275
94.0,3.506625,2.962375
94.0,3.505875,2.96275
94.0,3.50425,2.963
94.0,3.503875,2.963125
94.0,3.503875,2.963
94.0,3.503625,2.96325
94.0,3.503125,2.963375
94.0,3.503625,2.96375
94.0,3.504875,2.96425
94.0,3.50525,2.96425
94.0,3.504875,2.96375
94.0,3.505125,2.962625
94.0,3.5045,2.962625
94.0,3.504,2.963125
94.0,3.504,2.963125
94.0,3.505125,2.96325
94.0,3.50625,2.96275
94.0,3.50625,2.962375
94.0,3.50525,2.963
94.0,3.504375,2.96325
94.0,3.504375,2.962875
94.0,3.504,2.96325
94.0,3.503375,2.96325
94.0,3.503375,2.9635
94.0,3.50425,2.964
94.0,3.50525,2.96425
94.0,3.5055,2.96375
94.0,3.504875,2.963375
94.0,3.50475,2.96275
95.0,3.505375,3.007375
95.0,3.505125,3.00675
95.0,3.504875,3.00575
95.0,3.504625,3.00525
95.0,3.503875,3.00575
95.0,3.50475,3.006
95.0,3.506125,3.0055
95.0,3.50625,3.005
95.0,3.50625,3.005
95.0,3.505625,3.005625
95.0,3.5045,3.00625
95.0,3.504375,3.00575
95.0,3.504375,3.005875
95.0,3.503875,3.006
95.0,3.5035,3.006125
95.0,3.50375,3.00675
95.0,3.5045,3.007375
95.0,3.505375,3.007125
95.0,3.50525,3.006375
95.0,3.50475,3.0055
95.0,3.50425,3.005625
95.0,3.504625,3.00575
95.0,3.505625,3.005875
95.0,3.5065,3.0055
95.0,3.5065,3.00525
95.0,3.5065,3.00525
95.0,3.50575,3.005875
95.0,3.5045,3.005875
95.0,3.504,3.005625
95.0,3.503875,3.005875
95.0,3.5035,3.00625
95.0,3.503375,3.006625
95.0,3.504125,3.007
95.0,3.505375,3.00725
95.0,3.50525,3.006875
95.0,3.50475,3.00625
95.0,3.5045,3.0055
95.0,3.50425,3.0055
95.0,3.5045,3.005875
95.0,3.505625,3.00575
95.0,3.50625,3.005375
95.0,3.50625,3.005375
95.0,3.506375,3.005375
95.0,3.505375,3.005875
95.0,3.504,3.006
95.0,3.5035,3.006
95.0,3.50375,3.00625
95.0,3.503375,3.006375
95.0,3.503,3.006625
95.0,3.5045,3.007125
95.0,3.5055,3.007375
95.0,3.50525,3.006625
95.0,3.504875,3.006125
95.0,3.505,3.006
95.0,3.5045,3.005875
95.0,3.504625,3.006
95.0,3.506125,3.005875
95.0,3.506125,3.005875
95.0,3.506375,3.005375
95.0,3.50575,3.005625
95.0,3.504875,3.00625
95.0,3.504125,3.006
95.0,3.503625,3.006125
95.0,3.503625,3.006375
95.0,3.50325,3.0065
95.0,3.503875,3.00675
95.0,3.50525,3.007
95.0,3.5055,3.007
95.0,3.505,3.006875
95.0,3.505375,3.006125
95.0,3.50475,3.005625
95.0,3.504,3.006
95.0,3.504875,3.006125
95.0,3.504875,3.006125
95.0,3.5065,3.0055
95.0,3.5065,3.005125
95.0,3.505875,3.00575
95.0,3.5045,3.00625
95.0,3.50375,3.006
95.0,3.503625,3.006
95.0,3.50325,3.006125
95.0,3.503,3.006375
95.0,3.504125,3.006875
95.0,3.5055,3.0075
95.0,3.505125,3.007
95.0,3.5045,3.00625
95.0,3.504625,3.0055
95.0,3.50425,3.00575
95.0,3.50425,3.006
95.0,3.50425,3.005875
95.0,3.5055,3.005875
95.0,3.50675,3.005375
95.0,3.506375,3.0055
95.0,3.5055,3.006
95.0,3.504625,3.006
95.0,3.50425,3.005625
95.0,3.503875,3.006
95.0,3.503375,3.006375
95.0,3.503625,3.00625
95.0,3.50425,3.007
95.0,3.505,3.007375
95.0,3.505125,3.007
95.0,3.505,3.006
95.0,3.504375,3.005375
95.0,3.50375,3.00575
95.0,3.5045,3.006125
95.0,3.5045,3.006125
95.0,3.50575,3.005875
95.0,3.506875,3.00525
95.0,3.5065,3.0055
95.0,3.5045,3.006125
95.0,3.503875,3.006
95.0,3.5035,3.006125
95.0,3.503375,3.006125
95.0,3.50325,3.00625
95.0,3.5035,3.00675
95.0,3.504375,3.00725
95.0,3.505375,3.00725
95.0,3.50475,3.00675
95.0,3.505,3.006125
95.0,3.505,3.00575
95.0,3.50475,3.006
95.0,3.50475,3.006
95.0,3.50525,3.006125
95.0,3.506,3.0055
95.0,3.5065,3.00525
95.0,3.505625,3.005625
95.0,3.504375,3.006
95.0,3.50425,3.005875
95.0,3.503875,3.006125
95.0,3.5035,3.00625
95.0,3.503125,3.006375
95.0,3.5035,3.00675
95.0,3.504625,3.0075
95.0,3.505,3.007375
95.0,3.505125,3.006375
95.0,3.505125,3.00575
95.0,3.504375,3.00575
95.0,3.504375,3.00575
95.0,3.503875,3.006
95.0,3.5055,3.005875
95.0,3.50675,3.005375
95.0,3.50675,3.005125
95.0,3.505125,3.006
95.0,3.50425,3.00625
95.0,3.504375,3.006
95.0,3.503625,3.006375
95.0,3.503125,3.006375
95.0,3.5035,3.006375
95.0,3.504375,3.007125
95.0,3.505375,3.0075
95.0,3.505125,3.007
95.0,3.50525,3.006125
95.0,3.505,3.0055
95.0,3.50425,3.00575
95.0,3.50425,3.00575
95.0,3.504625,3.006125
95.0,3.506125,3.006
95.0,3.506625,3.0055
95.0,3.506125,3.00525
95.0,3.505,3.006
95.0,3.5045,3.006375
95.0,3.504,3.006375
95.0,3.50375,3.006375
95.0,3.5035,3.0065
95.0,3.503625,3.00675
95.0,3.504625,3.007375
95.0,3.505,3.007125
95.0,3.504625,3.00675
96.0,3.5055,3.048375
96.0,3.505125,3.047875
96.0,3.504875,3.04725
96.0,3.504625,3.047
96.0,3.5045,3.047125
96.0,3.505375,3.04725
96.0,3.506625,3.047
96.0,3.50725,3.046625
96.0,3.50725,3.046625
96.0,3.506375,3.047
96.0,3.504875,3.047875
96.0,3.504125,3.0475
96.0,3.503875,3.04725
96.0,3.50375,3.0475
96.0,3.5035,3.04775
96.0,3.504,3.047875
96.0,3.50475,3.0485
96.0,3.504875,3.048375
96.0,3.5045,3.048125
96.0,3.50475,3.047125
96.0,3.5045,3.04675
96.0,3.50425,3.04725
96.0,3.505375,3.04725
96.0,3.506375,3.046625
96.0,3.506375,3.04625
96.0,3.506375,3.04625
96.0,3.50575,3.047125
96.0,3.505,3.04725
96.0,3.5045,3.04675
96.0,3.50375,3.047125
96.0,3.503375,3.047375
96.0,3.503,3.047625
96.0,3.504375,3.048125
96.0,3.505625,3.0485
96.0,3.505375,3.048125
96.0,3.50475,3.047375
96.0,3.505,3.04675
96.0,3.504375,3.047125
96.0,3.505,3.04725
96.0,3.505875,3.047
96.0,3.506125,3.046625
96.0,3.506125,3.046625
96.0,3.506125,3.04675
96.0,3.505375,3.047375
96.0,3.504125,3.047125
96.0,3.503875,3.047
96.0,3.503875,3.0475
96.0,3.503625,3.047625
96.0,3.50375,3.048
96.0,3.504375,3.0485
96.0,3.50575,3.0485
96.0,3.504875,3.047875
96.0,3.50425,3.04725
96.0,3.50425,3.04675
96.0,3.504,3.047
96.0,3.504875,3.04725
96.0,3.506125,3.047
96.0,3.506125,3.047
96.0,3.5065,3.0465
96.0,3.505875,3.0465
96.0,3.50475,3.04725
96.0,3.5045,3.04725
96.0,3.504,3.047375
96.0,3.503875,3.0475
96.0,3.503125,3.047625
96.0,3.50325,3.048
96.0,3.50475,3.048625
96.0,3.505625,3.04875
96.0,3.50525,3.04825
96.0,3.50475,3.04725
96.0,3.504375,3.046875
96.0,3.504125,3.047125
96.0,3.505,3.047375
96.0,3.505,3.047375
96.0,3.50625,3.046875
96.0,3.506375,3.04675
96.0,3.505375,3.047
96.0,3.50425,3.04725
96.0,3.50375,3.04725
96.0,3.50375,3.0475
96.0,3.503125,3.0475
96.0,3.503125,3.0475
96.0,3.503875,3.048
96.0,3.504875,3.048375
96.0,3.50525,3.048125
96.0,3.504625,3.047375
96.0,3.504875,3.0465
96.0,3.50425,3.046875
96.0,3.504125,3.047125
96.0,3.504125,3.047
96.0,3.50525,3.047
96.0,3.506,3.04675
96.0,3.506,3.04675
96.0,3.50525,3.047375
96.0,3.504625,3.0475
96.0,3.504,3.04725
96.0,3.50375,3.0475
96.0,3.503375,3.047625
96.0,3.50325,3.047875
96.0,3.504625,3.048375
96.0,3.50575,3.0485
96.0,3.505125,3.0485
96.0,3.50475,3.0475
96.0,3.504625,3.04675
96.0,3.50425,3.047
96.0,3.504875,3.047375
96.0,3.504875,3.047375
96.0,3.50575,3.047125
96.0,3.506,3.0465
96.0,3.506,3.04675
96.0,3.505125,3.047625
96.0,3.504125,3.04725
96.0,3.503875,3.047125
96.0,3.50375,3.047375
96.0,3.503625,3.0475
96.0,3.50375,3.047875
96.0,3.504375,3.048625
96.0,3.504875,3.048625
96.0,3.504625,3.047875
96.0,3.504875,3.046875
96.0,3.504625,3.046875
96.0,3.504125,3.04725
96.0,3.504125,3.04725
96.0,3.505125,3.04725
96.0,3.5065,3.046875
96.0,3.50675,3.0465
96.0,3.505875,3.04675
96.0,3.504625,3.0475
96.0,3.504,3.047375
96.0,3.504125,3.047375
96.0,3.5035,3.047625
96.0,3.503,3.04775
96.0,3.50375,3.048125
96.0,3.504875,3.0485
96.0,3.505375,3.048625
96.0,3.50475,3.04775
96.0,3.504375,3.04675
96.0,3.504,3.046875
96.0,3.504,3.046875
96.0,3.504,3.04725
96.0,3.5055,3.04725
96.0,3.506625,3.04675
96.0,3.50625,3.0465
96.0,3.505375,3.047125
96.0,3.504125,3.047625
96.0,3.504125,3.0475
96.0,3.504,3.0475
96.0,3.503125,3.04775
96.0,3.502875,3.04775
96.0,3.50325,3.048375
96.0,3.504375,3.049
96.0,3.505125,3.0485
96.0,3.50475,3.047375
96.0,3.50425,3.046875
96.0,3.504,3.046875
96.0,3.504,3.047375
96.0,3.50475,3.047375
96.0,3.50575,3.047125
96.0,3.506625,3.046625
96.0,3.50625,3.04675
96.0,3.5045,3.047625
96.0,3.503875,3.047625
96.0,3.504,3.0475
96.0,3.50375,3.04775
96.0,3.502875,3.04775
96.0,3.503625,3.04775
96.0,3.504625,3.048375
96.0,3.505625,3.0485
96.0,3.505125,3.04825
97.0,3.50425,3.087625
97.0,3.504125,3.087375
97.0,3.503375,3.088
97.0,3.502875,3.08825
97.0,3.503625,3.088375
97.0,3.504625,3.088875
97.0,3.50525,3.088625
97.0,3.504875,3.088
97.0,3.504875,3.088
97.0,3.50375,3.0875
97.0,3.50375,3.087
97.0,3.503875,3.0875
97.0,3.504375,3.08775
97.0,3.5055,3.08725
97.0,3.506375,3.08675
97.0,3.506,3.087625
97.0,3.504875,3.088375
97.0,3.50375,3.088
97.0,3.503625,3.08775
97.0,3.503625,3.087875
97.0,3.502875,3.087875
97.0,3.5035,3.088375
97.0,3.50525,3.089
97.0,3.50575,3.088625
97.0,3.50475,3.088
97.0,3.50475,3.088
97.0,3.504375,3.08725
97.0,3.50425,3.087125
97.0,3.50425,3.087625
97.0,3.50525,3.087625
97.0,3.506,3.087125
97.0,3.505875,3.086875
97.0,3.505,3.087375
97.0,3.504125,3.0875
97.0,3.504375,3.087375
97.0,3.503875,3.08775
97.0,3.503375,3.088
97.0,3.503375,3.088
97.0,3.503875,3.088625
97.0,3.505125,3.088875
97.0,3.505125,3.088375
97.0,3.505125,3.088375
97.0,3.50425,3.08775
97.0,3.5045,3.08725
97.0,3.50425,3.087375
97.0,3.504375,3.087625
97.0,3.505625,3.087375
97.0,3.506125,3.086875
97.0,3.506,3.08675
97.0,3.505,3.0875
97.0,3.50425,3.087875
97.0,3.504125,3.087625
97.0,3.50375,3.088
97.0,3.503125,3.088
97.0,3.503,3.08825
97.0,3.50425,3.088875
97.0,3.505125,3.08875
97.0,3.505125,3.08875
97.0,3.50475,3.088125
97.0,3.5045,3.087625
97.0,3.5045,3.087125
97.0,3.504125,3.087375
97.0,3.504625,3.087625
97.0,3.50575,3.087375
97.0,3.506625,3.087
97.0,3.506,3.0875
97.0,3.5045,3.088
97.0,3.50425,3.0875
97.0,3.50375,3.0875
97.0,3.50325,3.088
97.0,3.503375,3.087875
97.0,3.503875,3.088375
97.0,3.504625,3.089
97.0,3.504625,3.089
97.0,3.505375,3.088625
97.0,3.50525,3.088125
97.0,3.50475,3.087375
97.0,3.5045,3.08725
97.0,3.504375,3.087625
97.0,3.505375,3.087625
97.0,3.50625,3.08725
97.0,3.506375,3.087
97.0,3.50575,3.08725
97.0,3.504375,3.087625
97.0,3.503875,3.08725
97.0,3.5035,3.087625
97.0,3.503375,3.087875
97.0,3.503375,3.088125
97.0,3.504,3.088625
97.0,3.505,3.088875
97.0,3.505,3.088875
97.0,3.5055,3.08875
97.0,3.50475,3.088125
97.0,3.50425,3.08725
97.0,3.504125,3.087375
97.0,3.504625,3.087625
97.0,3.50575,3.087625
97.0,3.506125,3.087
97.0,3.505875,3.08725
97.0,3.505,3.088
97.0,3.504,3.087875
97.0,3.503875,3.08725
97.0,3.503625,3.08775
97.0,3.503125,3.088
97.0,3.50325,3.088
97.0,3.5045,3.088625
97.0,3.5045,3.088625
97.0,3.5055,3.089125
97.0,3.50525,3.088625
97.0,3.504875,3.087625
97.0,3.504375,3.087125
97.0,3.504125,3.087375
97.0,3.504625,3.087625
97.0,3.505625,3.0875
97.0,3.50625,3.087125
97.0,3.506,3.0875
97.0,3.504875,3.088
97.0,3.503875,3.08775
97.0,3.504125,3.08775
97.0,3.50425,3.088
97.0,3.503625,3.088
97.0,3.503625,3.08825
97.0,3.503625,3.08825
97.0,3.504625,3.088875
97.0,3.505375,3.08875
97.0,3.505125,3.088125
97.0,3.505375,3.08725
97.0,3.504875,3.086875
97.0,3.504125,3.0875
97.0,3.50475,3.08775
97.0,3.506375,3.087375
97.0,3.5065,3.087125
97.0,3.505625,3.087625
97.0,3.50475,3.08775
97.0,3.504375,3.087375
97.0,3.504125,3.08775
97.0,3.504125,3.088
97.0,3.50375,3.088125
97.0,3.50375,3.088125
97.0,3.503625,3.0885
97.0,3.504375,3.08875
97.0,3.505,3.0885
97.0,3.5045,3.087875
97.0,3.504375,3.087125
97.0,3.50375,3.087125
97.0,3.50375,3.087625
97.0,3.50525,3.0875
97.0,3.506,3.086875
97.0,3.50625,3.086875
97.0,3.5055,3.087625
97.0,3.50425,3.08775
97.0,3.504125,3.087625
97.0,3.50375,3.088
97.0,3.503375,3.088125
97.0,3.50325,3.088125
97.0,3.50325,3.08825
97.0,3.50425,3.08875
97.0,3.5055,3.089
97.0,3.50575,3.088375
97.0,3.505,3.087375
97.0,3.50475,3.086875
97.0,3.5045,3.087375
97.0,3.50475,3.08775
97.0,3.505875,3.0875
97.0,3.50625,3.086875
97.0,3.506125,3.087375
97.0,3.504875,3.088125
97.0,3.504125,3.087875
97.0,3.503875,3.087875
98.0,3.505,3.126125
98.0,3.5045,3.12525
98.0,3.50425,3.124875
98.0,3.504125,3.125
98.0,3.504625,3.125375
98.0,3.506,3.12525
98.0,3.5065,3.12475
98.0,3.506375,3.12475
98.0,3.506375,3.12475
98.0,3.505125,3.1255
98.0,3.50425,3.125375
98.0,3.504,3.125
98.0,3.503625,3.125375
98.0,3.503125,3.125625
98.0,3.50325,3.12575
98.0,3.504875,3.126375
98.0,3.50525,3.126625
98.0,3.50475,3.12625
98.0,3.504625,3.125125
98.0,3.504625,3.124875
98.0,3.50425,3.12525
98.0,3.504875,3.125375
98.0,3.50575,3.125
98.0,3.506,3.124375
98.0,3.505875,3.125
98.0,3.505875,3.125
98.0,3.50475,3.125875
98.0,3.50425,3.125125
98.0,3.50425,3.124875
98.0,3.50375,3.1255
98.0,3.503375,3.12575
98.0,3.503625,3.126125
98.0,3.504625,3.1265
98.0,3.50525,3.126375
98.0,3.50475,3.12575
98.0,3.504625,3.124625
98.0,3.504,3.12475
98.0,3.503875,3.125125
98.0,3.505,3.125125
98.0,3.50575,3.12475
98.0,3.505875,3.124375
98.0,3.505875,3.124375
98.0,3.50525,3.12475
98.0,3.504375,3.12525
98.0,3.504125,3.12475
98.0,3.504,3.125125
98.0,3.5035,3.125625
98.0,3.503,3.125625
98.0,3.503875,3.12625
98.0,3.504875,3.126625
98.0,3.505,3.12625
98.0,3.5045,3.12575
98.0,3.50475,3.124875
98.0,3.504375,3.124875
98.0,3.504375,3.12525
98.0,3.50575,3.125125
98.0,3.50625,3.124625
98.0,3.50625,3.124625
98.0,3.506125,3.1245
98.0,3.505125,3.125125
98.0,3.504375,3.125125
98.0,3.504125,3.125
98.0,3.503375,3.1255
98.0,3.50325,3.12575
98.0,3.50325,3.125875
98.0,3.504375,3.1265
98.0,3.50525,3.126625
98.0,3.50475,3.126125
98.0,3.5045,3.12525
98.0,3.504375,3.12475
98.0,3.50375,3.125125
98.0,3.504375,3.12525
98.0,3.505875,3.124625
98.0,3.505875,3.124625
98.0,3.50625,3.1245
98.0,3.5055,3.125
98.0,3.504125,3.1255
98.0,3.503875,3.125375
98.0,3.503875,3.125375
98.0,3.503375,3.125625
98.0,3.502875,3.12575
98.0,3.503875,3.126125
98.0,3.505125,3.126625
98.0,3.505375,3.126375
98.0,3.504625,3.125875
98.0,3.50425,3.12475
98.0,3.504,3.124625
98.0,3.503625,3.12525
98.0,3.5045,3.125375
98.0,3.5045,3.124875
98.0,3.50575,3.124875
98.0,3.50625,3.124625
98.0,3.506,3.125375
98.0,3.504875,3.1255
98.0,3.504,3.125375
98.0,3.5035,3.125625
98.0,3.503125,3.12575
98.0,3.50275,3.125625
98.0,3.503875,3.12625
98.0,3.505125,3.126625
98.0,3.50525,3.12625
98.0,3.5045,3.125375
98.0,3.50425,3.12475
98.0,3.50425,3.125
98.0,3.50475,3.125125
98.0,3.506,3.125125
98.0,3.506,3.125125
98.0,3.506625,3.124625
98.0,3.506,3.12425
98.0,3.504875,3.125
98.0,3.5045,3.125375
98.0,3.504125,3.125
98.0,3.50375,3.125375
98.0,3.503125,3.12575
98.0,3.502625,3.125875
98.0,3.50425,3.12625
98.0,3.5055,3.1265
98.0,3.505125,3.126125
98.0,3.504875,3.12525
98.0,3.504875,3.124875
98.0,3.504375,3.125
98.0,3.50425,3.125375
98.0,3.50425,3.125375
98.0,3.5055,3.125
98.0,3.505875,3.124375
98.0,3.505,3.124875
98.0,3.50375,3.125875
98.0,3.50375,3.12575
98.0,3.504,3.125625
98.0,3.503375,3.125875
98.0,3.503125,3.125875
98.0,3.503375,3.126
98.0,3.504375,3.1265
98.0,3.505125,3.126375
98.0,3.505,3.126
98.0,3.50475,3.12525
98.0,3.50425,3.12475
98.0,3.504125,3.125125
98.0,3.504125,3.125125
98.0,3.505125,3.125375
98.0,3.505875,3.125125
98.0,3.505875,3.12475
98.0,3.50525,3.125
98.0,3.5045,3.125375
98.0,3.50425,3.1255
98.0,3.50375,3.125625
98.0,3.50375,3.12575
98.0,3.50325,3.125875
98.0,3.503625,3.126375
98.0,3.505,3.12675
98.0,3.505625,3.1265
98.0,3.504625,3.12575
98.0,3.50425,3.125
98.0,3.504,3.125
98.0,3.504,3.125375
98.0,3.503875,3.125375
98.0,3.50475,3.125375
98.0,3.505875,3.12475
98.0,3.505875,3.1245
98.0,3.505,3.125
98.0,3.503875,3.12525
98.0,3.50375,3.125125
98.0,3.50325,3.125375
98.0,3.50325,3.1255
98.0,3.50325,3.12575
98.0,3.504125,3.12625
98.0,3.505,3.126375
98.0,3.504625,3.125875
98.0,3.50425,3.12525
99.0,3.50575,3.16025
99.0,3.506,3.160125
99.0,3.5055,3.16075
99.0,3.50475,3.161
99.0,3.504,3.161
99.0,3.50375,3.161125
99.0,3.503375,3.161375
99.0,3.502875,3.1615
99.0,3.502875,3.1615
99.0,3.50375,3.162
99.0,3.505,3.162375
99.0,3.505,3.162125
99.0,3.504625,3.161125
99.0,3.504625,3.16025
99.0,3.504125,3.1605
99.0,3.504125,3.160875
99.0,3.505375,3.160875
99.0,3.5065,3.160125
99.0,3.506125,3.160125
99.0,3.505,3.16075
99.0,3.504375,3.160875
99.0,3.504125,3.16075
99.0,3.503625,3.16125
99.0,3.5035,3.1615
99.0,3.5035,3.161625
99.0,3.5035,3.161625
99.0,3.504125,3.16225
99.0,3.505375,3.16225
99.0,3.505125,3.162
99.0,3.504875,3.161125
99.0,3.5045,3.1605
99.0,3.504,3.16075
99.0,3.505,3.160875
99.0,3.50575,3.160625
99.0,3.50575,3.16025
99.0,3.505375,3.1605
99.0,3.5045,3.16075
99.0,3.504125,3.1605
99.0,3.504,3.16075
99.0,3.503375,3.16125
99.0,3.503125,3.161375
99.0,3.503125,3.161375
99.0,3.503375,3.1615
99.0,3.5045,3.16225
99.0,3.5055,3.16225
99.0,3.505,3.162
99.0,3.504625,3.16075
99.0,3.504625,3.16025
99.0,3.504375,3.16075
99.0,3.50525,3.160875
99.0,3.506,3.1605
99.0,3.50575,3.160375
99.0,3.505625,3.160875
99.0,3.504875,3.1615
99.0,3.503875,3.161
99.0,3.503625,3.161125
99.0,3.5035,3.16125
99.0,3.5035,3.16125
99.0,3.5035,3.16125
99.0,3.503625,3.16175
99.0,3.50475,3.162125
99.0,3.505125,3.162
99.0,3.50425,3.161375
99.0,3.504375,3.1605
99.0,3.50425,3.1605
99.0,3.503875,3.160875
99.0,3.50525,3.16075
99.0,3.506375,3.16025
99.0,3.506,3.160125
99.0,3.505,3.16075
99.0,3.5045,3.161125
99.0,3.504125,3.160875
99.0,3.50375,3.161
99.0,3.503375,3.161
99.0,3.503375,3.16125
99.0,3.503,3.1615
99.0,3.504,3.162125
99.0,3.504625,3.162375
99.0,3.504875,3.161625
99.0,3.504875,3.16075
99.0,3.50425,3.16025
99.0,3.50375,3.16075
99.0,3.504625,3.160875
99.0,3.505875,3.160625
99.0,3.5065,3.16
99.0,3.506,3.16
99.0,3.505125,3.160875
99.0,3.503875,3.160875
99.0,3.503875,3.160875
99.0,3.504,3.16125
99.0,3.504,3.16125
99.0,3.50325,3.161125
99.0,3.503125,3.1615
99.0,3.5045,3.162
99.0,3.50525,3.161875
99.0,3.505,3.16125
99.0,3.504875,3.1605
99.0,3.50475,3.16025
99.0,3.504625,3.160625
99.0,3.504875,3.16075
99.0,3.50575,3.160375
99.0,3.50625,3.16
99.0,3.5055,3.16075
99.0,3.5045,3.161125
99.0,3.50375,3.160625
99.0,3.504375,3.161
99.0,3.504375,3.161
99.0,3.503625,3.16125
99.0,3.503125,3.161125
99.0,3.50325,3.1615
99.0,3.50425,3.162125
99.0,3.505,3.161875
99.0,3.50475,3.161375
99.0,3.50475,3.1605
99.0,3.50425,3.1605
99.0,3.5045,3.16075
99.0,3.50575,3.16075
99.0,3.506375,3.16
99.0,3.50625,3.16
99.0,3.50575,3.160625
99.0,3.5045,3.160875
99.0,3.503875,3.160875
99.0,3.503875,3.160875
99.0,3.504,3.161125
99.0,3.50375,3.16125
99.0,3.503375,3.16125
99.0,3.50375,3.161875
99.0,3.505,3.162125
99.0,3.505,3.16175
99.0,3.50475,3.16075
99.0,3.5045,3.159875
99.0,3.504375,3.16025
99.0,3.504625,3.160875
99.0,3.505625,3.160625
99.0,3.506125,3.160125
99.0,3.50575,3.160125
99.0,3.50425,3.160875
99.0,3.504,3.160875
99.0,3.504,3.160875
99.0,3.504,3.1605
99.0,3.50375,3.160875
99.0,3.503125,3.161125
99.0,3.502625,3.1615
99.0,3.503625,3.16225
99.0,3.505375,3.162
99.0,3.505125,3.1615
99.0,3.505,3.16075
99.0,3.5045,3.16
99.0,3.50375,3.1605
99.0,3.505,3.16075
99.0,3.50625,3.160375
99.0,3.506,3.159875
99.0,3.50575,3.16
99.0,3.505,3.160625
99.0,3.504125,3.160875
99.0,3.504125,3.160875
99.0,3.503375,3.160875
99.0,3.503375,3.16125
99.0,3.50325,3.16125
99.0,3.503375,3.161625
99.0,3.504625,3.162375
99.0,3.5055,3.162
99.0,3.505,3.161375
99.0,3.50475,3.1605
99.0,3.5045,3.160375
99.0,3.504125,3.160875
99.0,3.505,3.16075
99.0,3.506125,3.1605
99.0,3.506,3.16025
100.0,3.50375,3.19675
100.0,3.50475,3.196625
100.0,3.505125,3.19625
100.0,3.50425,3.19525
100.0,3.504125,3.194875
100.0,3.503625,3.19525
100.0,3.504375,3.195625
100.0,3.505875,3.19525
100.0,3.505875,3.19525
100.0,3.506375,3.19475
100.0,3.505375,3.195
100.0,3.504375,3.195625
100.0,3.50425,3.195625
100.0,3.503875,3.195625
100.0,3.502875,3.19575
100.0,3.502375,3.19575
100.0,3.503125,3.196375
100.0,3.504125,3.197
100.0,3.504625,3.19675
100.0,3.504125,3.196
100.0,3.504125,3.19525
100.0,3.504125,3.195
100.0,3.504,3.1955
100.0,3.505125,3.195625
100.0,3.50625,3.195625
100.0,3.50625,3.19525
100.0,3.506375,3.194875
100.0,3.5055,3.1955
100.0,3.504625,3.196125
100.0,3.504125,3.196
100.0,3.50375,3.195625
100.0,3.5035,3.195875
100.0,3.503,3.196
100.0,3.5035,3.196625
100.0,3.50425,3.196875
100.0,3.504875,3.196625
100.0,3.50475,3.195875
100.0,3.504125,3.195125
100.0,3.503625,3.195375
100.0,3.503875,3.195625
100.0,3.50525,3.1955
100.0,3.50525,3.1955
100.0,3.506375,3.195
100.0,3.506375,3.195125
100.0,3.504875,3.195625
100.0,3.50375,3.1955
100.0,3.503625,3.19525
100.0,3.503625,3.195875
100.0,3.503125,3.196
100.0,3.502875,3.19625
100.0,3.50375,3.196625
100.0,3.505125,3.196875
100.0,3.505125,3.1965
100.0,3.504375,3.196
100.0,3.50375,3.1955
100.0,3.504,3.1955
100.0,3.50475,3.1955
100.0,3.50475,3.1955
100.0,3.50525,3.195125
100.0,3.5055,3.194875
100.0,3.50575,3.195
100.0,3.504625,3.1955
100.0,3.50375,3.19575
100.0,3.503875,3.19575
100.0,3.5035,3.196125
100.0,3.50275,3.196
100.0,3.502875,3.19625
100.0,3.503875,3.197
100.0,3.505,3.197125
100.0,3.504875,3.196375
100.0,3.5045,3.195375
100.0,3.504,3.195125
100.0,3.503625,3.195625
100.0,3.503625,3.195625
100.0,3.504375,3.19575
100.0,3.506,3.195375
100.0,3.506125,3.195
100.0,3.50475,3.195625
100.0,3.504,3.195875
100.0,3.503375,3.1955
100.0,3.503625,3.19575
100.0,3.503375,3.196125
100.0,3.503,3.19625
100.0,3.5035,3.196625
100.0,3.5045,3.197125
100.0,3.504625,3.19725
100.0,3.504875,3.19625
100.0,3.504375,3.19525
100.0,3.50375,3.195125
100.0,3.50375,3.195125
100.0,3.504,3.19575
100.0,3.505125,3.195625
100.0,3.50625,3.195125
100.0,3.506375,3.194875
100.0,3.505125,3.195125
100.0,3.503875,3.19575
100.0,3.503625,3.195625
100.0,3.5035,3.195875
100.0,3.502875,3.196125
100.0,3.502875,3.19625
100.0,3.5035,3.196875
100.0,3.504625,3.19725
100.0,3.504875,3.19675
100.0,3.50425,3.19575
100.0,3.504125,3.194875
100.0,3.503625,3.195375
100.0,3.503625,3.195375
100.0,3.504,3.195625
100.0,3.505375,3.1955
100.0,3.5055,3.194875
100.0,3.505375,3.19525
100.0,3.504375,3.195875
100.0,3.503625,3.19575
100.0,3.5035,3.19575
100.0,3.503375,3.19625
100.0,3.50325,3.196125
100.0,3.503375,3.1965
100.0,3.503875,3.197125
100.0,3.504875,3.197125
100.0,3.5045,3.196125
100.0,3.504,3.195125
100.0,3.50375,3.195125
100.0,3.50375,3.195125
100.0,3.5035,3.1955
100.0,3.504625,3.19575
100.0,3.506,3.19525
100.0,3.50625,3.194875
100.0,3.5055,3.1955
100.0,3.504625,3.196375
100.0,3.50375,3.19575
100.0,3.503125,3.195875
100.0,3.503,3.196125
100.0,3.502375,3.19625
100.0,3.502625,3.1965
100.0,3.503875,3.196875
100.0,3.505375,3.196625
100.0,3.505,3.195875
100.0,3.504625,3.195125
100.0,3.504625,3.195125
100.0,3.504375,3.19525
100.0,3.504375,3.195625
100.0,3.505125,3.195625
100.0,3.506,3.195375
100.0,3.50575,3.195375
100.0,3.505,3.196
100.0,3.504125,3.196125
100.0,3.503875,3.195875
100.0,3.503375,3.195875
100.0,3.503,3.195875
100.0,3.502875,3.196125
100.0,3.503875,3.19675
100.0,3.505375,3.196875
100.0,3.505375,3.1965
100.0,3.504375,3.19575
100.0,3.504375,3.19575
100.0,3.504,3.195
100.0,3.504125,3.19525
100.0,3.504375,3.195625
100.0,3.505125,3.1955
100.0,3.506125,3.194875
100.0,3.50625,3.195125
100.0,3.505125,3.1955
100.0,3.504125,3.195625
100.0,3.504,3.1955
100.0,3.50325,3.195875
100.0,3.503,3.196
100.0,3.503125,3.19625
100.0,3.504375,3.196875
100.0,3.50525,3.19675
101.0,3.5035,3.229
101.0,3.503,3.229
101.0,3.502875,3.229125
101.0,3.504,3.22975
101.0,3.504875,3.22975
101.0,3.504875,3.229125
101.0,3.5045,3.2285
101.0,3.50425,3.228
101.0,3.50425,3.228
101.0,3.503625,3.2285
101.0,3.5045,3.228875
101.0,3.506,3.2285
101.0,3.506,3.228
101.0,3.505375,3.228
101.0,3.504375,3.228625
101.0,3.503625,3.2285
101.0,3.504125,3.228375
101.0,3.503625,3.229125
101.0,3.502875,3.22925
101.0,3.503375,3.2295
101.0,3.50425,3.230125
101.0,3.505,3.229875
101.0,3.504875,3.22925
101.0,3.5045,3.22825
101.0,3.50425,3.227875
101.0,3.50425,3.227875
101.0,3.503625,3.228375
101.0,3.504375,3.2285
101.0,3.5055,3.228125
101.0,3.50625,3.22775
101.0,3.5055,3.2285
101.0,3.504625,3.228875
101.0,3.504125,3.22825
101.0,3.50375,3.22875
101.0,3.5035,3.229125
101.0,3.50325,3.229
101.0,3.503375,3.2295
101.0,3.504125,3.229875
101.0,3.50475,3.229375
101.0,3.504125,3.228875
101.0,3.5045,3.22825
101.0,3.5045,3.22825
101.0,3.504375,3.228375
101.0,3.504,3.22875
101.0,3.504875,3.228625
101.0,3.506,3.228125
101.0,3.506,3.228
101.0,3.505125,3.228625
101.0,3.504125,3.229
101.0,3.50375,3.228875
101.0,3.5035,3.229
101.0,3.503,3.228875
101.0,3.502875,3.229125
101.0,3.50375,3.22975
101.0,3.504625,3.230125
101.0,3.504625,3.229375
101.0,3.504375,3.228625
101.0,3.504375,3.228625
101.0,3.504125,3.228
101.0,3.503625,3.22825
101.0,3.504375,3.228625
101.0,3.505875,3.2285
101.0,3.50625,3.228
101.0,3.505875,3.227875
101.0,3.505125,3.228625
101.0,3.50425,3.228625
101.0,3.504,3.2285
101.0,3.503375,3.228875
101.0,3.503125,3.229125
101.0,3.503125,3.229375
101.0,3.504,3.230125
101.0,3.50475,3.230125
101.0,3.504875,3.229375
101.0,3.504875,3.229375
101.0,3.504625,3.2285
101.0,3.504,3.228
101.0,3.5035,3.228625
101.0,3.504625,3.228625
101.0,3.505875,3.228375
101.0,3.50575,3.227875
101.0,3.505,3.22825
101.0,3.50425,3.228875
101.0,3.503625,3.22875
101.0,3.503625,3.22875
101.0,3.50375,3.229
101.0,3.503,3.229
101.0,3.50325,3.2295
101.0,3.504875,3.23
101.0,3.505375,3.229625
101.0,3.505375,3.229625
101.0,3.504375,3.229
101.0,3.504125,3.2285
101.0,3.504125,3.2285
101.0,3.504125,3.22875
101.0,3.50525,3.22875
101.0,3.50625,3.228125
101.0,3.505875,3.227875
101.0,3.50475,3.22875
101.0,3.503625,3.229
101.0,3.504,3.228375
101.0,3.503875,3.22875
101.0,3.5035,3.229125
101.0,3.503375,3.229125
101.0,3.504125,3.229625
101.0,3.50525,3.229875
101.0,3.50525,3.2295
101.0,3.50525,3.2295
101.0,3.504625,3.228875
101.0,3.504625,3.228125
101.0,3.503875,3.22825
101.0,3.503875,3.228625
101.0,3.505375,3.228625
101.0,3.506125,3.228
101.0,3.50525,3.228125
101.0,3.5045,3.22875
101.0,3.50375,3.22875
101.0,3.504,3.2285
101.0,3.503875,3.228875
101.0,3.503125,3.229125
101.0,3.5035,3.229125
101.0,3.504,3.229875
101.0,3.504875,3.229875
101.0,3.504875,3.229875
101.0,3.504875,3.2295
101.0,3.504625,3.228625
101.0,3.5045,3.227875
101.0,3.50375,3.22825
101.0,3.50425,3.2285
101.0,3.505625,3.22825
101.0,3.506,3.227875
101.0,3.5055,3.228125
101.0,3.504375,3.228625
101.0,3.503875,3.228625
101.0,3.503875,3.228625
101.0,3.5035,3.229125
101.0,3.502875,3.229125
101.0,3.50325,3.2295
101.0,3.5045,3.230125
101.0,3.5045,3.230125
101.0,3.505,3.229875
101.0,3.504625,3.229375
101.0,3.504875,3.228625
101.0,3.504625,3.2285
101.0,3.50425,3.228625
101.0,3.504625,3.22875
101.0,3.505875,3.22825
101.0,3.506,3.227875
101.0,3.504875,3.228375
101.0,3.50375,3.228875
101.0,3.50375,3.2285
101.0,3.50375,3.22875
101.0,3.5035,3.229
101.0,3.503125,3.229
101.0,3.504,3.22975
101.0,3.504,3.22975
101.0,3.505125,3.23025
101.0,3.50525,3.229625
101.0,3.50475,3.229
101.0,3.504625,3.22825
101.0,3.504125,3.228375
101.0,3.503875,3.228625
101.0,3.505375,3.2285
101.0,3.506375,3.227875
101.0,3.506125,3.22775
101.0,3.504875,3.228375
101.0,3.50425,3.22875
101.0,3.50375,3.2285
101.0,3.50325,3.229
101.0,3.503,3.229
102.0,3.503875,3.2585
102.0,3.50375,3.258375
102.0,3.503375,3.25875
102.0,3.50275,3.259
102.0,3.502875,3.259
102.0,3.503875,3.25975
102.0,3.505,3.26
102.0,3.5055,3.259625
102.0,3.5055,3.259625
102.0,3.505,3.2585
102.0,3.5045,3.257875
102.0,3.50425,3.25825
102.0,3.504375,3.258625
102.0,3.505375,3.2585
102.0,3.506,3.258
102.0,3.5055,3.25825
102.0,3.504625,3.259
102.0,3.50425,3.259
102.0,3.504,3.258625
102.0,3.503875,3.258875
102.0,3.50325,3.259
102.0,3.50275,3.25925
102.0,3.503875,3.259875
102.0,3.505,3.26
102.0,3.504875,3.2595
102.0,3.504875,3.2595
102.0,3.5045,3.2585
102.0,3.504125,3.258125
102.0,3.50375,3.258375
102.0,3.50475,3.258625
102.0,3.505625,3.258375
102.0,3.50575,3.257875
102.0,3.5055,3.258
102.0,3.50425,3.258625
102.0,3.50375,3.258625
102.0,3.503875,3.2585
102.0,3.50325,3.259
102.0,3.503,3.259125
102.0,3.503375,3.25925
102.0,3.504125,3.25975
102.0,3.50525,3.259625
102.0,3.50525,3.259625
102.0,3.504625,3.259125
102.0,3.50425,3.25825
102.0,3.504,3.25825
102.0,3.503125,3.258625
102.0,3.50425,3.258625
102.0,3.50575,3.25825
102.0,3.50575,3.257875
102.0,3.50475,3.25825
102.0,3.503875,3.25875
102.0,3.504,3.258625
102.0,3.5035,3.25875
102.0,3.502875,3.259
102.0,3.50275,3.259125
102.0,3.503625,3.25975
102.0,3.504875,3.26
102.0,3.504875,3.26
102.0,3.50525,3.259625
102.0,3.504875,3.25925
102.0,3.504625,3.258125
102.0,3.50425,3.25825
102.0,3.504,3.25875
102.0,3.505,3.2585
102.0,3.50575,3.258125
102.0,3.50575,3.258125
102.0,3.504625,3.259
102.0,3.503625,3.258625
102.0,3.503875,3.258375
102.0,3.503625,3.25875
102.0,3.503,3.258875
102.0,3.502875,3.25925
102.0,3.504,3.259875
102.0,3.504,3.259875
102.0,3.505,3.25975
102.0,3.505,3.259375
102.0,3.50475,3.2585
102.0,3.50425,3.257875
102.0,3.503875,3.25825
102.0,3.504625,3.25875
102.0,3.505875,3.2585
102.0,3.506125,3.257875
102.0,3.505375,3.257875
102.0,3.504375,3.25825
102.0,3.50375,3.2585
102.0,3.50375,3.2585
102.0,3.503375,3.258875
102.0,3.503125,3.259
102.0,3.503375,3.259375
102.0,3.504375,3.26
102.0,3.504375,3.26
102.0,3.505125,3.25975
102.0,3.504625,3.259
102.0,3.504125,3.25825
102.0,3.503875,3.258
102.0,3.503375,3.25825
102.0,3.5045,3.258625
102.0,3.50625,3.258375
102.0,3.505875,3.257875
102.0,3.505125,3.258625
102.0,3.504375,3.259375
102.0,3.503875,3.258875
102.0,3.503375,3.258625
102.0,3.503125,3.259
102.0,3.503125,3.259
102.0,3.50375,3.2595
102.0,3.50375,3.2595
102.0,3.5045,3.260125
102.0,3.505125,3.260125
102.0,3.504625,3.25925
102.0,3.504375,3.258375
102.0,3.504125,3.25825
102.0,3.504125,3.258625
102.0,3.505125,3.258625
102.0,3.506125,3.25825
102.0,3.505875,3.258
102.0,3.504875,3.258875
102.0,3.504125,3.258875
102.0,3.504125,3.258375
102.0,3.503875,3.258625
102.0,3.50325,3.25875
102.0,3.503,3.259
102.0,3.503,3.259
102.0,3.50325,3.25975
102.0,3.50475,3.26
102.0,3.505,3.2595
102.0,3.5045,3.259
102.0,3.504,3.258125
102.0,3.503375,3.25825
102.0,3.504125,3.258625
102.0,3.505875,3.258375
102.0,3.50625,3.25775
102.0,3.505625,3.258
102.0,3.5045,3.25875
102.0,3.50375,3.258625
102.0,3.503875,3.258625
102.0,3.5035,3.259
102.0,3.5035,3.259125
102.0,3.5035,3.259125
102.0,3.503625,3.259375
102.0,3.50425,3.26
102.0,3.505,3.26
102.0,3.50475,3.259375
102.0,3.5045,3.25825
102.0,3.504125,3.257875
102.0,3.50375,3.258375
102.0,3.50475,3.25875
102.0,3.50575,3.258375
102.0,3.50575,3.257875
102.0,3.505125,3.258125
102.0,3.504125,3.259
102.0,3.5035,3.259
102.0,3.503625,3.25875
102.0,3.503625,3.258875
102.0,3.503,3.258875
102.0,3.503,3.259
102.0,3.503375,3.2595
102.0,3.504375,3.260125
102.0,3.50525,3.260375
102.0,3.50475,3.2595
102.0,3.504625,3.258125
102.0,3.504375,3.25825
102.0,3.504125,3.258625
102.0,3.504875,3.258625
102.0,3.506125,3.257875
102.0,3.506,3.257625
102.0,3.505,3.258125
102.0,3.504125,3.258375
102.0,3.504125,3.258375
103.0,3.50275,3.287375
103.0,3.5035,3.288
103.0,3.50475,3.288375
103.0,3.504625,3.288
103.0,3.504,3.2875
103.0,3.50375,3.286375
103.0,3.5035,3.286125
103.0,3.504125,3.28675
103.0,3.504125,3.28675
103.0,3.50525,3.286625
103.0,3.506,3.286125
103.0,3.505625,3.286125
103.0,3.5045,3.28675
103.0,3.5035,3.28675
103.0,3.503375,3.2865
103.0,3.503,3.287125
103.0,3.503,3.28725
103.0,3.50325,3.2875
103.0,3.503875,3.288125
103.0,3.505125,3.28825
103.0,3.504875,3.28775
103.0,3.504375,3.28675
103.0,3.504125,3.28625
103.0,3.5035,3.28675
103.0,3.504125,3.287
103.0,3.504125,3.287
103.0,3.505125,3.286625
103.0,3.5055,3.286
103.0,3.505125,3.286125
103.0,3.50425,3.287125
103.0,3.503375,3.287
103.0,3.50325,3.286875
103.0,3.50325,3.287
103.0,3.503,3.28725
103.0,3.503,3.287625
103.0,3.503625,3.288375
103.0,3.504875,3.28825
103.0,3.50475,3.287625
103.0,3.504375,3.286875
103.0,3.50425,3.28625
103.0,3.503625,3.286625
103.0,3.503625,3.286625
103.0,3.50425,3.286875
103.0,3.505875,3.2865
103.0,3.50625,3.286
103.0,3.505,3.2865
103.0,3.504,3.287
103.0,3.503375,3.286875
103.0,3.503125,3.286875
103.0,3.503125,3.28725
103.0,3.503125,3.287375
103.0,3.503625,3.28775
103.0,3.504125,3.288375
103.0,3.504625,3.288375
103.0,3.504625,3.28725
103.0,3.504375,3.286625
103.0,3.504125,3.2865
103.0,3.504125,3.2865
103.0,3.50425,3.28675
103.0,3.50475,3.28675
103.0,3.50575,3.28625
103.0,3.506375,3.285875
103.0,3.50525,3.286625
103.0,3.504,3.286875
103.0,3.503375,3.2865
103.0,3.502875,3.286875
103.0,3.503,3.287125
103.0,3.503,3.28725
103.0,3.504,3.287875
103.0,3.505125,3.28825
103.0,3.504375,3.288
103.0,3.504,3.28725
103.0,3.50375,3.2865
103.0,3.50375,3.2865
103.0,3.503375,3.28675
103.0,3.504,3.286875
103.0,3.505,3.286625
103.0,3.50525,3.286125
103.0,3.5055,3.28625
103.0,3.505,3.286875
103.0,3.50375,3.286625
103.0,3.503125,3.28675
103.0,3.50325,3.28725
103.0,3.502625,3.287375
103.0,3.502625,3.287625
103.0,3.503375,3.28825
103.0,3.5045,3.28825
103.0,3.5045,3.287375
103.0,3.504125,3.28675
103.0,3.504125,3.286375
103.0,3.504125,3.286375
103.0,3.5035,3.286625
103.0,3.504375,3.286875
103.0,3.505625,3.2865
103.0,3.506,3.286125
103.0,3.504875,3.2865
103.0,3.504125,3.287
103.0,3.503625,3.28675
103.0,3.503125,3.287
103.0,3.502875,3.287125
103.0,3.502875,3.28725
103.0,3.503625,3.287875
103.0,3.5045,3.28825
103.0,3.505,3.288125
103.0,3.505,3.287375
103.0,3.5045,3.286375
103.0,3.5045,3.286375
103.0,3.503875,3.28625
103.0,3.50375,3.286875
103.0,3.505125,3.28675
103.0,3.505875,3.286375
103.0,3.506,3.28625
103.0,3.505,3.286375
103.0,3.503875,3.286875
103.0,3.5035,3.286625
103.0,3.503125,3.286875
103.0,3.502875,3.28725
103.0,3.502625,3.28725
103.0,3.503375,3.288
103.0,3.5045,3.288375
103.0,3.504625,3.28825
103.0,3.5045,3.2875
103.0,3.5045,3.2875
103.0,3.50425,3.286375
103.0,3.50375,3.286375
103.0,3.504125,3.287
103.0,3.50525,3.28675
103.0,3.50575,3.28625
103.0,3.5055,3.28625
103.0,3.50475,3.286875
103.0,3.503875,3.287
103.0,3.503375,3.286625
103.0,3.503375,3.287
103.0,3.503,3.28725
103.0,3.502875,3.287375
103.0,3.503625,3.288125
103.0,3.504625,3.288375
103.0,3.50475,3.288
103.0,3.50475,3.28675
103.0,3.504,3.28675
103.0,3.50375,3.28625
103.0,3.50325,3.28675
103.0,3.50425,3.286875
103.0,3.505875,3.286625
103.0,3.506,3.286
103.0,3.505625,3.28625
103.0,3.5045,3.287125
103.0,3.50375,3.286625
103.0,3.50325,3.2865
103.0,3.502625,3.287125
103.0,3.50275,3.287375
103.0,3.503375,3.28775
103.0,3.504,3.288125
103.0,3.504625,3.28775
103.0,3.504625,3.287375
103.0,3.504,3.287375
103.0,3.504,3.2865
103.0,3.50425,3.28625
103.0,3.504,3.286875
103.0,3.5045,3.287125
103.0,3.505375,3.2865
103.0,3.50525,3.28625
103.0,3.505125,3.28675
103.0,3.5045,3.287
103.0,3.50375,3.286625
103.0,3.503625,3.287
103.0,3.50325,3.287375
103.0,3.50325,3.287375
103.0,3.5035,3.287875
104.0,3.50375,3.313875
104.0,3.503375,3.31375
104.0,3.503375,3.31375
104.0,3.503375,3.314
104.0,3.503,3.313875
104.0,3.50325,3.3145
104.0,3.50425,3.315125
104.0,3.504875,3.31475
104.0,3.504875,3.31475
104.0,3.504125,3.314
104.0,3.504,3.313125
104.0,3.50375,3.31325
104.0,3.503875,3.313625
104.0,3.505125,3.3135
104.0,3.50575,3.313
104.0,3.5055,3.312625
104.0,3.504375,3.3135
104.0,3.503,3.31375
104.0,3.503125,3.313375
104.0,3.50325,3.313875
104.0,3.50275,3.314
104.0,3.50275,3.314125
104.0,3.5035,3.314875
104.0,3.50475,3.315
104.0,3.50475,3.315
104.0,3.50475,3.31425
104.0,3.50475,3.31325
104.0,3.504125,3.312875
104.0,3.50325,3.313375
104.0,3.504125,3.31375
104.0,3.5055,3.313375
104.0,3.50575,3.312875
104.0,3.505625,3.313125
104.0,3.504125,3.313875
104.0,3.503375,3.31375
104.0,3.5035,3.313625
104.0,3.50325,3.314
104.0,3.503125,3.313875
104.0,3.503125,3.31425
104.0,3.504125,3.315
104.0,3.50475,3.315
104.0,3.50475,3.315
104.0,3.5045,3.31425
104.0,3.504125,3.31325
104.0,3.504,3.313125
104.0,3.503375,3.3135
104.0,3.504625,3.313625
104.0,3.50575,3.313125
104.0,3.506,3.31275
104.0,3.5055,3.313375
104.0,3.504125,3.314
104.0,3.50325,3.313625
104.0,3.503625,3.313875
104.0,3.50325,3.314
104.0,3.502875,3.314125
104.0,3.503625,3.314625
104.0,3.504125,3.315
104.0,3.504125,3.315
104.0,3.50425,3.3145
104.0,3.504625,3.31375
104.0,3.50475,3.313
104.0,3.503875,3.31325
104.0,3.503875,3.313625
104.0,3.505,3.313625
104.0,3.506,3.313
104.0,3.505875,3.31275
104.0,3.504625,3.313375
104.0,3.503875,3.31375
104.0,3.504,3.313125
104.0,3.503875,3.313375
104.0,3.502875,3.313875
104.0,3.502375,3.314
104.0,3.503375,3.31475
104.0,3.503375,3.31475
104.0,3.504375,3.314875
104.0,3.50475,3.314375
104.0,3.5045,3.313875
104.0,3.504125,3.313
104.0,3.50375,3.31325
104.0,3.504125,3.31375
104.0,3.5055,3.3135
104.0,3.506,3.312875
104.0,3.506,3.31275
104.0,3.50525,3.3135
104.0,3.50375,3.31375
104.0,3.50325,3.3135
104.0,3.50325,3.31375
104.0,3.503125,3.313875
104.0,3.502625,3.314125
104.0,3.50325,3.314125
104.0,3.50325,3.31475
104.0,3.504625,3.315
104.0,3.504625,3.314375
104.0,3.50425,3.313375
104.0,3.504125,3.313
104.0,3.504125,3.313375
104.0,3.504625,3.313625
104.0,3.50575,3.313
104.0,3.506,3.312625
104.0,3.505125,3.31325
104.0,3.503875,3.314
104.0,3.503375,3.313375
104.0,3.5035,3.313375
104.0,3.50325,3.31375
104.0,3.502625,3.313875
104.0,3.50325,3.3145
104.0,3.50325,3.3145
104.0,3.50425,3.314875
104.0,3.505125,3.314625
104.0,3.5045,3.314
104.0,3.50425,3.313
104.0,3.503875,3.31325
104.0,3.503875,3.313625
104.0,3.505125,3.3135
104.0,3.506125,3.313
104.0,3.505625,3.31275
104.0,3.505,3.313125
104.0,3.504,3.313375
104.0,3.5035,3.31325
104.0,3.503375,3.31375
104.0,3.502875,3.313875
104.0,3.5025,3.313875
104.0,3.5025,3.313875
104.0,3.5035,3.314625
104.0,3.50475,3.314875
104.0,3.50475,3.314375
104.0,3.503875,3.3135
104.0,3.504125,3.312625
104.0,3.504125,3.313
104.0,3.504375,3.3135
104.0,3.505625,3.313375
104.0,3.50625,3.312875
104.0,3.505875,3.312875
104.0,3.504875,3.313625
104.0,3.504,3.313625
104.0,3.5035,3.31375
104.0,3.503375,3.314
104.0,3.50325,3.313875
104.0,3.50325,3.313875
104.0,3.502875,3.314125
104.0,3.503625,3.31475
104.0,3.5045,3.315
104.0,3.504125,3.31425
104.0,3.504375,3.313375
104.0,3.50425,3.313125
104.0,3.5035,3.3135
104.0,3.504125,3.3135
104.0,3.5055,3.31325
104.0,3.505625,3.31275
104.0,3.505375,3.31325
104.0,3.504125,3.313875
104.0,3.503125,3.3135
104.0,3.503375,3.313875
104.0,3.503125,3.313875
104.0,3.502875,3.313875
104.0,3.502875,3.314
104.0,3.503375,3.31425
104.0,3.504125,3.31475
104.0,3.5045,3.314625
104.0,3.504125,3.314125
104.0,3.504125,3.31325
104.0,3.50425,3.313
104.0,3.504,3.313375
104.0,3.505125,3.313625
104.0,3.506125,3.313125
104.0,3.506125,3.312625
104.0,3.505125,3.313
104.0,3.503875,3.3135
104.0,3.50375,3.313375
105.0,3.50375,3.3375
105.0,3.50375,3.337625
105.0,3.504625,3.3375
105.0,3.5055,3.337
105.0,3.5055,3.336875
105.0,3.5045,3.337625
105.0,3.504125,3.338
105.0,3.50375,3.33775
105.0,3.50375,3.33775
105.0,3.503375,3.33775
105.0,3.50275,3.337875
105.0,3.503125,3.33825
105.0,3.504,3.339
105.0,3.505,3.338875
105.0,3.505,3.3385
105.0,3.504,3.337625
105.0,3.503625,3.337
105.0,3.5035,3.3375
105.0,3.50425,3.33775
105.0,3.50525,3.3375
105.0,3.50575,3.336875
105.0,3.50525,3.33725
105.0,3.50425,3.338
105.0,3.503625,3.337875
105.0,3.5035,3.337625
105.0,3.5035,3.337625
105.0,3.503125,3.338125
105.0,3.502625,3.338125
105.0,3.502875,3.3385
105.0,3.503875,3.339
105.0,3.505,3.339125
105.0,3.504125,3.338375
105.0,3.504125,3.337375
105.0,3.503875,3.337125
105.0,3.503625,3.33775
105.0,3.5045,3.33775
105.0,3.5055,3.33725
105.0,3.505875,3.337
105.0,3.505125,3.337875
105.0,3.504125,3.338125
105.0,3.503625,3.33775
105.0,3.503625,3.33775
105.0,3.503375,3.33775
105.0,3.50325,3.338
105.0,3.50275,3.338125
105.0,3.503375,3.33875
105.0,3.504375,3.339125
105.0,3.50425,3.338375
105.0,3.503875,3.337625
105.0,3.504125,3.33675
105.0,3.504,3.337125
105.0,3.504125,3.337625
105.0,3.505,3.33775
105.0,3.505625,3.337125
105.0,3.505375,3.337125
105.0,3.5045,3.337375
105.0,3.50325,3.337375
105.0,3.50325,3.337375
105.0,3.503125,3.33725
105.0,3.503125,3.338
105.0,3.502375,3.338125
105.0,3.50225,3.33825
105.0,3.50325,3.339
105.0,3.5045,3.339375
105.0,3.504625,3.3385
105.0,3.504125,3.33775
105.0,3.50425,3.337375
105.0,3.503875,3.3375
105.0,3.504,3.3375
105.0,3.504875,3.337625
105.0,3.505875,3.33725
105.0,3.5055,3.337125
105.0,3.504,3.33775
105.0,3.504,3.33775
105.0,3.5035,3.338
105.0,3.503625,3.33775
105.0,3.50325,3.338
105.0,3.503,3.338
105.0,3.503125,3.338375
105.0,3.50375,3.338875
105.0,3.5045,3.338875
105.0,3.504,3.3385
105.0,3.503875,3.3375
105.0,3.503875,3.337125
105.0,3.503625,3.3375
105.0,3.5045,3.33775
105.0,3.505375,3.33725
105.0,3.50525,3.336625
105.0,3.50475,3.337375
105.0,3.503875,3.337375
105.0,3.503875,3.33825
105.0,3.503375,3.33775
105.0,3.50375,3.337875
105.0,3.50325,3.338125
105.0,3.50275,3.338125
105.0,3.503125,3.338625
105.0,3.504125,3.339125
105.0,3.504375,3.338625
105.0,3.504125,3.338125
105.0,3.504,3.33725
105.0,3.503625,3.33725
105.0,3.50375,3.337625
105.0,3.504875,3.337625
105.0,3.5055,3.337
105.0,3.50575,3.33675
105.0,3.50475,3.337625
105.0,3.50475,3.337625
105.0,3.50375,3.338125
105.0,3.503625,3.337625
105.0,3.503375,3.337875
105.0,3.502875,3.338125
105.0,3.50275,3.33825
105.0,3.503625,3.338875
105.0,3.504875,3.338875
105.0,3.505125,3.33875
105.0,3.504125,3.338
105.0,3.504,3.337125
105.0,3.50375,3.337125
105.0,3.504,3.33775
105.0,3.505625,3.3375
105.0,3.506375,3.33675
105.0,3.50575,3.337
105.0,3.50575,3.337
105.0,3.5045,3.33775
105.0,3.503625,3.33775
105.0,3.504,3.3375
105.0,3.503625,3.337875
105.0,3.502875,3.338125
105.0,3.503125,3.338375
105.0,3.503875,3.339
105.0,3.5045,3.339125
105.0,3.5045,3.33875
105.0,3.50425,3.3375
105.0,3.504125,3.336875
105.0,3.50375,3.337375
105.0,3.5045,3.337625
105.0,3.505875,3.33725
105.0,3.506125,3.336875
105.0,3.506125,3.336875
105.0,3.5055,3.3375
105.0,3.504375,3.338
105.0,3.503625,3.337125
105.0,3.50325,3.337375
105.0,3.5035,3.337875
105.0,3.502875,3.338
105.0,3.50325,3.338375
105.0,3.504,3.338875
105.0,3.504375,3.338625
105.0,3.504,3.337875
105.0,3.50425,3.337
105.0,3.503875,3.337125
105.0,3.5035,3.337625
105.0,3.50475,3.337625
105.0,3.506125,3.336875
105.0,3.506125,3.336875
105.0,3.506125,3.336875
105.0,3.505125,3.337375
105.0,3.503875,3.337375
105.0,3.5035,3.33725
105.0,3.50325,3.33775
105.0,3.503,3.337875
105.0,3.5025,3.338
105.0,3.50325,3.3385
105.0,3.50425,3.339
105.0,3.504625,3.338625
105.0,3.504375,3.33775
105.0,3.504125,3.337125
105.0,3.50375,3.337375
105.0,3.504,3.337625
106.0,3.5025,3.36
106.0,3.5035,3.36075
106.0,3.504625,3.360625
106.0,3.504,3.36025
106.0,3.50375,3.35925
106.0,3.503875,3.35875
106.0,3.503375,3.359125
106.0,3.504125,3.359375
106.0,3.504125,3.359375
106.0,3.5055,3.359125
106.0,3.50575,3.35875
106.0,3.50525,3.358875
106.0,3.504,3.359625
106.0,3.503375,3.35925
106.0,3.50275,3.359125
106.0,3.5025,3.359625
106.0,3.502625,3.359625
106.0,3.50275,3.36025
106.0,3.50375,3.360875
106.0,3.504125,3.361
106.0,3.504,3.36
106.0,3.50375,3.359125
106.0,3.5035,3.359125
106.0,3.50325,3.359625
106.0,3.5045,3.359625
106.0,3.5045,3.359625
106.0,3.5055,3.359
106.0,3.505125,3.358625
106.0,3.504875,3.35925
106.0,3.504,3.359625
106.0,3.5035,3.359375
106.0,3.503375,3.359625
106.0,3.50275,3.359875
106.0,3.502625,3.359875
106.0,3.503,3.36025
106.0,3.504,3.360875
106.0,3.5045,3.3605
106.0,3.50375,3.359375
106.0,3.503375,3.358625
106.0,3.503125,3.359
106.0,3.503875,3.359625
106.0,3.503875,3.359625
106.0,3.505125,3.359375
106.0,3.505875,3.35875
106.0,3.50525,3.359
106.0,3.50475,3.359875
106.0,3.503625,3.3595
106.0,3.503,3.359125
106.0,3.50325,3.35975
106.0,3.50275,3.36
106.0,3.502875,3.360125
106.0,3.503375,3.36075
106.0,3.5045,3.360875
106.0,3.504625,3.3605
106.0,3.504375,3.35925
106.0,3.504125,3.359
106.0,3.5035,3.359375
106.0,3.5035,3.359375
106.0,3.504125,3.359625
106.0,3.5055,3.359
106.0,3.505875,3.35875
106.0,3.5055,3.359125
106.0,3.504375,3.35975
106.0,3.5035,3.359375
106.0,3.50325,3.359375
106.0,3.50325,3.35975
106.0,3.50275,3.359875
106.0,3.502875,3.360125
106.0,3.504,3.360625
106.0,3.504875,3.360875
106.0,3.504375,3.360125
106.0,3.503875,3.359
106.0,3.503625,3.35875
106.0,3.503625,3.3595
106.0,3.503375,3.3595
106.0,3.50475,3.359625
106.0,3.506,3.359125
106.0,3.505875,3.35875
106.0,3.505,3.359125
106.0,3.504,3.359375
106.0,3.5035,3.359125
106.0,3.50325,3.3595
106.0,3.503,3.359875
106.0,3.502625,3.36
106.0,3.50325,3.3605
106.0,3.50425,3.361
106.0,3.504375,3.360375
106.0,3.504125,3.359625
106.0,3.504125,3.35925
106.0,3.503625,3.35925
106.0,3.503625,3.35925
106.0,3.5035,3.3595
106.0,3.505,3.35925
106.0,3.50575,3.358875
106.0,3.505875,3.3585
106.0,3.50525,3.359125
106.0,3.50375,3.35975
106.0,3.5035,3.3595
106.0,3.503125,3.359625
106.0,3.5025,3.359875
106.0,3.50275,3.36
106.0,3.50375,3.36075
106.0,3.504625,3.36075
106.0,3.504125,3.36
106.0,3.504,3.359375
106.0,3.504,3.358875
106.0,3.504,3.358875
106.0,3.503375,3.359
106.0,3.504125,3.3595
106.0,3.505375,3.35925
106.0,3.505875,3.35875
106.0,3.5055,3.358875
106.0,3.5045,3.35975
106.0,3.50375,3.35975
106.0,3.50325,3.359625
106.0,3.503125,3.359875
106.0,3.502625,3.35975
106.0,3.502625,3.360125
106.0,3.504125,3.360625
106.0,3.505,3.360625
106.0,3.50425,3.36
106.0,3.50425,3.35875
106.0,3.50425,3.35875
106.0,3.504125,3.358625
106.0,3.503875,3.3595
106.0,3.5045,3.359625
106.0,3.50525,3.359
106.0,3.505375,3.358375
106.0,3.5045,3.359125
106.0,3.503625,3.35975
106.0,3.5035,3.359375
106.0,3.503625,3.3595
106.0,3.50325,3.359625
106.0,3.50275,3.35975
106.0,3.50325,3.36025
106.0,3.504125,3.361
106.0,3.504375,3.360625
106.0,3.504375,3.36
106.0,3.504375,3.36
106.0,3.504125,3.359375
106.0,3.50375,3.359125
106.0,3.50375,3.359625
106.0,3.505,3.359625
106.0,3.505875,3.358875
106.0,3.505625,3.35875
106.0,3.5045,3.3595
106.0,3.5035,3.35975
106.0,3.50325,3.359625
106.0,3.503375,3.35975
106.0,3.50325,3.359875
106.0,3.502875,3.36
106.0,3.503375,3.360625
106.0,3.50475,3.360875
106.0,3.505,3.3605
106.0,3.505,3.359625
106.0,3.504375,3.359625
106.0,3.504125,3.359
106.0,3.503375,3.359375
106.0,3.50375,3.3595
106.0,3.505125,3.359375
106.0,3.506125,3.358875
106.0,3.5055,3.35875
106.0,3.504375,3.35925
106.0,3.50375,3.359625
106.0,3.503625,3.3595
106.0,3.502875,3.359875
106.0,3.502875,3.359875
106.0,3.503125,3.360125
106.0,3.50425,3.360875
107.0,3.5035,3.38075
107.0,3.5035,3.38075
107.0,3.503375,3.381
107.0,3.503125,3.381
107.0,3.503,3.38125
107.0,3.50375,3.381875
107.0,3.50475,3.38225
107.0,3.5045,3.3815
107.0,3.5045,3.3815
107.0,3.504,3.38025
107.0,3.50375,3.38
107.0,3.5035,3.380375
107.0,3.504125,3.38075
107.0,3.505625,3.38025
107.0,3.506,3.38
107.0,3.5055,3.38
107.0,3.5045,3.380875
107.0,3.503625,3.381
107.0,3.503125,3.38075
107.0,3.503125,3.380875
107.0,3.50275,3.381
107.0,3.503125,3.38125
107.0,3.50425,3.38175
107.0,3.505,3.381625
107.0,3.505,3.381125
107.0,3.50425,3.381125
107.0,3.503625,3.380625
107.0,3.503375,3.380375
107.0,3.50375,3.380625
107.0,3.504625,3.38075
107.0,3.5055,3.380125
107.0,3.505625,3.379875
107.0,3.504625,3.380625
107.0,3.504,3.381
107.0,3.503625,3.380375
107.0,3.50325,3.38075
107.0,3.50275,3.381125
107.0,3.502375,3.381
107.0,3.50325,3.3815
107.0,3.50475,3.382
107.0,3.505125,3.381625
107.0,3.505125,3.381625
107.0,3.504,3.380875
107.0,3.504,3.38
107.0,3.503625,3.38
107.0,3.50375,3.3805
107.0,3.505125,3.3805
107.0,3.5055,3.379875
107.0,3.505375,3.379875
107.0,3.504375,3.380625
107.0,3.5035,3.380625
107.0,3.50375,3.3805
107.0,3.5035,3.38075
107.0,3.50325,3.381
107.0,3.503,3.38125
107.0,3.503625,3.381875
107.0,3.504625,3.382
107.0,3.504625,3.382
107.0,3.5045,3.381375
107.0,3.504,3.380625
107.0,3.504125,3.38
107.0,3.503625,3.380125
107.0,3.504,3.380625
107.0,3.505,3.38025
107.0,3.506,3.379875
107.0,3.505625,3.380125
107.0,3.504375,3.380375
107.0,3.503625,3.3805
107.0,3.503125,3.380625
107.0,3.503375,3.38075
107.0,3.503125,3.38075
107.0,3.503375,3.38125
107.0,3.504,3.381875
107.0,3.504,3.381875
107.0,3.50475,3.38175
107.0,3.5045,3.38125
107.0,3.50375,3.380375
107.0,3.50375,3.38
107.0,3.503625,3.3805
107.0,3.5045,3.380625
107.0,3.5055,3.380125
107.0,3.506125,3.379625
107.0,3.50575,3.38025
107.0,3.504125,3.38075
107.0,3.5035,3.380375
107.0,3.503375,3.3805
107.0,3.502625,3.381
107.0,3.50275,3.381
107.0,3.503625,3.3815
107.0,3.503625,3.3815
107.0,3.5045,3.382
107.0,3.504875,3.381625
107.0,3.504625,3.381125
107.0,3.50425,3.380125
107.0,3.503125,3.380125
107.0,3.50325,3.3805
107.0,3.504375,3.380625
107.0,3.505375,3.38
107.0,3.50525,3.37975
107.0,3.505125,3.38075
107.0,3.504125,3.380875
107.0,3.503625,3.380625
107.0,3.50375,3.380875
107.0,3.50325,3.380875
107.0,3.50275,3.381125
107.0,3.50325,3.38175
107.0,3.50325,3.38175
107.0,3.50475,3.382
107.0,3.50475,3.3815
107.0,3.50425,3.38075
107.0,3.503875,3.38025
107.0,3.50375,3.380375
107.0,3.5045,3.38075
107.0,3.505625,3.3805
107.0,3.506125,3.38
107.0,3.505625,3.38
107.0,3.50475,3.380375
107.0,3.50375,3.3805
107.0,3.503375,3.380625
107.0,3.503,3.381
107.0,3.50275,3.381
107.0,3.502875,3.381125
107.0,3.502875,3.381125
107.0,3.503375,3.381875
107.0,3.50475,3.38225
107.0,3.504375,3.381375
107.0,3.504375,3.380125
107.0,3.504125,3.37975
107.0,3.503625,3.38025
107.0,3.50425,3.380375
107.0,3.505875,3.380125
107.0,3.506125,3.379875
107.0,3.505625,3.380125
107.0,3.504375,3.380625
107.0,3.503625,3.380625
107.0,3.50375,3.38075
107.0,3.503125,3.380875
107.0,3.502875,3.380875
107.0,3.502875,3.380875
107.0,3.503125,3.381375
107.0,3.50425,3.382
107.0,3.504875,3.38175
107.0,3.504,3.381125
107.0,3.503875,3.38025
107.0,3.503625,3.380125
107.0,3.503625,3.380625
107.0,3.50475,3.380625
107.0,3.50575,3.380125
107.0,3.5055,3.37975
107.0,3.504625,3.380625
107.0,3.50375,3.38075
107.0,3.50375,3.3805
107.0,3.503625,3.381
107.0,3.5035,3.381
107.0,3.5035,3.381
107.0,3.503125,3.381125
107.0,3.50325,3.381625
107.0,3.5045,3.382125
107.0,3.504375,3.38175
107.0,3.504125,3.381
107.0,3.504625,3.38
107.0,3.503875,3.380125
107.0,3.503625,3.3805
107.0,3.505125,3.380375
107.0,3.50625,3.379875
107.0,3.50575,3.380125
107.0,3.504375,3.380875
107.0,3.503875,3.381125
107.0,3.503875,3.380875
108.0,3.502875,3.398625
108.0,3.50375,3.39925
108.0,3.5045,3.399625
108.0,3.504625,3.39925
108.0,3.50425,3.398375
108.0,3.50425,3.397375
108.0,3.50375,3.39775
108.0,3.504,3.398125
108.0,3.504,3.398125
108.0,3.505125,3.398125
108.0,3.50575,3.3975
108.0,3.505875,3.397625
108.0,3.504125,3.398125
108.0,3.502875,3.39825
108.0,3.503375,3.398125
108.0,3.50325,3.3985
108.0,3.50275,3.398875
108.0,3.50275,3.398875
108.0,3.503875,3.399375
108.0,3.505,3.3995
108.0,3.504875,3.399375
108.0,3.5045,3.398
108.0,3.50375,3.397625
108.0,3.503125,3.398125
108.0,3.504375,3.39825
108.0,3.504375,3.39825
108.0,3.505625,3.39775
108.0,3.505875,3.397375
108.0,3.505375,3.398
108.0,3.50375,3.39825
108.0,3.50325,3.39775
108.0,3.50325,3.398
108.0,3.503375,3.398375
108.0,3.502875,3.398625
108.0,3.503125,3.399125
108.0,3.50425,3.3995
108.0,3.50525,3.399
108.0,3.504625,3.398125
108.0,3.503875,3.397375
108.0,3.50325,3.397375
108.0,3.503875,3.398
108.0,3.503875,3.398
108.0,3.504875,3.398
108.0,3.504875,3.397375
108.0,3.5055,3.397375
108.0,3.505125,3.397875
108.0,3.50375,3.398
108.0,3.50325,3.39775
108.0,3.50325,3.398125
108.0,3.502875,3.3985
108.0,3.502375,3.39875
108.0,3.503,3.39925
108.0,3.5045,3.3995
108.0,3.50475,3.398875
108.0,3.503875,3.39825
108.0,3.503625,3.397625
108.0,3.503375,3.39775
108.0,3.503375,3.39775
108.0,3.503875,3.398
108.0,3.5045,3.398
108.0,3.505375,3.397375
108.0,3.505875,3.397375
108.0,3.504625,3.39825
108.0,3.503375,3.398125
108.0,3.503125,3.397875
108.0,3.503125,3.3985
108.0,3.502625,3.3985
108.0,3.5025,3.398875
108.0,3.50375,3.399375
108.0,3.505125,3.399625
108.0,3.5045,3.399125
108.0,3.504,3.398
108.0,3.50375,3.3975
108.0,3.50375,3.3975
108.0,3.503125,3.398
108.0,3.503875,3.398125
108.0,3.505125,3.39775
108.0,3.505625,3.397125
108.0,3.505,3.397375
108.0,3.50425,3.398125
108.0,3.504,3.398125
108.0,3.50325,3.397875
108.0,3.502875,3.39825
108.0,3.502625,3.3985
108.0,3.5035,3.399
108.0,3.504625,3.399625
108.0,3.504875,3.3995
108.0,3.504125,3.399
108.0,3.504125,3.39825
108.0,3.504125,3.397625
108.0,3.503875,3.397625
108.0,3.5035,3.398125
108.0,3.504375,3.39825
108.0,3.5055,3.397625
108.0,3.505875,3.39725
108.0,3.505,3.397625
108.0,3.50325,3.3985
108.0,3.503375,3.398125
108.0,3.50325,3.398375
108.0,3.502625,3.398625
108.0,3.5025,3.398625
108.0,3.5035,3.399125
108.0,3.504625,3.3995
108.0,3.504375,3.39925
108.0,3.504,3.39825
108.0,3.50375,3.397625
108.0,3.50375,3.397625
108.0,3.503625,3.397875
108.0,3.50375,3.398125
108.0,3.505,3.398
108.0,3.505875,3.3975
108.0,3.50575,3.3975
108.0,3.504875,3.39825
108.0,3.50375,3.398125
108.0,3.503625,3.39775
108.0,3.503375,3.39825
108.0,3.503125,3.39825
108.0,3.50325,3.3985
108.0,3.504,3.39925
108.0,3.505,3.399375
108.0,3.5045,3.39875
108.0,3.503875,3.398
108.0,3.503875,3.398
108.0,3.504125,3.397625
108.0,3.504,3.398
108.0,3.504625,3.398125
108.0,3.505875,3.39775
108.0,3.506125,3.39725
108.0,3.50575,3.39725
108.0,3.504375,3.398
108.0,3.5035,3.398125
108.0,3.503125,3.398
108.0,3.502875,3.398625
108.0,3.503,3.398625
108.0,3.503125,3.398875
108.0,3.504375,3.39925
108.0,3.504875,3.39925
108.0,3.504625,3.398625
108.0,3.504625,3.398625
108.0,3.504,3.397625
108.0,3.504,3.39725
108.0,3.503625,3.397875
108.0,3.504125,3.39825
108.0,3.50525,3.3975
108.0,3.505625,3.39725
108.0,3.505375,3.39775
108.0,3.503875,3.39825
108.0,3.50375,3.397875
108.0,3.503125,3.398125
108.0,3.5025,3.398375
108.0,3.502625,3.39825
108.0,3.503375,3.399
108.0,3.504125,3.399375
108.0,3.50425,3.399125
108.0,3.50425,3.399125
108.0,3.50425,3.39825
108.0,3.504,3.397375
108.0,3.503875,3.397625
108.0,3.504,3.398
108.0,3.505,3.398
108.0,3.50525,3.397375
108.0,3.505,3.397
108.0,3.504375,3.397875
108.0,3.50325,3.39825
108.0,3.503625,3.398125
108.0,3.503375,3.398375
108.0,3.503,3.3985
108.0,3.50275,3.398625
108.0,3.503625,3.39925
109.0,3.5055,3.413
109.0,3.504125,3.413875
109.0,3.5035,3.4135
109.0,3.503625,3.41375
109.0,3.503125,3.414
109.0,3.502625,3.414
109.0,3.50325,3.4145
109.0,3.503875,3.415
109.0,3.503875,3.415
109.0,3.50425,3.414875
109.0,3.504125,3.414125
109.0,3.503875,3.413125
109.0,3.5035,3.41325
109.0,3.503125,3.4135
109.0,3.504375,3.413625
109.0,3.50575,3.41325
109.0,3.5055,3.412875
109.0,3.505,3.41325
109.0,3.503875,3.413875
109.0,3.50325,3.413625
109.0,3.5035,3.41375
109.0,3.50325,3.414
109.0,3.50275,3.414125
109.0,3.503375,3.41475
109.0,3.503875,3.415125
109.0,3.503875,3.415125
109.0,3.504375,3.414875
109.0,3.504375,3.41425
109.0,3.504125,3.41325
109.0,3.50325,3.413125
109.0,3.5035,3.41375
109.0,3.5045,3.413625
109.0,3.505625,3.412875
109.0,3.5055,3.413125
109.0,3.504625,3.413875
109.0,3.5035,3.41375
109.0,3.502875,3.4135
109.0,3.50275,3.41375
109.0,3.502875,3.414
109.0,3.503125,3.41425
109.0,3.503375,3.414875
109.0,3.503375,3.414875
109.0,3.504125,3.415125
109.0,3.50425,3.41475
109.0,3.50425,3.413875
109.0,3.504125,3.413125
109.0,3.5035,3.413375
109.0,3.503625,3.4135
109.0,3.50525,3.413375
109.0,3.50575,3.413
109.0,3.505,3.413125
109.0,3.503875,3.41375
109.0,3.50375,3.4135
109.0,3.503375,3.4135
109.0,3.50275,3.414125
109.0,3.5025,3.414125
109.0,3.503,3.414375
109.0,3.503,3.414375
109.0,3.504,3.415125
109.0,3.504375,3.414875
109.0,3.504,3.41425
109.0,3.503875,3.41325
109.0,3.503875,3.413
109.0,3.503375,3.4135
109.0,3.504375,3.4135
109.0,3.5055,3.41325
109.0,3.5055,3.412875
109.0,3.5045,3.41325
109.0,3.5035,3.413875
109.0,3.503375,3.4135
109.0,3.50375,3.4135
109.0,3.503,3.414
109.0,3.502875,3.414125
109.0,3.502875,3.414125
109.0,3.503375,3.414625
109.0,3.504125,3.415
109.0,3.50425,3.414875
109.0,3.50375,3.41425
109.0,3.503625,3.413
109.0,3.50375,3.41325
109.0,3.50375,3.41375
109.0,3.504625,3.413625
109.0,3.505375,3.413125
109.0,3.505375,3.413
109.0,3.504375,3.41375
109.0,3.5035,3.41375
109.0,3.503125,3.413375
109.0,3.503,3.413875
109.0,3.503,3.414
109.0,3.503,3.414125
109.0,3.503,3.414125
109.0,3.5035,3.41475
109.0,3.504375,3.415
109.0,3.50475,3.41475
109.0,3.503875,3.414
109.0,3.503625,3.413375
109.0,3.503375,3.413375
109.0,3.503625,3.413875
109.0,3.504875,3.413625
109.0,3.505625,3.413
109.0,3.50525,3.41325
109.0,3.504,3.413875
109.0,3.50375,3.413625
109.0,3.503375,3.413625
109.0,3.5035,3.414
109.0,3.502375,3.414
109.0,3.502375,3.414
109.0,3.502375,3.41425
109.0,3.50375,3.415
109.0,3.504625,3.41525
109.0,3.504,3.4145
109.0,3.504,3.41325
109.0,3.503875,3.412875
109.0,3.5035,3.4135
109.0,3.504125,3.41375
109.0,3.50575,3.41325
109.0,3.50575,3.412625
109.0,3.505125,3.41275
109.0,3.504125,3.413625
109.0,3.503375,3.4135
109.0,3.5035,3.41375
109.0,3.503375,3.414
109.0,3.503375,3.414
109.0,3.502875,3.414125
109.0,3.503375,3.41475
109.0,3.50425,3.41525
109.0,3.504375,3.414875
109.0,3.50425,3.414125
109.0,3.50425,3.41325
109.0,3.504,3.413
109.0,3.503625,3.4135
109.0,3.504625,3.41375
109.0,3.505625,3.413
109.0,3.506,3.41275
109.0,3.5045,3.413625
109.0,3.5035,3.413875
109.0,3.503375,3.413375
109.0,3.503,3.41375
109.0,3.503,3.41375
109.0,3.502625,3.414125
109.0,3.502375,3.41425
109.0,3.50325,3.41475
109.0,3.50475,3.414875
109.0,3.50525,3.414625
109.0,3.5045,3.413875
109.0,3.50425,3.413
109.0,3.503625,3.413125
109.0,3.503875,3.41375
109.0,3.505,3.4135
109.0,3.505625,3.412875
109.0,3.5055,3.413
109.0,3.504375,3.414
109.0,3.5035,3.413875
109.0,3.50325,3.41325
109.0,3.50325,3.41325
109.0,3.503125,3.413875
109.0,3.502875,3.414125
109.0,3.502625,3.414375
109.0,3.5035,3.414875
109.0,3.50425,3.415
109.0,3.504,3.414625
109.0,3.504375,3.413625
109.0,3.504375,3.413125
109.0,3.504125,3.413625
109.0,3.504125,3.41375
109.0,3.5055,3.413375
109.0,3.506,3.412875
109.0,3.50525,3.412875
109.0,3.504,3.414
110.0,3.503875,3.429125
110.0,3.503875,3.428625
110.0,3.50375,3.428875
110.0,3.50425,3.429
110.0,3.505,3.428875
110.0,3.5055,3.428125
110.0,3.504875,3.4285
110.0,3.503875,3.42925
110.0,3.503875,3.42925
110.0,3.50375,3.429125
110.0,3.503125,3.428875
110.0,3.502875,3.42925
110.0,3.502375,3.4295
110.0,3.5025,3.42975
110.0,3.5035,3.430375
110.0,3.504375,3.430375
110.0,3.50375,3.429875
110.0,3.5035,3.428875
110.0,3.50325,3.428375
110.0,3.5035,3.429
110.0,3.504625,3.429125
110.0,3.505375,3.428625
110.0,3.50575,3.427875
110.0,3.505375,3.428375
110.0,3.504,3.428375
110.0,3.504,3.429
110.0,3.50325,3.42925
110.0,3.503125,3.4295
110.0,3.503,3.429375
110.0,3.502625,3.42925
110.0,3.50325,3.42975
110.0,3.504125,3.4305
110.0,3.5045,3.430125
110.0,3.5045,3.42925
110.0,3.504625,3.428375
110.0,3.50375,3.4285
110.0,3.5035,3.428875
110.0,3.5045,3.429
110.0,3.505375,3.428375
110.0,3.505625,3.42825
110.0,3.50475,3.429
110.0,3.50475,3.429
110.0,3.503375,3.42925
110.0,3.503125,3.429125
110.0,3.5035,3.42925
110.0,3.503125,3.4295
110.0,3.5025,3.4295
110.0,3.503375,3.430125
110.0,3.504375,3.4305
110.0,3.5045,3.430125
110.0,3.504125,3.42925
110.0,3.504125,3.4285
110.0,3.503625,3.428875
110.0,3.503875,3.429
110.0,3.505125,3.428875
110.0,3.50575,3.42825
110.0,3.505375,3.428375
110.0,3.505375,3.428375
110.0,3.50425,3.428875
110.0,3.503125,3.429125
110.0,3.502875,3.428875
110.0,3.503125,3.42925
110.0,3.503125,3.4295
110.0,3.503125,3.429625
110.0,3.504125,3.43025
110.0,3.505,3.430125
110.0,3.50425,3.429625
110.0,3.504,3.428625
110.0,3.503875,3.4285
110.0,3.5035,3.428875
110.0,3.50425,3.429125
110.0,3.505125,3.428625
110.0,3.505875,3.428125
110.0,3.505875,3.428125
110.0,3.505375,3.428375
110.0,3.504125,3.42875
110.0,3.50375,3.42875
110.0,3.503625,3.429
110.0,3.50325,3.429375
110.0,3.502375,3.429625
110.0,3.502875,3.429875
110.0,3.504125,3.4305
110.0,3.504625,3.43025
110.0,3.503875,3.429625
110.0,3.50425,3.4285
110.0,3.50425,3.42825
110.0,3.503875,3.42875
110.0,3.505,3.428875
110.0,3.5055,3.428625
110.0,3.5055,3.428625
110.0,3.505,3.428125
110.0,3.504125,3.42875
110.0,3.503625,3.42925
110.0,3.503625,3.42875
110.0,3.503125,3.429125
110.0,3.5025,3.4295
110.0,3.5025,3.429625
110.0,3.50325,3.43025
110.0,3.504125,3.43075
110.0,3.504625,3.430625
110.0,3.504,3.42975
110.0,3.503625,3.42875
110.0,3.503125,3.42875
110.0,3.503625,3.429125
110.0,3.504875,3.42875
110.0,3.50575,3.42825
110.0,3.50575,3.42825
110.0,3.505875,3.42825
110.0,3.50425,3.428875
110.0,3.5035,3.429125
110.0,3.503625,3.429
110.0,3.503125,3.42925
110.0,3.50275,3.429375
110.0,3.5025,3.42975
110.0,3.503375,3.43025
110.0,3.504375,3.4305
110.0,3.504625,3.429875
110.0,3.504375,3.429375
110.0,3.504125,3.428625
110.0,3.5035,3.429
110.0,3.50425,3.429125
110.0,3.505375,3.428625
110.0,3.505375,3.428625
110.0,3.5055,3.428125
110.0,3.505125,3.4285
110.0,3.503875,3.428875
110.0,3.503,3.428625
110.0,3.50325,3.428875
110.0,3.503125,3.42925
110.0,3.502125,3.4295
110.0,3.502375,3.429875
110.0,3.5035,3.4305
110.0,3.504625,3.4305
110.0,3.5045,3.42975
110.0,3.504,3.42825
110.0,3.503625,3.42825
110.0,3.503625,3.428875
110.0,3.5045,3.428875
110.0,3.5045,3.428875
110.0,3.505375,3.4285
110.0,3.50575,3.428125
110.0,3.505125,3.4285
110.0,3.50425,3.42925
110.0,3.503625,3.429
110.0,3.5035,3.429125
110.0,3.503125,3.4295
110.0,3.502625,3.429625
110.0,3.503625,3.43
110.0,3.50475,3.43025
110.0,3.504625,3.430125
110.0,3.504375,3.4295
110.0,3.50425,3.4285
110.0,3.50375,3.428625
110.0,3.503625,3.428875
110.0,3.50475,3.428875
110.0,3.50475,3.428875
110.0,3.505875,3.42825
110.0,3.50575,3.428
110.0,3.50475,3.428625
110.0,3.5035,3.429125
110.0,3.50325,3.429125
110.0,3.503,3.429375
110.0,3.502625,3.429375
110.0,3.50275,3.4295
110.0,3.503625,3.43
110.0,3.504125,3.43025
110.0,3.504125,3.43
110.0,3.50375,3.429375
110.0,3.50375,3.429
111.0,3.502875,3.442375
111.0,3.502875,3.44275
111.0,3.50275,3.442625
111.0,3.50375,3.443
111.0,3.504375,3.4435
111.0,3.5045,3.443
111.0,3.50375,3.44225
111.0,3.503625,3.44125
111.0,3.503625,3.44125
111.0,3.50375,3.4415
111.0,3.504,3.442125
111.0,3.504625,3.442
111.0,3.505125,3.4415
111.0,3.505125,3.4415
111.0,3.50425,3.44225
111.0,3.50375,3.442375
111.0,3.5035,3.442
111.0,3.502875,3.442375
111.0,3.5025,3.4425
111.0,3.503,3.442875
111.0,3.504125,3.443375
111.0,3.50475,3.443125
111.0,3.50425,3.442625
111.0,3.504125,3.44225
111.0,3.504125,3.44225
111.0,3.504125,3.441625
111.0,3.5035,3.442
111.0,3.504125,3.442125
111.0,3.50525,3.442
111.0,3.505375,3.441375
111.0,3.505125,3.4415
111.0,3.504,3.442125
111.0,3.503375,3.442
111.0,3.503,3.442
111.0,3.503125,3.442375
111.0,3.503,3.442625
111.0,3.502875,3.442875
111.0,3.503875,3.4435
111.0,3.5045,3.44325
111.0,3.504125,3.442625
111.0,3.5035,3.441625
111.0,3.5035,3.441625
111.0,3.50325,3.441625
111.0,3.502875,3.44225
111.0,3.50425,3.442125
111.0,3.505625,3.44175
111.0,3.505875,3.441125
111.0,3.505125,3.441375
111.0,3.504,3.442
111.0,3.503375,3.44175
111.0,3.503,3.442125
111.0,3.502875,3.442375
111.0,3.502125,3.4425
111.0,3.502625,3.443
111.0,3.504,3.4435
111.0,3.504375,3.442875
111.0,3.504,3.44225
111.0,3.504,3.44225
111.0,3.504125,3.44125
111.0,3.504,3.441625
111.0,3.503625,3.442
111.0,3.505,3.442
111.0,3.505875,3.441375
111.0,3.50575,3.441625
111.0,3.504375,3.442375
111.0,3.5035,3.442375
111.0,3.503375,3.44175
111.0,3.503,3.442125
111.0,3.50275,3.4425
111.0,3.503,3.44275
111.0,3.504,3.44325
111.0,3.50425,3.443375
111.0,3.504125,3.443
111.0,3.504125,3.443
111.0,3.50375,3.44225
111.0,3.504125,3.441375
111.0,3.503875,3.441625
111.0,3.504125,3.442
111.0,3.505375,3.441875
111.0,3.506125,3.441375
111.0,3.505375,3.44175
111.0,3.504,3.44225
111.0,3.5035,3.442
111.0,3.503375,3.442125
111.0,3.503125,3.442375
111.0,3.502625,3.4425
111.0,3.502625,3.44275
111.0,3.5035,3.4435
111.0,3.5045,3.44375
111.0,3.5045,3.44375
111.0,3.504125,3.442875
111.0,3.503875,3.44175
111.0,3.50375,3.44175
111.0,3.50375,3.441875
111.0,3.504375,3.442
111.0,3.505125,3.44175
111.0,3.505625,3.44125
111.0,3.50525,3.441875
111.0,3.50425,3.44225
111.0,3.5035,3.44225
111.0,3.50325,3.44225
111.0,3.502875,3.4425
111.0,3.503,3.4425
111.0,3.5035,3.443125
111.0,3.5045,3.4435
111.0,3.5045,3.44325
111.0,3.5045,3.44325
111.0,3.50375,3.442375
111.0,3.504,3.4415
111.0,3.504,3.4415
111.0,3.504,3.442125
111.0,3.505125,3.442125
111.0,3.50575,3.4415
111.0,3.505375,3.4415
111.0,3.50475,3.44225
111.0,3.504,3.4425
111.0,3.5035,3.44225
111.0,3.503,3.442375
111.0,3.503,3.442125
111.0,3.502625,3.442625
111.0,3.50325,3.443375
111.0,3.50425,3.443625
111.0,3.50425,3.443625
111.0,3.504375,3.443125
111.0,3.503875,3.44225
111.0,3.504125,3.441625
111.0,3.503875,3.442125
111.0,3.504375,3.44225
111.0,3.505375,3.441875
111.0,3.506,3.4415
111.0,3.505625,3.441375
111.0,3.503875,3.442125
111.0,3.50325,3.442375
111.0,3.5035,3.44225
111.0,3.503375,3.4425
111.0,3.503125,3.442625
111.0,3.503125,3.442875
111.0,3.50425,3.4435
111.0,3.50425,3.4435
111.0,3.50475,3.4435
111.0,3.50425,3.442875
111.0,3.50425,3.442
111.0,3.504,3.4415
111.0,3.50325,3.441875
111.0,3.504125,3.442125
111.0,3.5055,3.441625
111.0,3.505375,3.441125
111.0,3.50475,3.44175
111.0,3.504,3.442375
111.0,3.50375,3.4425
111.0,3.503375,3.442375
111.0,3.50275,3.4425
111.0,3.50275,3.44275
111.0,3.503375,3.443125
111.0,3.503375,3.443125
111.0,3.504,3.443625
111.0,3.504375,3.4435
111.0,3.504375,3.442625
111.0,3.504,3.441625
111.0,3.50375,3.44175
111.0,3.5035,3.442125
111.0,3.504875,3.442125
111.0,3.505625,3.441625
111.0,3.5055,3.441375
111.0,3.5045,3.44175
111.0,3.50375,3.442375
111.0,3.503875,3.442375
111.0,3.503375,3.442625
111.0,3.50275,3.442625
112.0,3.5035,3.452625
112.0,3.50275,3.4525
112.0,3.5025,3.45275
112.0,3.502125,3.45275
112.0,3.502375,3.453125
112.0,3.5045,3.454125
112.0,3.505125,3.45375
112.0,3.503875,3.452875
112.0,3.503875,3.452875
112.0,3.503625,3.452
112.0,3.503375,3.451875
112.0,3.5035,3.4525
112.0,3.50475,3.452375
112.0,3.505625,3.452
112.0,3.505,3.45175
112.0,3.5045,3.452375
112.0,3.503875,3.452625
112.0,3.503625,3.452375
112.0,3.503,3.45275
112.0,3.503,3.453
112.0,3.502625,3.452875
112.0,3.503125,3.453625
112.0,3.504375,3.454125
112.0,3.504375,3.453875
112.0,3.504375,3.452625
112.0,3.50375,3.452625
112.0,3.503625,3.45175
112.0,3.503875,3.452
112.0,3.503625,3.4525
112.0,3.504875,3.45225
112.0,3.505875,3.451625
112.0,3.5055,3.45175
112.0,3.5045,3.45225
112.0,3.5035,3.452625
112.0,3.503125,3.452625
112.0,3.503,3.45275
112.0,3.5025,3.452875
112.0,3.5025,3.45325
112.0,3.503125,3.454
112.0,3.504125,3.453875
112.0,3.5045,3.453
112.0,3.5045,3.453
112.0,3.504,3.452125
112.0,3.503875,3.451875
112.0,3.5035,3.452375
112.0,3.504,3.4525
112.0,3.50525,3.452125
112.0,3.5055,3.451625
112.0,3.505,3.45175
112.0,3.50425,3.452375
112.0,3.503625,3.4525
112.0,3.503125,3.4525
112.0,3.502875,3.452875
112.0,3.502125,3.453
112.0,3.502375,3.453375
112.0,3.504,3.454
112.0,3.504625,3.454
112.0,3.504625,3.454
112.0,3.50375,3.45325
112.0,3.50375,3.45225
112.0,3.5035,3.452
112.0,3.50325,3.452375
112.0,3.50475,3.4525
112.0,3.5055,3.452
112.0,3.5055,3.451625
112.0,3.50475,3.452125
112.0,3.5035,3.452625
112.0,3.503,3.4525
112.0,3.502875,3.45275
112.0,3.502875,3.45325
112.0,3.502625,3.45325
112.0,3.50325,3.45375
112.0,3.504375,3.454
112.0,3.504375,3.454
112.0,3.50425,3.45375
112.0,3.50375,3.45275
112.0,3.504,3.452
112.0,3.5035,3.452125
112.0,3.503625,3.452625
112.0,3.505,3.4525
112.0,3.50575,3.451875
112.0,3.50525,3.452
112.0,3.5045,3.452625
112.0,3.503875,3.4525
112.0,3.50325,3.452375
112.0,3.502875,3.452875
112.0,3.502625,3.453
112.0,3.502625,3.453125
112.0,3.50325,3.45375
112.0,3.50325,3.45375
112.0,3.50425,3.45375
112.0,3.504375,3.45325
112.0,3.503875,3.45275
112.0,3.503875,3.452125
112.0,3.5035,3.452375
112.0,3.503625,3.452625
112.0,3.505375,3.45225
112.0,3.505875,3.45175
112.0,3.505,3.451875
112.0,3.504,3.45275
112.0,3.503625,3.452625
112.0,3.50325,3.45275
112.0,3.503,3.453
112.0,3.5025,3.453
112.0,3.50275,3.45325
112.0,3.5035,3.454125
112.0,3.5035,3.454125
112.0,3.5035,3.454
112.0,3.503625,3.453375
112.0,3.50375,3.45225
112.0,3.50375,3.452
112.0,3.5035,3.452375
112.0,3.5045,3.4525
112.0,3.505375,3.452125
112.0,3.5055,3.45175
112.0,3.50475,3.4525
112.0,3.503625,3.45275
112.0,3.50325,3.452375
112.0,3.503375,3.452625
112.0,3.503125,3.453
112.0,3.502625,3.453125
112.0,3.503125,3.453625
112.0,3.503125,3.453625
112.0,3.50425,3.453875
112.0,3.504375,3.45375
112.0,3.503875,3.45325
112.0,3.5035,3.451875
112.0,3.503125,3.452125
112.0,3.503125,3.452625
112.0,3.505,3.452375
112.0,3.506125,3.451875
112.0,3.505625,3.451875
112.0,3.50425,3.4525
112.0,3.503375,3.452875
112.0,3.50325,3.4525
112.0,3.503125,3.452875
112.0,3.502625,3.452875
112.0,3.50275,3.453
112.0,3.50275,3.453
112.0,3.50325,3.453625
112.0,3.503625,3.453875
112.0,3.50375,3.45325
112.0,3.503875,3.4525
112.0,3.504,3.452125
112.0,3.5035,3.4525
112.0,3.503875,3.4525
112.0,3.50475,3.452125
112.0,3.5055,3.45175
112.0,3.505375,3.452
112.0,3.503625,3.45275
112.0,3.503125,3.452625
112.0,3.50325,3.452625
112.0,3.503,3.452625
112.0,3.50275,3.45275
112.0,3.50275,3.453125
112.0,3.50275,3.453125
112.0,3.5035,3.453625
112.0,3.5045,3.453625
112.0,3.504125,3.45325
112.0,3.503875,3.452125
112.0,3.503625,3.452
112.0,3.503125,3.4525
112.0,3.504375,3.452625
112.0,3.505875,3.45225
112.0,3.505625,3.45175
112.0,3.504875,3.452125
112.0,3.50375,3.452625
112.0,3.5035,3.452375
112.0,3.503125,3.4525
113.0,3.50225,3.46225
113.0,3.503625,3.463125
113.0,3.504375,3.463
113.0,3.50425,3.46225
113.0,3.504,3.461625
113.0,3.503875,3.461
113.0,3.5035,3.461375
113.0,3.50375,3.46175
113.0,3.50375,3.46175
113.0,3.505,3.461375
113.0,3.505375,3.460875
113.0,3.505,3.461
113.0,3.503875,3.46175
113.0,3.503375,3.461375
113.0,3.503125,3.4615
113.0,3.502625,3.461875
113.0,3.502,3.462
113.0,3.5025,3.46225
113.0,3.5035,3.462875
113.0,3.50425,3.462875
113.0,3.504,3.462
113.0,3.504,3.46125
113.0,3.50375,3.461375
113.0,3.50325,3.461625
113.0,3.504,3.461625
113.0,3.504,3.461625
113.0,3.50525,3.46125
113.0,3.505375,3.46075
113.0,3.504625,3.46175
113.0,3.50375,3.462375
113.0,3.503625,3.461875
113.0,3.503375,3.462
113.0,3.503125,3.462125
113.0,3.502375,3.46225
113.0,3.502875,3.46275
113.0,3.50425,3.463125
113.0,3.504625,3.462875
113.0,3.504,3.462125
113.0,3.503625,3.461375
113.0,3.503375,3.461375
113.0,3.503125,3.46175
113.0,3.503125,3.46175
113.0,3.5045,3.461625
113.0,3.5055,3.461
113.0,3.505375,3.460875
113.0,3.504625,3.461625
113.0,3.503625,3.461875
113.0,3.502875,3.46175
113.0,3.502875,3.462125
113.0,3.50275,3.462125
113.0,3.50275,3.46225
113.0,3.50375,3.463
113.0,3.504375,3.462875
113.0,3.50425,3.46225
113.0,3.50375,3.461625
113.0,3.503625,3.461125
113.0,3.503375,3.46125
113.0,3.503375,3.46125
113.0,3.50375,3.46175
113.0,3.504875,3.461625
113.0,3.50525,3.461
113.0,3.50525,3.461
113.0,3.50425,3.46175
113.0,3.50325,3.461875
113.0,3.503375,3.461625
113.0,3.503,3.462
113.0,3.50225,3.462
113.0,3.502375,3.4625
113.0,3.50375,3.463125
113.0,3.504625,3.46275
113.0,3.504125,3.46225
113.0,3.503875,3.461375
113.0,3.504,3.46125
113.0,3.504,3.46125
113.0,3.503625,3.461625
113.0,3.504375,3.46175
113.0,3.50525,3.46125
113.0,3.50525,3.461
113.0,3.505125,3.46175
113.0,3.504,3.461625
113.0,3.503375,3.46125
113.0,3.50325,3.461625
113.0,3.503,3.461875
113.0,3.5025,3.46225
113.0,3.502625,3.462625
113.0,3.504,3.463375
113.0,3.5045,3.463
113.0,3.50375,3.462
113.0,3.50375,3.461125
113.0,3.502875,3.461125
113.0,3.502875,3.46125
113.0,3.503125,3.461625
113.0,3.504625,3.4615
113.0,3.505375,3.461
113.0,3.50575,3.461125
113.0,3.50475,3.462
113.0,3.503375,3.461875
113.0,3.50325,3.4615
113.0,3.502625,3.461875
113.0,3.5025,3.462
113.0,3.501875,3.462375
113.0,3.503,3.463
113.0,3.5045,3.46325
113.0,3.504625,3.462625
113.0,3.50425,3.461625
113.0,3.503875,3.460875
113.0,3.503875,3.460875
113.0,3.503125,3.46125
113.0,3.50325,3.462
113.0,3.50475,3.461625
113.0,3.505375,3.46075
113.0,3.504875,3.460875
113.0,3.50425,3.461625
113.0,3.503625,3.461875
113.0,3.5035,3.4615
113.0,3.502875,3.461875
113.0,3.50225,3.461875
113.0,3.502,3.46225
113.0,3.50325,3.46275
113.0,3.50425,3.463
113.0,3.504,3.4625
113.0,3.5035,3.461375
113.0,3.5035,3.461375
113.0,3.50325,3.461
113.0,3.503375,3.4615
113.0,3.50425,3.461875
113.0,3.50525,3.461375
113.0,3.505875,3.460875
113.0,3.505125,3.461125
113.0,3.50375,3.461875
113.0,3.5035,3.4615
113.0,3.50325,3.46175
113.0,3.50275,3.462125
113.0,3.50225,3.462125
113.0,3.5025,3.46275
113.0,3.50375,3.46325
113.0,3.504125,3.463125
113.0,3.50425,3.46225
113.0,3.50425,3.46225
113.0,3.504,3.46125
113.0,3.5035,3.461125
113.0,3.5035,3.461625
113.0,3.504875,3.461625
113.0,3.505875,3.461
113.0,3.5055,3.460625
113.0,3.505,3.4615
113.0,3.503625,3.462
113.0,3.503,3.46175
113.0,3.502625,3.461875
113.0,3.502625,3.462
113.0,3.5025,3.46225
113.0,3.502625,3.462875
113.0,3.503625,3.463
113.0,3.50425,3.462625
113.0,3.504125,3.462625
113.0,3.504125,3.461875
113.0,3.503625,3.461
113.0,3.5035,3.461375
113.0,3.50375,3.461875
113.0,3.50475,3.461625
113.0,3.505625,3.461
113.0,3.50575,3.461125
113.0,3.5045,3.462
113.0,3.5035,3.46175
113.0,3.50325,3.461625
113.0,3.503,3.46225
113.0,3.50275,3.46225
113.0,3.503125,3.4625
113.0,3.503625,3.463
114.0,3.50425,3.470375
114.0,3.503875,3.4695
114.0,3.503375,3.468375
114.0,3.50325,3.4685
114.0,3.5035,3.469
114.0,3.5045,3.46925
114.0,3.50525,3.468625
114.0,3.505125,3.468625
114.0,3.505125,3.468625
114.0,3.504375,3.46925
114.0,3.5035,3.46925
114.0,3.503125,3.469
114.0,3.502625,3.46925
114.0,3.502375,3.4695
114.0,3.5025,3.469875
114.0,3.503125,3.470375
114.0,3.50425,3.470375
114.0,3.504375,3.469875
114.0,3.504125,3.469125
114.0,3.503375,3.46875
114.0,3.502875,3.469125
114.0,3.5035,3.469375
114.0,3.504625,3.469125
114.0,3.505375,3.4685
114.0,3.505375,3.468625
114.0,3.505,3.468625
114.0,3.504375,3.469875
114.0,3.503625,3.46925
114.0,3.503375,3.469125
114.0,3.502625,3.469375
114.0,3.502,3.4695
114.0,3.502375,3.469875
114.0,3.503375,3.470625
114.0,3.50375,3.4705
114.0,3.5035,3.469875
114.0,3.5035,3.468875
114.0,3.50325,3.46875
114.0,3.503125,3.469
114.0,3.504125,3.469125
114.0,3.504875,3.46875
114.0,3.505125,3.46825
114.0,3.505125,3.46825
114.0,3.50475,3.468875
114.0,3.503375,3.46925
114.0,3.50275,3.46875
114.0,3.502875,3.469
114.0,3.502875,3.469625
114.0,3.50225,3.469625
114.0,3.502625,3.47
114.0,3.50375,3.470625
114.0,3.50425,3.4705
114.0,3.50375,3.469625
114.0,3.503375,3.468625
114.0,3.503125,3.4685
114.0,3.503,3.469
114.0,3.50425,3.469
114.0,3.505,3.468375
114.0,3.505,3.468375
114.0,3.505125,3.46825
114.0,3.5045,3.469125
114.0,3.503625,3.469
114.0,3.503125,3.46875
114.0,3.503125,3.4695
114.0,3.502625,3.46975
114.0,3.502625,3.46975
114.0,3.503375,3.47025
114.0,3.504375,3.470375
114.0,3.50425,3.47025
114.0,3.503625,3.469375
114.0,3.503375,3.46875
114.0,3.503125,3.468875
114.0,3.5035,3.469125
114.0,3.504875,3.46875
114.0,3.504875,3.46875
114.0,3.5055,3.46825
114.0,3.505375,3.468125
114.0,3.504125,3.469
114.0,3.503625,3.469375
114.0,3.503375,3.469125
114.0,3.503,3.469375
114.0,3.5025,3.4695
114.0,3.50225,3.469875
114.0,3.503625,3.470375
114.0,3.504625,3.4705
114.0,3.504375,3.469625
114.0,3.503625,3.46875
114.0,3.5035,3.4685
114.0,3.503125,3.469
114.0,3.504,3.469125
114.0,3.504,3.469125
114.0,3.505625,3.46875
114.0,3.506,3.468375
114.0,3.5055,3.46875
114.0,3.50375,3.469125
114.0,3.50325,3.469125
114.0,3.502875,3.469125
114.0,3.50225,3.4695
114.0,3.502125,3.4695
114.0,3.502875,3.47
114.0,3.503875,3.4705
114.0,3.504125,3.470375
114.0,3.50425,3.4695
114.0,3.50375,3.4685
114.0,3.5035,3.468625
114.0,3.50325,3.469
114.0,3.50425,3.469125
114.0,3.50425,3.469125
114.0,3.50525,3.4685
114.0,3.505125,3.4685
114.0,3.504,3.469
114.0,3.503,3.469375
114.0,3.503125,3.46925
114.0,3.503125,3.469375
114.0,3.502625,3.4695
114.0,3.502375,3.469625
114.0,3.503,3.470375
114.0,3.503625,3.470625
114.0,3.50375,3.47
114.0,3.503625,3.469125
114.0,3.5035,3.4685
114.0,3.50275,3.468875
114.0,3.503125,3.46925
114.0,3.503125,3.46925
114.0,3.50475,3.468875
114.0,3.505625,3.4685
114.0,3.505625,3.46875
114.0,3.504375,3.4695
114.0,3.503125,3.469375
114.0,3.503,3.46925
114.0,3.503,3.469375
114.0,3.5025,3.46925
114.0,3.502125,3.469625
114.0,3.502875,3.47025
114.0,3.504,3.470375
114.0,3.5035,3.470125
114.0,3.50425,3.469125
114.0,3.504125,3.468625
114.0,3.5035,3.469125
114.0,3.5035,3.469125
114.0,3.504375,3.46925
114.0,3.5055,3.468875
114.0,3.5055,3.468375
114.0,3.505125,3.468375
114.0,3.504125,3.469125
114.0,3.503375,3.469125
114.0,3.503125,3.46925
114.0,3.502625,3.4695
114.0,3.502125,3.469375
114.0,3.50275,3.47
114.0,3.504125,3.470375
114.0,3.504125,3.47025
114.0,3.504,3.46975
114.0,3.503875,3.468875
114.0,3.503625,3.4685
114.0,3.503625,3.4685
114.0,3.5035,3.469
114.0,3.504375,3.46925
114.0,3.505625,3.468625
114.0,3.505625,3.46825
114.0,3.504625,3.468875
114.0,3.503625,3.469375
114.0,3.503625,3.468875
114.0,3.50325,3.46925
114.0,3.5025,3.4695
114.0,3.50225,3.469625
114.0,3.503,3.47025
114.0,3.504125,3.470375
114.0,3.504,3.470125
114.0,3.504,3.46925
115.0,3.503875,3.47425
115.0,3.503375,3.474
115.0,3.50325,3.474125
115.0,3.503125,3.4745
115.0,3.50225,3.474625
115.0,3.50225,3.474875
115.0,3.503375,3.475625
115.0,3.50425,3.47575
115.0,3.50425,3.47575
115.0,3.504,3.475
115.0,3.503625,3.473875
115.0,3.503625,3.4735
115.0,3.503625,3.473875
115.0,3.503875,3.474125
115.0,3.505,3.47375
115.0,3.505625,3.473375
115.0,3.50525,3.47375
115.0,3.503625,3.4745
115.0,3.503125,3.474125
115.0,3.502875,3.474125
115.0,3.502875,3.4745
115.0,3.502375,3.47475
115.0,3.503125,3.475375
115.0,3.504,3.475625
115.0,3.50425,3.475625
115.0,3.50425,3.475125
115.0,3.503875,3.47475
115.0,3.5035,3.473875
115.0,3.503375,3.473875
115.0,3.50325,3.47425
115.0,3.504625,3.47425
115.0,3.5055,3.47375
115.0,3.505375,3.4735
115.0,3.50475,3.474125
115.0,3.503875,3.4745
115.0,3.50325,3.47425
115.0,3.502625,3.4745
115.0,3.5025,3.474625
115.0,3.502375,3.47475
115.0,3.503125,3.4755
115.0,3.504,3.476
115.0,3.504,3.476
115.0,3.50375,3.4755
115.0,3.5035,3.4745
115.0,3.5035,3.47375
115.0,3.503375,3.474125
115.0,3.50325,3.4745
115.0,3.504875,3.47425
115.0,3.506,3.4735
115.0,3.5055,3.473375
115.0,3.504375,3.4745
115.0,3.50325,3.474625
115.0,3.50325,3.474375
115.0,3.502625,3.47475
115.0,3.502,3.47475
115.0,3.502,3.474875
115.0,3.503,3.475625
115.0,3.503,3.475625
115.0,3.504375,3.476
115.0,3.504125,3.475125
115.0,3.503875,3.473875
115.0,3.50425,3.473625
115.0,3.50375,3.474125
115.0,3.50375,3.474375
115.0,3.505,3.474125
115.0,3.50575,3.4735
115.0,3.505,3.47375
115.0,3.5035,3.474375
115.0,3.503125,3.47425
115.0,3.503,3.47425
115.0,3.502625,3.474625
115.0,3.50225,3.47475
115.0,3.50225,3.475125
115.0,3.50225,3.475125
115.0,3.503125,3.47575
115.0,3.504375,3.4755
115.0,3.504125,3.474625
115.0,3.5035,3.473875
115.0,3.503875,3.473875
115.0,3.503625,3.47425
115.0,3.504375,3.474125
115.0,3.505375,3.473625
115.0,3.50525,3.473375
115.0,3.5045,3.474125
115.0,3.5035,3.4745
115.0,3.503,3.47425
115.0,3.50275,3.474375
115.0,3.5025,3.474625
115.0,3.502125,3.47475
115.0,3.502875,3.47525
115.0,3.502875,3.47525
115.0,3.504125,3.475625
115.0,3.5045,3.475375
115.0,3.504,3.474625
115.0,3.503625,3.47375
115.0,3.503375,3.47375
115.0,3.503375,3.474375
115.0,3.5045,3.474125
115.0,3.505125,3.4735
115.0,3.5055,3.47325
115.0,3.505,3.474125
115.0,3.503625,3.474125
115.0,3.503125,3.474
115.0,3.503,3.474375
115.0,3.502375,3.474625
115.0,3.50225,3.474875
115.0,3.50225,3.474875
115.0,3.503,3.475625
115.0,3.504125,3.47575
115.0,3.5045,3.475375
115.0,3.50425,3.4745
115.0,3.50375,3.47375
115.0,3.503125,3.474
115.0,3.50325,3.47425
115.0,3.505,3.473875
115.0,3.505375,3.4735
115.0,3.504375,3.473625
115.0,3.503625,3.47425
115.0,3.503125,3.474125
115.0,3.50325,3.474375
115.0,3.50275,3.474625
115.0,3.50225,3.47475
115.0,3.50225,3.47475
115.0,3.502375,3.475125
115.0,3.50325,3.475625
115.0,3.504125,3.4755
115.0,3.504,3.474875
115.0,3.503625,3.474
115.0,3.503125,3.47375
115.0,3.503,3.47425
115.0,3.504,3.474375
115.0,3.50475,3.473875
115.0,3.505,3.473625
115.0,3.505125,3.473875
115.0,3.504,3.474125
115.0,3.50325,3.473875
115.0,3.502625,3.474125
115.0,3.502625,3.4745
115.0,3.502625,3.4745
115.0,3.502375,3.4745
115.0,3.50275,3.47525
115.0,3.503875,3.475625
115.0,3.50425,3.475125
115.0,3.5035,3.474375
115.0,3.503375,3.473625
115.0,3.503125,3.474
115.0,3.5035,3.474375
115.0,3.50475,3.47425
115.0,3.505125,3.473625
115.0,3.505125,3.473625
115.0,3.5045,3.474375
115.0,3.5035,3.474375
115.0,3.503125,3.474125
115.0,3.502875,3.474375
115.0,3.502875,3.474375
115.0,3.502625,3.4745
115.0,3.502875,3.474875
115.0,3.5035,3.4755
115.0,3.504,3.475625
115.0,3.504,3.475
115.0,3.503125,3.474375
115.0,3.50325,3.47375
115.0,3.503125,3.474
115.0,3.504,3.47425
115.0,3.505,3.474
115.0,3.5055,3.473375
115.0,3.505125,3.4735
115.0,3.50425,3.47425
115.0,3.50375,3.47425
116.0,3.504,3.478
116.0,3.505375,3.477375
116.0,3.505625,3.476875
116.0,3.504875,3.47725
116.0,3.503625,3.478125
116.0,3.503,3.477875
116.0,3.502625,3.478
116.0,3.5025,3.47825
116.0,3.5025,3.47825
116.0,3.50225,3.478375
116.0,3.50325,3.479
116.0,3.504125,3.4795
116.0,3.504375,3.479
116.0,3.504,3.478375
116.0,3.504375,3.47725
116.0,3.50375,3.4775
116.0,3.503625,3.477875
116.0,3.50475,3.47775
116.0,3.50575,3.477375
116.0,3.5055,3.477375
116.0,3.504625,3.477875
116.0,3.503375,3.477875
116.0,3.502875,3.477875
116.0,3.503,3.478125
116.0,3.502875,3.478375
116.0,3.502875,3.478375
116.0,3.5025,3.478625
116.0,3.503125,3.479125
116.0,3.503875,3.47925
116.0,3.50425,3.478625
116.0,3.504375,3.47775
116.0,3.5035,3.47725
116.0,3.503,3.477625
116.0,3.503875,3.478125
116.0,3.505375,3.47775
116.0,3.50575,3.477
116.0,3.505625,3.477375
116.0,3.504125,3.478125
116.0,3.5035,3.478125
116.0,3.503625,3.478
116.0,3.503375,3.478375
116.0,3.503375,3.478375
116.0,3.50275,3.4785
116.0,3.503,3.47875
116.0,3.504,3.479125
116.0,3.504125,3.47925
116.0,3.503875,3.47875
116.0,3.504125,3.477875
116.0,3.50375,3.4775
116.0,3.503125,3.477875
116.0,3.50425,3.478
116.0,3.5055,3.4775
116.0,3.505625,3.477
116.0,3.50525,3.477625
116.0,3.503875,3.47825
116.0,3.50325,3.47775
116.0,3.503,3.478
116.0,3.503,3.478
116.0,3.502375,3.4785
116.0,3.50225,3.4785
116.0,3.502625,3.479125
116.0,3.504,3.479625
116.0,3.50475,3.47925
116.0,3.504,3.47825
116.0,3.5035,3.477125
116.0,3.503625,3.47725
116.0,3.503125,3.477875
116.0,3.504,3.478
116.0,3.505375,3.47725
116.0,3.505375,3.477125
116.0,3.504125,3.477625
116.0,3.50325,3.478125
116.0,3.5035,3.478
116.0,3.5035,3.478
116.0,3.503,3.47825
116.0,3.5025,3.478375
116.0,3.502375,3.478375
116.0,3.503,3.47925
116.0,3.504,3.479625
116.0,3.50425,3.479
116.0,3.504,3.477875
116.0,3.503625,3.47725
116.0,3.503125,3.47775
116.0,3.50375,3.478
116.0,3.504625,3.478
116.0,3.504875,3.477125
116.0,3.505,3.476875
116.0,3.504125,3.477625
116.0,3.502875,3.478
116.0,3.502375,3.478
116.0,3.502375,3.478125
116.0,3.502625,3.478375
116.0,3.50225,3.47825
116.0,3.5025,3.478625
116.0,3.503125,3.4795
116.0,3.503875,3.479375
116.0,3.504,3.47825
116.0,3.50375,3.47725
116.0,3.503625,3.47725
116.0,3.503375,3.47775
116.0,3.504125,3.478
116.0,3.505125,3.477625
116.0,3.504875,3.477125
116.0,3.504875,3.477625
116.0,3.503875,3.47825
116.0,3.50325,3.477875
116.0,3.50325,3.477875
116.0,3.503,3.478
116.0,3.502625,3.47825
116.0,3.502625,3.4785
116.0,3.502875,3.478875
116.0,3.503875,3.47925
116.0,3.504375,3.479125
116.0,3.503875,3.4785
116.0,3.503875,3.477625
116.0,3.5035,3.4775
116.0,3.50325,3.478
116.0,3.504375,3.478
116.0,3.505125,3.477375
116.0,3.505125,3.476875
116.0,3.505125,3.47775
116.0,3.504,3.478375
116.0,3.504,3.478375
116.0,3.503125,3.478125
116.0,3.502625,3.478375
116.0,3.502375,3.478625
116.0,3.502125,3.4785
116.0,3.503,3.479125
116.0,3.504,3.479375
116.0,3.504125,3.47875
116.0,3.504,3.478125
116.0,3.50375,3.477375
116.0,3.50325,3.477625
116.0,3.5035,3.478
116.0,3.504625,3.47775
116.0,3.505625,3.47725
116.0,3.505,3.47725
116.0,3.50375,3.478125
116.0,3.50375,3.478125
116.0,3.502875,3.478125
116.0,3.50275,3.47775
116.0,3.502625,3.478125
116.0,3.50225,3.4785
116.0,3.5025,3.478875
116.0,3.5035,3.479375
116.0,3.50425,3.4795
116.0,3.503875,3.478875
116.0,3.50325,3.477875
116.0,3.50375,3.477625
116.0,3.503625,3.478
116.0,3.504,3.47825
116.0,3.505,3.477875
116.0,3.505125,3.477125
116.0,3.505125,3.4775
116.0,3.504125,3.4775
116.0,3.504125,3.478375
116.0,3.503125,3.478125
116.0,3.50275,3.478125
116.0,3.502625,3.47825
116.0,3.50225,3.4785
116.0,3.502625,3.478875
116.0,3.503625,3.479625
116.0,3.5045,3.479375
116.0,3.503875,3.4785
116.0,3.503625,3.477375
116.0,3.503625,3.47725
116.0,3.50325,3.477875
116.0,3.504,3.478125
116.0,3.505,3.477375
117.0,3.5025,3.48025
117.0,3.502125,3.480375
117.0,3.50275,3.48075
117.0,3.504,3.4815
117.0,3.504375,3.481
117.0,3.504375,3.48025
117.0,3.50425,3.4795
117.0,3.503375,3.4795
117.0,3.503375,3.479875
117.0,3.502875,3.479875
117.0,3.504375,3.479875
117.0,3.5055,3.479375
117.0,3.5055,3.479125
117.0,3.504625,3.47975
117.0,3.50375,3.480125
117.0,3.50325,3.479875
117.0,3.502875,3.480125
117.0,3.502375,3.480375
117.0,3.502,3.4805
117.0,3.502625,3.481125
117.0,3.504,3.48125
117.0,3.50425,3.480875
117.0,3.504125,3.48
117.0,3.503875,3.4795
117.0,3.502875,3.4795
117.0,3.502875,3.4795
117.0,3.503,3.479875
117.0,3.5045,3.47975
117.0,3.505125,3.479125
117.0,3.504875,3.479
117.0,3.50425,3.479875
117.0,3.503625,3.479875
117.0,3.50325,3.479875
117.0,3.50275,3.48025
117.0,3.502375,3.48025
117.0,3.50275,3.4805
117.0,3.503625,3.48125
117.0,3.50425,3.4815
117.0,3.503875,3.481
117.0,3.5035,3.48
117.0,3.5035,3.47925
117.0,3.5035,3.47925
117.0,3.503375,3.4795
117.0,3.503875,3.48
117.0,3.50475,3.479375
117.0,3.5055,3.47875
117.0,3.50525,3.479125
117.0,3.5035,3.48
117.0,3.503125,3.48
117.0,3.503125,3.480125
117.0,3.502625,3.48025
117.0,3.502375,3.48025
117.0,3.502625,3.480625
117.0,3.503375,3.48125
117.0,3.5045,3.48125
117.0,3.503875,3.480625
117.0,3.5035,3.47975
117.0,3.5035,3.47975
117.0,3.5035,3.4795
117.0,3.503,3.479875
117.0,3.504125,3.47975
117.0,3.5055,3.47925
117.0,3.5055,3.478875
117.0,3.5045,3.479375
117.0,3.50325,3.48
117.0,3.503125,3.48
117.0,3.502875,3.480125
117.0,3.502625,3.480375
117.0,3.502625,3.48025
117.0,3.503125,3.48075
117.0,3.504,3.481125
117.0,3.504375,3.480875
117.0,3.50425,3.48025
117.0,3.504125,3.48025
117.0,3.504125,3.479625
117.0,3.503375,3.479625
117.0,3.50325,3.479875
117.0,3.504375,3.479625
117.0,3.5055,3.479
117.0,3.50525,3.47925
117.0,3.504125,3.480125
117.0,3.503375,3.48025
117.0,3.50325,3.480125
117.0,3.502875,3.48025
117.0,3.502625,3.48025
117.0,3.5025,3.4805
117.0,3.503125,3.48125
117.0,3.504125,3.481125
117.0,3.504,3.48075
117.0,3.503625,3.480125
117.0,3.503625,3.480125
117.0,3.503375,3.479625
117.0,3.503125,3.47975
117.0,3.503375,3.48
117.0,3.505,3.479625
117.0,3.505875,3.479
117.0,3.50525,3.4795
117.0,3.50425,3.47975
117.0,3.50375,3.4795
117.0,3.503125,3.4795
117.0,3.503125,3.48
117.0,3.502625,3.48025
117.0,3.502625,3.480625
117.0,3.503375,3.481125
117.0,3.50425,3.481
117.0,3.50425,3.480625
117.0,3.50425,3.480625
117.0,3.50375,3.479375
117.0,3.503625,3.479125
117.0,3.5035,3.47975
117.0,3.5045,3.480125
117.0,3.5055,3.47925
117.0,3.505,3.47875
117.0,3.504375,3.479375
117.0,3.503875,3.480125
117.0,3.503375,3.479875
117.0,3.503,3.480125
117.0,3.50275,3.4805
117.0,3.502875,3.4805
117.0,3.502875,3.481
117.0,3.503625,3.4815
117.0,3.50425,3.48125
117.0,3.50425,3.48125
117.0,3.504125,3.48025
117.0,3.503875,3.479375
117.0,3.503625,3.4795
117.0,3.502875,3.47975
117.0,3.50425,3.479625
117.0,3.5055,3.479125
117.0,3.505375,3.479375
117.0,3.5045,3.480125
117.0,3.503375,3.48025
117.0,3.50325,3.47975
117.0,3.503,3.480125
117.0,3.502625,3.48025
117.0,3.50225,3.4805
117.0,3.50325,3.481125
117.0,3.50425,3.48125
117.0,3.50425,3.48125
117.0,3.50425,3.480875
117.0,3.504,3.48
117.0,3.503875,3.47925
117.0,3.503375,3.479625
117.0,3.503375,3.48
117.0,3.5045,3.47975
117.0,3.505375,3.479125
117.0,3.505,3.479125
117.0,3.504,3.48
117.0,3.503125,3.48
117.0,3.502875,3.479875
117.0,3.50275,3.48
117.0,3.502375,3.480125
117.0,3.502625,3.480625
117.0,3.50375,3.481375
117.0,3.504625,3.481375
117.0,3.504625,3.481375
117.0,3.504,3.4805
117.0,3.50375,3.479875
117.0,3.503625,3.4795
117.0,3.50325,3.479625
117.0,3.504,3.47975
117.0,3.505125,3.479375
117.0,3.505625,3.479
117.0,3.504875,3.4795
117.0,3.503625,3.480125
117.0,3.50325,3.479875
117.0,3.503,3.48
117.0,3.5025,3.48025
117.0,3.50225,3.480125
118.0,3.5025,3.480125
118.0,3.5025,3.4805
118.0,3.5035,3.481
118.0,3.504375,3.481125
118.0,3.504125,3.481
118.0,3.503375,3.480125
118.0,3.50375,3.479
118.0,3.50375,3.479375
118.0,3.50375,3.479375
118.0,3.503875,3.479875
118.0,3.504875,3.47975
118.0,3.505875,3.47925
118.0,3.50575,3.47925
118.0,3.504125,3.48
118.0,3.503125,3.48
118.0,3.50325,3.47975
118.0,3.503125,3.48025
118.0,3.502375,3.480375
118.0,3.502375,3.4805
118.0,3.503375,3.481
118.0,3.504125,3.48125
118.0,3.503875,3.481125
118.0,3.50375,3.479875
118.0,3.503625,3.47925
118.0,3.503625,3.47975
118.0,3.503,3.47975
118.0,3.503875,3.479875
118.0,3.505,3.479375
118.0,3.50525,3.478875
118.0,3.504875,3.479125
118.0,3.50375,3.47975
118.0,3.503125,3.47975
118.0,3.503125,3.48
118.0,3.5025,3.480375
118.0,3.50225,3.480375
118.0,3.50275,3.4805
118.0,3.503875,3.48125
118.0,3.504375,3.481125
118.0,3.50375,3.48075
118.0,3.50375,3.479875
118.0,3.50375,3.4795
118.0,3.503625,3.4795
118.0,3.503375,3.47975
118.0,3.504,3.47975
118.0,3.505125,3.4795
118.0,3.505375,3.479
118.0,3.50475,3.479375
118.0,3.50375,3.480125
118.0,3.503375,3.48
118.0,3.50275,3.48
118.0,3.50225,3.480375
118.0,3.50225,3.480625
118.0,3.503,3.48125
118.0,3.504,3.4815
118.0,3.50425,3.48075
118.0,3.504,3.48025
118.0,3.503625,3.4795
118.0,3.503625,3.4795
118.0,3.50325,3.479375
118.0,3.503625,3.479875
118.0,3.504875,3.47975
118.0,3.505375,3.479375
118.0,3.50525,3.479125
118.0,3.504375,3.47975
118.0,3.503375,3.480125
118.0,3.502875,3.479875
118.0,3.502875,3.480125
118.0,3.502625,3.480375
118.0,3.5025,3.48075
118.0,3.50325,3.48125
118.0,3.504375,3.4815
118.0,3.504,3.480875
118.0,3.503375,3.48
118.0,3.503375,3.48
118.0,3.504,3.4795
118.0,3.503625,3.479625
118.0,3.50375,3.48
118.0,3.50525,3.47975
118.0,3.505875,3.479125
118.0,3.505125,3.47925
118.0,3.503875,3.47975
118.0,3.5035,3.48
118.0,3.5035,3.48
118.0,3.50275,3.48025
118.0,3.502,3.48025
118.0,3.50275,3.48075
118.0,3.503875,3.481375
118.0,3.504375,3.48125
118.0,3.504125,3.48025
118.0,3.504125,3.48025
118.0,3.5035,3.479375
118.0,3.503625,3.47925
118.0,3.503375,3.479875
118.0,3.50425,3.480125
118.0,3.5055,3.479625
118.0,3.505625,3.47925
118.0,3.504875,3.4795
118.0,3.5035,3.48
118.0,3.502875,3.47975
118.0,3.503125,3.48
118.0,3.502625,3.48025
118.0,3.5025,3.480375
118.0,3.50275,3.481
118.0,3.504125,3.481125
118.0,3.504375,3.48075
118.0,3.504375,3.480375
118.0,3.503875,3.480375
118.0,3.50375,3.47975
118.0,3.503375,3.479625
118.0,3.503375,3.480125
118.0,3.5045,3.479875
118.0,3.5055,3.479375
118.0,3.505,3.479125
118.0,3.504625,3.47975
118.0,3.50375,3.480375
118.0,3.503375,3.479875
118.0,3.50275,3.48025
118.0,3.50225,3.4805
118.0,3.50275,3.4805
118.0,3.50375,3.481125
118.0,3.50475,3.4815
118.0,3.50475,3.48125
118.0,3.50475,3.48125
118.0,3.503875,3.4805
118.0,3.503375,3.4795
118.0,3.502875,3.479875
118.0,3.5035,3.48025
118.0,3.505,3.479875
118.0,3.505125,3.479125
118.0,3.504625,3.47925
118.0,3.503625,3.48
118.0,3.503125,3.480125
118.0,3.503125,3.48
118.0,3.502875,3.480375
118.0,3.502375,3.48075
118.0,3.502875,3.481
118.0,3.503625,3.4815
118.0,3.504125,3.4815
118.0,3.504125,3.4815
118.0,3.503875,3.48075
118.0,3.503375,3.47975
118.0,3.503625,3.4795
118.0,3.5035,3.480125
118.0,3.50425,3.48025
118.0,3.5055,3.479625
118.0,3.50575,3.47925
118.0,3.505,3.479625
118.0,3.50375,3.480125
118.0,3.5035,3.479625
118.0,3.50325,3.479875
118.0,3.502875,3.4805
118.0,3.50225,3.480625
118.0,3.50275,3.48125
118.0,3.504,3.481625
118.0,3.504,3.481625
118.0,3.5045,3.48125
118.0,3.503875,3.4805
118.0,3.50375,3.479625
118.0,3.503375,3.479625
118.0,3.503625,3.48
118.0,3.504625,3.48025
118.0,3.5055,3.4795
118.0,3.505375,3.47925
118.0,3.50425,3.48
118.0,3.503125,3.48025
118.0,3.502875,3.479625
118.0,3.502875,3.48025
118.0,3.502875,3.480625
118.0,3.5025,3.48075
119.0,3.50575,3.47775
119.0,3.505625,3.477625
119.0,3.5045,3.47825
119.0,3.503,3.478125
119.0,3.503,3.477875
119.0,3.503125,3.4785
119.0,3.5025,3.478875
119.0,3.50225,3.479
119.0,3.50225,3.479
119.0,3.50325,3.4795
119.0,3.50425,3.479625
119.0,3.504375,3.4795
119.0,3.50375,3.4785
119.0,3.503625,3.4775
119.0,3.503375,3.477875
119.0,3.503625,3.4785
119.0,3.505125,3.4785
119.0,3.50575,3.47775
119.0,3.505,3.47775
119.0,3.504125,3.47825
119.0,3.5035,3.478375
119.0,3.502875,3.478375
119.0,3.502125,3.47875
119.0,3.5025,3.479
119.0,3.5025,3.479
119.0,3.50275,3.479125
119.0,3.50375,3.479625
119.0,3.50425,3.47975
119.0,3.504125,3.479375
119.0,3.50425,3.478375
119.0,3.50375,3.477625
119.0,3.5035,3.478125
119.0,3.504125,3.47825
119.0,3.505,3.477875
119.0,3.505125,3.477625
119.0,3.504875,3.478125
119.0,3.50375,3.478875
119.0,3.50325,3.4785
119.0,3.503,3.478625
119.0,3.502375,3.47875
119.0,3.502125,3.478875
119.0,3.502125,3.478875
119.0,3.503,3.4795
119.0,3.50375,3.48
119.0,3.503875,3.479625
119.0,3.503875,3.47875
119.0,3.504,3.47775
119.0,3.5035,3.477875
119.0,3.50325,3.4785
119.0,3.5045,3.478375
119.0,3.5055,3.478
119.0,3.50525,3.477625
119.0,3.504375,3.477875
119.0,3.503875,3.4785
119.0,3.50375,3.478375
119.0,3.502875,3.47875
119.0,3.502375,3.478875
119.0,3.502375,3.478875
119.0,3.502375,3.478875
119.0,3.503,3.479625
119.0,3.503875,3.479875
119.0,3.504125,3.479875
119.0,3.503875,3.479
119.0,3.503625,3.47775
119.0,3.503375,3.478125
119.0,3.50375,3.478625
119.0,3.505,3.47825
119.0,3.5055,3.477625
119.0,3.505125,3.4775
119.0,3.503875,3.478
119.0,3.503,3.478125
119.0,3.503125,3.47825
119.0,3.502625,3.47875
119.0,3.502625,3.47875
119.0,3.502125,3.478625
119.0,3.502375,3.478875
119.0,3.50325,3.479625
119.0,3.504125,3.479875
119.0,3.503625,3.479375
119.0,3.503375,3.478375
119.0,3.503625,3.477625
119.0,3.50325,3.478
119.0,3.504125,3.478375
119.0,3.50525,3.478
119.0,3.505375,3.4775
119.0,3.505125,3.47775
119.0,3.504,3.4785
119.0,3.50325,3.478625
119.0,3.50325,3.4785
119.0,3.50325,3.4785
119.0,3.50275,3.478875
119.0,3.502,3.479
119.0,3.5025,3.4795
119.0,3.503375,3.479875
119.0,3.503875,3.47975
119.0,3.503625,3.479125
119.0,3.503625,3.47825
119.0,3.502875,3.47775
119.0,3.503,3.47825
119.0,3.503625,3.478375
119.0,3.505125,3.478
119.0,3.505875,3.47775
119.0,3.504875,3.4785
119.0,3.5035,3.47875
119.0,3.5035,3.478125
119.0,3.50325,3.4785
119.0,3.50325,3.4785
119.0,3.50225,3.478875
119.0,3.50225,3.479125
119.0,3.503,3.4795
119.0,3.504125,3.47975
119.0,3.504375,3.4795
119.0,3.503625,3.4785
119.0,3.50325,3.47775
119.0,3.503125,3.478125
119.0,3.50375,3.478625
119.0,3.505,3.4785
119.0,3.50525,3.4775
119.0,3.504875,3.477625
119.0,3.503875,3.478375
119.0,3.503,3.478375
119.0,3.503,3.47825
119.0,3.503,3.47825
119.0,3.502875,3.478625
119.0,3.502375,3.47875
119.0,3.50225,3.478875
119.0,3.502875,3.479625
119.0,3.50425,3.47975
119.0,3.5045,3.479375
119.0,3.503625,3.4785
119.0,3.503375,3.478
119.0,3.503375,3.47825
119.0,3.503625,3.4785
119.0,3.504625,3.478125
119.0,3.505375,3.4775
119.0,3.504875,3.477875
119.0,3.504,3.47875
119.0,3.503375,3.4785
119.0,3.503375,3.4785
119.0,3.503125,3.4785
119.0,3.502625,3.478875
119.0,3.502375,3.47875
119.0,3.502625,3.479
119.0,3.502875,3.479875
119.0,3.50425,3.479625
119.0,3.50425,3.478875
119.0,3.5035,3.477875
119.0,3.503,3.47775
119.0,3.5035,3.478375
119.0,3.504625,3.478375
119.0,3.50525,3.477875
119.0,3.505,3.4775
119.0,3.50425,3.477875
119.0,3.503375,3.4785
119.0,3.503375,3.478375
119.0,3.503,3.478375
119.0,3.503,3.478125
119.0,3.503,3.4785
119.0,3.5025,3.47875
119.0,3.502875,3.479125
119.0,3.504,3.479625
119.0,3.503875,3.479625
119.0,3.5035,3.47875
119.0,3.503625,3.4775
119.0,3.50325,3.477625
119.0,3.503125,3.478375
119.0,3.504375,3.478125
119.0,3.505375,3.4775
119.0,3.50525,3.47775
120.0,3.502,3.47375
120.0,3.502375,3.474125
120.0,3.503375,3.47475
120.0,3.504125,3.47475
120.0,3.50425,3.47425
120.0,3.504,3.47325
120.0,3.50375,3.473125
120.0,3.50325,3.473375
120.0,3.50325,3.473375
120.0,3.504,3.473625
120.0,3.505,3.473
120.0,3.50525,3.4725
120.0,3.5045,3.47275
120.0,3.503375,3.473375
120.0,3.503,3.473
120.0,3.503125,3.473125
120.0,3.502875,3.473875
120.0,3.502375,3.473875
120.0,3.503,3.474375
120.0,3.504,3.474875
120.0,3.504875,3.47475
120.0,3.50425,3.474
120.0,3.503875,3.473
120.0,3.503625,3.472875
120.0,3.503625,3.472875
120.0,3.50325,3.473375
120.0,3.504375,3.473375
120.0,3.50525,3.47275
120.0,3.50475,3.4725
120.0,3.5045,3.47325
120.0,3.503875,3.473875
120.0,3.503125,3.473625
120.0,3.502375,3.47375
120.0,3.502625,3.473875
120.0,3.502625,3.474
120.0,3.50275,3.4745
120.0,3.503625,3.475125
120.0,3.504125,3.474875
120.0,3.50375,3.473875
120.0,3.504125,3.4725
120.0,3.503875,3.473
120.0,3.503875,3.473
120.0,3.504,3.473375
120.0,3.505,3.473375
120.0,3.5055,3.47275
120.0,3.505125,3.472375
120.0,3.504375,3.47325
120.0,3.503375,3.4735
120.0,3.503,3.473
120.0,3.502625,3.473625
120.0,3.502125,3.473875
120.0,3.50225,3.47425
120.0,3.50325,3.474875
120.0,3.50425,3.475125
120.0,3.504125,3.474625
120.0,3.503875,3.473625
120.0,3.5035,3.473
120.0,3.5035,3.473
120.0,3.503125,3.473375
120.0,3.504,3.473625
120.0,3.505375,3.473125
120.0,3.505375,3.47275
120.0,3.504625,3.473
120.0,3.503375,3.47375
120.0,3.50325,3.47375
120.0,3.50325,3.473625
120.0,3.50275,3.47375
120.0,3.502375,3.47375
120.0,3.502375,3.474375
120.0,3.50325,3.475
120.0,3.50425,3.47475
120.0,3.504125,3.474125
120.0,3.503875,3.473375
120.0,3.503875,3.473375
120.0,3.50325,3.472875
120.0,3.50325,3.47325
120.0,3.50425,3.473375
120.0,3.5055,3.472875
120.0,3.505375,3.472625
120.0,3.504375,3.473375
120.0,3.5035,3.47375
120.0,3.50325,3.47325
120.0,3.502875,3.473625
120.0,3.502375,3.474
120.0,3.502375,3.474125
120.0,3.503375,3.474625
120.0,3.50425,3.475125
120.0,3.50425,3.475
120.0,3.503875,3.474125
120.0,3.503875,3.474125
120.0,3.50375,3.47325
120.0,3.503,3.47325
120.0,3.5035,3.473625
120.0,3.505,3.4735
120.0,3.505375,3.473
120.0,3.504875,3.472875
120.0,3.504375,3.4735
120.0,3.50375,3.473625
120.0,3.5035,3.4735
120.0,3.503125,3.473875
120.0,3.5025,3.473875
120.0,3.50225,3.474125
120.0,3.503,3.474625
120.0,3.504375,3.475
120.0,3.50425,3.47425
120.0,3.504125,3.4735
120.0,3.504125,3.4735
120.0,3.504,3.473125
120.0,3.5035,3.4735
120.0,3.504,3.473625
120.0,3.50525,3.47325
120.0,3.505625,3.47275
120.0,3.505,3.472875
120.0,3.503875,3.473375
120.0,3.502875,3.473375
120.0,3.502625,3.473625
120.0,3.502375,3.473875
120.0,3.50225,3.47375
120.0,3.502875,3.474125
120.0,3.50375,3.474875
120.0,3.5045,3.475
120.0,3.503875,3.47425
120.0,3.503875,3.47425
120.0,3.503625,3.4735
120.0,3.503375,3.473
120.0,3.503125,3.47325
120.0,3.5045,3.473625
120.0,3.5055,3.473
120.0,3.505625,3.472625
120.0,3.504875,3.473125
120.0,3.50375,3.47375
120.0,3.503375,3.47325
120.0,3.502875,3.473625
120.0,3.50275,3.473875
120.0,3.5025,3.473875
120.0,3.502625,3.474375
120.0,3.5035,3.474875
120.0,3.504,3.474375
120.0,3.504,3.474375
120.0,3.503625,3.473375
120.0,3.503875,3.472875
120.0,3.503625,3.473125
120.0,3.50325,3.4735
120.0,3.5045,3.473375
120.0,3.505625,3.473
120.0,3.50575,3.472875
120.0,3.504875,3.4735
120.0,3.503875,3.473625
120.0,3.503,3.4735
120.0,3.50275,3.473625
120.0,3.502625,3.474
120.0,3.50225,3.47425
120.0,3.50325,3.474875
120.0,3.50425,3.47525
120.0,3.50425,3.47525
120.0,3.504125,3.4745
120.0,3.5035,3.47375
120.0,3.50375,3.473
120.0,3.50325,3.47325
120.0,3.5035,3.473375
120.0,3.504625,3.473125
120.0,3.50525,3.472625
120.0,3.505,3.472875
120.0,3.5045,3.47375
120.0,3.5035,3.47375
120.0,3.503,3.473625
120.0,3.503,3.473625
120.0,3.502625,3.47375
120.0,3.503,3.47425
121.0,3.504625,3.46775
121.0,3.5055,3.46725
121.0,3.50525,3.4675
121.0,3.504,3.468125
121.0,3.5035,3.46825
121.0,3.503375,3.468
121.0,3.50275,3.46825
121.0,3.502125,3.468375
121.0,3.502125,3.468375
121.0,3.502625,3.46875
121.0,3.503125,3.469125
121.0,3.50425,3.469375
121.0,3.504125,3.468875
121.0,3.503625,3.468
121.0,3.5035,3.4675
121.0,3.503,3.468
121.0,3.503875,3.468125
121.0,3.505125,3.46775
121.0,3.50575,3.46725
121.0,3.50525,3.467375
121.0,3.50375,3.46825
121.0,3.503125,3.468375
121.0,3.50325,3.468125
121.0,3.502875,3.468375
121.0,3.502875,3.468375
121.0,3.502,3.468375
121.0,3.502375,3.468875
121.0,3.5035,3.46925
121.0,3.504375,3.469125
121.0,3.504,3.4685
121.0,3.503875,3.467625
121.0,3.503625,3.4675
121.0,3.503375,3.468
121.0,3.504625,3.468125
121.0,3.505625,3.46775
121.0,3.505375,3.46725
121.0,3.504625,3.4675
121.0,3.503875,3.46825
121.0,3.50325,3.468
121.0,3.50325,3.468125
121.0,3.502875,3.468375
121.0,3.502875,3.468375
121.0,3.5025,3.4685
121.0,3.503,3.46925
121.0,3.50375,3.4695
121.0,3.504125,3.469
121.0,3.503375,3.468375
121.0,3.5035,3.4675
121.0,3.503,3.467625
121.0,3.503125,3.467875
121.0,3.50475,3.46775
121.0,3.505625,3.467125
121.0,3.5055,3.467125
121.0,3.504875,3.468
121.0,3.503875,3.468
121.0,3.5035,3.468
121.0,3.503,3.468375
121.0,3.503,3.468375
121.0,3.502375,3.468375
121.0,3.502375,3.4685
121.0,3.503,3.469375
121.0,3.503875,3.469125
121.0,3.50375,3.468625
121.0,3.503625,3.467625
121.0,3.5035,3.46725
121.0,3.50275,3.46775
121.0,3.5035,3.468
121.0,3.50475,3.467625
121.0,3.505,3.46725
121.0,3.50475,3.4675
121.0,3.50375,3.46825
121.0,3.5035,3.46825
121.0,3.503,3.468
121.0,3.503,3.468
121.0,3.502625,3.468375
121.0,3.502375,3.4685
121.0,3.502625,3.468875
121.0,3.5035,3.4695
121.0,3.50425,3.469375
121.0,3.50375,3.468625
121.0,3.503625,3.4675
121.0,3.503375,3.467375
121.0,3.503125,3.468
121.0,3.50425,3.468
121.0,3.505375,3.467625
121.0,3.505125,3.467125
121.0,3.5045,3.467875
121.0,3.5035,3.46825
121.0,3.50325,3.468
121.0,3.50325,3.468
121.0,3.50325,3.468125
121.0,3.50275,3.468125
121.0,3.50225,3.46825
121.0,3.50275,3.468875
121.0,3.504,3.469375
121.0,3.504125,3.46875
121.0,3.503625,3.468
121.0,3.503875,3.467125
121.0,3.50325,3.4675
121.0,3.503125,3.468125
121.0,3.50475,3.46825
121.0,3.50575,3.4675
121.0,3.505125,3.467125
121.0,3.503875,3.468
121.0,3.503375,3.46825
121.0,3.503375,3.468
121.0,3.50325,3.468
121.0,3.502875,3.46825
121.0,3.5025,3.46825
121.0,3.5025,3.4685
121.0,3.503,3.46925
121.0,3.50425,3.4695
121.0,3.504125,3.468875
121.0,3.503625,3.468
121.0,3.5035,3.467375
121.0,3.503125,3.467625
121.0,3.5035,3.468125
121.0,3.504625,3.467875
121.0,3.505375,3.467125
121.0,3.505,3.467375
121.0,3.504,3.46825
121.0,3.503125,3.468125
121.0,3.503125,3.468125
121.0,3.503,3.468
121.0,3.50275,3.468375
121.0,3.502125,3.4685
121.0,3.502375,3.468875
121.0,3.5035,3.469375
121.0,3.504375,3.469375
121.0,3.504125,3.468625
121.0,3.50375,3.4675
121.0,3.50375,3.46725
121.0,3.503,3.467875
121.0,3.503625,3.468
121.0,3.505125,3.467625
121.0,3.50525,3.46725
121.0,3.504875,3.4675
121.0,3.504,3.468125
121.0,3.504,3.468125
121.0,3.503125,3.468
121.0,3.502875,3.468
121.0,3.50275,3.46825
121.0,3.502375,3.468375
121.0,3.503125,3.468875
121.0,3.504,3.46925
121.0,3.504125,3.46925
121.0,3.504,3.468625
121.0,3.504,3.467625
121.0,3.5035,3.4675
121.0,3.50375,3.468
121.0,3.504375,3.468
121.0,3.50525,3.4675
121.0,3.5055,3.467375
121.0,3.5045,3.468125
121.0,3.5045,3.468125
121.0,3.503375,3.468125
121.0,3.503375,3.467875
121.0,3.503125,3.468375
121.0,3.502625,3.468375
121.0,3.501875,3.468375
121.0,3.50275,3.469
121.0,3.503625,3.469375
121.0,3.503625,3.469
121.0,3.50325,3.46825
121.0,3.5035,3.46725
121.0,3.50325,3.4675
121.0,3.503625,3.468
121.0,3.504875,3.46775
121.0,3.50525,3.467125
122.0,3.502125,3.461
122.0,3.503,3.461625
122.0,3.503875,3.46175
122.0,3.50375,3.461125
122.0,3.50375,3.46025
122.0,3.5035,3.459625
122.0,3.503,3.460125
122.0,3.50375,3.460625
122.0,3.50375,3.460625
122.0,3.50475,3.460375
122.0,3.50525,3.459625
122.0,3.505,3.46
122.0,3.50375,3.460625
122.0,3.5035,3.4605
122.0,3.503,3.460375
122.0,3.5025,3.4605
122.0,3.502125,3.460625
122.0,3.50225,3.461125
122.0,3.503625,3.46175
122.0,3.504625,3.46175
122.0,3.503875,3.461
122.0,3.50375,3.46
122.0,3.5035,3.45975
122.0,3.5035,3.460375
122.0,3.5035,3.460375
122.0,3.5045,3.460375
122.0,3.505375,3.459875
122.0,3.5055,3.459375
122.0,3.504375,3.459875
122.0,3.503375,3.460625
122.0,3.503,3.460625
122.0,3.5025,3.4605
122.0,3.502125,3.460625
122.0,3.5025,3.460875
122.0,3.502875,3.461375
122.0,3.503625,3.46175
122.0,3.50425,3.461375
122.0,3.5035,3.460625
122.0,3.503375,3.459875
122.0,3.503,3.46
122.0,3.503625,3.460375
122.0,3.503625,3.460375
122.0,3.50475,3.460375
122.0,3.505375,3.45975
122.0,3.50525,3.4595
122.0,3.50375,3.46
122.0,3.503,3.460375
122.0,3.503,3.46025
122.0,3.502625,3.46075
122.0,3.502,3.460875
122.0,3.502375,3.461
122.0,3.50325,3.461625
122.0,3.504375,3.46175
122.0,3.503875,3.46125
122.0,3.503875,3.460375
122.0,3.503625,3.459625
122.0,3.502875,3.46
122.0,3.502875,3.46
122.0,3.503625,3.4605
122.0,3.505,3.460125
122.0,3.50525,3.45975
122.0,3.504625,3.45975
122.0,3.503625,3.46
122.0,3.50325,3.46025
122.0,3.503,3.46025
122.0,3.502625,3.460625
122.0,3.5025,3.460875
122.0,3.502375,3.461125
122.0,3.503625,3.46175
122.0,3.504125,3.461375
122.0,3.503625,3.460875
122.0,3.50375,3.46
122.0,3.5035,3.45975
122.0,3.5035,3.45975
122.0,3.502875,3.460375
122.0,3.50375,3.460625
122.0,3.505125,3.46
122.0,3.50525,3.459625
122.0,3.50475,3.46025
122.0,3.5035,3.460625
122.0,3.502875,3.460375
122.0,3.503125,3.460625
122.0,3.503,3.46075
122.0,3.502,3.460625
122.0,3.5025,3.46125
122.0,3.503875,3.46175
122.0,3.504,3.46175
122.0,3.503375,3.46075
122.0,3.5035,3.459625
122.0,3.5035,3.459625
122.0,3.50325,3.45975
122.0,3.503,3.4605
122.0,3.504,3.460375
122.0,3.505375,3.459875
122.0,3.505625,3.45975
122.0,3.50525,3.46025
122.0,3.503875,3.46075
122.0,3.503,3.4605
122.0,3.502625,3.46075
122.0,3.50225,3.460875
122.0,3.502375,3.460875
122.0,3.5035,3.46125
122.0,3.50425,3.46175
122.0,3.504,3.4615
122.0,3.50375,3.460375
122.0,3.5035,3.459625
122.0,3.5035,3.459625
122.0,3.503,3.460125
122.0,3.503375,3.4605
122.0,3.5045,3.46025
122.0,3.505,3.45975
122.0,3.50475,3.459875
122.0,3.503875,3.460375
122.0,3.503125,3.4605
122.0,3.503125,3.4605
122.0,3.50275,3.460625
122.0,3.502125,3.460625
122.0,3.502625,3.461125
122.0,3.503375,3.461875
122.0,3.503875,3.4615
122.0,3.503375,3.460875
122.0,3.50325,3.460375
122.0,3.50325,3.460375
122.0,3.503,3.45975
122.0,3.502875,3.46025
122.0,3.50425,3.460625
122.0,3.50525,3.46
122.0,3.505375,3.459625
122.0,3.505,3.460125
122.0,3.50375,3.460625
122.0,3.503,3.4605
122.0,3.5025,3.460375
122.0,3.5025,3.460875
122.0,3.502375,3.460875
122.0,3.50275,3.461375
122.0,3.50375,3.461875
122.0,3.504375,3.4615
122.0,3.50375,3.460875
122.0,3.50375,3.460875
122.0,3.50375,3.46
122.0,3.503375,3.459875
122.0,3.503625,3.460375
122.0,3.5045,3.460375
122.0,3.505,3.459875
122.0,3.505375,3.459625
122.0,3.50425,3.460125
122.0,3.503,3.46075
122.0,3.503125,3.46025
122.0,3.50275,3.460625
122.0,3.502125,3.46075
122.0,3.502125,3.460875
122.0,3.50275,3.46175
122.0,3.503875,3.46225
122.0,3.504,3.46175
122.0,3.504,3.46175
122.0,3.504125,3.46075
122.0,3.504,3.46
122.0,3.503375,3.46025
122.0,3.50325,3.4605
122.0,3.504625,3.46025
122.0,3.5055,3.45975
122.0,3.504875,3.459875
122.0,3.503875,3.460625
122.0,3.503,3.4605
122.0,3.503125,3.46025
122.0,3.503125,3.460875
122.0,3.502875,3.460875
122.0,3.5025,3.461
122.0,3.50325,3.46175
123.0,3.505125,3.4495
123.0,3.5045,3.450125
123.0,3.503375,3.450375
123.0,3.503,3.450375
123.0,3.503,3.4505
123.0,3.502625,3.4505
123.0,3.502125,3.450875
123.0,3.502875,3.4515
123.0,3.502875,3.4515
123.0,3.504,3.451875
123.0,3.503875,3.451125
123.0,3.503375,3.450125
123.0,3.503125,3.4495
123.0,3.502625,3.449875
123.0,3.5035,3.45025
123.0,3.504625,3.450125
123.0,3.505375,3.4495
123.0,3.505375,3.4495
123.0,3.50425,3.450125
123.0,3.503125,3.450375
123.0,3.502875,3.4505
123.0,3.503,3.450625
123.0,3.50275,3.4505
123.0,3.5025,3.45075
123.0,3.503375,3.451375
123.0,3.503375,3.451375
123.0,3.5045,3.451625
123.0,3.504125,3.450875
123.0,3.504,3.45
123.0,3.5035,3.449625
123.0,3.503125,3.449875
123.0,3.50375,3.450125
123.0,3.504875,3.449875
123.0,3.505875,3.449625
123.0,3.505125,3.449875
123.0,3.5035,3.45075
123.0,3.50325,3.4505
123.0,3.503125,3.45025
123.0,3.502875,3.450625
123.0,3.502375,3.450875
123.0,3.5025,3.45125
123.0,3.5025,3.45125
123.0,3.503875,3.45175
123.0,3.50425,3.4515
123.0,3.503625,3.450875
123.0,3.503625,3.449875
123.0,3.503,3.449625
123.0,3.50275,3.450125
123.0,3.503625,3.450375
123.0,3.505375,3.44975
123.0,3.50575,3.4495
123.0,3.504875,3.45
123.0,3.503625,3.450125
123.0,3.5035,3.44975
123.0,3.503375,3.45025
123.0,3.502625,3.4505
123.0,3.502375,3.450625
123.0,3.502375,3.450625
123.0,3.50275,3.451375
123.0,3.503875,3.45175
123.0,3.504375,3.45125
123.0,3.503875,3.450625
123.0,3.50375,3.44975
123.0,3.5035,3.44975
123.0,3.503375,3.45025
123.0,3.504375,3.450375
123.0,3.505125,3.449625
123.0,3.505,3.4495
123.0,3.5045,3.45025
123.0,3.5035,3.45075
123.0,3.503375,3.450125
123.0,3.50275,3.450375
123.0,3.50225,3.450625
123.0,3.50225,3.450625
123.0,3.502375,3.450875
123.0,3.503625,3.451625
123.0,3.50475,3.451625
123.0,3.504375,3.45125
123.0,3.503875,3.450375
123.0,3.503625,3.449625
123.0,3.503125,3.45
123.0,3.503375,3.450375
123.0,3.5045,3.450125
123.0,3.505375,3.4495
123.0,3.504875,3.449625
123.0,3.50375,3.450875
123.0,3.503375,3.45075
123.0,3.503375,3.4505
123.0,3.502625,3.45075
123.0,3.502625,3.45075
123.0,3.5025,3.45075
123.0,3.502875,3.451
123.0,3.50375,3.45175
123.0,3.504125,3.452125
123.0,3.5035,3.45125
123.0,3.503625,3.45
123.0,3.503375,3.44975
123.0,3.503,3.45025
123.0,3.504,3.450375
123.0,3.5055,3.449875
123.0,3.505625,3.449375
123.0,3.504625,3.45
123.0,3.503125,3.450625
123.0,3.503125,3.45025
123.0,3.503125,3.450625
123.0,3.5025,3.450875
123.0,3.5025,3.450875
123.0,3.502125,3.450875
123.0,3.503375,3.451375
123.0,3.50425,3.451875
123.0,3.504125,3.4515
123.0,3.504125,3.451
123.0,3.503875,3.45
123.0,3.502875,3.449875
123.0,3.503,3.450375
123.0,3.50425,3.450375
123.0,3.505375,3.4495
123.0,3.504875,3.449375
123.0,3.50425,3.450125
123.0,3.50325,3.45025
123.0,3.503,3.449875
123.0,3.503125,3.450375
123.0,3.503125,3.450375
123.0,3.502625,3.450625
123.0,3.502125,3.45075
123.0,3.502875,3.4515
123.0,3.504125,3.452
123.0,3.5045,3.4515
123.0,3.50425,3.45025
123.0,3.5035,3.44975
123.0,3.503,3.450125
123.0,3.50375,3.4505
123.0,3.505125,3.450125
123.0,3.505625,3.449625
123.0,3.505,3.449875
123.0,3.504,3.4505
123.0,3.503375,3.45025
123.0,3.503375,3.45025
123.0,3.503375,3.45025
123.0,3.50275,3.450625
123.0,3.502625,3.450625
123.0,3.5025,3.45075
123.0,3.5035,3.45175
123.0,3.50425,3.45175
123.0,3.504,3.451
123.0,3.50375,3.45025
123.0,3.5035,3.44975
123.0,3.503375,3.45025
123.0,3.50375,3.450375
123.0,3.504875,3.449875
123.0,3.505375,3.4495
123.0,3.5045,3.450125
123.0,3.503625,3.450625
123.0,3.503125,3.450125
123.0,3.503125,3.450125
123.0,3.502875,3.450125
123.0,3.50275,3.4505
123.0,3.502375,3.45075
123.0,3.502875,3.45125
123.0,3.50425,3.451875
123.0,3.504625,3.451625
123.0,3.504125,3.450875
123.0,3.504,3.45
123.0,3.50375,3.449875
123.0,3.503125,3.45025
123.0,3.504,3.450125
123.0,3.505,3.449625
123.0,3.505125,3.4495
123.0,3.504375,3.45025
124.0,3.503125,3.438
124.0,3.503,3.43825
124.0,3.50225,3.4385
124.0,3.501875,3.438625
124.0,3.502625,3.439375
124.0,3.504125,3.439625
124.0,3.504625,3.43925
124.0,3.5045,3.438125
124.0,3.5045,3.438125
124.0,3.504,3.4375
124.0,3.503125,3.437875
124.0,3.503375,3.438375
124.0,3.505125,3.438125
124.0,3.5055,3.4375
124.0,3.504625,3.437625
124.0,3.503875,3.43825
124.0,3.50325,3.438125
124.0,3.502875,3.437625
124.0,3.502625,3.438375
124.0,3.50225,3.438625
124.0,3.502625,3.438875
124.0,3.503625,3.439375
124.0,3.50475,3.4395
124.0,3.504125,3.438875
124.0,3.504125,3.438875
124.0,3.503625,3.438
124.0,3.50375,3.437625
124.0,3.503125,3.438
124.0,3.503375,3.43825
124.0,3.505125,3.438
124.0,3.50525,3.437375
124.0,3.504625,3.437875
124.0,3.503625,3.4385
124.0,3.502875,3.43825
124.0,3.503125,3.43825
124.0,3.50275,3.438625
124.0,3.502375,3.43875
124.0,3.502875,3.439
124.0,3.50375,3.439625
124.0,3.504125,3.439375
124.0,3.504125,3.43875
124.0,3.504125,3.43875
124.0,3.503875,3.437875
124.0,3.503625,3.43775
124.0,3.503375,3.438
124.0,3.50425,3.438125
124.0,3.505,3.43775
124.0,3.50475,3.43725
124.0,3.504625,3.437875
124.0,3.503375,3.438375
124.0,3.503,3.438
124.0,3.502875,3.43825
124.0,3.502625,3.438625
124.0,3.5025,3.438875
124.0,3.503125,3.43925
124.0,3.504125,3.439625
124.0,3.504125,3.4395
124.0,3.504125,3.4395
124.0,3.50375,3.438875
124.0,3.503625,3.437875
124.0,3.5035,3.437875
124.0,3.503375,3.438375
124.0,3.5045,3.438
124.0,3.50525,3.437375
124.0,3.50525,3.4375
124.0,3.50425,3.438375
124.0,3.50325,3.438125
124.0,3.503125,3.43825
124.0,3.502875,3.438625
124.0,3.502125,3.43875
124.0,3.50275,3.438875
124.0,3.503625,3.4395
124.0,3.50425,3.439625
124.0,3.50425,3.439625
124.0,3.5045,3.439125
124.0,3.504,3.438375
124.0,3.50375,3.43775
124.0,3.503,3.438
124.0,3.503375,3.43825
124.0,3.504625,3.437875
124.0,3.505,3.437625
124.0,3.504625,3.438
124.0,3.503625,3.4385
124.0,3.50325,3.438375
124.0,3.50325,3.43825
124.0,3.502875,3.438375
124.0,3.502125,3.4385
124.0,3.502375,3.439
124.0,3.5035,3.439625
124.0,3.5035,3.439625
124.0,3.504625,3.4395
124.0,3.504125,3.438625
124.0,3.50375,3.43775
124.0,3.5035,3.437625
124.0,3.502875,3.438
124.0,3.504,3.438125
124.0,3.50525,3.43775
124.0,3.505375,3.43725
124.0,3.5045,3.437875
124.0,3.50325,3.438375
124.0,3.50275,3.438
124.0,3.503,3.438375
124.0,3.50275,3.43875
124.0,3.50225,3.438625
124.0,3.502625,3.439125
124.0,3.5035,3.4395
124.0,3.5035,3.4395
124.0,3.504,3.4395
124.0,3.503875,3.438625
124.0,3.503875,3.4375
124.0,3.503625,3.437625
124.0,3.503375,3.438375
124.0,3.504125,3.438375
124.0,3.5055,3.437625
124.0,3.505625,3.437375
124.0,3.504375,3.438
124.0,3.503375,3.438625
124.0,3.503,3.438375
124.0,3.502625,3.438375
124.0,3.50225,3.43875
124.0,3.502375,3.438875
124.0,3.50325,3.4395
124.0,3.50325,3.4395
124.0,3.504375,3.439625
124.0,3.503875,3.439125
124.0,3.503625,3.438125
124.0,3.5035,3.437625
124.0,3.502875,3.438
124.0,3.503375,3.43825
124.0,3.50475,3.438125
124.0,3.505375,3.4375
124.0,3.505,3.437625
124.0,3.504125,3.43875
124.0,3.503375,3.438625
124.0,3.503,3.438375
124.0,3.502625,3.4385
124.0,3.5025,3.438625
124.0,3.50275,3.439
124.0,3.50275,3.439
124.0,3.503,3.43975
124.0,3.5035,3.439625
124.0,3.503625,3.438875
124.0,3.503375,3.438125
124.0,3.503375,3.437875
124.0,3.5035,3.43825
124.0,3.50425,3.438375
124.0,3.504875,3.437875
124.0,3.505125,3.4375
124.0,3.505125,3.437875
124.0,3.504,3.4385
124.0,3.503,3.438
124.0,3.502625,3.43825
124.0,3.5025,3.43875
124.0,3.50225,3.43875
124.0,3.50225,3.43875
124.0,3.50275,3.439
124.0,3.503625,3.43975
124.0,3.50425,3.439625
124.0,3.504125,3.43875
124.0,3.504,3.4375
124.0,3.503375,3.43775
124.0,3.503375,3.43825
124.0,3.50475,3.438125
124.0,3.505625,3.4375
124.0,3.505375,3.437625
124.0,3.5045,3.438375
124.0,3.503375,3.438375
124.0,3.503,3.438
124.0,3.5025,3.43825
125.0,3.5035,3.42425
125.0,3.504125,3.4245
125.0,3.50525,3.424
125.0,3.50525,3.4235
125.0,3.504625,3.424375
125.0,3.503625,3.42475
125.0,3.503,3.42425
125.0,3.502875,3.4245
125.0,3.502875,3.4245
125.0,3.503125,3.424875
125.0,3.502625,3.425
125.0,3.502875,3.4255
125.0,3.50375,3.426125
125.0,3.50425,3.426
125.0,3.50375,3.425125
125.0,3.503375,3.424125
125.0,3.502875,3.42425
125.0,3.503125,3.424625
125.0,3.50475,3.4245
125.0,3.505375,3.423875
125.0,3.505375,3.423625
125.0,3.504625,3.424
125.0,3.503625,3.42475
125.0,3.50325,3.4245
125.0,3.50325,3.42475
125.0,3.502875,3.42475
125.0,3.502375,3.42475
125.0,3.502375,3.425
125.0,3.503,3.425875
125.0,3.503875,3.426
125.0,3.50425,3.4255
125.0,3.503625,3.424875
125.0,3.503625,3.424
125.0,3.5035,3.42425
125.0,3.50375,3.4245
125.0,3.50475,3.42425
125.0,3.505375,3.423375
125.0,3.504875,3.423375
125.0,3.50375,3.4245
125.0,3.50325,3.4245
125.0,3.503,3.424375
125.0,3.503,3.424375
125.0,3.50275,3.42475
125.0,3.502375,3.424875
125.0,3.502375,3.425
125.0,3.5035,3.42575
125.0,3.504,3.425875
125.0,3.503625,3.42525
125.0,3.503375,3.424
125.0,3.503375,3.42375
125.0,3.50325,3.42425
125.0,3.504,3.42475
125.0,3.50525,3.42425
125.0,3.505625,3.423625
125.0,3.505125,3.424
125.0,3.503875,3.424875
125.0,3.502625,3.42475
125.0,3.502625,3.42475
125.0,3.502625,3.424625
125.0,3.50325,3.424875
125.0,3.502625,3.425
125.0,3.50325,3.425375
125.0,3.503875,3.426
125.0,3.504,3.42575
125.0,3.504,3.42525
125.0,3.503625,3.423875
125.0,3.5035,3.42375
125.0,3.503375,3.424375
125.0,3.504,3.424625
125.0,3.50475,3.424
125.0,3.50525,3.423625
125.0,3.504375,3.424125
125.0,3.50325,3.424375
125.0,3.50325,3.424375
125.0,3.503,3.424125
125.0,3.50275,3.4245
125.0,3.50275,3.425
125.0,3.5025,3.425
125.0,3.503125,3.4255
125.0,3.50425,3.426
125.0,3.5045,3.4255
125.0,3.503625,3.42475
125.0,3.5035,3.42375
125.0,3.503125,3.424
125.0,3.503375,3.4245
125.0,3.5045,3.4245
125.0,3.505125,3.423875
125.0,3.504875,3.424
125.0,3.503875,3.4245
125.0,3.503875,3.4245
125.0,3.50325,3.424375
125.0,3.503125,3.424375
125.0,3.503,3.424875
125.0,3.502625,3.425
125.0,3.50275,3.42525
125.0,3.503375,3.425875
125.0,3.50425,3.425875
125.0,3.50425,3.42525
125.0,3.503625,3.4245
125.0,3.503625,3.423875
125.0,3.50375,3.424375
125.0,3.50375,3.424625
125.0,3.504625,3.424125
125.0,3.505125,3.423875
125.0,3.50475,3.4245
125.0,3.50475,3.425
125.0,3.504,3.425
125.0,3.5035,3.4245
125.0,3.503375,3.42425
125.0,3.503,3.42475
125.0,3.5025,3.424875
125.0,3.50275,3.42525
125.0,3.5035,3.426
125.0,3.5045,3.42575
125.0,3.504375,3.425
125.0,3.504,3.424375
125.0,3.50325,3.424
125.0,3.503,3.424375
125.0,3.504125,3.4245
125.0,3.50525,3.423875
125.0,3.505125,3.423625
125.0,3.504875,3.42425
125.0,3.504875,3.42425
125.0,3.50375,3.424625
125.0,3.503,3.4245
125.0,3.502625,3.42475
125.0,3.502125,3.425
125.0,3.502375,3.424875
125.0,3.503125,3.425625
125.0,3.503375,3.42625
125.0,3.5035,3.425625
125.0,3.50375,3.42475
125.0,3.503875,3.424125
125.0,3.503375,3.424
125.0,3.503375,3.424375
125.0,3.504875,3.4245
125.0,3.5055,3.42375
125.0,3.50525,3.4235
125.0,3.50525,3.4235
125.0,3.504375,3.424
125.0,3.503375,3.4245
125.0,3.50325,3.42425
125.0,3.502625,3.424625
125.0,3.502125,3.425
125.0,3.502,3.425125
125.0,3.502875,3.425875
125.0,3.503875,3.426
125.0,3.504375,3.4255
125.0,3.504,3.424625
125.0,3.50375,3.423875
125.0,3.5035,3.424375
125.0,3.503625,3.42475
125.0,3.504625,3.424375
125.0,3.505375,3.423875
125.0,3.505375,3.423875
125.0,3.50525,3.424
125.0,3.504,3.4245
125.0,3.503,3.424375
125.0,3.50275,3.424375
125.0,3.502375,3.424875
125.0,3.50175,3.424875
125.0,3.502,3.42525
125.0,3.503,3.426
125.0,3.50425,3.426
125.0,3.503875,3.42525
125.0,3.50375,3.4245
125.0,3.503625,3.424
125.0,3.503125,3.4245
125.0,3.504,3.42475
126.0,3.504,3.40975
126.0,3.50375,3.40875
126.0,3.503625,3.408125
126.0,3.503125,3.4085
126.0,3.504,3.40875
126.0,3.505125,3.408375
126.0,3.505375,3.408
126.0,3.50475,3.408125
126.0,3.50475,3.408125
126.0,3.503625,3.40875
126.0,3.503,3.408375
126.0,3.50275,3.408625
126.0,3.50275,3.409125
126.0,3.5025,3.409125
126.0,3.502625,3.409375
126.0,3.5035,3.410125
126.0,3.50425,3.41025
126.0,3.504125,3.4095
126.0,3.503625,3.408
126.0,3.50325,3.408
126.0,3.50325,3.40875
126.0,3.50425,3.408875
126.0,3.505125,3.40825
126.0,3.505,3.407875
126.0,3.505,3.407875
126.0,3.504375,3.40875
126.0,3.503625,3.40925
126.0,3.50325,3.408875
126.0,3.503,3.409
126.0,3.5025,3.40925
126.0,3.502125,3.40925
126.0,3.502625,3.409625
126.0,3.503875,3.410375
126.0,3.50375,3.409625
126.0,3.50375,3.40875
126.0,3.50375,3.408125
126.0,3.502875,3.40825
126.0,3.50325,3.40875
126.0,3.5045,3.408625
126.0,3.505375,3.408
126.0,3.505625,3.407875
126.0,3.505625,3.407875
126.0,3.504625,3.40875
126.0,3.503125,3.40925
126.0,3.502875,3.408875
126.0,3.5025,3.409
126.0,3.502375,3.409125
126.0,3.502375,3.40925
126.0,3.503125,3.409875
126.0,3.504375,3.41
126.0,3.50425,3.4095
126.0,3.503875,3.40875
126.0,3.503625,3.408
126.0,3.503,3.4085
126.0,3.5035,3.408875
126.0,3.504875,3.4085
126.0,3.5055,3.408125
126.0,3.5055,3.408125
126.0,3.50525,3.408125
126.0,3.504,3.409
126.0,3.50325,3.40875
126.0,3.50325,3.4085
126.0,3.503,3.409
126.0,3.502375,3.40925
126.0,3.50225,3.4095
126.0,3.50325,3.41025
126.0,3.504625,3.410125
126.0,3.50425,3.409
126.0,3.50375,3.408375
126.0,3.503125,3.40825
126.0,3.502875,3.40875
126.0,3.503875,3.40875
126.0,3.50525,3.4085
126.0,3.50525,3.4085
126.0,3.5055,3.408125
126.0,3.505125,3.408125
126.0,3.504,3.408875
126.0,3.50325,3.408875
126.0,3.50275,3.409
126.0,3.50225,3.409125
126.0,3.502,3.40925
126.0,3.502375,3.409625
126.0,3.503875,3.410125
126.0,3.503875,3.409875
126.0,3.504,3.409125
126.0,3.504125,3.40825
126.0,3.5035,3.40825
126.0,3.503625,3.408875
126.0,3.504625,3.40875
126.0,3.505375,3.40875
126.0,3.505375,3.408
126.0,3.505,3.407875
126.0,3.5045,3.408625
126.0,3.50325,3.408875
126.0,3.50275,3.4085
126.0,3.5025,3.408875
126.0,3.502375,3.409125
126.0,3.50225,3.40925
126.0,3.503,3.41
126.0,3.504375,3.410375
126.0,3.50425,3.41
126.0,3.503875,3.409125
126.0,3.503625,3.408375
126.0,3.50325,3.408625
126.0,3.50375,3.408875
126.0,3.505125,3.4085
126.0,3.505125,3.4085
126.0,3.50575,3.408
126.0,3.504875,3.40825
126.0,3.503625,3.408875
126.0,3.50325,3.40875
126.0,3.50275,3.40875
126.0,3.50225,3.409125
126.0,3.50225,3.409125
126.0,3.502,3.409375
126.0,3.503375,3.41
126.0,3.50475,3.41025
126.0,3.504375,3.409375
126.0,3.50375,3.40825
126.0,3.503625,3.407875
126.0,3.503,3.408625
126.0,3.503375,3.408875
126.0,3.503375,3.408875
126.0,3.504875,3.408375
126.0,3.505,3.40775
126.0,3.50475,3.4085
126.0,3.50375,3.409125
126.0,3.503125,3.40875
126.0,3.503,3.408875
126.0,3.5025,3.40925
126.0,3.502,3.40925
126.0,3.50275,3.40975
126.0,3.503875,3.4105
126.0,3.5045,3.409875
126.0,3.50375,3.4095
126.0,3.503375,3.408625
126.0,3.503,3.408375
126.0,3.503,3.408625
126.0,3.503,3.408625
126.0,3.50475,3.408625
126.0,3.505125,3.40825
126.0,3.50525,3.407875
126.0,3.504625,3.4085
126.0,3.503875,3.409
126.0,3.503375,3.408875
126.0,3.50275,3.408875
126.0,3.502625,3.409
126.0,3.50275,3.40925
126.0,3.502875,3.409875
126.0,3.503875,3.41025
126.0,3.50425,3.409875
126.0,3.50375,3.408875
126.0,3.503625,3.40825
126.0,3.503375,3.4085
126.0,3.5035,3.4085
126.0,3.5035,3.408875
126.0,3.50475,3.408625
126.0,3.50525,3.407875
126.0,3.504875,3.408
126.0,3.503875,3.408875
126.0,3.503125,3.409
126.0,3.503125,3.408875
126.0,3.50275,3.409125
126.0,3.5025,3.409125
126.0,3.502625,3.40925
126.0,3.50325,3.409875
126.0,3.504,3.41
126.0,3.503625,3.4095
126.0,3.503125,3.40875
127.0,3.50225,3.39025
127.0,3.502875,3.39075
127.0,3.50425,3.39125
127.0,3.504,3.39075
127.0,3.503375,3.38975
127.0,3.50375,3.389
127.0,3.5035,3.389375
127.0,3.50375,3.389625
127.0,3.50375,3.389625
127.0,3.505,3.3895
127.0,3.506,3.389
127.0,3.5055,3.389125
127.0,3.504125,3.389875
127.0,3.503375,3.389625
127.0,3.50325,3.389625
127.0,3.502875,3.390125
127.0,3.502375,3.39025
127.0,3.5025,3.3905
127.0,3.503125,3.391
127.0,3.50425,3.391125
127.0,3.504375,3.39075
127.0,3.503625,3.389625
127.0,3.503625,3.389375
127.0,3.503375,3.389625
127.0,3.504,3.389625
127.0,3.504,3.38975
127.0,3.50525,3.3895
127.0,3.50575,3.388875
127.0,3.50475,3.389
127.0,3.503625,3.39
127.0,3.503375,3.38975
127.0,3.503125,3.389625
127.0,3.502625,3.389875
127.0,3.50225,3.39
127.0,3.502875,3.390375
127.0,3.504,3.391
127.0,3.50425,3.390875
127.0,3.503625,3.390125
127.0,3.50375,3.3895
127.0,3.503375,3.389375
127.0,3.5035,3.389625
127.0,3.5035,3.389625
127.0,3.504625,3.38975
127.0,3.50525,3.389125
127.0,3.5055,3.389
127.0,3.504875,3.389125
127.0,3.503375,3.389625
127.0,3.502625,3.389875
127.0,3.50275,3.390125
127.0,3.502375,3.39025
127.0,3.502125,3.390375
127.0,3.503125,3.390875
127.0,3.504125,3.391125
127.0,3.503875,3.390875
127.0,3.50375,3.39025
127.0,3.503875,3.389125
127.0,3.503625,3.38925
127.0,3.503625,3.38925
127.0,3.50375,3.389875
127.0,3.5045,3.389875
127.0,3.504875,3.38925
127.0,3.504875,3.389125
127.0,3.504125,3.39
127.0,3.503125,3.389875
127.0,3.50275,3.3895
127.0,3.50275,3.389875
127.0,3.502875,3.39
127.0,3.50275,3.390375
127.0,3.50325,3.391
127.0,3.504375,3.39125
127.0,3.5045,3.391
127.0,3.50375,3.389875
127.0,3.503625,3.38925
127.0,3.503625,3.38925
127.0,3.50325,3.389625
127.0,3.50375,3.389875
127.0,3.505125,3.3895
127.0,3.50525,3.388875
127.0,3.504625,3.3895
127.0,3.50375,3.389875
127.0,3.502875,3.38925
127.0,3.502875,3.38975
127.0,3.503125,3.390125
127.0,3.502875,3.39025
127.0,3.502625,3.390625
127.0,3.5035,3.39125
127.0,3.50425,3.391
127.0,3.503875,3.390125
127.0,3.503375,3.38925
127.0,3.503,3.389125
127.0,3.503,3.389125
127.0,3.503375,3.389625
127.0,3.5045,3.38975
127.0,3.50525,3.389375
127.0,3.505375,3.388875
127.0,3.504625,3.389125
127.0,3.5035,3.38975
127.0,3.503125,3.389625
127.0,3.502875,3.38975
127.0,3.502375,3.390125
127.0,3.502375,3.39025
127.0,3.503,3.39075
127.0,3.504,3.391125
127.0,3.504125,3.391
127.0,3.503375,3.390125
127.0,3.504,3.38925
127.0,3.504,3.38925
127.0,3.503625,3.389375
127.0,3.5035,3.38975
127.0,3.504375,3.389625
127.0,3.50525,3.38925
127.0,3.505375,3.389125
127.0,3.5045,3.38925
127.0,3.50325,3.38925
127.0,3.503125,3.389375
127.0,3.502875,3.39
127.0,3.50225,3.39025
127.0,3.502125,3.39025
127.0,3.503125,3.390875
127.0,3.504,3.391125
127.0,3.50375,3.390625
127.0,3.503625,3.39
127.0,3.503625,3.39
127.0,3.5035,3.3895
127.0,3.503125,3.389625
127.0,3.50375,3.38975
127.0,3.50525,3.389625
127.0,3.505,3.389
127.0,3.504875,3.389
127.0,3.50425,3.389875
127.0,3.503375,3.389875
127.0,3.502625,3.38975
127.0,3.502375,3.39025
127.0,3.502375,3.39025
127.0,3.5025,3.3905
127.0,3.5035,3.391125
127.0,3.5045,3.391
127.0,3.50425,3.39075
127.0,3.50425,3.39075
127.0,3.503875,3.389875
127.0,3.5035,3.38925
127.0,3.502875,3.389625
127.0,3.50375,3.389875
127.0,3.50525,3.389375
127.0,3.505375,3.389125
127.0,3.50475,3.3895
127.0,3.503875,3.39
127.0,3.503375,3.389625
127.0,3.50275,3.389875
127.0,3.50225,3.39025
127.0,3.502,3.390375
127.0,3.502625,3.39075
127.0,3.5035,3.39125
127.0,3.50375,3.391
127.0,3.50375,3.391
127.0,3.503375,3.389875
127.0,3.50375,3.388875
127.0,3.5035,3.389
127.0,3.5035,3.389625
127.0,3.504375,3.389625
127.0,3.50525,3.38925
127.0,3.505125,3.389
127.0,3.50425,3.389625
127.0,3.503125,3.389875
127.0,3.50325,3.389375
127.0,3.50325,3.38975
127.0,3.502375,3.390125
127.0,3.502,3.39025
127.0,3.503125,3.391
128.0,3.504,3.368375
128.0,3.50325,3.3685
128.0,3.502625,3.368125
128.0,3.5025,3.36875
128.0,3.50225,3.369
128.0,3.50225,3.36925
128.0,3.503375,3.36975
128.0,3.50475,3.37
128.0,3.50475,3.37
128.0,3.50425,3.36975
128.0,3.50425,3.369
128.0,3.50375,3.368125
128.0,3.50325,3.3685
128.0,3.503625,3.36875
128.0,3.504875,3.368375
128.0,3.505625,3.368
128.0,3.505,3.36825
128.0,3.503875,3.369125
128.0,3.50325,3.36875
128.0,3.502875,3.368625
128.0,3.502375,3.369
128.0,3.502375,3.369125
128.0,3.5025,3.369375
128.0,3.503375,3.369875
128.0,3.504125,3.370125
128.0,3.504125,3.370125
128.0,3.50375,3.36975
128.0,3.503875,3.36825
128.0,3.5035,3.36775
128.0,3.5035,3.3685
128.0,3.50475,3.3685
128.0,3.50575,3.368125
128.0,3.50575,3.36775
128.0,3.50475,3.368
128.0,3.5035,3.368875
128.0,3.503125,3.369
128.0,3.502875,3.368875
128.0,3.502625,3.36875
128.0,3.502375,3.369125
128.0,3.502625,3.369625
128.0,3.50375,3.37
128.0,3.50375,3.37
128.0,3.504125,3.37
128.0,3.5035,3.369375
128.0,3.50375,3.36825
128.0,3.50375,3.368125
128.0,3.50325,3.368625
128.0,3.50475,3.3685
128.0,3.506125,3.368
128.0,3.50625,3.368
128.0,3.504875,3.369
128.0,3.5035,3.36925
128.0,3.503375,3.368625
128.0,3.503125,3.368875
128.0,3.50275,3.369
128.0,3.502625,3.369125
128.0,3.50325,3.36975
128.0,3.50325,3.36975
128.0,3.50425,3.37
128.0,3.504,3.369375
128.0,3.503875,3.368625
128.0,3.503875,3.36825
128.0,3.503375,3.3685
128.0,3.50375,3.368625
128.0,3.50525,3.36825
128.0,3.505875,3.36775
128.0,3.505625,3.36775
128.0,3.504125,3.3685
128.0,3.503375,3.36875
128.0,3.502875,3.368875
128.0,3.5025,3.368875
128.0,3.502125,3.368875
128.0,3.50225,3.36925
128.0,3.50225,3.36975
128.0,3.5035,3.36975
128.0,3.504125,3.36975
128.0,3.503875,3.36925
128.0,3.50375,3.368375
128.0,3.503375,3.367875
128.0,3.503125,3.36825
128.0,3.504,3.368625
128.0,3.5055,3.368125
128.0,3.505375,3.36775
128.0,3.5045,3.36825
128.0,3.50325,3.369
128.0,3.502625,3.368625
128.0,3.503,3.36875
128.0,3.502875,3.369125
128.0,3.502125,3.369125
128.0,3.502625,3.369625
128.0,3.502625,3.369625
128.0,3.50375,3.370375
128.0,3.5045,3.370125
128.0,3.503875,3.36925
128.0,3.50375,3.3685
128.0,3.50375,3.368125
128.0,3.5035,3.3685
128.0,3.5045,3.368625
128.0,3.50525,3.368
128.0,3.505125,3.367875
128.0,3.504375,3.368125
128.0,3.503375,3.368625
128.0,3.503375,3.368375
128.0,3.503375,3.36875
128.0,3.50275,3.369125
128.0,3.502375,3.369125
128.0,3.502375,3.369125
128.0,3.50325,3.36975
128.0,3.5045,3.37025
128.0,3.50425,3.369875
128.0,3.503875,3.368875
128.0,3.504375,3.368
128.0,3.503375,3.36825
128.0,3.50325,3.368625
128.0,3.5045,3.3685
128.0,3.505375,3.367875
128.0,3.505625,3.368
128.0,3.504375,3.368625
128.0,3.5035,3.368875
128.0,3.50325,3.368875
128.0,3.502625,3.368875
128.0,3.502375,3.369
128.0,3.502375,3.369
128.0,3.5025,3.36925
128.0,3.503125,3.37
128.0,3.504375,3.37025
128.0,3.504,3.369625
128.0,3.5035,3.368375
128.0,3.503,3.36825
128.0,3.502875,3.3685
128.0,3.50425,3.36875
128.0,3.505,3.3685
128.0,3.505375,3.36775
128.0,3.505125,3.368
128.0,3.504125,3.369
128.0,3.50325,3.369
128.0,3.503125,3.368625
128.0,3.502875,3.369
128.0,3.502875,3.369
128.0,3.5025,3.369
128.0,3.502875,3.3695
128.0,3.50375,3.37
128.0,3.504375,3.369875
128.0,3.504125,3.369375
128.0,3.5035,3.368375
128.0,3.50325,3.368125
128.0,3.503,3.3685
128.0,3.50425,3.36875
128.0,3.505375,3.36825
128.0,3.505625,3.36775
128.0,3.504625,3.3685
128.0,3.50325,3.369
128.0,3.503,3.368625
128.0,3.503,3.36875
128.0,3.503,3.368875
128.0,3.5025,3.368875
128.0,3.501875,3.369
128.0,3.502875,3.369625
128.0,3.5045,3.370125
128.0,3.504375,3.36975
128.0,3.5035,3.36925
128.0,3.504125,3.3685
128.0,3.503625,3.3685
128.0,3.503125,3.368875
128.0,3.5045,3.368625
128.0,3.50525,3.368
128.0,3.504875,3.368
128.0,3.5045,3.368625
128.0,3.50325,3.368875
129.0,3.50325,3.346875
129.0,3.503,3.347
129.0,3.502625,3.347375
129.0,3.502,3.347375
129.0,3.50275,3.347875
129.0,3.50375,3.348375
129.0,3.504375,3.34825
129.0,3.504375,3.34775
129.0,3.504375,3.34775
129.0,3.504125,3.34675
129.0,3.503375,3.3465
129.0,3.503125,3.347
129.0,3.504625,3.347125
129.0,3.5055,3.3465
129.0,3.505375,3.346125
129.0,3.5045,3.34675
129.0,3.50375,3.34725
129.0,3.5035,3.347125
129.0,3.503125,3.34725
129.0,3.50275,3.347375
129.0,3.50275,3.347375
129.0,3.503125,3.348
129.0,3.504,3.34825
129.0,3.504125,3.347875
129.0,3.504125,3.346875
129.0,3.504,3.346875
129.0,3.504125,3.346125
129.0,3.5035,3.34675
129.0,3.50325,3.347125
129.0,3.5045,3.346875
129.0,3.505625,3.34625
129.0,3.505625,3.34625
129.0,3.50425,3.347125
129.0,3.503625,3.34725
129.0,3.50375,3.346875
129.0,3.502875,3.347375
129.0,3.502,3.347375
129.0,3.502125,3.347375
129.0,3.502875,3.34825
129.0,3.504375,3.3485
129.0,3.50425,3.348
129.0,3.50425,3.348
129.0,3.50375,3.347
129.0,3.503625,3.346375
129.0,3.503625,3.34675
129.0,3.50425,3.346875
129.0,3.50525,3.346625
129.0,3.5055,3.346125
129.0,3.505125,3.34675
129.0,3.50375,3.34725
129.0,3.503125,3.347125
129.0,3.50325,3.34725
129.0,3.503,3.347375
129.0,3.5025,3.3475
129.0,3.502375,3.34775
129.0,3.503625,3.348375
129.0,3.50425,3.34825
129.0,3.50425,3.34825
129.0,3.50375,3.34775
129.0,3.503625,3.347
129.0,3.503625,3.346625
129.0,3.503625,3.347125
129.0,3.505,3.347
129.0,3.505625,3.3465
129.0,3.505125,3.34625
129.0,3.50475,3.346625
129.0,3.50375,3.347125
129.0,3.50325,3.347
129.0,3.503375,3.34725
129.0,3.50275,3.347375
129.0,3.5025,3.34725
129.0,3.50325,3.347875
129.0,3.50425,3.3485
129.0,3.50425,3.3485
129.0,3.504125,3.348125
129.0,3.5035,3.347375
129.0,3.503,3.346625
129.0,3.50275,3.34675
129.0,3.5035,3.347125
129.0,3.5045,3.347
129.0,3.505375,3.3465
129.0,3.505625,3.3465
129.0,3.505,3.34725
129.0,3.503375,3.347625
129.0,3.503125,3.34725
129.0,3.503,3.347375
129.0,3.50225,3.347375
129.0,3.502,3.347625
129.0,3.503,3.348375
129.0,3.503,3.348375
129.0,3.504375,3.348375
129.0,3.504,3.348
129.0,3.50325,3.347
129.0,3.50325,3.346625
129.0,3.502375,3.347
129.0,3.503125,3.347125
129.0,3.504625,3.346875
129.0,3.505625,3.34625
129.0,3.50575,3.346625
129.0,3.504,3.3475
129.0,3.502875,3.347
129.0,3.503125,3.346875
129.0,3.502875,3.3475
129.0,3.502375,3.3475
129.0,3.5025,3.347625
129.0,3.5035,3.34825
129.0,3.5035,3.34825
129.0,3.503875,3.34825
129.0,3.50325,3.3475
129.0,3.50375,3.3465
129.0,3.503625,3.346375
129.0,3.503125,3.346875
129.0,3.504125,3.347125
129.0,3.50525,3.34675
129.0,3.50575,3.346375
129.0,3.505,3.34675
129.0,3.503875,3.34725
129.0,3.50375,3.34675
129.0,3.50325,3.347
129.0,3.502625,3.3475
129.0,3.502375,3.347625
129.0,3.503125,3.348125
129.0,3.503125,3.348125
129.0,3.503875,3.348625
129.0,3.504125,3.3485
129.0,3.50375,3.347625
129.0,3.50375,3.346625
129.0,3.503125,3.3465
129.0,3.503,3.346875
129.0,3.504,3.347
129.0,3.50525,3.3465
129.0,3.505125,3.346125
129.0,3.504375,3.346625
129.0,3.503625,3.347
129.0,3.503125,3.3465
129.0,3.50275,3.347
129.0,3.502875,3.34725
129.0,3.502375,3.3475
129.0,3.502375,3.3475
129.0,3.502875,3.348125
129.0,3.504,3.348625
129.0,3.50375,3.348125
129.0,3.5035,3.34725
129.0,3.50375,3.3465
129.0,3.503375,3.346875
129.0,3.503625,3.34725
129.0,3.50475,3.347125
129.0,3.505625,3.346375
129.0,3.505375,3.3465
129.0,3.503875,3.34725
129.0,3.503,3.347125
129.0,3.503375,3.347
129.0,3.502875,3.34725
129.0,3.50225,3.347375
129.0,3.50225,3.34775
129.0,3.502375,3.34775
129.0,3.503125,3.3485
129.0,3.503875,3.3485
129.0,3.50375,3.34775
129.0,3.503375,3.346875
129.0,3.503125,3.346625
129.0,3.502875,3.346875
129.0,3.503875,3.347125
129.0,3.505375,3.34675
129.0,3.5055,3.3465
129.0,3.504625,3.3465
129.0,3.50325,3.347
129.0,3.503,3.34675
129.0,3.50325,3.3465
130.0,3.504,3.323
130.0,3.5035,3.323
130.0,3.503125,3.323
130.0,3.50275,3.323125
130.0,3.50225,3.323125
130.0,3.50275,3.323875
130.0,3.503625,3.324375
130.0,3.504375,3.323875
130.0,3.504375,3.323875
130.0,3.50425,3.322875
130.0,3.503625,3.32225
130.0,3.503125,3.3225
130.0,3.50375,3.32275
130.0,3.505,3.32275
130.0,3.505625,3.32225
130.0,3.5055,3.322125
130.0,3.505,3.323
130.0,3.504125,3.323125
130.0,3.50325,3.322625
130.0,3.503,3.322875
130.0,3.502375,3.323
130.0,3.502625,3.32325
130.0,3.5035,3.324
130.0,3.50425,3.32425
130.0,3.504125,3.323625
130.0,3.504125,3.323625
130.0,3.50375,3.323
130.0,3.50375,3.32225
130.0,3.5035,3.322375
130.0,3.5035,3.322625
130.0,3.50475,3.3225
130.0,3.505625,3.322
130.0,3.505125,3.32225
130.0,3.50425,3.323125
130.0,3.503875,3.323
130.0,3.50325,3.322625
130.0,3.503,3.323
130.0,3.503,3.323
130.0,3.50325,3.323375
130.0,3.503875,3.32375
130.0,3.50425,3.324
130.0,3.50425,3.324
130.0,3.50375,3.3235
130.0,3.5035,3.3225
130.0,3.503125,3.32225
130.0,3.50325,3.322625
130.0,3.504125,3.32275
130.0,3.505375,3.3225
130.0,3.505625,3.322
130.0,3.505,3.322625
130.0,3.503875,3.322875
130.0,3.50325,3.32275
130.0,3.503,3.322875
130.0,3.502375,3.323
130.0,3.5025,3.323125
130.0,3.50275,3.323625
130.0,3.5035,3.32425
130.0,3.5035,3.32425
130.0,3.50425,3.32375
130.0,3.503875,3.323
130.0,3.504,3.322
130.0,3.503875,3.322125
130.0,3.5035,3.32275
130.0,3.504625,3.32275
130.0,3.506,3.322125
130.0,3.50575,3.321875
130.0,3.50425,3.32275
130.0,3.503125,3.323125
130.0,3.502875,3.322875
130.0,3.502875,3.323
130.0,3.50275,3.32325
130.0,3.502625,3.323375
130.0,3.50375,3.324
130.0,3.5045,3.324
130.0,3.5045,3.32425
130.0,3.504375,3.32375
130.0,3.5035,3.323125
130.0,3.5035,3.322125
130.0,3.503625,3.322375
130.0,3.504,3.322875
130.0,3.505125,3.322625
130.0,3.5055,3.322125
130.0,3.505125,3.322125
130.0,3.503875,3.323125
130.0,3.503,3.322875
130.0,3.503,3.322625
130.0,3.503,3.32275
130.0,3.503,3.323125
130.0,3.503,3.323375
130.0,3.503875,3.323375
130.0,3.503875,3.324
130.0,3.504875,3.324125
130.0,3.5045,3.323875
130.0,3.504,3.32275
130.0,3.503875,3.322125
130.0,3.503375,3.3225
130.0,3.50425,3.322875
130.0,3.505375,3.3225
130.0,3.50575,3.321875
130.0,3.505,3.322125
130.0,3.5035,3.323
130.0,3.503125,3.322875
130.0,3.503,3.323
130.0,3.503125,3.32325
130.0,3.502875,3.32325
130.0,3.502875,3.3235
130.0,3.502875,3.3235
130.0,3.50425,3.324125
130.0,3.504625,3.323875
130.0,3.50425,3.323375
130.0,3.50375,3.3225
130.0,3.504,3.32225
130.0,3.503875,3.322625
130.0,3.504625,3.322625
130.0,3.505875,3.322375
130.0,3.506,3.322125
130.0,3.504875,3.3225
130.0,3.50425,3.322875
130.0,3.50375,3.322375
130.0,3.503125,3.323
130.0,3.502625,3.323125
130.0,3.502375,3.32325
130.0,3.502375,3.32325
130.0,3.503125,3.324
130.0,3.504375,3.324375
130.0,3.504375,3.324125
130.0,3.504,3.323375
130.0,3.50425,3.32275
130.0,3.503875,3.322625
130.0,3.503625,3.323
130.0,3.50475,3.322875
130.0,3.5055,3.32225
130.0,3.505375,3.32225
130.0,3.504375,3.322875
130.0,3.503625,3.323
130.0,3.503375,3.322875
130.0,3.502875,3.323375
130.0,3.502625,3.323375
130.0,3.502625,3.323375
130.0,3.5025,3.323375
130.0,3.503625,3.324125
130.0,3.5045,3.32425
130.0,3.504375,3.323875
130.0,3.50425,3.32275
130.0,3.50375,3.322
130.0,3.5035,3.3225
130.0,3.50425,3.323
130.0,3.50525,3.322625
130.0,3.50575,3.32175
130.0,3.505375,3.322125
130.0,3.504375,3.323
130.0,3.503625,3.32275
130.0,3.503625,3.32275
130.0,3.503375,3.32325
130.0,3.502625,3.32325
130.0,3.502625,3.32325
130.0,3.502625,3.323625
130.0,3.50375,3.32425
130.0,3.504375,3.324125
130.0,3.50375,3.323625
130.0,3.50375,3.32275
130.0,3.503375,3.3225
130.0,3.503375,3.32275
130.0,3.504,3.322875
130.0,3.5055,3.3225
130.0,3.505625,3.322125
130.0,3.505,3.32275
130.0,3.50375,3.322875
130.0,3.5035,3.322625
131.0,3.50425,3.29575
131.0,3.50525,3.295375
131.0,3.505375,3.29525
131.0,3.505,3.295375
131.0,3.50375,3.295875
131.0,3.5035,3.295875
131.0,3.503375,3.296
131.0,3.502625,3.296375
131.0,3.502625,3.296375
131.0,3.502625,3.29625
131.0,3.5035,3.29675
131.0,3.5045,3.297125
131.0,3.50475,3.296875
131.0,3.504375,3.296375
131.0,3.504375,3.295125
131.0,3.504,3.29525
131.0,3.50375,3.295875
131.0,3.504625,3.29575
131.0,3.50575,3.29525
131.0,3.505625,3.295125
131.0,3.504625,3.295875
131.0,3.50375,3.295875
131.0,3.50325,3.295625
131.0,3.502875,3.295875
131.0,3.502375,3.295875
131.0,3.502375,3.296
131.0,3.50275,3.29625
131.0,3.5035,3.297
131.0,3.50425,3.29725
131.0,3.504125,3.297125
131.0,3.503875,3.295875
131.0,3.503875,3.295125
131.0,3.50325,3.295625
131.0,3.50375,3.295875
131.0,3.505125,3.295625
131.0,3.505625,3.295125
131.0,3.50525,3.295375
131.0,3.503875,3.296
131.0,3.503375,3.296125
131.0,3.50325,3.296
131.0,3.502875,3.296
131.0,3.502875,3.296
131.0,3.502125,3.29625
131.0,3.5025,3.296625
131.0,3.504,3.297
131.0,3.5045,3.29725
131.0,3.504,3.296875
131.0,3.503875,3.29575
131.0,3.5035,3.295375
131.0,3.503625,3.295875
131.0,3.5045,3.296
131.0,3.505625,3.295625
131.0,3.505875,3.294875
131.0,3.505125,3.295125
131.0,3.503875,3.295875
131.0,3.503375,3.295625
131.0,3.502875,3.295875
131.0,3.502875,3.295875
131.0,3.502625,3.296125
131.0,3.50225,3.296125
131.0,3.502875,3.296625
131.0,3.5035,3.297125
131.0,3.50425,3.297125
131.0,3.50425,3.296375
131.0,3.504125,3.295
131.0,3.504,3.294875
131.0,3.503375,3.295625
131.0,3.50475,3.29575
131.0,3.50575,3.295125
131.0,3.505375,3.295
131.0,3.504625,3.2955
131.0,3.503625,3.295875
131.0,3.503625,3.2955
131.0,3.503625,3.2955
131.0,3.50325,3.295875
131.0,3.502875,3.296125
131.0,3.503125,3.296375
131.0,3.503375,3.296875
131.0,3.50425,3.297375
131.0,3.504375,3.296875
131.0,3.504,3.29575
131.0,3.504,3.295
131.0,3.503625,3.295125
131.0,3.503375,3.295875
131.0,3.50475,3.295875
131.0,3.50575,3.295125
131.0,3.505375,3.295
131.0,3.504,3.2955
131.0,3.503375,3.29575
131.0,3.503375,3.29575
131.0,3.503375,3.295625
131.0,3.50325,3.296
131.0,3.502625,3.296125
131.0,3.50275,3.296375
131.0,3.504,3.297
131.0,3.504875,3.297375
131.0,3.50425,3.296875
131.0,3.50425,3.296
131.0,3.50375,3.29525
131.0,3.503,3.2955
131.0,3.503875,3.295875
131.0,3.505125,3.29575
131.0,3.505375,3.295125
131.0,3.505125,3.295625
131.0,3.504,3.296375
131.0,3.50325,3.296375
131.0,3.50325,3.296
131.0,3.50325,3.296
131.0,3.503,3.29625
131.0,3.503125,3.296375
131.0,3.503,3.2965
131.0,3.504125,3.297125
131.0,3.504625,3.297375
131.0,3.504,3.296375
131.0,3.503875,3.29525
131.0,3.503375,3.295125
131.0,3.503,3.29575
131.0,3.50425,3.296
131.0,3.505875,3.29525
131.0,3.50575,3.295125
131.0,3.504375,3.2955
131.0,3.50375,3.295625
131.0,3.50375,3.295625
131.0,3.503625,3.295375
131.0,3.503125,3.295625
131.0,3.502625,3.296125
131.0,3.5025,3.296375
131.0,3.503125,3.296875
131.0,3.504375,3.29725
131.0,3.5045,3.296875
131.0,3.503625,3.296
131.0,3.503875,3.295
131.0,3.50375,3.29525
131.0,3.503375,3.29575
131.0,3.5045,3.295625
131.0,3.505375,3.295
131.0,3.50525,3.295125
131.0,3.50475,3.29575
131.0,3.50475,3.29575
131.0,3.5035,3.29575
131.0,3.503125,3.29525
131.0,3.503,3.295875
131.0,3.503,3.29625
131.0,3.50275,3.29625
131.0,3.503625,3.296875
131.0,3.5045,3.297
131.0,3.504375,3.296625
131.0,3.504375,3.29575
131.0,3.50375,3.295125
131.0,3.503,3.2955
131.0,3.503875,3.296
131.0,3.5055,3.2955
131.0,3.5055,3.295
131.0,3.504875,3.295375
131.0,3.504875,3.295375
131.0,3.504125,3.29625
131.0,3.503375,3.296
131.0,3.503375,3.295625
131.0,3.503375,3.29625
131.0,3.502375,3.29625
131.0,3.50275,3.296375
131.0,3.503875,3.296875
131.0,3.50425,3.296875
131.0,3.503875,3.29675
131.0,3.504,3.296125
131.0,3.50375,3.295625
131.0,3.503375,3.295625
131.0,3.5045,3.295875
131.0,3.505625,3.2955
132.0,3.505375,3.26575
132.0,3.50425,3.266625
132.0,3.50325,3.266875
132.0,3.503,3.266625
132.0,3.502875,3.266625
132.0,3.50225,3.26675
132.0,3.502,3.267
132.0,3.5035,3.2675
132.0,3.5035,3.2675
132.0,3.50475,3.267625
132.0,3.504125,3.267375
132.0,3.503625,3.266375
132.0,3.503375,3.265875
132.0,3.50325,3.266125
132.0,3.504,3.266375
132.0,3.50475,3.266125
132.0,3.50475,3.2655
132.0,3.504625,3.265875
132.0,3.50375,3.26675
132.0,3.503625,3.266375
132.0,3.503125,3.266375
132.0,3.50275,3.266875
132.0,3.50225,3.266875
132.0,3.502875,3.26725
132.0,3.5035,3.267625
132.0,3.5035,3.267625
132.0,3.504125,3.2675
132.0,3.503875,3.267125
132.0,3.5035,3.266375
132.0,3.50325,3.266125
132.0,3.50325,3.2665
132.0,3.503875,3.266375
132.0,3.505,3.266125
132.0,3.505375,3.2655
132.0,3.505,3.266
132.0,3.50375,3.26675
132.0,3.503375,3.2665
132.0,3.503375,3.2665
132.0,3.502875,3.266875
132.0,3.502375,3.267
132.0,3.50275,3.267375
132.0,3.50275,3.267375
132.0,3.504,3.26775
132.0,3.504125,3.26775
132.0,3.5035,3.267
132.0,3.503125,3.266
132.0,3.502875,3.266
132.0,3.50325,3.266375
132.0,3.504375,3.2665
132.0,3.504875,3.266
132.0,3.504875,3.265625
132.0,3.503875,3.26625
132.0,3.50325,3.2665
132.0,3.50325,3.2665
132.0,3.502875,3.266625
132.0,3.50275,3.267
132.0,3.5025,3.267
132.0,3.5025,3.267
132.0,3.503375,3.2675
132.0,3.5045,3.268
132.0,3.504375,3.2675
132.0,3.504125,3.26625
132.0,3.504,3.26575
132.0,3.503375,3.266125
132.0,3.50375,3.266375
132.0,3.505,3.266375
132.0,3.505375,3.266
132.0,3.505125,3.26575
132.0,3.503875,3.26625
132.0,3.5035,3.266375
132.0,3.5035,3.2665
132.0,3.503125,3.26675
132.0,3.50275,3.266875
132.0,3.50275,3.266875
132.0,3.502625,3.26725
132.0,3.503375,3.26775
132.0,3.504625,3.26775
132.0,3.5045,3.26725
132.0,3.50375,3.2665
132.0,3.50375,3.266
132.0,3.5035,3.26625
132.0,3.504125,3.2665
132.0,3.505375,3.26625
132.0,3.505625,3.265875
132.0,3.504875,3.266
132.0,3.503875,3.2665
132.0,3.503375,3.266375
132.0,3.50325,3.2665
132.0,3.502625,3.266875
132.0,3.502375,3.267
132.0,3.502375,3.267
132.0,3.50275,3.2675
132.0,3.5035,3.268
132.0,3.50425,3.267875
132.0,3.503625,3.267125
132.0,3.503375,3.26625
132.0,3.503,3.26625
132.0,3.503375,3.2665
132.0,3.505,3.2665
132.0,3.5055,3.266125
132.0,3.505375,3.265875
132.0,3.504375,3.2665
132.0,3.503,3.26675
132.0,3.502875,3.26625
132.0,3.503125,3.26675
132.0,3.50275,3.26675
132.0,3.50275,3.26675
132.0,3.502625,3.266875
132.0,3.5035,3.267625
132.0,3.50425,3.267875
132.0,3.504125,3.267625
132.0,3.503375,3.266625
132.0,3.503,3.265875
132.0,3.503,3.266125
132.0,3.50325,3.2665
132.0,3.504625,3.2665
132.0,3.50575,3.265875
132.0,3.505125,3.26575
132.0,3.504375,3.266375
132.0,3.503375,3.26675
132.0,3.503,3.266625
132.0,3.50275,3.267
132.0,3.50275,3.267
132.0,3.5025,3.267
132.0,3.502625,3.26725
132.0,3.503375,3.26775
132.0,3.5045,3.26775
132.0,3.503875,3.26775
132.0,3.50325,3.2665
132.0,3.5035,3.265875
132.0,3.503,3.266125
132.0,3.503875,3.266625
132.0,3.504875,3.266375
132.0,3.505375,3.265875
132.0,3.505,3.26625
132.0,3.503625,3.26675
132.0,3.503125,3.2665
132.0,3.502625,3.266625
132.0,3.502625,3.266625
132.0,3.502375,3.266875
132.0,3.502375,3.267
132.0,3.502875,3.2675
132.0,3.504,3.26775
132.0,3.50475,3.2675
132.0,3.504375,3.267
132.0,3.503875,3.26625
132.0,3.5035,3.26625
132.0,3.502875,3.26675
132.0,3.504125,3.266625
132.0,3.50575,3.266
132.0,3.50575,3.265875
132.0,3.504875,3.2665
132.0,3.503375,3.266875
132.0,3.502875,3.2665
132.0,3.502875,3.2665
132.0,3.502625,3.266625
132.0,3.502,3.267
132.0,3.502125,3.267
132.0,3.503375,3.267625
132.0,3.504375,3.267875
132.0,3.504,3.26725
132.0,3.5035,3.266875
132.0,3.503625,3.266
132.0,3.5035,3.26625
132.0,3.503875,3.2665
132.0,3.50475,3.26625
132.0,3.50525,3.265875
132.0,3.505375,3.265875
132.0,3.504375,3.266375
133.0,3.50225,3.236
133.0,3.503125,3.2365
133.0,3.504125,3.236875
133.0,3.50425,3.23675
133.0,3.503875,3.235875
133.0,3.504,3.235
133.0,3.503625,3.235
133.0,3.503625,3.2355
133.0,3.503625,3.2355
133.0,3.504875,3.2355
133.0,3.5055,3.23475
133.0,3.50525,3.234875
133.0,3.504875,3.235625
133.0,3.503875,3.23575
133.0,3.503375,3.235375
133.0,3.503375,3.235625
133.0,3.503125,3.236
133.0,3.503,3.23625
133.0,3.504,3.23675
133.0,3.504875,3.236875
133.0,3.5045,3.236375
133.0,3.503625,3.2355
133.0,3.503875,3.23475
133.0,3.5035,3.235
133.0,3.50325,3.235625
133.0,3.50325,3.235625
133.0,3.504625,3.235375
133.0,3.50575,3.23475
133.0,3.5055,3.23525
133.0,3.504125,3.23575
133.0,3.503375,3.235625
133.0,3.503375,3.2355
133.0,3.503,3.236
133.0,3.502625,3.236
133.0,3.502875,3.236375
133.0,3.504125,3.236875
133.0,3.504625,3.2365
133.0,3.503875,3.236125
133.0,3.504,3.2355
133.0,3.503875,3.235125
133.0,3.503375,3.2355
133.0,3.503375,3.2355
133.0,3.504,3.23575
133.0,3.505125,3.235375
133.0,3.505375,3.234875
133.0,3.504375,3.23525
133.0,3.503375,3.23575
133.0,3.5035,3.235625
133.0,3.503125,3.23575
133.0,3.502375,3.235875
133.0,3.50225,3.236
133.0,3.50275,3.2365
133.0,3.504,3.237
133.0,3.505125,3.23675
133.0,3.504,3.236125
133.0,3.5035,3.23525
133.0,3.50325,3.235125
133.0,3.50325,3.235125
133.0,3.503,3.235375
133.0,3.504625,3.2355
133.0,3.50575,3.235125
133.0,3.505625,3.23475
133.0,3.504875,3.23575
133.0,3.504,3.236125
133.0,3.50325,3.235625
133.0,3.503,3.235875
133.0,3.50275,3.236125
133.0,3.502625,3.236125
133.0,3.5035,3.23675
133.0,3.5045,3.237125
133.0,3.504,3.236375
133.0,3.5035,3.235625
133.0,3.50375,3.234875
133.0,3.50375,3.23525
133.0,3.50325,3.23525
133.0,3.503875,3.235625
133.0,3.505,3.235375
133.0,3.50525,3.234875
133.0,3.505,3.234875
133.0,3.504375,3.235625
133.0,3.5035,3.235875
133.0,3.503625,3.235875
133.0,3.503125,3.235875
133.0,3.50225,3.236
133.0,3.502375,3.23625
133.0,3.50375,3.236875
133.0,3.505125,3.23675
133.0,3.504625,3.2365
133.0,3.50375,3.2355
133.0,3.50375,3.235125
133.0,3.503625,3.235125
133.0,3.503375,3.2355
133.0,3.504,3.235625
133.0,3.505,3.235125
133.0,3.5055,3.234625
133.0,3.505375,3.235125
133.0,3.503875,3.2355
133.0,3.503375,3.235125
133.0,3.503125,3.235375
133.0,3.503125,3.235875
133.0,3.5025,3.236
133.0,3.5025,3.236375
133.0,3.503875,3.236875
133.0,3.504375,3.23675
133.0,3.50375,3.235875
133.0,3.503875,3.234875
133.0,3.503875,3.234875
133.0,3.503625,3.234875
133.0,3.50325,3.235375
133.0,3.504,3.2355
133.0,3.505,3.235
133.0,3.505,3.234625
133.0,3.504375,3.235375
133.0,3.503875,3.23575
133.0,3.5035,3.235375
133.0,3.5035,3.23575
133.0,3.503,3.23575
133.0,3.503,3.235875
133.0,3.503375,3.236625
133.0,3.504,3.236625
133.0,3.504375,3.2365
133.0,3.50375,3.236
133.0,3.50375,3.236
133.0,3.5035,3.23525
133.0,3.5035,3.23525
133.0,3.503625,3.2355
133.0,3.504625,3.235375
133.0,3.505375,3.234875
133.0,3.505125,3.234875
133.0,3.50425,3.23525
133.0,3.503375,3.2355
133.0,3.503,3.235625
133.0,3.502625,3.23575
133.0,3.502375,3.235875
133.0,3.5025,3.236125
133.0,3.5035,3.23675
133.0,3.504375,3.236625
133.0,3.50425,3.236125
133.0,3.50425,3.236125
133.0,3.503875,3.235375
133.0,3.503625,3.23475
133.0,3.50325,3.23525
133.0,3.50375,3.235625
133.0,3.505375,3.23525
133.0,3.505625,3.234625
133.0,3.505375,3.234875
133.0,3.50425,3.235625
133.0,3.5035,3.235375
133.0,3.5035,3.235625
133.0,3.502875,3.236
133.0,3.502625,3.236125
133.0,3.502875,3.236375
133.0,3.503625,3.236875
133.0,3.504125,3.23675
133.0,3.504125,3.236375
133.0,3.503875,3.236375
133.0,3.504,3.235375
133.0,3.5035,3.23525
133.0,3.503125,3.235625
133.0,3.504125,3.235625
133.0,3.505375,3.235125
133.0,3.5055,3.23475
133.0,3.505,3.235375
133.0,3.50375,3.2355
133.0,3.5035,3.2355
133.0,3.502875,3.23575
133.0,3.502375,3.236
133.0,3.502625,3.236125
133.0,3.503375,3.236625
134.0,3.50225,3.2045
134.0,3.502125,3.204625
134.0,3.503125,3.205125
134.0,3.50425,3.20525
134.0,3.504375,3.204875
134.0,3.503875,3.204
134.0,3.504,3.20375
134.0,3.50375,3.20375
134.0,3.50375,3.20375
134.0,3.503625,3.203875
134.0,3.5045,3.203625
134.0,3.505375,3.203125
134.0,3.505125,3.2035
134.0,3.503625,3.204375
134.0,3.502875,3.203875
134.0,3.503375,3.204125
134.0,3.503,3.204375
134.0,3.50225,3.2045
134.0,3.50225,3.20475
134.0,3.503125,3.20525
134.0,3.50425,3.20525
134.0,3.503875,3.20475
134.0,3.503625,3.2035
134.0,3.5035,3.2035
134.0,3.503625,3.2035
134.0,3.503625,3.203875
134.0,3.504,3.204
134.0,3.505,3.2035
134.0,3.505875,3.203125
134.0,3.50525,3.203625
134.0,3.50375,3.20425
134.0,3.503125,3.203875
134.0,3.503125,3.204125
134.0,3.5025,3.2045
134.0,3.502,3.204625
134.0,3.50275,3.205
134.0,3.50425,3.20525
134.0,3.5045,3.205125
134.0,3.504,3.204375
134.0,3.50375,3.20375
134.0,3.503625,3.203875
134.0,3.503625,3.203875
134.0,3.50375,3.204
134.0,3.50475,3.204
134.0,3.5055,3.20325
134.0,3.504875,3.20325
134.0,3.503875,3.204125
134.0,3.50325,3.204
134.0,3.503,3.203875
134.0,3.50275,3.20425
134.0,3.50275,3.204375
134.0,3.502625,3.2045
134.0,3.503,3.205125
134.0,3.504125,3.205125
134.0,3.504125,3.204625
134.0,3.503375,3.204125
134.0,3.5035,3.203625
134.0,3.5035,3.203625
134.0,3.503125,3.203625
134.0,3.503625,3.204
134.0,3.504875,3.203875
134.0,3.5055,3.20325
134.0,3.505375,3.203375
134.0,3.504125,3.204125
134.0,3.503375,3.204
134.0,3.50325,3.204125
134.0,3.50275,3.2045
134.0,3.502125,3.2045
134.0,3.502375,3.2045
134.0,3.503875,3.20525
134.0,3.5045,3.205375
134.0,3.503625,3.20475
134.0,3.50325,3.203625
134.0,3.50325,3.203625
134.0,3.503625,3.203375
134.0,3.503375,3.204125
134.0,3.504125,3.204
134.0,3.50525,3.203625
134.0,3.505375,3.203375
134.0,3.505,3.2035
134.0,3.5035,3.204125
134.0,3.503,3.204
134.0,3.503,3.204125
134.0,3.502375,3.2045
134.0,3.502,3.2045
134.0,3.502875,3.205
134.0,3.50425,3.2055
134.0,3.5045,3.205375
134.0,3.504,3.2045
134.0,3.503625,3.2045
134.0,3.503625,3.203625
134.0,3.503375,3.203625
134.0,3.5035,3.204125
134.0,3.50425,3.204125
134.0,3.50475,3.2035
134.0,3.504875,3.203125
134.0,3.50425,3.203875
134.0,3.50325,3.204125
134.0,3.503,3.204125
134.0,3.502875,3.20425
134.0,3.502625,3.2045
134.0,3.5025,3.2045
134.0,3.503,3.205125
134.0,3.504125,3.20525
134.0,3.504375,3.204875
134.0,3.50375,3.204
134.0,3.50375,3.204
134.0,3.50375,3.203375
134.0,3.5035,3.203875
134.0,3.503375,3.204125
134.0,3.504875,3.204125
134.0,3.505625,3.203625
134.0,3.505125,3.203625
134.0,3.504,3.2045
134.0,3.50325,3.204375
134.0,3.50325,3.20375
134.0,3.502875,3.204125
134.0,3.502375,3.2045
134.0,3.502375,3.20475
134.0,3.503625,3.20525
134.0,3.50425,3.205375
134.0,3.503875,3.205125
134.0,3.503875,3.205125
134.0,3.50375,3.204125
134.0,3.503625,3.2035
134.0,3.503,3.204
134.0,3.50375,3.204125
134.0,3.505375,3.203625
134.0,3.50575,3.203125
134.0,3.504625,3.203625
134.0,3.503375,3.204375
134.0,3.503375,3.204
134.0,3.502875,3.203875
134.0,3.502375,3.20425
134.0,3.5025,3.204375
134.0,3.502875,3.204875
134.0,3.50325,3.205375
134.0,3.503625,3.205125
134.0,3.503625,3.205125
134.0,3.50375,3.2045
134.0,3.5035,3.203625
134.0,3.503,3.20375
134.0,3.503,3.203875
134.0,3.504375,3.203875
134.0,3.5055,3.203375
134.0,3.50525,3.203125
134.0,3.50425,3.2035
134.0,3.5035,3.203875
134.0,3.503,3.203875
134.0,3.50225,3.204125
134.0,3.50225,3.204625
134.0,3.5025,3.204625
134.0,3.503,3.205
134.0,3.50375,3.2055
134.0,3.50375,3.2055
134.0,3.50425,3.205375
134.0,3.50375,3.2045
134.0,3.5035,3.203625
134.0,3.502875,3.20375
134.0,3.50325,3.204125
134.0,3.50475,3.203875
134.0,3.505125,3.203375
134.0,3.5045,3.20325
134.0,3.503625,3.204
134.0,3.503,3.20425
134.0,3.503,3.203875
134.0,3.503,3.20425
134.0,3.502,3.204375
134.0,3.502,3.204625
135.0,3.5055,3.169
135.0,3.504375,3.169625
135.0,3.503125,3.17
135.0,3.502625,3.169625
135.0,3.50275,3.169875
135.0,3.502375,3.17
135.0,3.50275,3.170125
135.0,3.50325,3.1705
135.0,3.50325,3.1705
135.0,3.504125,3.170875
135.0,3.50425,3.17075
135.0,3.504,3.169875
135.0,3.504,3.169
135.0,3.5035,3.16925
135.0,3.503375,3.1695
135.0,3.504625,3.16925
135.0,3.505125,3.16875
135.0,3.504875,3.168875
135.0,3.50425,3.169625
135.0,3.503875,3.169375
135.0,3.50325,3.169375
135.0,3.502875,3.16975
135.0,3.502625,3.169875
135.0,3.502875,3.17025
135.0,3.5035,3.171
135.0,3.5035,3.171
135.0,3.504625,3.171125
135.0,3.50425,3.170375
135.0,3.503875,3.1695
135.0,3.50375,3.169125
135.0,3.50325,3.169375
135.0,3.50375,3.1695
135.0,3.505125,3.16925
135.0,3.505625,3.168875
135.0,3.504875,3.16925
135.0,3.50375,3.169625
135.0,3.5035,3.16925
135.0,3.503,3.1695
135.0,3.5025,3.169875
135.0,3.501875,3.17
135.0,3.502625,3.170375
135.0,3.502625,3.170375
135.0,3.504125,3.171
135.0,3.5045,3.171
135.0,3.504,3.17025
135.0,3.5035,3.169375
135.0,3.503375,3.169125
135.0,3.503125,3.169625
135.0,3.504,3.169625
135.0,3.505375,3.169125
135.0,3.50525,3.168875
135.0,3.5045,3.169625
135.0,3.50375,3.170125
135.0,3.503,3.16975
135.0,3.502875,3.169625
135.0,3.503,3.170125
135.0,3.502375,3.170125
135.0,3.502375,3.170125
135.0,3.502625,3.170625
135.0,3.50375,3.171
135.0,3.504375,3.170625
135.0,3.504125,3.170125
135.0,3.503875,3.169
135.0,3.50325,3.169125
135.0,3.503375,3.1695
135.0,3.504875,3.169375
135.0,3.505375,3.168875
135.0,3.505375,3.169
135.0,3.504375,3.169375
135.0,3.503125,3.169375
135.0,3.503,3.1695
135.0,3.502875,3.169875
135.0,3.50275,3.16975
135.0,3.50275,3.16975
135.0,3.502625,3.17
135.0,3.503375,3.17075
135.0,3.504,3.171
135.0,3.50375,3.170375
135.0,3.503625,3.169125
135.0,3.504125,3.16875
135.0,3.503625,3.16925
135.0,3.504,3.1695
135.0,3.505125,3.16925
135.0,3.50525,3.168875
135.0,3.504875,3.16925
135.0,3.504125,3.17
135.0,3.5035,3.16975
135.0,3.503125,3.1695
135.0,3.503,3.17
135.0,3.5025,3.169875
135.0,3.5025,3.169875
135.0,3.502375,3.170375
135.0,3.503625,3.171125
135.0,3.50425,3.171125
135.0,3.50375,3.170625
135.0,3.503625,3.169625
135.0,3.50375,3.16925
135.0,3.503375,3.1695
135.0,3.504125,3.169625
135.0,3.505375,3.169125
135.0,3.505125,3.168875
135.0,3.504125,3.1695
135.0,3.503375,3.17
135.0,3.503625,3.16975
135.0,3.50325,3.169875
135.0,3.50275,3.17
135.0,3.50275,3.17
135.0,3.502625,3.17
135.0,3.503125,3.1705
135.0,3.504125,3.171
135.0,3.50425,3.170625
135.0,3.504375,3.17
135.0,3.50425,3.169375
135.0,3.50375,3.169375
135.0,3.50375,3.169625
135.0,3.504375,3.169375
135.0,3.5055,3.169
135.0,3.505875,3.168875
135.0,3.50475,3.16975
135.0,3.503875,3.17
135.0,3.503375,3.169375
135.0,3.503,3.169625
135.0,3.503,3.169625
135.0,3.50275,3.17
135.0,3.502625,3.170125
135.0,3.50375,3.170875
135.0,3.50475,3.171125
135.0,3.50425,3.1705
135.0,3.504,3.1695
135.0,3.50375,3.16925
135.0,3.5035,3.169625
135.0,3.504125,3.169625
135.0,3.505,3.169375
135.0,3.50525,3.168875
135.0,3.505625,3.169125
135.0,3.50475,3.16975
135.0,3.50325,3.169625
135.0,3.502875,3.169625
135.0,3.502875,3.169625
135.0,3.5025,3.169875
135.0,3.502375,3.17
135.0,3.50275,3.170375
135.0,3.503375,3.170625
135.0,3.504,3.1705
135.0,3.50425,3.169875
135.0,3.504125,3.169125
135.0,3.50375,3.168875
135.0,3.503375,3.169625
135.0,3.503875,3.16975
135.0,3.505125,3.169375
135.0,3.505375,3.168625
135.0,3.504875,3.16875
135.0,3.503875,3.16925
135.0,3.503375,3.16925
135.0,3.503,3.16925
135.0,3.503,3.169625
135.0,3.503,3.17
135.0,3.5025,3.17
135.0,3.502625,3.1705
135.0,3.503875,3.171
135.0,3.50425,3.17075
135.0,3.50375,3.169875
135.0,3.50375,3.16875
135.0,3.503625,3.16925
135.0,3.50375,3.169625
135.0,3.504625,3.1695
135.0,3.505125,3.169
135.0,3.504875,3.16875
135.0,3.5045,3.16925
136.0,3.504375,3.134
136.0,3.5045,3.1335
136.0,3.504,3.13275
136.0,3.5035,3.132125
136.0,3.503125,3.1325
136.0,3.5035,3.132875
136.0,3.50475,3.132625
136.0,3.50525,3.132125
136.0,3.50525,3.132125
136.0,3.505125,3.132375
136.0,3.50375,3.133125
136.0,3.502625,3.133
136.0,3.502375,3.133
136.0,3.502375,3.13325
136.0,3.502,3.133375
136.0,3.50225,3.133625
136.0,3.5035,3.134125
136.0,3.50425,3.13425
136.0,3.50375,3.133875
136.0,3.503625,3.133
136.0,3.503,3.13275
136.0,3.50275,3.133
136.0,3.503625,3.132875
136.0,3.5045,3.1325
136.0,3.504875,3.132375
136.0,3.504875,3.132375
136.0,3.504625,3.132625
136.0,3.503625,3.133125
136.0,3.503,3.132875
136.0,3.503,3.133
136.0,3.502875,3.13325
136.0,3.502,3.1335
136.0,3.502375,3.133875
136.0,3.50375,3.134375
136.0,3.504125,3.133875
136.0,3.503625,3.133375
136.0,3.50375,3.132625
136.0,3.503375,3.1325
136.0,3.503375,3.132875
136.0,3.50425,3.133125
136.0,3.504875,3.132625
136.0,3.504875,3.132625
136.0,3.505,3.132375
136.0,3.50425,3.132625
136.0,3.503125,3.133375
136.0,3.503125,3.13325
136.0,3.502875,3.133125
136.0,3.50225,3.133375
136.0,3.502125,3.1335
136.0,3.50325,3.13425
136.0,3.50425,3.134375
136.0,3.504,3.133625
136.0,3.503625,3.133
136.0,3.503625,3.132375
136.0,3.502875,3.132625
136.0,3.503125,3.133
136.0,3.50475,3.13275
136.0,3.50475,3.13275
136.0,3.505375,3.132375
136.0,3.505,3.132375
136.0,3.504,3.133125
136.0,3.50325,3.133375
136.0,3.502875,3.133125
136.0,3.502625,3.13325
136.0,3.502125,3.1335
136.0,3.502,3.13375
136.0,3.5035,3.134375
136.0,3.50475,3.13425
136.0,3.50375,3.1335
136.0,3.50325,3.1325
136.0,3.5035,3.132125
136.0,3.50325,3.132875
136.0,3.504,3.133
136.0,3.504,3.133
136.0,3.505,3.1325
136.0,3.5055,3.132125
136.0,3.505,3.132625
136.0,3.503375,3.13325
136.0,3.502875,3.132875
136.0,3.502875,3.133
136.0,3.50225,3.13325
136.0,3.501875,3.13325
136.0,3.502625,3.133625
136.0,3.50375,3.13425
136.0,3.504125,3.134375
136.0,3.50375,3.133875
136.0,3.5035,3.13275
136.0,3.50325,3.1325
136.0,3.50325,3.132875
136.0,3.50325,3.132875
136.0,3.504125,3.133
136.0,3.505125,3.1325
136.0,3.504875,3.132125
136.0,3.504375,3.132625
136.0,3.503625,3.132875
136.0,3.503,3.132625
136.0,3.502625,3.133
136.0,3.502125,3.13325
136.0,3.501875,3.1335
136.0,3.502625,3.13425
136.0,3.503875,3.134625
136.0,3.503875,3.134
136.0,3.50325,3.13325
136.0,3.50325,3.1325
136.0,3.503,3.1325
136.0,3.503375,3.133
136.0,3.503375,3.133
136.0,3.504625,3.132875
136.0,3.505,3.132375
136.0,3.504375,3.132375
136.0,3.5035,3.133125
136.0,3.50325,3.132875
136.0,3.503125,3.1325
136.0,3.502625,3.133125
136.0,3.50175,3.13325
136.0,3.50175,3.1335
136.0,3.50275,3.13425
136.0,3.504,3.134125
136.0,3.503875,3.1335
136.0,3.503125,3.132875
136.0,3.50325,3.1325
136.0,3.50275,3.13275
136.0,3.50275,3.13275
136.0,3.503375,3.133
136.0,3.504875,3.1325
136.0,3.505625,3.132125
136.0,3.5045,3.132125
136.0,3.503625,3.132875
136.0,3.503375,3.133
136.0,3.503,3.133
136.0,3.502125,3.13325
136.0,3.502,3.133125
136.0,3.502375,3.133625
136.0,3.503625,3.134375
136.0,3.50425,3.134
136.0,3.503625,3.13325
136.0,3.50325,3.132625
136.0,3.502875,3.13275
136.0,3.502875,3.13275
136.0,3.50275,3.132875
136.0,3.503875,3.132875
136.0,3.504875,3.13225
136.0,3.505,3.132125
136.0,3.504625,3.132625
136.0,3.503375,3.133
136.0,3.50325,3.13275
136.0,3.502875,3.133125
136.0,3.50225,3.133125
136.0,3.50175,3.133125
136.0,3.5025,3.13375
136.0,3.503625,3.133875
136.0,3.504,3.13375
136.0,3.503625,3.133125
136.0,3.503625,3.1325
136.0,3.50325,3.1325
136.0,3.50325,3.1325
136.0,3.503,3.132875
136.0,3.5045,3.132875
136.0,3.505375,3.132375
136.0,3.50475,3.1325
136.0,3.503625,3.133125
136.0,3.503,3.133125
136.0,3.503125,3.13275
136.0,3.502875,3.13325
136.0,3.501875,3.133375
136.0,3.502125,3.1335
136.0,3.502875,3.134125
136.0,3.50325,3.134375
136.0,3.503,3.134125
137.0,3.503,3.094375
137.0,3.504125,3.09475
137.0,3.504125,3.0945
137.0,3.504,3.094
137.0,3.503875,3.0935
137.0,3.503625,3.0935
137.0,3.5035,3.09375
137.0,3.50425,3.09375
137.0,3.50425,3.09375
137.0,3.5055,3.093125
137.0,3.50575,3.093
137.0,3.5045,3.093625
137.0,3.5035,3.09375
137.0,3.503125,3.0935
137.0,3.503125,3.09375
137.0,3.502625,3.094
137.0,3.50225,3.094
137.0,3.502625,3.094625
137.0,3.503625,3.094875
137.0,3.503875,3.09425
137.0,3.5035,3.093625
137.0,3.503375,3.093125
137.0,3.502875,3.093375
137.0,3.5035,3.09375
137.0,3.5035,3.09375
137.0,3.50525,3.093625
137.0,3.50525,3.09325
137.0,3.504625,3.09325
137.0,3.504125,3.09375
137.0,3.503625,3.09375
137.0,3.503375,3.0935
137.0,3.502875,3.094
137.0,3.502375,3.094125
137.0,3.502375,3.094375
137.0,3.5035,3.095
137.0,3.50425,3.094625
137.0,3.503625,3.094125
137.0,3.50375,3.0935
137.0,3.504,3.093375
137.0,3.503375,3.093625
137.0,3.50375,3.09375
137.0,3.50375,3.09375
137.0,3.504625,3.093375
137.0,3.505,3.093
137.0,3.505125,3.09325
137.0,3.504,3.094
137.0,3.503375,3.093875
137.0,3.503,3.09375
137.0,3.50275,3.094
137.0,3.502375,3.094
137.0,3.503,3.094625
137.0,3.5035,3.09525
137.0,3.504,3.094875
137.0,3.504375,3.09375
137.0,3.504125,3.093375
137.0,3.50325,3.093375
137.0,3.50325,3.093625
137.0,3.50325,3.093625
137.0,3.504625,3.093875
137.0,3.5055,3.09325
137.0,3.505125,3.092875
137.0,3.504375,3.09325
137.0,3.50375,3.0935
137.0,3.50325,3.0935
137.0,3.503,3.094
137.0,3.502375,3.094
137.0,3.50225,3.094125
137.0,3.50275,3.09475
137.0,3.504125,3.09525
137.0,3.5045,3.095
137.0,3.504,3.09375
137.0,3.503875,3.09275
137.0,3.503125,3.09325
137.0,3.503125,3.09325
137.0,3.503375,3.09375
137.0,3.504625,3.0935
137.0,3.505375,3.093
137.0,3.505375,3.09325
137.0,3.50425,3.094
137.0,3.5035,3.093875
137.0,3.502875,3.093625
137.0,3.50275,3.093875
137.0,3.502875,3.094125
137.0,3.50275,3.09425
137.0,3.503,3.094875
137.0,3.504,3.095125
137.0,3.50425,3.09475
137.0,3.504,3.093625
137.0,3.503625,3.093375
137.0,3.503625,3.093375
137.0,3.50325,3.09375
137.0,3.504125,3.09375
137.0,3.5055,3.093375
137.0,3.505875,3.092875
137.0,3.505,3.093375
137.0,3.50375,3.094125
137.0,3.503625,3.09375
137.0,3.50325,3.093875
137.0,3.50275,3.094
137.0,3.502125,3.094
137.0,3.502375,3.094375
137.0,3.50375,3.095
137.0,3.504625,3.09475
137.0,3.50425,3.094375
137.0,3.503625,3.0935
137.0,3.50325,3.0935
137.0,3.50325,3.093375
137.0,3.503625,3.09375
137.0,3.504625,3.09375
137.0,3.505,3.0935
137.0,3.505375,3.092875
137.0,3.505125,3.093375
137.0,3.5035,3.093875
137.0,3.50325,3.0935
137.0,3.50325,3.09375
137.0,3.5025,3.094125
137.0,3.502,3.09425
137.0,3.503125,3.09475
137.0,3.5045,3.095125
137.0,3.504375,3.09475
137.0,3.503875,3.094125
137.0,3.50375,3.093375
137.0,3.50375,3.093375
137.0,3.503125,3.093625
137.0,3.503125,3.094
137.0,3.5045,3.09375
137.0,3.505125,3.09325
137.0,3.505125,3.09325
137.0,3.50425,3.09375
137.0,3.5035,3.093875
137.0,3.50325,3.0935
137.0,3.502875,3.094
137.0,3.50225,3.09425
137.0,3.502625,3.0945
137.0,3.50375,3.095
137.0,3.5045,3.094875
137.0,3.50425,3.0945
137.0,3.503875,3.093375
137.0,3.503875,3.093375
137.0,3.503375,3.093125
137.0,3.50325,3.0935
137.0,3.504,3.09375
137.0,3.505,3.093375
137.0,3.50525,3.093
137.0,3.505125,3.0935
137.0,3.5045,3.094125
137.0,3.5035,3.09375
137.0,3.503125,3.093625
137.0,3.503,3.093875
137.0,3.50225,3.094125
137.0,3.502625,3.0945
137.0,3.50375,3.094875
137.0,3.504,3.095
137.0,3.50325,3.094125
137.0,3.50325,3.094125
137.0,3.50375,3.09325
137.0,3.503625,3.09325
137.0,3.503,3.09375
137.0,3.504125,3.09375
137.0,3.50525,3.09325
137.0,3.50525,3.093125
137.0,3.504,3.09375
137.0,3.50325,3.094
137.0,3.503375,3.093375
137.0,3.502875,3.09375
137.0,3.5025,3.094
137.0,3.5025,3.09425
137.0,3.5035,3.09475
137.0,3.50425,3.095
138.0,3.505125,3.053375
138.0,3.504375,3.054
138.0,3.50325,3.054125
138.0,3.502875,3.054
138.0,3.50275,3.0545
138.0,3.502375,3.0545
138.0,3.50225,3.05475
138.0,3.502875,3.05525
138.0,3.502875,3.05525
138.0,3.503875,3.0555
138.0,3.504,3.054875
138.0,3.5035,3.05425
138.0,3.50375,3.0535
138.0,3.503125,3.053875
138.0,3.50325,3.05425
138.0,3.5045,3.054
138.0,3.505125,3.053625
138.0,3.50475,3.05375
138.0,3.503375,3.054375
138.0,3.50275,3.054375
138.0,3.502875,3.053875
138.0,3.502625,3.05425
138.0,3.502125,3.054625
138.0,3.50225,3.05475
138.0,3.503125,3.05475
138.0,3.503125,3.055375
138.0,3.504125,3.0555
138.0,3.504,3.055125
138.0,3.503625,3.054
138.0,3.503375,3.053625
138.0,3.503125,3.054
138.0,3.503875,3.054125
138.0,3.504875,3.053875
138.0,3.5055,3.0535
138.0,3.505,3.05375
138.0,3.50375,3.054375
138.0,3.503,3.054125
138.0,3.503,3.054
138.0,3.502625,3.05425
138.0,3.50225,3.0545
138.0,3.502375,3.054875
138.0,3.502375,3.054875
138.0,3.50325,3.055625
138.0,3.50425,3.0555
138.0,3.50375,3.0545
138.0,3.503375,3.053625
138.0,3.5035,3.053875
138.0,3.503375,3.054125
138.0,3.504375,3.054375
138.0,3.504875,3.053875
138.0,3.505,3.053375
138.0,3.504625,3.0535
138.0,3.503375,3.054125
138.0,3.502875,3.053875
138.0,3.50275,3.054375
138.0,3.50275,3.0545
138.0,3.502125,3.0545
138.0,3.502125,3.0545
138.0,3.502625,3.055125
138.0,3.504,3.055625
138.0,3.50425,3.055375
138.0,3.50375,3.0545
138.0,3.503625,3.053875
138.0,3.503125,3.054
138.0,3.503375,3.05425
138.0,3.504875,3.054125
138.0,3.505375,3.0535
138.0,3.504875,3.053625
138.0,3.504,3.054125
138.0,3.503125,3.05425
138.0,3.50275,3.0545
138.0,3.5025,3.05475
138.0,3.502375,3.054625
138.0,3.502375,3.054625
138.0,3.502375,3.05475
138.0,3.5025,3.055375
138.0,3.503375,3.055625
138.0,3.503125,3.055125
138.0,3.503,3.05425
138.0,3.503625,3.0535
138.0,3.502875,3.053875
138.0,3.5035,3.05425
138.0,3.505,3.053875
138.0,3.50575,3.053375
138.0,3.504875,3.05375
138.0,3.503625,3.054625
138.0,3.503125,3.0545
138.0,3.50325,3.0545
138.0,3.50275,3.05475
138.0,3.502375,3.05475
138.0,3.502375,3.05475
138.0,3.5025,3.055125
138.0,3.503375,3.0555
138.0,3.5045,3.055375
138.0,3.504,3.054625
138.0,3.503625,3.054
138.0,3.5035,3.054
138.0,3.503125,3.0545
138.0,3.504125,3.054625
138.0,3.505125,3.054125
138.0,3.504875,3.053625
138.0,3.504,3.053875
138.0,3.50325,3.054125
138.0,3.502875,3.054
138.0,3.503375,3.05425
138.0,3.502875,3.054625
138.0,3.502875,3.054625
138.0,3.502,3.05475
138.0,3.502625,3.055125
138.0,3.504125,3.0555
138.0,3.5045,3.055
138.0,3.504,3.0545
138.0,3.503625,3.054
138.0,3.50325,3.054125
138.0,3.503125,3.054375
138.0,3.504125,3.05425
138.0,3.50525,3.05375
138.0,3.504625,3.05375
138.0,3.503875,3.05425
138.0,3.503,3.05475
138.0,3.503,3.05475
138.0,3.50275,3.054625
138.0,3.50275,3.054625
138.0,3.502125,3.05475
138.0,3.5025,3.054875
138.0,3.502875,3.0555
138.0,3.50325,3.055625
138.0,3.503625,3.055125
138.0,3.503625,3.0545
138.0,3.503375,3.054125
138.0,3.502875,3.05425
138.0,3.50325,3.0545
138.0,3.504375,3.054125
138.0,3.505,3.05375
138.0,3.504875,3.053875
138.0,3.503625,3.054375
138.0,3.50275,3.05425
138.0,3.502375,3.053875
138.0,3.502375,3.053875
138.0,3.502375,3.054375
138.0,3.502125,3.054625
138.0,3.502,3.055125
138.0,3.503125,3.055625
138.0,3.50425,3.055375
138.0,3.504,3.05475
138.0,3.503625,3.054
138.0,3.50325,3.053875
138.0,3.50275,3.05425
138.0,3.5035,3.054375
138.0,3.504375,3.054
138.0,3.505,3.053375
138.0,3.504375,3.054125
138.0,3.50325,3.05475
138.0,3.50325,3.054625
138.0,3.503125,3.054625
138.0,3.503125,3.054625
138.0,3.502375,3.05475
138.0,3.502125,3.054625
138.0,3.502625,3.055
138.0,3.503625,3.055625
138.0,3.504125,3.055375
138.0,3.50325,3.05425
138.0,3.503625,3.0535
138.0,3.503375,3.05375
138.0,3.503375,3.05425
138.0,3.504375,3.054125
138.0,3.50525,3.053875
138.0,3.505375,3.053625
138.0,3.50425,3.054375
139.0,3.505125,3.01325
139.0,3.50575,3.012625
139.0,3.504875,3.012875
139.0,3.503875,3.013375
139.0,3.503,3.013
139.0,3.50275,3.013375
139.0,3.50225,3.013625
139.0,3.502125,3.01375
139.0,3.502125,3.01375
139.0,3.502875,3.014
139.0,3.504125,3.014375
139.0,3.504,3.01425
139.0,3.503625,3.013625
139.0,3.50375,3.012875
139.0,3.503,3.013
139.0,3.502625,3.013375
139.0,3.504125,3.013375
139.0,3.50525,3.013
139.0,3.505125,3.0125
139.0,3.50425,3.013125
139.0,3.503125,3.013375
139.0,3.50275,3.01325
139.0,3.502375,3.0135
139.0,3.502125,3.01375
139.0,3.502125,3.013875
139.0,3.502,3.013875
139.0,3.503125,3.0145
139.0,3.50425,3.014875
139.0,3.503875,3.01425
139.0,3.503375,3.013625
139.0,3.503625,3.013125
139.0,3.503,3.01325
139.0,3.503,3.01325
139.0,3.50475,3.013125
139.0,3.50575,3.012625
139.0,3.505,3.012375
139.0,3.5035,3.0135
139.0,3.503,3.013625
139.0,3.503125,3.013
139.0,3.502875,3.0135
139.0,3.502375,3.01375
139.0,3.502375,3.01375
139.0,3.50225,3.01375
139.0,3.503125,3.01425
139.0,3.50425,3.014125
139.0,3.503875,3.013625
139.0,3.5035,3.013
139.0,3.5035,3.01275
139.0,3.502875,3.013125
139.0,3.503375,3.01325
139.0,3.50475,3.013125
139.0,3.505125,3.01275
139.0,3.505,3.012875
139.0,3.503625,3.013375
139.0,3.502875,3.01325
139.0,3.50275,3.0135
139.0,3.503,3.01375
139.0,3.503,3.01375
139.0,3.50225,3.0135
139.0,3.50225,3.013875
139.0,3.50325,3.014625
139.0,3.504125,3.01425
139.0,3.503875,3.013625
139.0,3.5035,3.013125
139.0,3.503,3.01275
139.0,3.503125,3.013
139.0,3.504125,3.013375
139.0,3.50525,3.01275
139.0,3.50525,3.0125
139.0,3.5045,3.0135
139.0,3.5035,3.01375
139.0,3.50325,3.013375
139.0,3.503375,3.013625
139.0,3.503375,3.013625
139.0,3.503,3.01375
139.0,3.502375,3.01375
139.0,3.502875,3.014125
139.0,3.504,3.0145
139.0,3.504,3.014
139.0,3.503625,3.01325
139.0,3.5035,3.012875
139.0,3.50325,3.013
139.0,3.503,3.013375
139.0,3.504125,3.01325
139.0,3.505,3.012875
139.0,3.505,3.012875
139.0,3.504125,3.0135
139.0,3.5035,3.0135
139.0,3.503,3.013125
139.0,3.50275,3.013125
139.0,3.50275,3.0135
139.0,3.502375,3.013875
139.0,3.50225,3.013875
139.0,3.503,3.014625
139.0,3.50425,3.014625
139.0,3.504,3.014125
139.0,3.50325,3.0135
139.0,3.503375,3.012625
139.0,3.503,3.013
139.0,3.503625,3.01325
139.0,3.504625,3.013125
139.0,3.50525,3.0125
139.0,3.50475,3.013125
139.0,3.503375,3.013875
139.0,3.50275,3.013625
139.0,3.503125,3.01325
139.0,3.503125,3.01325
139.0,3.502875,3.0135
139.0,3.502125,3.01375
139.0,3.502,3.014125
139.0,3.50325,3.014625
139.0,3.504,3.014625
139.0,3.50375,3.013875
139.0,3.5035,3.01325
139.0,3.503125,3.01325
139.0,3.502875,3.013375
139.0,3.503625,3.013375
139.0,3.505125,3.013
139.0,3.505375,3.012625
139.0,3.504375,3.013
139.0,3.503,3.0135
139.0,3.50275,3.013625
139.0,3.50275,3.013625
139.0,3.503125,3.013625
139.0,3.502625,3.01375
139.0,3.502,3.01375
139.0,3.50225,3.01425
139.0,3.50375,3.01475
139.0,3.504375,3.0145
139.0,3.503375,3.01375
139.0,3.503375,3.012875
139.0,3.503125,3.013125
139.0,3.503375,3.0135
139.0,3.504625,3.013375
139.0,3.505125,3.013
139.0,3.505125,3.013
139.0,3.503875,3.01375
139.0,3.502875,3.01375
139.0,3.502875,3.01375
139.0,3.503,3.01325
139.0,3.503,3.013625
139.0,3.5025,3.013625
139.0,3.50225,3.013875
139.0,3.503,3.014625
139.0,3.504,3.01475
139.0,3.5045,3.014
139.0,3.504125,3.01325
139.0,3.5035,3.01275
139.0,3.503125,3.013
139.0,3.503625,3.013375
139.0,3.5045,3.01325
139.0,3.505125,3.01275
139.0,3.505,3.01325
139.0,3.50425,3.014
139.0,3.503375,3.0135
139.0,3.503375,3.0135
139.0,3.502875,3.013375
139.0,3.502375,3.01375
139.0,3.50225,3.013875
139.0,3.502375,3.014
139.0,3.5035,3.014625
139.0,3.50425,3.014375
139.0,3.504125,3.013875
139.0,3.504,3.013375
139.0,3.503875,3.013
139.0,3.50325,3.01325
139.0,3.504125,3.013375
139.0,3.505,3.013125
139.0,3.50525,3.012625
140.0,3.502625,2.969625
140.0,3.502375,2.97
140.0,3.501875,2.97
140.0,3.502125,2.9705
140.0,3.503125,2.971
140.0,3.503625,2.970875
140.0,3.5035,2.970375
140.0,3.503125,2.96925
140.0,3.503125,2.96925
140.0,3.503,2.96925
140.0,3.502875,2.969625
140.0,3.503625,2.96975
140.0,3.505125,2.969375
140.0,3.505625,2.968875
140.0,3.5045,2.96925
140.0,3.50325,2.969875
140.0,3.50325,2.969875
140.0,3.50275,2.97
140.0,3.50225,2.97
140.0,3.50175,2.970375
140.0,3.50225,2.970875
140.0,3.503875,2.971125
140.0,3.504,2.970875
140.0,3.503375,2.970375
140.0,3.503375,2.969625
140.0,3.50325,2.969625
140.0,3.50275,2.969375
140.0,3.50275,2.96975
140.0,3.504125,2.969875
140.0,3.505,2.9695
140.0,3.50475,2.96925
140.0,3.50425,2.969625
140.0,3.50325,2.96975
140.0,3.50275,2.9695
140.0,3.502625,2.97
140.0,3.502375,2.970125
140.0,3.502375,2.97025
140.0,3.503125,2.97075
140.0,3.504,2.970625
140.0,3.504375,2.97075
140.0,3.503875,2.970125
140.0,3.503875,2.970125
140.0,3.50325,2.969375
140.0,3.50275,2.969375
140.0,3.5035,2.96975
140.0,3.504875,2.969625
140.0,3.505375,2.969
140.0,3.504375,2.969125
140.0,3.503,2.969625
140.0,3.50275,2.969875
140.0,3.503125,2.969875
140.0,3.502375,2.97
140.0,3.50175,2.970125
140.0,3.502125,2.970375
140.0,3.50325,2.971
140.0,3.50375,2.970875
140.0,3.503375,2.970375
140.0,3.503375,2.970375
140.0,3.50325,2.9695
140.0,3.503125,2.96925
140.0,3.502375,2.96975
140.0,3.503125,2.969875
140.0,3.50475,2.96925
140.0,3.505125,2.969
140.0,3.504625,2.96975
140.0,3.5035,2.97025
140.0,3.503,2.969625
140.0,3.502625,2.96975
140.0,3.50225,2.970125
140.0,3.502125,2.97025
140.0,3.5025,2.970625
140.0,3.503125,2.971125
140.0,3.503875,2.971125
140.0,3.503875,2.971125
140.0,3.503625,2.9705
140.0,3.503125,2.96925
140.0,3.502625,2.969375
140.0,3.502875,2.969875
140.0,3.504,2.96975
140.0,3.504625,2.969125
140.0,3.50475,2.969125
140.0,3.504125,2.970125
140.0,3.503125,2.970375
140.0,3.5025,2.969875
140.0,3.502375,2.970125
140.0,3.50225,2.970125
140.0,3.502,2.970375
140.0,3.502375,2.970875
140.0,3.504,2.970875
140.0,3.504,2.970625
140.0,3.504,2.970625
140.0,3.50325,2.969875
140.0,3.503375,2.969375
140.0,3.50275,2.96975
140.0,3.50325,2.97
140.0,3.504375,2.969625
140.0,3.504625,2.969125
140.0,3.50425,2.969125
140.0,3.503125,2.96975
140.0,3.503125,2.970125
140.0,3.50275,2.97
140.0,3.502,2.97025
140.0,3.502,2.97025
140.0,3.5025,2.970625
140.0,3.50325,2.971125
140.0,3.503625,2.970875
140.0,3.503625,2.970875
140.0,3.503125,2.97025
140.0,3.503375,2.9695
140.0,3.503125,2.969375
140.0,3.50275,2.96975
140.0,3.5035,2.969875
140.0,3.504625,2.969625
140.0,3.505125,2.969125
140.0,3.504625,2.969375
140.0,3.503125,2.97
140.0,3.502375,2.96975
140.0,3.502375,2.97
140.0,3.5025,2.970375
140.0,3.50225,2.97025
140.0,3.5025,2.970625
140.0,3.50325,2.971125
140.0,3.50325,2.971125
140.0,3.50375,2.970875
140.0,3.503625,2.9705
140.0,3.503625,2.96975
140.0,3.503,2.9695
140.0,3.502625,2.969875
140.0,3.503625,2.97
140.0,3.50475,2.9695
140.0,3.505125,2.969125
140.0,3.5045,2.96975
140.0,3.503125,2.97025
140.0,3.502375,2.969875
140.0,3.5025,2.97
140.0,3.502,2.97025
140.0,3.502,2.97025
140.0,3.50275,2.97075
140.0,3.50275,2.97075
140.0,3.503625,2.971125
140.0,3.504,2.970875
140.0,3.50375,2.97025
140.0,3.503125,2.969625
140.0,3.5025,2.969625
140.0,3.502625,2.969875
140.0,3.504,2.96975
140.0,3.504875,2.969125
140.0,3.50475,2.969
140.0,3.503625,2.96975
140.0,3.502875,2.97025
140.0,3.502875,2.97
140.0,3.5025,2.970125
140.0,3.502125,2.970125
140.0,3.502,2.9705
140.0,3.502,2.971
140.0,3.50275,2.971
140.0,3.504,2.971
140.0,3.504,2.970625
140.0,3.503,2.969875
140.0,3.503125,2.969375
140.0,3.503125,2.96975
140.0,3.503375,2.969875
140.0,3.504125,2.969875
140.0,3.504875,2.969375
140.0,3.5045,2.969375
140.0,3.502875,2.969875
140.0,3.502375,2.97025
140.0,3.5025,2.969875
140.0,3.502375,2.970125
141.0,3.505,2.924625
141.0,3.504625,2.92525
141.0,3.5035,2.925625
141.0,3.502875,2.92525
141.0,3.50275,2.925375
141.0,3.50275,2.92575
141.0,3.502125,2.925625
141.0,3.502125,2.926
141.0,3.502125,2.926
141.0,3.50325,2.9265
141.0,3.504125,2.926625
141.0,3.503375,2.926
141.0,3.5035,2.925125
141.0,3.503125,2.925
141.0,3.502875,2.92525
141.0,3.504,2.925375
141.0,3.505125,2.925125
141.0,3.505375,2.924625
141.0,3.5045,2.92525
141.0,3.502875,2.925625
141.0,3.50275,2.925
141.0,3.50275,2.925375
141.0,3.5025,2.92575
141.0,3.502,2.92575
141.0,3.502,2.92625
141.0,3.502625,2.92625
141.0,3.50375,2.926625
141.0,3.504,2.926375
141.0,3.5035,2.9255
141.0,3.503375,2.925
141.0,3.503125,2.925125
141.0,3.503125,2.925375
141.0,3.503875,2.92525
141.0,3.50475,2.92475
141.0,3.505,2.924875
141.0,3.503875,2.9255
141.0,3.502875,2.925625
141.0,3.502625,2.925375
141.0,3.50225,2.92575
141.0,3.50225,2.92575
141.0,3.502625,2.925875
141.0,3.502625,2.925875
141.0,3.5035,2.926375
141.0,3.504375,2.926625
141.0,3.504125,2.926375
141.0,3.50325,2.9255
141.0,3.503,2.925
141.0,3.503125,2.92525
141.0,3.50375,2.925375
141.0,3.504875,2.925125
141.0,3.50525,2.924625
141.0,3.504625,2.92475
141.0,3.503625,2.9255
141.0,3.503375,2.925375
141.0,3.503125,2.9255
141.0,3.50225,2.92575
141.0,3.502125,2.92575
141.0,3.502125,2.92575
141.0,3.502625,2.92625
141.0,3.503,2.926625
141.0,3.50375,2.926375
141.0,3.50375,2.925875
141.0,3.5035,2.925
141.0,3.502875,2.92475
141.0,3.50275,2.925375
141.0,3.504,2.925375
141.0,3.505,2.924875
141.0,3.505125,2.924875
141.0,3.5045,2.924875
141.0,3.503375,2.925375
141.0,3.502875,2.9255
141.0,3.50275,2.9255
141.0,3.502375,2.925625
141.0,3.502375,2.925625
141.0,3.502,2.925875
141.0,3.502625,2.9265
141.0,3.503875,2.92675
141.0,3.503875,2.926625
141.0,3.503625,2.92575
141.0,3.50375,2.92475
141.0,3.503,2.924875
141.0,3.50275,2.9255
141.0,3.50425,2.925375
141.0,3.50525,2.924875
141.0,3.50475,2.924625
141.0,3.504125,2.92525
141.0,3.503625,2.925875
141.0,3.50325,2.92575
141.0,3.502625,2.925625
141.0,3.502625,2.925625
141.0,3.50225,2.925625
141.0,3.5025,2.926
141.0,3.50325,2.926625
141.0,3.504125,2.926625
141.0,3.504125,2.926125
141.0,3.50375,2.925375
141.0,3.50325,2.92475
141.0,3.50275,2.925125
141.0,3.503375,2.925375
141.0,3.504875,2.92525
141.0,3.505625,2.92475
141.0,3.504875,2.925125
141.0,3.5035,2.925625
141.0,3.503,2.925
141.0,3.502625,2.925
141.0,3.502375,2.925625
141.0,3.502375,2.925625
141.0,3.50225,2.925875
141.0,3.50225,2.926125
141.0,3.50325,2.92675
141.0,3.50375,2.9265
141.0,3.503625,2.925875
141.0,3.503375,2.925
141.0,3.50325,2.924875
141.0,3.502875,2.92525
141.0,3.504,2.925375
141.0,3.505,2.925
141.0,3.504875,2.924625
141.0,3.50425,2.925125
141.0,3.503375,2.925375
141.0,3.502875,2.925625
141.0,3.50275,2.925625
141.0,3.50275,2.925625
141.0,3.502375,2.92575
141.0,3.502,2.925875
141.0,3.50275,2.92625
141.0,3.503875,2.92675
141.0,3.504125,2.926875
141.0,3.503125,2.926125
141.0,3.50325,2.92525
141.0,3.50275,2.925
141.0,3.502875,2.925375
141.0,3.504375,2.9255
141.0,3.504875,2.925125
141.0,3.5045,2.92475
141.0,3.503875,2.925375
141.0,3.502875,2.925625
141.0,3.503,2.925
141.0,3.503,2.925
141.0,3.50275,2.925625
141.0,3.502625,2.925875
141.0,3.502375,2.926
141.0,3.503125,2.926375
141.0,3.504125,2.926875
141.0,3.504,2.926375
141.0,3.503875,2.925375
141.0,3.503625,2.925
141.0,3.50275,2.925125
141.0,3.50325,2.9255
141.0,3.5045,2.92525
141.0,3.505125,2.924875
141.0,3.5045,2.925
141.0,3.503625,2.925375
141.0,3.50325,2.925375
141.0,3.50325,2.92525
141.0,3.502875,2.92525
141.0,3.502375,2.92575
141.0,3.502125,2.92575
141.0,3.502125,2.926125
141.0,3.503125,2.926625
141.0,3.503875,2.92675
141.0,3.50375,2.926125
141.0,3.503625,2.92525
141.0,3.502875,2.924875
141.0,3.5025,2.92525
141.0,3.503375,2.925375
141.0,3.504875,2.925125
141.0,3.50525,2.92475
141.0,3.504375,2.92575
142.0,3.504375,2.879
142.0,3.503375,2.879625
142.0,3.50275,2.8795
142.0,3.50275,2.879625
142.0,3.502375,2.87975
142.0,3.501625,2.879875
142.0,3.501875,2.88
142.0,3.50325,2.880625
142.0,3.50325,2.880625
142.0,3.503875,2.880875
142.0,3.50375,2.880125
142.0,3.5035,2.87925
142.0,3.5035,2.879
142.0,3.502875,2.8795
142.0,3.504,2.879625
142.0,3.505125,2.879125
142.0,3.505125,2.87875
142.0,3.5045,2.87925
142.0,3.503125,2.879625
142.0,3.503,2.879625
142.0,3.503,2.87975
142.0,3.502,2.88
142.0,3.50175,2.88
142.0,3.5025,2.880375
142.0,3.5025,2.880875
142.0,3.50375,2.880875
142.0,3.503875,2.880625
142.0,3.503125,2.879875
142.0,3.5035,2.879125
142.0,3.503125,2.879125
142.0,3.50325,2.8795
142.0,3.504375,2.8795
142.0,3.505375,2.878875
142.0,3.504875,2.87875
142.0,3.503625,2.879375
142.0,3.5035,2.879625
142.0,3.503625,2.879125
142.0,3.50275,2.879625
142.0,3.502,2.88
142.0,3.502,2.880125
142.0,3.503,2.8805
142.0,3.503,2.8805
142.0,3.5035,2.880875
142.0,3.50375,2.880625
142.0,3.503375,2.87975
142.0,3.50325,2.879
142.0,3.503125,2.879375
142.0,3.503375,2.879625
142.0,3.505,2.87925
142.0,3.5055,2.879
142.0,3.504875,2.879
142.0,3.50375,2.87925
142.0,3.503,2.87925
142.0,3.502625,2.879375
142.0,3.50225,2.87975
142.0,3.501875,2.87975
142.0,3.502125,2.880125
142.0,3.502125,2.880125
142.0,3.503125,2.88075
142.0,3.504125,2.880875
142.0,3.50375,2.8805
142.0,3.50375,2.87925
142.0,3.5035,2.878875
142.0,3.50325,2.879375
142.0,3.50375,2.879375
142.0,3.504625,2.879125
142.0,3.504875,2.87875
142.0,3.504625,2.87925
142.0,3.50375,2.879875
142.0,3.503,2.879625
142.0,3.502875,2.879625
142.0,3.502375,2.87975
142.0,3.501875,2.879875
142.0,3.501875,2.879875
142.0,3.5025,2.880375
142.0,3.5035,2.88075
142.0,3.50375,2.880625
142.0,3.50325,2.879875
142.0,3.503375,2.879125
142.0,3.503125,2.879
142.0,3.502875,2.8795
142.0,3.504,2.879625
142.0,3.504875,2.87925
142.0,3.50525,2.879125
142.0,3.504625,2.8795
142.0,3.503125,2.879375
142.0,3.502625,2.879125
142.0,3.502875,2.879625
142.0,3.50225,2.879875
142.0,3.50225,2.879875
142.0,3.501875,2.879875
142.0,3.50275,2.8805
142.0,3.503875,2.880875
142.0,3.504,2.88075
142.0,3.50325,2.88
142.0,3.5035,2.87925
142.0,3.50325,2.879375
142.0,3.50325,2.8795
142.0,3.50425,2.8795
142.0,3.50525,2.879
142.0,3.505125,2.879
142.0,3.50375,2.8795
142.0,3.50275,2.87975
142.0,3.5025,2.8795
142.0,3.5025,2.879625
142.0,3.502,2.87975
142.0,3.502,2.87975
142.0,3.502,2.880125
142.0,3.502625,2.880625
142.0,3.50375,2.880875
142.0,3.50375,2.880625
142.0,3.503625,2.879625
142.0,3.503375,2.879125
142.0,3.502875,2.8795
142.0,3.503875,2.8795
142.0,3.50475,2.87925
142.0,3.505,2.878875
142.0,3.5045,2.879375
142.0,3.503125,2.879875
142.0,3.502625,2.8795
142.0,3.50275,2.879375
142.0,3.502375,2.879875
142.0,3.502375,2.879875
142.0,3.502,2.88
142.0,3.50175,2.880375
142.0,3.503,2.881
142.0,3.504125,2.880875
142.0,3.503625,2.880125
142.0,3.5035,2.879375
142.0,3.503125,2.879125
142.0,3.50275,2.879625
142.0,3.50425,2.879625
142.0,3.505,2.879125
142.0,3.504875,2.879
142.0,3.50425,2.8795
142.0,3.502625,2.879625
142.0,3.502625,2.879375
142.0,3.50275,2.87975
142.0,3.50275,2.87975
142.0,3.502375,2.879875
142.0,3.502125,2.879875
142.0,3.502875,2.880375
142.0,3.50375,2.880875
142.0,3.503875,2.88075
142.0,3.5035,2.879875
142.0,3.503125,2.87925
142.0,3.502875,2.879125
142.0,3.50275,2.879625
142.0,3.504125,2.8795
142.0,3.50525,2.879125
142.0,3.50475,2.878875
142.0,3.503875,2.87925
142.0,3.502625,2.87975
142.0,3.50225,2.879625
142.0,3.50225,2.87975
142.0,3.5025,2.87975
142.0,3.50225,2.87975
142.0,3.501875,2.88
142.0,3.50275,2.880625
142.0,3.503875,2.880875
142.0,3.504125,2.880375
142.0,3.50325,2.879375
142.0,3.503125,2.87875
142.0,3.50325,2.87925
142.0,3.503875,2.8795
142.0,3.504875,2.87925
142.0,3.505125,2.878875
142.0,3.504625,2.878875
142.0,3.504,2.87925
143.0,3.503125,2.831625
143.0,3.504375,2.831625
143.0,3.504875,2.831125
143.0,3.504,2.831
143.0,3.503625,2.8315
143.0,3.5035,2.831875
143.0,3.502625,2.831625
143.0,3.501875,2.83175
143.0,3.501875,2.83175
143.0,3.501625,2.831875
143.0,3.50225,2.83225
143.0,3.50325,2.832875
143.0,3.503875,2.833
143.0,3.503625,2.8325
143.0,3.503375,2.8315
143.0,3.5035,2.83075
143.0,3.502875,2.8315
143.0,3.5035,2.83175
143.0,3.505,2.831375
143.0,3.505,2.830875
143.0,3.503875,2.831375
143.0,3.50275,2.832
143.0,3.502875,2.83175
143.0,3.503,2.83175
143.0,3.502125,2.831875
143.0,3.502125,2.831875
143.0,3.501625,2.832
143.0,3.50275,2.832375
143.0,3.503875,2.832875
143.0,3.503875,2.8325
143.0,3.503625,2.832
143.0,3.503625,2.831125
143.0,3.503125,2.831125
143.0,3.503,2.83175
143.0,3.504125,2.831625
143.0,3.505125,2.831
143.0,3.50475,2.83075
143.0,3.50375,2.8315
143.0,3.50325,2.832
143.0,3.50275,2.8315
143.0,3.5025,2.8315
143.0,3.5025,2.8315
143.0,3.502125,2.831875
143.0,3.501875,2.832
143.0,3.502625,2.832375
143.0,3.504,2.832875
143.0,3.504,2.83275
143.0,3.50375,2.831875
143.0,3.503875,2.830875
143.0,3.503125,2.831
143.0,3.503,2.8315
143.0,3.504625,2.831375
143.0,3.505625,2.83075
143.0,3.504625,2.83075
143.0,3.50275,2.83125
143.0,3.50275,2.831625
143.0,3.503,2.831375
143.0,3.503,2.831375
143.0,3.50225,2.83175
143.0,3.5015,2.831875
143.0,3.501875,2.832125
143.0,3.502625,2.83275
143.0,3.503875,2.833
143.0,3.503875,2.8325
143.0,3.503375,2.83125
143.0,3.503125,2.83075
143.0,3.50275,2.831375
143.0,3.503625,2.83175
143.0,3.505,2.831375
143.0,3.504875,2.831
143.0,3.50425,2.83125
143.0,3.503375,2.8315
143.0,3.502875,2.831625
143.0,3.502875,2.831625
143.0,3.502625,2.83175
143.0,3.502125,2.831875
143.0,3.501625,2.831875
143.0,3.50175,2.83225
143.0,3.50325,2.83275
143.0,3.504,2.83275
143.0,3.50325,2.832
143.0,3.503375,2.83125
143.0,3.50325,2.83125
143.0,3.503125,2.83175
143.0,3.503875,2.83175
143.0,3.505,2.83125
143.0,3.5055,2.83075
143.0,3.504125,2.8315
143.0,3.503,2.832
143.0,3.503,2.83175
143.0,3.503,2.83175
143.0,3.5025,2.832
143.0,3.50175,2.832
143.0,3.5015,2.83225
143.0,3.5025,2.83275
143.0,3.50375,2.833125
143.0,3.504125,2.8325
143.0,3.50375,2.831625
143.0,3.5035,2.831125
143.0,3.502625,2.831375
143.0,3.502875,2.831875
143.0,3.504,2.83175
143.0,3.505,2.831125
143.0,3.50525,2.831125
143.0,3.504375,2.83175
143.0,3.503,2.8315
143.0,3.503,2.8315
143.0,3.503,2.8315
143.0,3.502875,2.83175
143.0,3.50225,2.831875
143.0,3.501875,2.832
143.0,3.50275,2.832625
143.0,3.504125,2.832875
143.0,3.504125,2.8325
143.0,3.50375,2.831625
143.0,3.5035,2.831125
143.0,3.503375,2.831625
143.0,3.5035,2.831625
143.0,3.50475,2.831375
143.0,3.50525,2.831
143.0,3.50475,2.83125
143.0,3.503625,2.831625
143.0,3.503625,2.831625
143.0,3.502625,2.83175
143.0,3.502375,2.831625
143.0,3.501875,2.83175
143.0,3.5015,2.832
143.0,3.501625,2.8325
143.0,3.503,2.83275
143.0,3.50375,2.83275
143.0,3.50375,2.832375
143.0,3.503625,2.831375
143.0,3.503625,2.831125
143.0,3.503125,2.831625
143.0,3.5035,2.83175
143.0,3.504625,2.831375
143.0,3.505,2.83075
143.0,3.504125,2.83125
143.0,3.504125,2.83125
143.0,3.502875,2.832
143.0,3.502625,2.83175
143.0,3.502375,2.831875
143.0,3.501875,2.832
143.0,3.50175,2.832125
143.0,3.5025,2.832625
143.0,3.503875,2.832875
143.0,3.504125,2.83275
143.0,3.5035,2.832125
143.0,3.503375,2.8315
143.0,3.503375,2.831375
143.0,3.503,2.83175
143.0,3.50375,2.831875
143.0,3.504875,2.83125
143.0,3.505125,2.830875
143.0,3.505125,2.831625
143.0,3.503875,2.831625
143.0,3.5025,2.83175
143.0,3.50225,2.83125
143.0,3.502,2.832
143.0,3.50225,2.831875
143.0,3.502125,2.831875
143.0,3.502625,2.8325
143.0,3.5035,2.832875
143.0,3.5035,2.832375
143.0,3.5035,2.831875
143.0,3.503375,2.831125
143.0,3.502875,2.831375
143.0,3.50325,2.831625
143.0,3.5045,2.8315
144.0,3.5025,2.783
144.0,3.502125,2.78325
144.0,3.5015,2.78325
144.0,3.501625,2.783625
144.0,3.503375,2.783875
144.0,3.50425,2.783875
144.0,3.5035,2.78325
144.0,3.502875,2.782625
144.0,3.503,2.782625
144.0,3.503,2.7825
144.0,3.502875,2.782875
144.0,3.5035,2.783125
144.0,3.50475,2.78275
144.0,3.505125,2.782625
144.0,3.504375,2.783
144.0,3.503125,2.783125
144.0,3.5025,2.782375
144.0,3.502125,2.782875
144.0,3.50225,2.783375
144.0,3.50225,2.783375
144.0,3.502625,2.78375
144.0,3.5035,2.78425
144.0,3.5035,2.783875
144.0,3.503375,2.7835
144.0,3.50325,2.782625
144.0,3.50325,2.782625
144.0,3.502875,2.78275
144.0,3.50275,2.783
144.0,3.50375,2.782875
144.0,3.504875,2.7825
144.0,3.50475,2.7825
144.0,3.5035,2.78325
144.0,3.5025,2.78325
144.0,3.5025,2.783
144.0,3.502125,2.783125
144.0,3.5015,2.783375
144.0,3.501875,2.7835
144.0,3.502875,2.78425
144.0,3.5035,2.78425
144.0,3.50325,2.784
144.0,3.5035,2.78325
144.0,3.5035,2.78325
144.0,3.50325,2.7825
144.0,3.502625,2.782625
144.0,3.50325,2.783
144.0,3.5045,2.783
144.0,3.505,2.7825
144.0,3.504375,2.78225
144.0,3.50325,2.78275
144.0,3.50275,2.782875
144.0,3.5025,2.783
144.0,3.502125,2.78325
144.0,3.501875,2.78325
144.0,3.50225,2.7835
144.0,3.50325,2.783875
144.0,3.504125,2.783625
144.0,3.504125,2.783125
144.0,3.504125,2.783125
144.0,3.503625,2.782625
144.0,3.50325,2.7825
144.0,3.502625,2.783
144.0,3.50375,2.783
144.0,3.505,2.78275
144.0,3.50475,2.78225
144.0,3.504,2.78275
144.0,3.503125,2.78325
144.0,3.5025,2.783125
144.0,3.5025,2.783125
144.0,3.502125,2.78325
144.0,3.50175,2.78325
144.0,3.50175,2.783625
144.0,3.503125,2.784125
144.0,3.503625,2.784375
144.0,3.503625,2.784375
144.0,3.503375,2.783875
144.0,3.50325,2.783
144.0,3.502875,2.782625
144.0,3.50275,2.783125
144.0,3.50375,2.783125
144.0,3.504375,2.78275
144.0,3.504625,2.7825
144.0,3.504,2.78275
144.0,3.503,2.783125
144.0,3.502625,2.782875
144.0,3.50225,2.783125
144.0,3.50175,2.78325
144.0,3.5015,2.783625
144.0,3.502,2.784125
144.0,3.5035,2.7845
144.0,3.503375,2.7845
144.0,3.503375,2.784
144.0,3.503125,2.783125
144.0,3.50325,2.7825
144.0,3.502625,2.782875
144.0,3.503,2.783125
144.0,3.504375,2.782875
144.0,3.50475,2.7825
144.0,3.504375,2.78275
144.0,3.503125,2.783
144.0,3.50225,2.782875
144.0,3.50225,2.78275
144.0,3.501875,2.783125
144.0,3.501625,2.783375
144.0,3.5015,2.783625
144.0,3.50225,2.784125
144.0,3.503375,2.784125
144.0,3.503375,2.784125
144.0,3.503375,2.783875
144.0,3.503375,2.783
144.0,3.502625,2.782625
144.0,3.502625,2.782875
144.0,3.503125,2.78325
144.0,3.504375,2.78275
144.0,3.50475,2.7825
144.0,3.503875,2.782875
144.0,3.502625,2.78325
144.0,3.502375,2.783125
144.0,3.501875,2.783125
144.0,3.501875,2.783375
144.0,3.50175,2.7835
144.0,3.50175,2.78375
144.0,3.503,2.784125
144.0,3.503,2.784125
144.0,3.503375,2.7845
144.0,3.502875,2.783625
144.0,3.50275,2.782875
144.0,3.502875,2.783
144.0,3.502875,2.78325
144.0,3.50375,2.78325
144.0,3.50475,2.782625
144.0,3.504875,2.78225
144.0,3.504,2.782875
144.0,3.502875,2.783375
144.0,3.502,2.783125
144.0,3.50225,2.78325
144.0,3.50175,2.783375
144.0,3.501375,2.7835
144.0,3.50225,2.784
144.0,3.50225,2.784
144.0,3.503375,2.784375
144.0,3.50325,2.784
144.0,3.503,2.783625
144.0,3.503125,2.78275
144.0,3.502625,2.782875
144.0,3.502875,2.783125
144.0,3.503875,2.783
144.0,3.504625,2.7825
144.0,3.504375,2.78225
144.0,3.503625,2.78275
144.0,3.50275,2.782875
144.0,3.5025,2.783
144.0,3.502125,2.783375
144.0,3.502125,2.783375
144.0,3.502375,2.783375
144.0,3.502625,2.783375
144.0,3.502625,2.784125
144.0,3.50375,2.7845
144.0,3.503625,2.784
144.0,3.503125,2.782875
144.0,3.503,2.78225
144.0,3.50275,2.78275
144.0,3.503125,2.783
144.0,3.504375,2.782875
144.0,3.505,2.782375
144.0,3.504625,2.7825
144.0,3.503375,2.783125
144.0,3.50275,2.78325
144.0,3.50275,2.783375
144.0,3.502,2.783375
145.0,3.503125,2.73425
145.0,3.503125,2.733875
145.0,3.503,2.733875
145.0,3.503125,2.734125
145.0,3.504125,2.734125
145.0,3.505125,2.733625
145.0,3.50525,2.733375
145.0,3.50375,2.73375
145.0,3.50375,2.73375
145.0,3.502875,2.73425
145.0,3.503,2.734
145.0,3.50275,2.73425
145.0,3.502375,2.734375
145.0,3.501875,2.734375
145.0,3.502125,2.734875
145.0,3.50325,2.73525
145.0,3.50375,2.73475
145.0,3.503,2.734375
145.0,3.503125,2.73375
145.0,3.502875,2.73375
145.0,3.503125,2.73425
145.0,3.504375,2.73425
145.0,3.504875,2.73375
145.0,3.504875,2.733375
145.0,3.503875,2.733375
145.0,3.503875,2.734125
145.0,3.5025,2.73425
145.0,3.502625,2.734
145.0,3.502375,2.734375
145.0,3.501625,2.7345
145.0,3.501875,2.734625
145.0,3.503,2.73525
145.0,3.5035,2.7355
145.0,3.503375,2.73525
145.0,3.502875,2.7345
145.0,3.5025,2.733875
145.0,3.502375,2.734125
145.0,3.503,2.734375
145.0,3.504625,2.734
145.0,3.505375,2.733625
145.0,3.504875,2.733625
145.0,3.504875,2.734
145.0,3.50375,2.7345
145.0,3.503125,2.734125
145.0,3.502625,2.73425
145.0,3.502,2.7345
145.0,3.5015,2.7345
145.0,3.501875,2.734875
145.0,3.503,2.73525
145.0,3.503625,2.735
145.0,3.50325,2.734625
145.0,3.50325,2.73375
145.0,3.503,2.733625
145.0,3.50275,2.734
145.0,3.503875,2.73425
145.0,3.505,2.733875
145.0,3.504875,2.7335
145.0,3.504875,2.7335
145.0,3.50375,2.733625
145.0,3.50275,2.734375
145.0,3.5025,2.73425
145.0,3.502,2.73425
145.0,3.50175,2.73425
145.0,3.501625,2.7345
145.0,3.502375,2.735125
145.0,3.503125,2.73525
145.0,3.503625,2.73475
145.0,3.5035,2.734375
145.0,3.50325,2.733875
145.0,3.502625,2.73375
145.0,3.502875,2.734125
145.0,3.503875,2.73425
145.0,3.5045,2.733625
145.0,3.5045,2.733625
145.0,3.504375,2.733375
145.0,3.503125,2.73375
145.0,3.502625,2.734125
145.0,3.502375,2.73375
145.0,3.502,2.734125
145.0,3.5015,2.734375
145.0,3.502,2.734375
145.0,3.503,2.735
145.0,3.5035,2.73525
145.0,3.50325,2.734875
145.0,3.503375,2.734375
145.0,3.503125,2.73375
145.0,3.50275,2.733875
145.0,3.503,2.734125
145.0,3.503875,2.733875
145.0,3.503875,2.733875
145.0,3.504375,2.7335
145.0,3.504125,2.73375
145.0,3.502875,2.73375
145.0,3.5025,2.733875
145.0,3.5025,2.734
145.0,3.502375,2.734375
145.0,3.502125,2.734375
145.0,3.502,2.73475
145.0,3.503125,2.735125
145.0,3.50375,2.735125
145.0,3.503125,2.734875
145.0,3.502875,2.733875
145.0,3.50275,2.733875
145.0,3.5025,2.73425
145.0,3.503625,2.734375
145.0,3.5045,2.734375
145.0,3.5045,2.73375
145.0,3.504625,2.733625
145.0,3.504,2.734
145.0,3.503,2.73425
145.0,3.502625,2.733875
145.0,3.501875,2.734
145.0,3.5015,2.734375
145.0,3.501875,2.7345
145.0,3.502625,2.735
145.0,3.503625,2.73525
145.0,3.503375,2.734875
145.0,3.502875,2.734375
145.0,3.503125,2.73375
145.0,3.502625,2.73375
145.0,3.503,2.734125
145.0,3.50425,2.734125
145.0,3.50425,2.734125
145.0,3.504375,2.73375
145.0,3.504375,2.733625
145.0,3.50375,2.733875
145.0,3.502625,2.73425
145.0,3.50225,2.734125
145.0,3.502125,2.734375
145.0,3.50175,2.734375
145.0,3.501625,2.734375
145.0,3.5025,2.735125
145.0,3.50375,2.73525
145.0,3.5035,2.735125
145.0,3.50275,2.7345
145.0,3.502875,2.733875
145.0,3.5025,2.733875
145.0,3.502875,2.734125
145.0,3.502875,2.734125
145.0,3.504375,2.734
145.0,3.50475,2.7335
145.0,3.5045,2.733625
145.0,3.503625,2.73425
145.0,3.50275,2.73425
145.0,3.5025,2.734375
145.0,3.502125,2.7345
145.0,3.50175,2.7345
145.0,3.50175,2.73475
145.0,3.5025,2.73525
145.0,3.50375,2.735125
145.0,3.50325,2.7345
145.0,3.50275,2.734
145.0,3.502625,2.733625
145.0,3.5025,2.734
145.0,3.5025,2.734
145.0,3.50275,2.734375
145.0,3.503875,2.733875
145.0,3.504875,2.7335
145.0,3.5045,2.733625
145.0,3.503,2.73425
145.0,3.502375,2.73425
145.0,3.50225,2.734125
145.0,3.5025,2.734375
145.0,3.502,2.7345
145.0,3.5025,2.734875
145.0,3.50325,2.735125
145.0,3.50325,2.735
145.0,3.502875,2.734625
145.0,3.502875,2.733875
146.0,3.501625,2.68225
146.0,3.502625,2.682875
146.0,3.5035,2.683125
146.0,3.503125,2.6825
146.0,3.502875,2.68175
146.0,3.502625,2.681625
146.0,3.50225,2.68175
146.0,3.5035,2.68175
146.0,3.5035,2.68175
146.0,3.50475,2.6815
146.0,3.504375,2.68125
146.0,3.503875,2.6815
146.0,3.503125,2.682
146.0,3.5025,2.68175
146.0,3.502,2.68175
146.0,3.50175,2.682125
146.0,3.501875,2.682125
146.0,3.502125,2.6825
146.0,3.50325,2.682875
146.0,3.504125,2.68275
146.0,3.503375,2.681875
146.0,3.50325,2.68125
146.0,3.50275,2.681375
146.0,3.502625,2.68175
146.0,3.50375,2.68175
146.0,3.50375,2.68175
146.0,3.50475,2.681375
146.0,3.504625,2.68125
146.0,3.50375,2.682
146.0,3.502375,2.682
146.0,3.502,2.6815
146.0,3.502375,2.681875
146.0,3.50225,2.682125
146.0,3.501625,2.682125
146.0,3.50225,2.682625
146.0,3.503625,2.682875
146.0,3.50375,2.682625
146.0,3.50325,2.681875
146.0,3.503,2.681
146.0,3.502625,2.681125
146.0,3.503375,2.681625
146.0,3.503375,2.681625
146.0,3.5045,2.681625
146.0,3.505,2.68125
146.0,3.504625,2.681
146.0,3.5035,2.68175
146.0,3.5025,2.681625
146.0,3.50275,2.681625
146.0,3.502375,2.682
146.0,3.5015,2.682125
146.0,3.5015,2.68225
146.0,3.502375,2.682625
146.0,3.5035,2.68275
146.0,3.503,2.68275
146.0,3.503125,2.681875
146.0,3.503125,2.6815
146.0,3.50275,2.681625
146.0,3.50275,2.681625
146.0,3.5035,2.68175
146.0,3.504125,2.6815
146.0,3.504625,2.681125
146.0,3.504625,2.681625
146.0,3.50325,2.682125
146.0,3.502875,2.682125
146.0,3.502375,2.68225
146.0,3.50175,2.682
146.0,3.5015,2.682
146.0,3.502125,2.682375
146.0,3.502875,2.683125
146.0,3.50375,2.683
146.0,3.502875,2.682
146.0,3.502875,2.6815
146.0,3.503125,2.681375
146.0,3.503125,2.681375
146.0,3.50275,2.681625
146.0,3.503125,2.68175
146.0,3.50425,2.6815
146.0,3.504375,2.681125
146.0,3.5035,2.6815
146.0,3.50275,2.681875
146.0,3.502625,2.6815
146.0,3.502125,2.681875
146.0,3.50125,2.682125
146.0,3.501,2.682
146.0,3.502125,2.6825
146.0,3.50325,2.682875
146.0,3.503625,2.6825
146.0,3.5035,2.68175
146.0,3.503125,2.681125
146.0,3.503125,2.681375
146.0,3.502375,2.681375
146.0,3.50275,2.681875
146.0,3.504125,2.681875
146.0,3.50475,2.681375
146.0,3.505,2.6815
146.0,3.504,2.682125
146.0,3.5025,2.682
146.0,3.502125,2.682
146.0,3.50175,2.682125
146.0,3.501375,2.682125
146.0,3.5015,2.682375
146.0,3.5025,2.682875
146.0,3.5035,2.682875
146.0,3.50325,2.682375
146.0,3.5025,2.68175
146.0,3.5025,2.681375
146.0,3.5025,2.681375
146.0,3.502125,2.681625
146.0,3.502625,2.682
146.0,3.50425,2.681625
146.0,3.504875,2.681125
146.0,3.50425,2.681375
146.0,3.502625,2.6815
146.0,3.50225,2.6815
146.0,3.502125,2.6815
146.0,3.501625,2.682125
146.0,3.5015,2.68225
146.0,3.5015,2.6825
146.0,3.50275,2.68275
146.0,3.5035,2.683
146.0,3.50325,2.68275
146.0,3.50275,2.68175
146.0,3.50275,2.68175
146.0,3.502375,2.681375
146.0,3.502125,2.68175
146.0,3.502875,2.68175
146.0,3.504375,2.6815
146.0,3.50475,2.68125
146.0,3.504,2.681875
146.0,3.502875,2.682125
146.0,3.5025,2.68175
146.0,3.50225,2.681875
146.0,3.50175,2.68225
146.0,3.501625,2.68225
146.0,3.502625,2.682625
146.0,3.503375,2.683125
146.0,3.50325,2.68325
146.0,3.503,2.682375
146.0,3.503,2.682375
146.0,3.503,2.681625
146.0,3.50225,2.681375
146.0,3.502125,2.681875
146.0,3.503375,2.68175
146.0,3.504375,2.681375
146.0,3.504125,2.681125
146.0,3.503375,2.681625
146.0,3.50275,2.682
146.0,3.5025,2.681625
146.0,3.50225,2.682125
146.0,3.5015,2.68225
146.0,3.5015,2.682125
146.0,3.502,2.682625
146.0,3.502875,2.682875
146.0,3.503125,2.682125
146.0,3.503125,2.681875
146.0,3.503,2.681875
146.0,3.50275,2.681625
146.0,3.502125,2.681625
146.0,3.50275,2.68175
146.0,3.5045,2.681625
146.0,3.504875,2.68125
146.0,3.504375,2.6815
146.0,3.50325,2.682125
146.0,3.50225,2.68175
146.0,3.502125,2.68175
146.0,3.50175,2.682
146.0,3.501375,2.682
146.0,3.501625,2.68225
146.0,3.50275,2.682875
147.0,3.50425,2.629625
147.0,3.505,2.629375
147.0,3.504375,2.62975
147.0,3.5035,2.630125
147.0,3.5025,2.62975
147.0,3.50225,2.62975
147.0,3.502375,2.630125
147.0,3.501875,2.630125
147.0,3.501875,2.630125
147.0,3.502,2.630375
147.0,3.50275,2.630875
147.0,3.503375,2.630875
147.0,3.503,2.63025
147.0,3.50275,2.629375
147.0,3.5025,2.6295
147.0,3.502375,2.629875
147.0,3.503375,2.62975
147.0,3.50425,2.6295
147.0,3.504,2.62925
147.0,3.503375,2.629625
147.0,3.50275,2.630125
147.0,3.502625,2.629875
147.0,3.502125,2.63
147.0,3.501625,2.630375
147.0,3.501625,2.63025
147.0,3.501625,2.63025
147.0,3.502125,2.630625
147.0,3.503375,2.630875
147.0,3.5035,2.630625
147.0,3.503,2.630125
147.0,3.502625,2.62975
147.0,3.502375,2.62975
147.0,3.502625,2.629875
147.0,3.503625,2.62975
147.0,3.5045,2.629375
147.0,3.504875,2.62925
147.0,3.503625,2.630125
147.0,3.502875,2.63025
147.0,3.502625,2.629625
147.0,3.50225,2.629875
147.0,3.5015,2.630125
147.0,3.5015,2.630125
147.0,3.5015,2.630125
147.0,3.50275,2.63075
147.0,3.5035,2.631
147.0,3.503375,2.63075
147.0,3.50275,2.63025
147.0,3.502875,2.6295
147.0,3.502375,2.629625
147.0,3.502625,2.629875
147.0,3.503875,2.62975
147.0,3.504625,2.62925
147.0,3.5045,2.629125
147.0,3.50325,2.629875
147.0,3.502625,2.630125
147.0,3.50275,2.62975
147.0,3.502375,2.629875
147.0,3.502375,2.629875
147.0,3.501625,2.63025
147.0,3.501875,2.6305
147.0,3.503,2.63075
147.0,3.503875,2.631
147.0,3.5035,2.630625
147.0,3.50275,2.62975
147.0,3.502875,2.6295
147.0,3.50275,2.62975
147.0,3.503125,2.63
147.0,3.504125,2.6295
147.0,3.50475,2.629125
147.0,3.50425,2.629625
147.0,3.502875,2.630125
147.0,3.5025,2.6295
147.0,3.50225,2.629625
147.0,3.50225,2.629625
147.0,3.502,2.630125
147.0,3.501625,2.63025
147.0,3.502,2.630625
147.0,3.502875,2.63075
147.0,3.503375,2.630625
147.0,3.50275,2.6305
147.0,3.502375,2.629625
147.0,3.50275,2.629625
147.0,3.50275,2.63
147.0,3.5035,2.629875
147.0,3.504625,2.629625
147.0,3.50475,2.6295
147.0,3.503875,2.62975
147.0,3.502625,2.63
147.0,3.502375,2.63
147.0,3.502375,2.63
147.0,3.502375,2.63
147.0,3.502,2.63025
147.0,3.50175,2.630375
147.0,3.5025,2.6305
147.0,3.503375,2.630875
147.0,3.503375,2.63075
147.0,3.502875,2.629875
147.0,3.502875,2.629125
147.0,3.5025,2.629375
147.0,3.503,2.62975
147.0,3.50375,2.62975
147.0,3.504125,2.629375
147.0,3.50425,2.629375
147.0,3.503375,2.63
147.0,3.50225,2.629875
147.0,3.50225,2.629875
147.0,3.50225,2.629875
147.0,3.502375,2.63025
147.0,3.501875,2.63025
147.0,3.501875,2.63025
147.0,3.50275,2.631
147.0,3.503625,2.631125
147.0,3.503,2.630625
147.0,3.502875,2.63
147.0,3.50275,2.6295
147.0,3.502375,2.62975
147.0,3.503,2.629875
147.0,3.504375,2.629625
147.0,3.50525,2.629125
147.0,3.5045,2.62925
147.0,3.50325,2.63
147.0,3.502375,2.63
147.0,3.502375,2.63
147.0,3.50225,2.629875
147.0,3.50175,2.630125
147.0,3.5015,2.630375
147.0,3.502125,2.630625
147.0,3.50325,2.631125
147.0,3.503875,2.631125
147.0,3.503625,2.6305
147.0,3.503375,2.62975
147.0,3.502625,2.6295
147.0,3.501875,2.63
147.0,3.503375,2.63
147.0,3.504625,2.629375
147.0,3.504625,2.629375
147.0,3.504,2.62975
147.0,3.502625,2.630125
147.0,3.502625,2.630125
147.0,3.502625,2.630125
147.0,3.502375,2.63025
147.0,3.501875,2.630375
147.0,3.50125,2.63025
147.0,3.502125,2.63075
147.0,3.5035,2.631125
147.0,3.50375,2.63075
147.0,3.503375,2.63
147.0,3.50275,2.62925
147.0,3.50225,2.629375
147.0,3.5025,2.629875
147.0,3.503875,2.62975
147.0,3.5045,2.62925
147.0,3.504375,2.629375
147.0,3.50375,2.62975
147.0,3.50375,2.63
147.0,3.502875,2.63
147.0,3.5025,2.62975
147.0,3.502125,2.630125
147.0,3.501625,2.63025
147.0,3.50175,2.630125
147.0,3.502375,2.630875
147.0,3.502875,2.631125
147.0,3.502875,2.63075
147.0,3.502875,2.629875
147.0,3.50275,2.629625
147.0,3.502375,2.629625
147.0,3.502875,2.62975
147.0,3.504,2.6295
147.0,3.504625,2.62925
148.0,3.502625,2.576375
148.0,3.50225,2.576625
148.0,3.502625,2.576875
148.0,3.504125,2.57675
148.0,3.50475,2.576375
148.0,3.504,2.576125
148.0,3.503125,2.57725
148.0,3.502,2.577125
148.0,3.502,2.577125
148.0,3.502,2.576875
148.0,3.50175,2.57725
148.0,3.50125,2.57725
148.0,3.501375,2.5775
148.0,3.502625,2.577875
148.0,3.503875,2.578
148.0,3.50325,2.577625
148.0,3.503125,2.577375
148.0,3.50275,2.57675
148.0,3.502375,2.57675
148.0,3.50275,2.577
148.0,3.503875,2.57675
148.0,3.504875,2.576375
148.0,3.504375,2.57675
148.0,3.502875,2.57725
148.0,3.502875,2.577125
148.0,3.502125,2.577125
148.0,3.502375,2.576875
148.0,3.502,2.57725
148.0,3.50125,2.577375
148.0,3.5015,2.57775
148.0,3.50325,2.578125
148.0,3.50325,2.578
148.0,3.502625,2.577375
148.0,3.50325,2.57675
148.0,3.503,2.576625
148.0,3.502375,2.576875
148.0,3.503125,2.577125
148.0,3.504125,2.576875
148.0,3.5045,2.576375
148.0,3.504,2.5765
148.0,3.502875,2.577
148.0,3.502875,2.577
148.0,3.501875,2.57675
148.0,3.50175,2.576875
148.0,3.50175,2.577375
148.0,3.50175,2.577375
148.0,3.502125,2.57775
148.0,3.502625,2.578125
148.0,3.503375,2.57775
148.0,3.503,2.57725
148.0,3.503,2.576625
148.0,3.50275,2.57675
148.0,3.502625,2.577125
148.0,3.504125,2.577
148.0,3.504875,2.576625
148.0,3.50475,2.57625
148.0,3.503,2.576625
148.0,3.503,2.576625
148.0,3.502125,2.577
148.0,3.502125,2.576625
148.0,3.501875,2.577
148.0,3.5015,2.577125
148.0,3.501375,2.577375
148.0,3.502,2.57775
148.0,3.503375,2.578
148.0,3.503375,2.577625
148.0,3.502875,2.577
148.0,3.502375,2.5765
148.0,3.502625,2.576625
148.0,3.503125,2.577
148.0,3.504125,2.576875
148.0,3.50475,2.576375
148.0,3.504125,2.576625
148.0,3.504125,2.576625
148.0,3.502875,2.57725
148.0,3.502,2.577375
148.0,3.501875,2.577
148.0,3.50175,2.57725
148.0,3.501125,2.577375
148.0,3.501,2.577625
148.0,3.502625,2.57825
148.0,3.503625,2.578125
148.0,3.50275,2.5775
148.0,3.50275,2.577125
148.0,3.502875,2.57675
148.0,3.502125,2.57675
148.0,3.50275,2.576875
148.0,3.504125,2.576625
148.0,3.5045,2.5765
148.0,3.5045,2.5765
148.0,3.50375,2.5765
148.0,3.5025,2.577
148.0,3.502375,2.57675
148.0,3.50225,2.576625
148.0,3.5015,2.577375
148.0,3.501,2.577375
148.0,3.50175,2.577625
148.0,3.502875,2.578125
148.0,3.50325,2.578125
148.0,3.50275,2.577625
148.0,3.50275,2.5765
148.0,3.502375,2.57675
148.0,3.50225,2.577
148.0,3.503375,2.577
148.0,3.504,2.5765
148.0,3.504125,2.57625
148.0,3.504125,2.57625
148.0,3.503625,2.5765
148.0,3.5025,2.577
148.0,3.50225,2.577125
148.0,3.50225,2.577125
148.0,3.501625,2.577375
148.0,3.501375,2.577375
148.0,3.502375,2.577875
148.0,3.503375,2.578125
148.0,3.503375,2.577875
148.0,3.503125,2.577375
148.0,3.50275,2.5765
148.0,3.502,2.57675
148.0,3.502375,2.577125
148.0,3.503625,2.57675
148.0,3.5045,2.576375
148.0,3.5045,2.576375
148.0,3.50425,2.5765
148.0,3.503125,2.577
148.0,3.502125,2.577
148.0,3.502375,2.577
148.0,3.502,2.577375
148.0,3.501875,2.57725
148.0,3.50175,2.577625
148.0,3.50275,2.578125
148.0,3.503375,2.578375
148.0,3.50325,2.57775
148.0,3.50275,2.57725
148.0,3.5025,2.57675
148.0,3.502375,2.576875
148.0,3.503125,2.577
148.0,3.504375,2.576875
148.0,3.504375,2.576875
148.0,3.504875,2.5765
148.0,3.50425,2.577
148.0,3.503125,2.57725
148.0,3.5025,2.576875
148.0,3.50175,2.577125
148.0,3.502,2.577375
148.0,3.50175,2.5775
148.0,3.501625,2.57775
148.0,3.5025,2.578125
148.0,3.5035,2.578
148.0,3.503125,2.5775
148.0,3.503125,2.577125
148.0,3.502625,2.5765
148.0,3.5025,2.57675
148.0,3.503375,2.577125
148.0,3.503375,2.57675
148.0,3.504375,2.57675
148.0,3.50425,2.576375
148.0,3.5035,2.5765
148.0,3.502375,2.57675
148.0,3.501875,2.577
148.0,3.502,2.577375
148.0,3.502125,2.577375
148.0,3.50175,2.57725
148.0,3.501875,2.5775
148.0,3.50275,2.57825
148.0,3.5035,2.57825
148.0,3.503375,2.57775
148.0,3.50325,2.57675
148.0,3.50275,2.57675
149.0,3.502625,2.5225
149.0,3.50325,2.522625
149.0,3.504625,2.5225
149.0,3.504625,2.52225
149.0,3.50375,2.522375
149.0,3.50325,2.522875
149.0,3.50275,2.522625
149.0,3.502625,2.5225
149.0,3.502625,2.5225
149.0,3.502125,2.522875
149.0,3.501,2.523
149.0,3.501625,2.523375
149.0,3.50325,2.523875
149.0,3.5035,2.523625
149.0,3.503125,2.523125
149.0,3.50275,2.522625
149.0,3.502375,2.522375
149.0,3.502625,2.52275
149.0,3.50325,2.522625
149.0,3.504125,2.5225
149.0,3.504625,2.52225
149.0,3.503625,2.5225
149.0,3.5025,2.522875
149.0,3.502375,2.52275
149.0,3.501875,2.522875
149.0,3.501875,2.522875
149.0,3.5015,2.523
149.0,3.501375,2.523
149.0,3.501875,2.5235
149.0,3.503625,2.523875
149.0,3.50375,2.524
149.0,3.503,2.523375
149.0,3.503125,2.522375
149.0,3.502625,2.5225
149.0,3.502375,2.52275
149.0,3.503875,2.522625
149.0,3.50475,2.52225
149.0,3.504125,2.522375
149.0,3.503375,2.522625
149.0,3.50275,2.522875
149.0,3.502625,2.523
149.0,3.502625,2.523
149.0,3.5025,2.523125
149.0,3.501875,2.523125
149.0,3.5015,2.52325
149.0,3.502375,2.523875
149.0,3.5035,2.524
149.0,3.50325,2.52375
149.0,3.502875,2.522875
149.0,3.502875,2.5225
149.0,3.502875,2.522875
149.0,3.503125,2.522875
149.0,3.5035,2.52275
149.0,3.50425,2.5225
149.0,3.5045,2.522375
149.0,3.502625,2.52275
149.0,3.5015,2.523125
149.0,3.5015,2.523125
149.0,3.50225,2.523125
149.0,3.502,2.52325
149.0,3.50125,2.52325
149.0,3.501375,2.5235
149.0,3.503125,2.524
149.0,3.5035,2.52425
149.0,3.503,2.52375
149.0,3.502625,2.522875
149.0,3.502375,2.5225
149.0,3.502625,2.52275
149.0,3.503625,2.522875
149.0,3.504,2.522625
149.0,3.50425,2.52225
149.0,3.504125,2.522375
149.0,3.50325,2.52275
149.0,3.502375,2.52275
149.0,3.502375,2.522875
149.0,3.502125,2.52275
149.0,3.502125,2.523
149.0,3.50175,2.523375
149.0,3.502125,2.52375
149.0,3.503,2.524
149.0,3.503625,2.523875
149.0,3.50325,2.5235
149.0,3.503,2.52275
149.0,3.503,2.522625
149.0,3.50275,2.522875
149.0,3.504125,2.523
149.0,3.50475,2.522375
149.0,3.504625,2.522375
149.0,3.503875,2.522625
149.0,3.503,2.522625
149.0,3.503,2.522875
149.0,3.502375,2.522625
149.0,3.502,2.522875
149.0,3.501625,2.52325
149.0,3.501625,2.52325
149.0,3.502625,2.523875
149.0,3.503625,2.524
149.0,3.50325,2.5235
149.0,3.502875,2.52275
149.0,3.502625,2.522375
149.0,3.502375,2.52275
149.0,3.503125,2.522875
149.0,3.503875,2.522875
149.0,3.5045,2.52225
149.0,3.50425,2.522375
149.0,3.503125,2.52275
149.0,3.503125,2.52275
149.0,3.502375,2.522875
149.0,3.502125,2.522625
149.0,3.502,2.523
149.0,3.501375,2.523125
149.0,3.5015,2.523375
149.0,3.50225,2.524
149.0,3.503,2.524125
149.0,3.50325,2.523625
149.0,3.50325,2.522375
149.0,3.503,2.52225
149.0,3.502625,2.52275
149.0,3.50275,2.523
149.0,3.504,2.522625
149.0,3.504875,2.522375
149.0,3.50425,2.5225
149.0,3.50425,2.5225
149.0,3.50275,2.522875
149.0,3.50225,2.522875
149.0,3.50225,2.523
149.0,3.501875,2.523125
149.0,3.501625,2.52325
149.0,3.501875,2.523375
149.0,3.50325,2.523875
149.0,3.50375,2.523875
149.0,3.50325,2.52325
149.0,3.5035,2.522375
149.0,3.502875,2.522375
149.0,3.502625,2.52275
149.0,3.503625,2.522875
149.0,3.5045,2.5225
149.0,3.5045,2.52225
149.0,3.503875,2.52225
149.0,3.503875,2.52275
149.0,3.503,2.523375
149.0,3.50225,2.522625
149.0,3.50175,2.523
149.0,3.50175,2.52325
149.0,3.50125,2.523125
149.0,3.501875,2.52375
149.0,3.503125,2.524
149.0,3.503125,2.524
149.0,3.5025,2.523375
149.0,3.502,2.522375
149.0,3.502625,2.5225
149.0,3.503125,2.522875
149.0,3.503625,2.522875
149.0,3.504375,2.522375
149.0,3.504125,2.522375
149.0,3.504125,2.522375
149.0,3.503,2.522875
149.0,3.502375,2.52275
149.0,3.502125,2.522625
149.0,3.5015,2.523125
149.0,3.5015,2.523375
149.0,3.502,2.5235
149.0,3.5025,2.52375
149.0,3.503,2.52425
149.0,3.50325,2.523875
149.0,3.502875,2.522875
149.0,3.50225,2.5225
149.0,3.502,2.52275
149.0,3.503125,2.522875
150.0,3.50275,2.46725
150.0,3.502125,2.46725
150.0,3.501875,2.467625
150.0,3.501375,2.46775
150.0,3.501125,2.46775
150.0,3.5015,2.468125
150.0,3.502375,2.4685
150.0,3.502875,2.468125
150.0,3.502875,2.468125
150.0,3.50275,2.467625
150.0,3.50275,2.467125
150.0,3.50225,2.467
150.0,3.50275,2.46725
150.0,3.503875,2.467375
150.0,3.5045,2.466875
150.0,3.504125,2.467125
150.0,3.50325,2.46775
150.0,3.5025,2.4675
150.0,3.502125,2.467125
150.0,3.50175,2.467625
150.0,3.501375,2.46775
150.0,3.501375,2.467875
150.0,3.502375,2.46825
150.0,3.50325,2.4685
150.0,3.503375,2.468
150.0,3.503375,2.468
150.0,3.50325,2.46725
150.0,3.50275,2.46675
150.0,3.50225,2.46725
150.0,3.50275,2.467375
150.0,3.50375,2.46725
150.0,3.503875,2.466875
150.0,3.50375,2.46675
150.0,3.503,2.4675
150.0,3.502375,2.4675
150.0,3.502125,2.467625
150.0,3.501375,2.46775
150.0,3.501375,2.467625
150.0,3.501625,2.468125
150.0,3.502375,2.468625
150.0,3.503375,2.4685
150.0,3.503375,2.4685
150.0,3.503125,2.468125
150.0,3.503,2.467375
150.0,3.50275,2.467125
150.0,3.50225,2.467375
150.0,3.503,2.467375
150.0,3.504125,2.467125
150.0,3.504125,2.466875
150.0,3.50375,2.467125
150.0,3.50275,2.467625
150.0,3.502625,2.467375
150.0,3.5025,2.46725
150.0,3.502,2.467625
150.0,3.50125,2.46775
150.0,3.501375,2.46825
150.0,3.502875,2.468625
150.0,3.502875,2.468625
150.0,3.503625,2.4685
150.0,3.50275,2.468125
150.0,3.502625,2.4675
150.0,3.502625,2.467125
150.0,3.5025,2.467375
150.0,3.503625,2.467375
150.0,3.5045,2.466875
150.0,3.503625,2.466875
150.0,3.5035,2.467125
150.0,3.503,2.467375
150.0,3.50225,2.467375
150.0,3.501625,2.46775
150.0,3.50175,2.467875
150.0,3.501875,2.46775
150.0,3.5025,2.46825
150.0,3.5025,2.4685
150.0,3.503625,2.4685
150.0,3.503125,2.468
150.0,3.502875,2.467125
150.0,3.502875,2.46675
150.0,3.502375,2.467125
150.0,3.50275,2.4675
150.0,3.50375,2.467375
150.0,3.504125,2.467125
150.0,3.504,2.467125
150.0,3.503,2.467625
150.0,3.50225,2.467625
150.0,3.501875,2.4675
150.0,3.5015,2.467625
150.0,3.50125,2.467625
150.0,3.5015,2.468
150.0,3.5015,2.4685
150.0,3.50225,2.4685
150.0,3.503375,2.468625
150.0,3.503,2.46825
150.0,3.50275,2.467125
150.0,3.502625,2.466875
150.0,3.502125,2.467375
150.0,3.503,2.4675
150.0,3.5045,2.46725
150.0,3.5045,2.466875
150.0,3.503875,2.467
150.0,3.503,2.4675
150.0,3.5025,2.4675
150.0,3.502375,2.467375
150.0,3.501625,2.46775
150.0,3.50125,2.46775
150.0,3.50225,2.467875
150.0,3.50225,2.467875
150.0,3.50375,2.4685
150.0,3.50375,2.468625
150.0,3.503,2.467875
150.0,3.503,2.467
150.0,3.502625,2.466875
150.0,3.502625,2.467375
150.0,3.50375,2.467375
150.0,3.50475,2.467125
150.0,3.50425,2.467
150.0,3.5035,2.467125
150.0,3.50275,2.467375
150.0,3.502375,2.467375
150.0,3.50225,2.4675
150.0,3.501875,2.46775
150.0,3.50175,2.46775
150.0,3.50175,2.46775
150.0,3.501875,2.46825
150.0,3.503375,2.468625
150.0,3.50325,2.468125
150.0,3.503,2.467625
150.0,3.503,2.467
150.0,3.502375,2.46725
150.0,3.502875,2.467375
150.0,3.504125,2.46725
150.0,3.504375,2.467
150.0,3.504375,2.467125
150.0,3.5035,2.467375
150.0,3.502625,2.4675
150.0,3.5025,2.467375
150.0,3.502125,2.467625
150.0,3.50175,2.46775
150.0,3.50175,2.46775
150.0,3.502,2.467875
150.0,3.502625,2.4685
150.0,3.50325,2.4685
150.0,3.503375,2.468125
150.0,3.503125,2.4675
150.0,3.502625,2.466875
150.0,3.502,2.46725
150.0,3.503,2.467375
150.0,3.50425,2.467
150.0,3.50425,2.467
150.0,3.504,2.46725
150.0,3.503375,2.46775
150.0,3.5025,2.467375
150.0,3.50175,2.46725
150.0,3.501875,2.4675
150.0,3.501875,2.467875
150.0,3.501375,2.467875
150.0,3.50175,2.468
150.0,3.502875,2.46825
150.0,3.503375,2.4685
150.0,3.50275,2.468125
150.0,3.502625,2.46725
150.0,3.50275,2.467125
150.0,3.5025,2.467375
150.0,3.503375,2.467375
150.0,3.504625,2.467125
150.0,3.505,2.46675
150.0,3.50425,2.46725
150.0,3.503,2.4675
150.0,3.5025,2.467125
151.0,3.50325,2.411625
151.0,3.50425,2.41125
151.0,3.504375,2.410875
151.0,3.503875,2.411625
151.0,3.502125,2.411875
151.0,3.501625,2.4115
151.0,3.50175,2.411625
151.0,3.501375,2.411875
151.0,3.501375,2.411875
151.0,3.50125,2.411875
151.0,3.501875,2.412375
151.0,3.50325,2.41275
151.0,3.503375,2.412625
151.0,3.502375,2.412
151.0,3.502625,2.4115
151.0,3.5025,2.411375
151.0,3.502375,2.411625
151.0,3.503625,2.411625
151.0,3.504625,2.41125
151.0,3.5045,2.411
151.0,3.503375,2.41125
151.0,3.50225,2.41175
151.0,3.501625,2.411625
151.0,3.501875,2.41175
151.0,3.502,2.412
151.0,3.502,2.412
151.0,3.501375,2.412125
151.0,3.5015,2.4125
151.0,3.502625,2.4125
151.0,3.503125,2.41275
151.0,3.50275,2.41175
151.0,3.50275,2.411
151.0,3.502125,2.411375
151.0,3.50275,2.411625
151.0,3.504375,2.411375
151.0,3.504875,2.411125
151.0,3.503875,2.4115
151.0,3.502625,2.41175
151.0,3.502,2.411375
151.0,3.502125,2.41175
151.0,3.501625,2.412
151.0,3.501625,2.412
151.0,3.501625,2.411875
151.0,3.50175,2.412
151.0,3.50275,2.4125
151.0,3.503875,2.41275
151.0,3.50325,2.41225
151.0,3.50325,2.4115
151.0,3.503,2.41125
151.0,3.5025,2.411375
151.0,3.5035,2.411625
151.0,3.504625,2.411375
151.0,3.504625,2.411125
151.0,3.503375,2.411625
151.0,3.502625,2.41175
151.0,3.502375,2.4115
151.0,3.50225,2.411625
151.0,3.50225,2.411625
151.0,3.50175,2.411875
151.0,3.50175,2.412
151.0,3.502,2.41225
151.0,3.502875,2.4125
151.0,3.503625,2.412375
151.0,3.503375,2.411875
151.0,3.503,2.41125
151.0,3.50225,2.41125
151.0,3.502375,2.4115
151.0,3.50375,2.4115
151.0,3.5045,2.411
151.0,3.504,2.411
151.0,3.503625,2.411375
151.0,3.502875,2.411625
151.0,3.502375,2.4115
151.0,3.502375,2.4115
151.0,3.502125,2.41175
151.0,3.501875,2.412
151.0,3.50175,2.412
151.0,3.502,2.4125
151.0,3.503125,2.4125
151.0,3.5035,2.41225
151.0,3.50275,2.41175
151.0,3.5025,2.411375
151.0,3.502625,2.411375
151.0,3.503125,2.411625
151.0,3.504,2.4115
151.0,3.504625,2.411
151.0,3.504375,2.411375
151.0,3.503375,2.412
151.0,3.50275,2.411375
151.0,3.502375,2.411125
151.0,3.502375,2.411125
151.0,3.5015,2.411625
151.0,3.501375,2.41175
151.0,3.502,2.411875
151.0,3.502875,2.4125
151.0,3.503125,2.41275
151.0,3.5025,2.412
151.0,3.5025,2.411125
151.0,3.5025,2.411
151.0,3.50225,2.4115
151.0,3.503125,2.4115
151.0,3.504625,2.41125
151.0,3.504875,2.411
151.0,3.50375,2.41125
151.0,3.50275,2.411625
151.0,3.5025,2.411375
151.0,3.5025,2.411375
151.0,3.502125,2.4115
151.0,3.50175,2.41175
151.0,3.501625,2.41175
151.0,3.50175,2.412125
151.0,3.502875,2.4125
151.0,3.503625,2.412375
151.0,3.503125,2.412125
151.0,3.50325,2.411875
151.0,3.502875,2.4115
151.0,3.5025,2.411625
151.0,3.503625,2.4115
151.0,3.5045,2.411375
151.0,3.5045,2.411
151.0,3.503625,2.411375
151.0,3.502375,2.411875
151.0,3.502375,2.411875
151.0,3.5025,2.41175
151.0,3.502375,2.411625
151.0,3.501375,2.41175
151.0,3.50125,2.412
151.0,3.502625,2.412375
151.0,3.503875,2.41275
151.0,3.503375,2.412625
151.0,3.502375,2.41175
151.0,3.50225,2.410875
151.0,3.502375,2.411125
151.0,3.50275,2.4115
151.0,3.503625,2.411375
151.0,3.504375,2.410875
151.0,3.50425,2.411125
151.0,3.503,2.411375
151.0,3.50225,2.411375
151.0,3.50225,2.411375
151.0,3.502375,2.411375
151.0,3.502375,2.41175
151.0,3.502,2.411875
151.0,3.502,2.412
151.0,3.5025,2.4125
151.0,3.502875,2.41275
151.0,3.503125,2.412125
151.0,3.503,2.411625
151.0,3.502375,2.41125
151.0,3.502125,2.411625
151.0,3.502875,2.41175
151.0,3.504125,2.411375
151.0,3.5045,2.410875
151.0,3.50425,2.411125
151.0,3.50325,2.411125
151.0,3.50325,2.411875
151.0,3.5025,2.411625
151.0,3.502375,2.411875
151.0,3.50225,2.412
151.0,3.5015,2.412
151.0,3.5015,2.41225
151.0,3.50275,2.412625
151.0,3.50375,2.4125
151.0,3.503375,2.412
151.0,3.502875,2.411125
151.0,3.50275,2.411
151.0,3.502375,2.411375
151.0,3.503,2.4115
151.0,3.50425,2.41125
152.0,3.503375,2.35575
152.0,3.503125,2.3555
152.0,3.5025,2.355
152.0,3.5025,2.35425
152.0,3.502125,2.354375
152.0,3.502125,2.35475
152.0,3.503625,2.35475
152.0,3.504125,2.35425
152.0,3.504125,2.35425
152.0,3.50425,2.354125
152.0,3.503125,2.354625
152.0,3.502,2.354625
152.0,3.502,2.3545
152.0,3.502125,2.354875
152.0,3.501625,2.354875
152.0,3.501375,2.35525
152.0,3.5025,2.355625
152.0,3.503125,2.35575
152.0,3.50275,2.3555
152.0,3.5025,2.35475
152.0,3.502125,2.354125
152.0,3.502125,2.3545
152.0,3.50275,2.354875
152.0,3.503875,2.354625
152.0,3.5045,2.35425
152.0,3.5045,2.35425
152.0,3.504125,2.3545
152.0,3.502875,2.35475
152.0,3.502125,2.35475
152.0,3.502,2.35475
152.0,3.502,2.355
152.0,3.501625,2.355
152.0,3.501375,2.355125
152.0,3.50275,2.3555
152.0,3.50375,2.355875
152.0,3.50375,2.355375
152.0,3.5035,2.354375
152.0,3.502375,2.35425
152.0,3.502125,2.354625
152.0,3.5035,2.35475
152.0,3.5045,2.354375
152.0,3.5045,2.354375
152.0,3.504875,2.354
152.0,3.504,2.35425
152.0,3.502375,2.35475
152.0,3.502125,2.3545
152.0,3.502,2.354625
152.0,3.5015,2.355
152.0,3.50125,2.355
152.0,3.502,2.355375
152.0,3.503125,2.35575
152.0,3.50325,2.355625
152.0,3.502875,2.355
152.0,3.503,2.354625
152.0,3.5025,2.354625
152.0,3.502625,2.354875
152.0,3.503625,2.35475
152.0,3.503625,2.35475
152.0,3.50475,2.354375
152.0,3.5045,2.354375
152.0,3.503125,2.354875
152.0,3.502375,2.355
152.0,3.5025,2.35475
152.0,3.502125,2.355
152.0,3.5015,2.354875
152.0,3.50125,2.355125
152.0,3.501875,2.3555
152.0,3.502625,2.3555
152.0,3.503125,2.35525
152.0,3.502875,2.35475
152.0,3.5025,2.354375
152.0,3.502,2.354625
152.0,3.502625,2.354875
152.0,3.502625,2.354875
152.0,3.504125,2.354625
152.0,3.504375,2.35425
152.0,3.504125,2.3545
152.0,3.502875,2.355
152.0,3.502,2.354875
152.0,3.502125,2.354625
152.0,3.501875,2.354875
152.0,3.501,2.355
152.0,3.501375,2.35525
152.0,3.5025,2.35575
152.0,3.50325,2.355875
152.0,3.502875,2.355625
152.0,3.503,2.354625
152.0,3.502875,2.35425
152.0,3.502,2.35475
152.0,3.502,2.35475
152.0,3.50275,2.35475
152.0,3.504375,2.3545
152.0,3.504625,2.354125
152.0,3.50375,2.3545
152.0,3.50275,2.355
152.0,3.502375,2.355
152.0,3.502125,2.354875
152.0,3.501875,2.354875
152.0,3.501375,2.355125
152.0,3.501625,2.3555
152.0,3.502625,2.355875
152.0,3.503375,2.355375
152.0,3.50275,2.355
152.0,3.502625,2.354625
152.0,3.50225,2.3545
152.0,3.5025,2.354625
152.0,3.5025,2.354625
152.0,3.503625,2.35475
152.0,3.5045,2.3545
152.0,3.504625,2.35425
152.0,3.504,2.354625
152.0,3.503,2.354875
152.0,3.502375,2.354375
152.0,3.501875,2.354875
152.0,3.5015,2.355
152.0,3.5015,2.355125
152.0,3.502125,2.35575
152.0,3.503,2.356
152.0,3.5035,2.3555
152.0,3.503375,2.35475
152.0,3.503125,2.354375
152.0,3.502375,2.354875
152.0,3.502375,2.354875
152.0,3.502625,2.354875
152.0,3.503625,2.354625
152.0,3.504625,2.35425
152.0,3.50425,2.35425
152.0,3.502875,2.35475
152.0,3.502375,2.354625
152.0,3.502375,2.354625
152.0,3.50175,2.355
152.0,3.50125,2.35525
152.0,3.501375,2.355375
152.0,3.502125,2.355625
152.0,3.5035,2.355875
152.0,3.5035,2.355375
152.0,3.503,2.354875
152.0,3.50275,2.354375
152.0,3.50275,2.354375
152.0,3.50225,2.354625
152.0,3.503,2.354875
152.0,3.504,2.354625
152.0,3.504125,2.354125
152.0,3.503875,2.354375
152.0,3.50275,2.354875
152.0,3.50225,2.35475
152.0,3.502375,2.354875
152.0,3.50175,2.355
152.0,3.501,2.355125
152.0,3.50125,2.3555
152.0,3.5025,2.35575
152.0,3.5035,2.355875
152.0,3.50275,2.355625
152.0,3.502375,2.35475
152.0,3.502375,2.35475
152.0,3.5025,2.354375
152.0,3.502375,2.354625
152.0,3.5035,2.354875
152.0,3.504375,2.3545
152.0,3.5045,2.3545
152.0,3.503875,2.354625
152.0,3.50275,2.35475
152.0,3.502125,2.354875
152.0,3.502,2.354875
152.0,3.501625,2.355
152.0,3.501125,2.355125
152.0,3.501875,2.355625
152.0,3.50325,2.356
152.0,3.503375,2.355875
153.0,3.502,2.297125
153.0,3.50125,2.29725
153.0,3.5015,2.2975
153.0,3.50325,2.29775
153.0,3.50425,2.2975
153.0,3.50325,2.297
153.0,3.503,2.296875
153.0,3.5025,2.29675
153.0,3.5025,2.29675
153.0,3.50225,2.296875
153.0,3.503125,2.297
153.0,3.504125,2.29675
153.0,3.504375,2.2965
153.0,3.503375,2.297
153.0,3.50175,2.297125
153.0,3.50175,2.296875
153.0,3.502,2.296875
153.0,3.501625,2.297
153.0,3.5015,2.29725
153.0,3.50225,2.297625
153.0,3.502875,2.298
153.0,3.503125,2.297625
153.0,3.502625,2.29725
153.0,3.502625,2.296625
153.0,3.502375,2.29675
153.0,3.502375,2.29675
153.0,3.502625,2.296875
153.0,3.503875,2.296875
153.0,3.50475,2.296625
153.0,3.5045,2.29675
153.0,3.5035,2.29725
153.0,3.50275,2.297125
153.0,3.502375,2.297
153.0,3.502,2.29725
153.0,3.50125,2.29725
153.0,3.50125,2.29725
153.0,3.502,2.297625
153.0,3.503125,2.29775
153.0,3.503375,2.297375
153.0,3.503,2.296875
153.0,3.502625,2.29675
153.0,3.502625,2.29675
153.0,3.502125,2.296875
153.0,3.502625,2.297
153.0,3.503875,2.29675
153.0,3.504625,2.296375
153.0,3.504125,2.296625
153.0,3.502875,2.297
153.0,3.502,2.29725
153.0,3.502,2.297
153.0,3.501875,2.297375
153.0,3.5015,2.2975
153.0,3.501625,2.2975
153.0,3.502625,2.298
153.0,3.5035,2.298125
153.0,3.50275,2.297625
153.0,3.502625,2.296625
153.0,3.502625,2.296625
153.0,3.502375,2.2965
153.0,3.502,2.296875
153.0,3.503125,2.297125
153.0,3.504375,2.296875
153.0,3.504375,2.2965
153.0,3.504125,2.2965
153.0,3.502875,2.29675
153.0,3.502375,2.2965
153.0,3.501875,2.296875
153.0,3.50175,2.29725
153.0,3.501625,2.297125
153.0,3.501875,2.297625
153.0,3.503,2.29825
153.0,3.503375,2.298125
153.0,3.503125,2.297375
153.0,3.503125,2.297375
153.0,3.502875,2.296625
153.0,3.502125,2.29675
153.0,3.501875,2.297
153.0,3.503375,2.297125
153.0,3.50425,2.296625
153.0,3.504375,2.296625
153.0,3.5035,2.29725
153.0,3.50225,2.29725
153.0,3.50225,2.297125
153.0,3.501875,2.297125
153.0,3.501375,2.29725
153.0,3.501375,2.297375
153.0,3.502375,2.297875
153.0,3.503375,2.29825
153.0,3.503625,2.29775
153.0,3.503125,2.297125
153.0,3.503125,2.297125
153.0,3.502625,2.2965
153.0,3.502375,2.29675
153.0,3.50275,2.297
153.0,3.50425,2.297
153.0,3.50475,2.2965
153.0,3.50375,2.2965
153.0,3.503,2.297
153.0,3.502375,2.297
153.0,3.502,2.297
153.0,3.50175,2.297375
153.0,3.50125,2.29725
153.0,3.501375,2.2975
153.0,3.502375,2.298
153.0,3.50375,2.298
153.0,3.50325,2.2975
153.0,3.50325,2.2975
153.0,3.502625,2.29675
153.0,3.503,2.296625
153.0,3.5025,2.297
153.0,3.50275,2.297
153.0,3.504125,2.296875
153.0,3.504375,2.2965
153.0,3.50375,2.296625
153.0,3.503,2.297125
153.0,3.50275,2.297
153.0,3.50225,2.297125
153.0,3.501375,2.29725
153.0,3.501125,2.297375
153.0,3.501625,2.29775
153.0,3.503,2.298
153.0,3.5035,2.297875
153.0,3.5035,2.297875
153.0,3.503,2.297375
153.0,3.503125,2.29675
153.0,3.502625,2.29675
153.0,3.50225,2.297
153.0,3.502875,2.297
153.0,3.503875,2.29675
153.0,3.504125,2.296125
153.0,3.50325,2.29675
153.0,3.5025,2.297125
153.0,3.502375,2.296875
153.0,3.502125,2.296875
153.0,3.501375,2.29725
153.0,3.501125,2.297375
153.0,3.501625,2.297875
153.0,3.502625,2.298125
153.0,3.502625,2.298125
153.0,3.502875,2.2975
153.0,3.5025,2.297
153.0,3.50275,2.296625
153.0,3.5025,2.296875
153.0,3.5025,2.297
153.0,3.50375,2.296875
153.0,3.5045,2.296375
153.0,3.504125,2.296375
153.0,3.503,2.297125
153.0,3.50225,2.297125
153.0,3.502125,2.29675
153.0,3.502,2.297125
153.0,3.5015,2.297125
153.0,3.501375,2.29725
153.0,3.502,2.29775
153.0,3.502,2.29775
153.0,3.503125,2.29775
153.0,3.503125,2.2975
153.0,3.502875,2.296875
153.0,3.5025,2.2965
153.0,3.502125,2.296875
153.0,3.50275,2.297125
153.0,3.504375,2.296875
153.0,3.504625,2.296625
153.0,3.503375,2.296625
153.0,3.502375,2.297125
153.0,3.502375,2.297125
153.0,3.501875,2.297125
153.0,3.5015,2.297375
153.0,3.501125,2.29725
154.0,3.50325,2.239
154.0,3.50275,2.238625
154.0,3.502625,2.2385
154.0,3.502375,2.238625
154.0,3.502625,2.238875
154.0,3.5035,2.23875
154.0,3.504125,2.2385
154.0,3.50375,2.2385
154.0,3.50375,2.2385
154.0,3.502875,2.238625
154.0,3.5025,2.238625
154.0,3.502125,2.2385
154.0,3.50175,2.238875
154.0,3.50175,2.238875
154.0,3.501875,2.239125
154.0,3.502875,2.239625
154.0,3.50375,2.23975
154.0,3.503625,2.2395
154.0,3.503,2.23875
154.0,3.50275,2.238375
154.0,3.5025,2.238625
154.0,3.503375,2.23875
154.0,3.50425,2.2385
154.0,3.504375,2.23825
154.0,3.504,2.238375
154.0,3.504,2.238375
154.0,3.50275,2.239
154.0,3.502375,2.238875
154.0,3.502125,2.23875
154.0,3.501375,2.239
154.0,3.501375,2.239
154.0,3.502,2.239375
154.0,3.50275,2.2395
154.0,3.50325,2.23925
154.0,3.50275,2.239125
154.0,3.503125,2.2385
154.0,3.502875,2.238375
154.0,3.50275,2.2385
154.0,3.503625,2.238625
154.0,3.50475,2.238375
154.0,3.504125,2.23825
154.0,3.504125,2.23825
154.0,3.50325,2.238625
154.0,3.502625,2.238875
154.0,3.50225,2.238875
154.0,3.502125,2.239
154.0,3.501625,2.239
154.0,3.501875,2.239
154.0,3.5025,2.239375
154.0,3.50375,2.239875
154.0,3.5035,2.2395
154.0,3.50275,2.23875
154.0,3.503,2.23825
154.0,3.50275,2.238375
154.0,3.503125,2.23875
154.0,3.504375,2.23875
154.0,3.5045,2.238125
154.0,3.5045,2.238125
154.0,3.504,2.23825
154.0,3.503,2.239
154.0,3.502125,2.239
154.0,3.502125,2.238625
154.0,3.50175,2.238875
154.0,3.501125,2.238875
154.0,3.501375,2.239
154.0,3.502375,2.239625
154.0,3.5035,2.2395
154.0,3.503,2.23925
154.0,3.502375,2.23875
154.0,3.502625,2.2385
154.0,3.5025,2.23875
154.0,3.503,2.23875
154.0,3.504125,2.238625
154.0,3.504125,2.238625
154.0,3.50475,2.238
154.0,3.503875,2.238125
154.0,3.502375,2.23875
154.0,3.502125,2.238625
154.0,3.5025,2.238625
154.0,3.50225,2.239
154.0,3.501875,2.239
154.0,3.502,2.239375
154.0,3.502875,2.239625
154.0,3.5035,2.2395
154.0,3.502875,2.23925
154.0,3.502875,2.238625
154.0,3.5025,2.238125
154.0,3.50225,2.238625
154.0,3.503625,2.238875
154.0,3.50425,2.2385
154.0,3.50425,2.2385
154.0,3.50425,2.238125
154.0,3.503375,2.23875
154.0,3.5025,2.238875
154.0,3.5025,2.238625
154.0,3.50225,2.23875
154.0,3.501375,2.239
154.0,3.501375,2.239
154.0,3.5025,2.239375
154.0,3.5035,2.239375
154.0,3.503625,2.239125
154.0,3.503,2.238625
154.0,3.502875,2.238125
154.0,3.502625,2.23825
154.0,3.50275,2.238625
154.0,3.50375,2.23875
154.0,3.50375,2.23875
154.0,3.50475,2.23825
154.0,3.50475,2.238125
154.0,3.50375,2.238625
154.0,3.502625,2.238625
154.0,3.502125,2.23875
154.0,3.501625,2.239
154.0,3.501375,2.239
154.0,3.501625,2.239
154.0,3.502125,2.2395
154.0,3.50275,2.239625
154.0,3.50325,2.239375
154.0,3.502875,2.2385
154.0,3.5025,2.2385
154.0,3.50225,2.23875
154.0,3.50275,2.238875
154.0,3.50275,2.238875
154.0,3.504125,2.238625
154.0,3.504375,2.23825
154.0,3.503875,2.238375
154.0,3.503125,2.239
154.0,3.502375,2.239
154.0,3.502375,2.238625
154.0,3.502,2.238875
154.0,3.501625,2.239
154.0,3.502,2.239125
154.0,3.503125,2.2395
154.0,3.5035,2.239375
154.0,3.503125,2.239125
154.0,3.503,2.2385
154.0,3.502625,2.23825
154.0,3.502,2.2385
154.0,3.502,2.2385
154.0,3.50325,2.238625
154.0,3.5045,2.238375
154.0,3.50475,2.238125
154.0,3.504125,2.2385
154.0,3.502875,2.239
154.0,3.502625,2.238875
154.0,3.502625,2.238875
154.0,3.502125,2.239
154.0,3.501625,2.239
154.0,3.502,2.23925
154.0,3.50325,2.2395
154.0,3.503625,2.23975
154.0,3.503125,2.239
154.0,3.503125,2.23825
154.0,3.503,2.2385
154.0,3.5025,2.23875
154.0,3.5025,2.23875
154.0,3.503375,2.238875
154.0,3.5045,2.2385
154.0,3.5045,2.23825
154.0,3.503375,2.238625
154.0,3.5025,2.239
154.0,3.50275,2.238625
154.0,3.502375,2.23875
154.0,3.50175,2.238875
154.0,3.501625,2.239
154.0,3.5025,2.2395
154.0,3.503375,2.2395
154.0,3.5035,2.2395
154.0,3.503,2.23875
155.0,3.50175,2.18
155.0,3.50125,2.18
155.0,3.5015,2.18025
155.0,3.5025,2.18075
155.0,3.50375,2.180875
155.0,3.502875,2.1805
155.0,3.502375,2.17975
155.0,3.5025,2.17925
155.0,3.5025,2.17925
155.0,3.502625,2.179625
155.0,3.5035,2.17975
155.0,3.504375,2.1795
155.0,3.5045,2.179375
155.0,3.503875,2.1795
155.0,3.503125,2.180125
155.0,3.50275,2.18
155.0,3.50225,2.17975
155.0,3.501875,2.18
155.0,3.501625,2.180125
155.0,3.501875,2.18025
155.0,3.503,2.18075
155.0,3.503625,2.1805
155.0,3.503125,2.180375
155.0,3.502875,2.18
155.0,3.5025,2.1795
155.0,3.5025,2.1795
155.0,3.5025,2.179875
155.0,3.503625,2.18
155.0,3.504375,2.1795
155.0,3.5045,2.179375
155.0,3.50375,2.179375
155.0,3.502625,2.179625
155.0,3.502375,2.179875
155.0,3.50175,2.18
155.0,3.50125,2.18
155.0,3.5015,2.18
155.0,3.502125,2.1805
155.0,3.503375,2.18075
155.0,3.503125,2.180375
155.0,3.50275,2.180125
155.0,3.50275,2.179625
155.0,3.50275,2.179625
155.0,3.50225,2.1795
155.0,3.50275,2.179875
155.0,3.503875,2.179875
155.0,3.504125,2.179625
155.0,3.504125,2.179375
155.0,3.503125,2.1795
155.0,3.502,2.179875
155.0,3.502,2.180125
155.0,3.502125,2.18025
155.0,3.501625,2.180125
155.0,3.50125,2.18025
155.0,3.502375,2.180625
155.0,3.50375,2.180875
155.0,3.503125,2.180375
155.0,3.50275,2.18
155.0,3.50275,2.18
155.0,3.502875,2.1795
155.0,3.50225,2.17975
155.0,3.50275,2.179875
155.0,3.504125,2.17975
155.0,3.504625,2.1795
155.0,3.504,2.179375
155.0,3.50275,2.17975
155.0,3.5025,2.179625
155.0,3.5025,2.179875
155.0,3.502125,2.180125
155.0,3.5015,2.180125
155.0,3.501375,2.18025
155.0,3.50225,2.180625
155.0,3.503125,2.18075
155.0,3.503125,2.18025
155.0,3.503125,2.18025
155.0,3.502625,2.17975
155.0,3.502125,2.1795
155.0,3.502375,2.17975
155.0,3.5035,2.179875
155.0,3.504125,2.179625
155.0,3.50425,2.1795
155.0,3.503625,2.179375
155.0,3.502,2.17975
155.0,3.502,2.1795
155.0,3.5025,2.17975
155.0,3.501625,2.180125
155.0,3.501375,2.18025
155.0,3.502375,2.1805
155.0,3.503375,2.180625
155.0,3.5035,2.180625
155.0,3.503125,2.18025
155.0,3.503125,2.18025
155.0,3.503,2.179625
155.0,3.502625,2.179625
155.0,3.5025,2.17975
155.0,3.503875,2.17975
155.0,3.5045,2.179375
155.0,3.504125,2.17925
155.0,3.503375,2.179625
155.0,3.502375,2.18025
155.0,3.502625,2.179875
155.0,3.50275,2.18
155.0,3.501625,2.18
155.0,3.501375,2.180125
155.0,3.502,2.1805
155.0,3.503,2.180625
155.0,3.502875,2.1805
155.0,3.502875,2.1805
155.0,3.5025,2.18
155.0,3.5025,2.179625
155.0,3.502375,2.1795
155.0,3.503125,2.17975
155.0,3.503875,2.17975
155.0,3.5045,2.1795
155.0,3.504375,2.1795
155.0,3.503125,2.18
155.0,3.502,2.18
155.0,3.502,2.18
155.0,3.502125,2.180125
155.0,3.501375,2.180125
155.0,3.5015,2.18025
155.0,3.502875,2.18075
155.0,3.503875,2.180625
155.0,3.503875,2.180625
155.0,3.503625,2.1805
155.0,3.503,2.179875
155.0,3.5025,2.179625
155.0,3.502125,2.17975
155.0,3.503125,2.18
155.0,3.504,2.179625
155.0,3.504125,2.179375
155.0,3.5035,2.179625
155.0,3.50225,2.18
155.0,3.502625,2.179625
155.0,3.502625,2.179875
155.0,3.50225,2.18
155.0,3.50175,2.18
155.0,3.502,2.1805
155.0,3.502875,2.180875
155.0,3.502875,2.180875
155.0,3.5035,2.181125
155.0,3.5035,2.1805
155.0,3.50275,2.1795
155.0,3.502125,2.1795
155.0,3.50175,2.179875
155.0,3.50325,2.17975
155.0,3.504875,2.1795
155.0,3.505,2.179375
155.0,3.5035,2.179625
155.0,3.50225,2.17975
155.0,3.502125,2.17975
155.0,3.501875,2.18
155.0,3.5015,2.18
155.0,3.501375,2.180125
155.0,3.50225,2.180375
155.0,3.50225,2.1805
155.0,3.503375,2.1805
155.0,3.503375,2.180375
155.0,3.503125,2.180125
155.0,3.503,2.179625
155.0,3.502375,2.179375
155.0,3.5025,2.179625
155.0,3.504,2.17975
155.0,3.50475,2.179375
155.0,3.504375,2.1795
155.0,3.503375,2.18
155.0,3.502625,2.179875
155.0,3.5025,2.179875
155.0,3.502,2.18
155.0,3.501375,2.18
156.0,3.5035,2.120875
156.0,3.50325,2.1205
156.0,3.50275,2.11975
156.0,3.502625,2.119875
156.0,3.50275,2.12025
156.0,3.503875,2.120375
156.0,3.504625,2.119875
156.0,3.504375,2.119625
156.0,3.504375,2.119625
156.0,3.50375,2.12025
156.0,3.502875,2.12025
156.0,3.5025,2.12
156.0,3.502125,2.12025
156.0,3.501625,2.120375
156.0,3.5015,2.1205
156.0,3.502375,2.12125
156.0,3.503125,2.121375
156.0,3.503,2.12075
156.0,3.503375,2.120125
156.0,3.503,2.119875
156.0,3.50225,2.120375
156.0,3.502625,2.1205
156.0,3.503625,2.120375
156.0,3.50425,2.119875
156.0,3.50425,2.119875
156.0,3.504125,2.119875
156.0,3.503125,2.120375
156.0,3.50225,2.12025
156.0,3.501875,2.12025
156.0,3.502,2.120625
156.0,3.501625,2.1205
156.0,3.501625,2.120875
156.0,3.50275,2.121125
156.0,3.503625,2.12125
156.0,3.503125,2.12075
156.0,3.502875,2.12
156.0,3.502625,2.12
156.0,3.502375,2.12025
156.0,3.503125,2.120125
156.0,3.50425,2.12
156.0,3.504875,2.119875
156.0,3.504875,2.119875
156.0,3.50375,2.12025
156.0,3.502125,2.1205
156.0,3.502375,2.120125
156.0,3.502375,2.120375
156.0,3.502125,2.1205
156.0,3.501625,2.120625
156.0,3.502125,2.120875
156.0,3.50325,2.121375
156.0,3.504,2.121375
156.0,3.502875,2.1205
156.0,3.502375,2.120125
156.0,3.5025,2.120125
156.0,3.50275,2.120375
156.0,3.503875,2.12025
156.0,3.504625,2.119875
156.0,3.504625,2.119875
156.0,3.504625,2.119875
156.0,3.503625,2.1205
156.0,3.502375,2.12075
156.0,3.50225,2.120125
156.0,3.50225,2.1205
156.0,3.5015,2.1205
156.0,3.501375,2.120625
156.0,3.502,2.121125
156.0,3.503125,2.12125
156.0,3.50325,2.121
156.0,3.502875,2.12075
156.0,3.50275,2.120125
156.0,3.502625,2.120125
156.0,3.5035,2.120375
156.0,3.504375,2.12
156.0,3.504375,2.12
156.0,3.5045,2.12
156.0,3.504,2.120375
156.0,3.503,2.120875
156.0,3.501875,2.120625
156.0,3.502125,2.120125
156.0,3.502375,2.120375
156.0,3.5015,2.120625
156.0,3.501625,2.12075
156.0,3.5025,2.12125
156.0,3.503,2.121375
156.0,3.503,2.120875
156.0,3.502875,2.12025
156.0,3.503,2.119875
156.0,3.502625,2.120125
156.0,3.50325,2.120375
156.0,3.503875,2.12
156.0,3.503875,2.12
156.0,3.50425,2.1195
156.0,3.50425,2.12
156.0,3.502625,2.1205
156.0,3.502375,2.120125
156.0,3.50225,2.12025
156.0,3.501625,2.12075
156.0,3.501625,2.1205
156.0,3.502125,2.12075
156.0,3.502875,2.12125
156.0,3.503375,2.12125
156.0,3.50275,2.120875
156.0,3.502625,2.12025
156.0,3.502625,2.12
156.0,3.502,2.1205
156.0,3.503,2.1205
156.0,3.503,2.1205
156.0,3.50425,2.119875
156.0,3.50475,2.11975
156.0,3.503375,2.1205
156.0,3.502,2.1205
156.0,3.502125,2.12025
156.0,3.502,2.1205
156.0,3.501375,2.120625
156.0,3.50125,2.120625
156.0,3.50225,2.120875
156.0,3.5035,2.121375
156.0,3.503625,2.121125
156.0,3.50275,2.1205
156.0,3.502375,2.119875
156.0,3.502375,2.120125
156.0,3.502625,2.12025
156.0,3.502625,2.12025
156.0,3.50375,2.120125
156.0,3.504125,2.11975
156.0,3.504125,2.119625
156.0,3.503625,2.120125
156.0,3.502875,2.12025
156.0,3.50225,2.12025
156.0,3.501875,2.1205
156.0,3.501625,2.1205
156.0,3.50175,2.12075
156.0,3.502625,2.120875
156.0,3.5035,2.121
156.0,3.503375,2.121
156.0,3.503,2.1205
156.0,3.502875,2.12
156.0,3.502,2.120125
156.0,3.502,2.120125
156.0,3.503,2.1205
156.0,3.504625,2.12025
156.0,3.504625,2.11975
156.0,3.50425,2.12
156.0,3.503,2.120125
156.0,3.50225,2.12025
156.0,3.50225,2.1205
156.0,3.501625,2.120625
156.0,3.50175,2.120625
156.0,3.502125,2.12075
156.0,3.502875,2.121125
156.0,3.503375,2.121125
156.0,3.503125,2.120625
156.0,3.502875,2.12025
156.0,3.50275,2.120125
156.0,3.50225,2.120125
156.0,3.50225,2.120375
156.0,3.503375,2.120375
156.0,3.504125,2.12
156.0,3.5045,2.11975
156.0,3.50375,2.120125
156.0,3.502875,2.120375
156.0,3.5025,2.120375
156.0,3.5015,2.1205
156.0,3.5015,2.120625
156.0,3.501875,2.120625
156.0,3.502375,2.120875
156.0,3.5035,2.121
156.0,3.50375,2.120625
156.0,3.503125,2.120375
157.0,3.502,2.061375
157.0,3.501875,2.0615
157.0,3.50175,2.06175
157.0,3.502875,2.062
157.0,3.503875,2.06225
157.0,3.503375,2.062125
157.0,3.503,2.061375
157.0,3.503125,2.061125
157.0,3.503125,2.061125
157.0,3.502625,2.061125
157.0,3.503125,2.061125
157.0,3.504125,2.061125
157.0,3.504,2.060875
157.0,3.504,2.06075
157.0,3.503,2.06125
157.0,3.502125,2.061125
157.0,3.502,2.061125
157.0,3.502,2.061625
157.0,3.501625,2.061625
157.0,3.50175,2.06175
157.0,3.502625,2.06225
157.0,3.5035,2.06225
157.0,3.503375,2.061875
157.0,3.502875,2.06125
157.0,3.5025,2.061
157.0,3.5025,2.061
157.0,3.502625,2.061375
157.0,3.50325,2.061125
157.0,3.504375,2.061
157.0,3.50425,2.06075
157.0,3.5035,2.061375
157.0,3.502625,2.06175
157.0,3.502375,2.06125
157.0,3.502125,2.06125
157.0,3.5015,2.061625
157.0,3.501375,2.061625
157.0,3.50175,2.061875
157.0,3.502875,2.06225
157.0,3.50375,2.062125
157.0,3.503375,2.061625
157.0,3.503375,2.061375
157.0,3.503375,2.061375
157.0,3.50275,2.061
157.0,3.502625,2.06125
157.0,3.50375,2.061125
157.0,3.5045,2.060875
157.0,3.50425,2.06075
157.0,3.503625,2.061
157.0,3.5025,2.061375
157.0,3.502375,2.061375
157.0,3.5025,2.0615
157.0,3.502,2.061625
157.0,3.501625,2.061625
157.0,3.5025,2.062
157.0,3.503625,2.062125
157.0,3.5035,2.061625
157.0,3.50325,2.061375
157.0,3.50325,2.061375
157.0,3.503,2.061125
157.0,3.50275,2.060875
157.0,3.502875,2.06125
157.0,3.503875,2.061125
157.0,3.5045,2.060875
157.0,3.504125,2.061
157.0,3.502875,2.0615
157.0,3.502125,2.06125
157.0,3.501875,2.061125
157.0,3.50225,2.0615
157.0,3.502,2.061375
157.0,3.501875,2.061625
157.0,3.5025,2.062125
157.0,3.50375,2.061875
157.0,3.50375,2.061625
157.0,3.50375,2.061625
157.0,3.503375,2.061125
157.0,3.502875,2.06075
157.0,3.502625,2.061125
157.0,3.503125,2.06125
157.0,3.5045,2.061
157.0,3.50475,2.06075
157.0,3.503625,2.061125
157.0,3.503,2.061625
157.0,3.50275,2.06125
157.0,3.502625,2.061375
157.0,3.502125,2.0615
157.0,3.50125,2.061625
157.0,3.50175,2.06175
157.0,3.503,2.062125
157.0,3.503125,2.062
157.0,3.503125,2.061625
157.0,3.5025,2.061625
157.0,3.502875,2.060875
157.0,3.502875,2.060875
157.0,3.5025,2.061125
157.0,3.503375,2.061125
157.0,3.504375,2.061
157.0,3.504375,2.060875
157.0,3.5035,2.061375
157.0,3.502625,2.061375
157.0,3.502375,2.061
157.0,3.502,2.06125
157.0,3.502125,2.0615
157.0,3.501875,2.0615
157.0,3.502125,2.06175
157.0,3.503125,2.062125
157.0,3.503125,2.061875
157.0,3.503125,2.061875
157.0,3.502875,2.06125
157.0,3.503125,2.060875
157.0,3.502375,2.060875
157.0,3.502625,2.06125
157.0,3.503875,2.061125
157.0,3.50425,2.06075
157.0,3.503875,2.060875
157.0,3.503,2.06125
157.0,3.502375,2.061125
157.0,3.502125,2.060875
157.0,3.501875,2.06125
157.0,3.50125,2.061625
157.0,3.501125,2.06175
157.0,3.5025,2.062125
157.0,3.5035,2.062125
157.0,3.5035,2.062125
157.0,3.50275,2.062
157.0,3.5025,2.061375
157.0,3.50275,2.061
157.0,3.502625,2.061125
157.0,3.50325,2.06125
157.0,3.5045,2.061125
157.0,3.505,2.06075
157.0,3.504,2.060875
157.0,3.502625,2.061625
157.0,3.502125,2.061375
157.0,3.50225,2.061625
157.0,3.50175,2.0615
157.0,3.501375,2.0615
157.0,3.50225,2.06175
157.0,3.50325,2.062125
157.0,3.50325,2.062125
157.0,3.503625,2.062375
157.0,3.503125,2.061625
157.0,3.502875,2.06075
157.0,3.50275,2.060875
157.0,3.502625,2.06125
157.0,3.503625,2.06125
157.0,3.504625,2.061
157.0,3.5045,2.061
157.0,3.503875,2.061375
157.0,3.503125,2.0615
157.0,3.502375,2.061375
157.0,3.50175,2.0615
157.0,3.50175,2.061625
157.0,3.5015,2.061625
157.0,3.502125,2.061875
157.0,3.502125,2.061875
157.0,3.503625,2.06225
157.0,3.504125,2.061625
157.0,3.50325,2.06125
157.0,3.503125,2.06075
157.0,3.502625,2.061
157.0,3.50225,2.06125
157.0,3.503125,2.06125
157.0,3.504375,2.061
157.0,3.50425,2.06075
157.0,3.5035,2.06125
157.0,3.502875,2.061625
157.0,3.502375,2.06125
157.0,3.501875,2.061125
157.0,3.501625,2.061625
158.0,3.504,2.000375
158.0,3.50275,2.00075
158.0,3.502375,2.00075
158.0,3.502125,2.00075
158.0,3.501875,2.001
158.0,3.502,2.000875
158.0,3.502125,2.00125
158.0,3.502875,2.001375
158.0,3.502875,2.001375
158.0,3.5035,2.0015
158.0,3.503375,2.001125
158.0,3.50325,2.0005
158.0,3.503,2.0005
158.0,3.502875,2.00075
158.0,3.50375,2.00075
158.0,3.504375,2.00025
158.0,3.504375,2.0
158.0,3.50325,2.000375
158.0,3.502625,2.0005
158.0,3.502375,2.000625
158.0,3.50175,2.000875
158.0,3.501375,2.00075
158.0,3.5015,2.000875
158.0,3.5025,2.00125
158.0,3.50375,2.00175
158.0,3.50375,2.00175
158.0,3.503375,2.00125
158.0,3.502875,2.00075
158.0,3.5025,2.000125
158.0,3.502125,2.000625
158.0,3.503,2.00075
158.0,3.5045,2.0005
158.0,3.50525,2.000125
158.0,3.50475,2.0005
158.0,3.503625,2.000875
158.0,3.50275,2.000625
158.0,3.502375,2.00075
158.0,3.502,2.00075
158.0,3.501625,2.00075
158.0,3.501875,2.001375
158.0,3.503,2.00175
158.0,3.503,2.00175
158.0,3.5035,2.00175
158.0,3.503375,2.001125
158.0,3.503375,2.0005
158.0,3.502875,2.000375
158.0,3.50275,2.000625
158.0,3.5035,2.00075
158.0,3.5045,2.000375
158.0,3.504625,2.0
158.0,3.50375,2.000375
158.0,3.502625,2.000875
158.0,3.501875,2.00075
158.0,3.502,2.00075
158.0,3.501875,2.000875
158.0,3.501625,2.001
158.0,3.502375,2.00125
158.0,3.502375,2.00125
158.0,3.503625,2.00175
158.0,3.504,2.0015
158.0,3.50325,2.000625
158.0,3.503,2.00025
158.0,3.50275,2.000375
158.0,3.5025,2.000625
158.0,3.503625,2.00075
158.0,3.504375,2.000375
158.0,3.504375,2.0
158.0,3.5035,2.00025
158.0,3.5025,2.000625
158.0,3.50225,2.000625
158.0,3.50175,2.000875
158.0,3.50175,2.000875
158.0,3.50175,2.000875
158.0,3.50175,2.000875
158.0,3.502375,2.001375
158.0,3.5035,2.00175
158.0,3.504,2.001625
158.0,3.50325,2.000875
158.0,3.503,2.000375
158.0,3.502625,2.0005
158.0,3.502875,2.00075
158.0,3.504,2.0005
158.0,3.504375,2.00025
158.0,3.504,2.00025
158.0,3.503,2.000625
158.0,3.502375,2.00075
158.0,3.5025,2.000625
158.0,3.502125,2.00075
158.0,3.501375,2.001
158.0,3.501375,2.001
158.0,3.501625,2.001
158.0,3.503,2.0015
158.0,3.503875,2.001625
158.0,3.5035,2.001125
158.0,3.503,2.000625
158.0,3.502625,2.0
158.0,3.502375,2.000375
158.0,3.50325,2.000625
158.0,3.504375,2.000375
158.0,3.504875,2.00025
158.0,3.504125,2.0005
158.0,3.502875,2.000875
158.0,3.502375,2.000875
158.0,3.50225,2.001125
158.0,3.502,2.001
158.0,3.501375,2.000875
158.0,3.501375,2.000875
158.0,3.501875,2.00125
158.0,3.50275,2.0015
158.0,3.5035,2.001375
158.0,3.503375,2.001125
158.0,3.50325,2.000625
158.0,3.503125,2.000625
158.0,3.502625,2.0005
158.0,3.503625,2.0005
158.0,3.50475,2.00025
158.0,3.5045,2.00025
158.0,3.503875,2.000625
158.0,3.503125,2.000875
158.0,3.502625,2.0005
158.0,3.50225,2.000625
158.0,3.50175,2.000875
158.0,3.50175,2.000875
158.0,3.501375,2.001
158.0,3.50225,2.001375
158.0,3.503,2.0015
158.0,3.502875,2.001375
158.0,3.50275,2.001125
158.0,3.503,2.000625
158.0,3.5025,2.0005
158.0,3.50225,2.000625
158.0,3.50375,2.0005
158.0,3.504875,2.000125
158.0,3.504875,2.0
158.0,3.503625,2.000375
158.0,3.502375,2.000875
158.0,3.50175,2.000875
158.0,3.502125,2.000875
158.0,3.502125,2.000875
158.0,3.50175,2.00075
158.0,3.501375,2.001
158.0,3.50225,2.001375
158.0,3.504,2.0015
158.0,3.503375,2.001125
158.0,3.50275,2.0005
158.0,3.503,2.000375
158.0,3.502625,2.0005
158.0,3.502875,2.000625
158.0,3.503875,2.0005
158.0,3.50425,2.00025
158.0,3.504,2.00025
158.0,3.503,2.000875
158.0,3.50275,2.000625
158.0,3.501875,2.000625
158.0,3.501625,2.000875
158.0,3.501625,2.000875
158.0,3.501625,2.001
158.0,3.501625,2.00125
158.0,3.503,2.0015
158.0,3.503625,2.00175
158.0,3.503375,2.001375
158.0,3.502875,2.0005
158.0,3.502375,2.000375
158.0,3.5025,2.0005
158.0,3.50375,2.000625
158.0,3.50475,2.000375
158.0,3.50475,2.00025
158.0,3.5035,2.000375
158.0,3.50225,2.0005
159.0,3.502375,1.939375
159.0,3.502,1.93975
159.0,3.50175,1.939875
159.0,3.5025,1.94025
159.0,3.503125,1.940375
159.0,3.503125,1.940375
159.0,3.502875,1.940125
159.0,3.502875,1.939375
159.0,3.502875,1.939375
159.0,3.502625,1.939375
159.0,3.502625,1.9395
159.0,3.5035,1.939375
159.0,3.504125,1.93925
159.0,3.504375,1.939
159.0,3.50325,1.93925
159.0,3.50225,1.939625
159.0,3.502375,1.939875
159.0,3.501875,1.939875
159.0,3.501375,1.93975
159.0,3.501375,1.93975
159.0,3.502625,1.94025
159.0,3.504125,1.940125
159.0,3.504,1.940125
159.0,3.5035,1.939625
159.0,3.503,1.939125
159.0,3.503,1.939125
159.0,3.502625,1.939375
159.0,3.503,1.9395
159.0,3.503875,1.93925
159.0,3.5045,1.939125
159.0,3.503875,1.93925
159.0,3.502875,1.939625
159.0,3.502375,1.9395
159.0,3.502125,1.939625
159.0,3.5015,1.93975
159.0,3.501,1.93975
159.0,3.501375,1.94
159.0,3.502375,1.940375
159.0,3.503,1.94025
159.0,3.502875,1.939875
159.0,3.502625,1.93925
159.0,3.502625,1.93925
159.0,3.502375,1.939
159.0,3.5025,1.939375
159.0,3.503375,1.939625
159.0,3.50425,1.93925
159.0,3.504375,1.939125
159.0,3.50425,1.93925
159.0,3.502875,1.9395
159.0,3.502,1.9395
159.0,3.502125,1.93975
159.0,3.501875,1.94
159.0,3.501125,1.939875
159.0,3.501875,1.94
159.0,3.50325,1.940375
159.0,3.5035,1.940125
159.0,3.502625,1.93975
159.0,3.502625,1.93975
159.0,3.5025,1.939375
159.0,3.50275,1.939375
159.0,3.5025,1.939625
159.0,3.5035,1.9395
159.0,3.504375,1.93925
159.0,3.50425,1.939125
159.0,3.503,1.93925
159.0,3.501875,1.939625
159.0,3.502,1.939625
159.0,3.501875,1.93975
159.0,3.501875,1.939875
159.0,3.501625,1.94
159.0,3.5025,1.940375
159.0,3.503625,1.94025
159.0,3.503625,1.94
159.0,3.503625,1.94
159.0,3.503125,1.939875
159.0,3.50325,1.93925
159.0,3.502,1.9395
159.0,3.5025,1.93975
159.0,3.504,1.9395
159.0,3.504625,1.93925
159.0,3.504125,1.93925
159.0,3.503125,1.939875
159.0,3.502125,1.939625
159.0,3.502125,1.93975
159.0,3.50175,1.939875
159.0,3.5015,1.93975
159.0,3.501875,1.940125
159.0,3.502375,1.9405
159.0,3.50325,1.9405
159.0,3.503375,1.9405
159.0,3.503375,1.94
159.0,3.503,1.9395
159.0,3.502625,1.939375
159.0,3.502,1.939375
159.0,3.502875,1.939625
159.0,3.50425,1.9395
159.0,3.504625,1.93925
159.0,3.504,1.93925
159.0,3.503,1.939625
159.0,3.502375,1.93975
159.0,3.50175,1.939625
159.0,3.5015,1.93975
159.0,3.501,1.93975
159.0,3.5015,1.94025
159.0,3.502625,1.9405
159.0,3.503,1.9405
159.0,3.503,1.9405
159.0,3.502625,1.93975
159.0,3.50275,1.93925
159.0,3.50275,1.939375
159.0,3.5025,1.939625
159.0,3.503375,1.939625
159.0,3.50375,1.939375
159.0,3.504125,1.93925
159.0,3.503875,1.94
159.0,3.502875,1.94
159.0,3.50225,1.9395
159.0,3.502,1.93975
159.0,3.50175,1.939875
159.0,3.501125,1.93975
159.0,3.501625,1.940125
159.0,3.5035,1.940375
159.0,3.5035,1.940375
159.0,3.503625,1.9405
159.0,3.503,1.940125
159.0,3.503125,1.9395
159.0,3.502375,1.939625
159.0,3.502625,1.93975
159.0,3.50375,1.9395
159.0,3.504375,1.939125
159.0,3.50375,1.939
159.0,3.503375,1.939625
159.0,3.5025,1.939875
159.0,3.502125,1.9395
159.0,3.501625,1.939625
159.0,3.501625,1.939875
159.0,3.50175,1.939875
159.0,3.502375,1.940375
159.0,3.502375,1.940375
159.0,3.5035,1.940375
159.0,3.503625,1.940125
159.0,3.503,1.93975
159.0,3.502875,1.939375
159.0,3.502125,1.9395
159.0,3.502625,1.939625
159.0,3.504,1.939375
159.0,3.50425,1.939375
159.0,3.503625,1.939625
159.0,3.50275,1.93975
159.0,3.502375,1.939625
159.0,3.50225,1.939625
159.0,3.50175,1.939875
159.0,3.5015,1.94
159.0,3.5015,1.940125
159.0,3.5015,1.940125
159.0,3.502375,1.940875
159.0,3.503375,1.941
159.0,3.503,1.9405
159.0,3.5025,1.939625
159.0,3.502125,1.9395
159.0,3.502125,1.9395
159.0,3.50375,1.939625
159.0,3.504625,1.939375
159.0,3.504375,1.939
159.0,3.503625,1.93925
159.0,3.50225,1.93975
159.0,3.502125,1.93975
159.0,3.502,1.939875
159.0,3.501625,1.939875
160.0,3.50325,1.87925
160.0,3.5025,1.87925
160.0,3.502125,1.879125
160.0,3.50175,1.879375
160.0,3.5015,1.879625
160.0,3.501625,1.87975
160.0,3.502625,1.88
160.0,3.503375,1.88025
160.0,3.503375,1.88025
160.0,3.503,1.879875
160.0,3.503,1.879375
160.0,3.5025,1.87925
160.0,3.502,1.87925
160.0,3.503,1.8795
160.0,3.504125,1.879375
160.0,3.50425,1.878875
160.0,3.503625,1.87925
160.0,3.502125,1.879875
160.0,3.502,1.879625
160.0,3.502125,1.879375
160.0,3.501625,1.87975
160.0,3.501125,1.87975
160.0,3.50175,1.87975
160.0,3.50275,1.880125
160.0,3.50375,1.880375
160.0,3.50375,1.880375
160.0,3.5035,1.880125
160.0,3.503125,1.879375
160.0,3.5025,1.879125
160.0,3.5025,1.879375
160.0,3.503375,1.879375
160.0,3.503875,1.879
160.0,3.50425,1.878875
160.0,3.50375,1.879375
160.0,3.5025,1.879625
160.0,3.502375,1.879375
160.0,3.502375,1.879375
160.0,3.501625,1.879625
160.0,3.50125,1.8795
160.0,3.501875,1.88
160.0,3.503,1.8805
160.0,3.503,1.8805
160.0,3.50325,1.880375
160.0,3.503,1.87975
160.0,3.503,1.87925
160.0,3.5025,1.879375
160.0,3.502375,1.8795
160.0,3.5035,1.879375
160.0,3.50475,1.879
160.0,3.504875,1.879125
160.0,3.503875,1.879625
160.0,3.502375,1.879625
160.0,3.501875,1.879375
160.0,3.50175,1.8795
160.0,3.501625,1.879625
160.0,3.5015,1.879875
160.0,3.50225,1.88025
160.0,3.50225,1.88025
160.0,3.503125,1.8805
160.0,3.50325,1.880125
160.0,3.502875,1.8795
160.0,3.503,1.8795
160.0,3.502375,1.879375
160.0,3.503,1.8795
160.0,3.5045,1.87925
160.0,3.50475,1.878875
160.0,3.50375,1.879
160.0,3.5025,1.87925
160.0,3.5025,1.879375
160.0,3.502125,1.879625
160.0,3.5015,1.87975
160.0,3.50125,1.87975
160.0,3.5015,1.879875
160.0,3.5015,1.879875
160.0,3.502375,1.88025
160.0,3.50325,1.88
160.0,3.5035,1.879875
160.0,3.503125,1.879375
160.0,3.50275,1.87925
160.0,3.5025,1.8795
160.0,3.503375,1.87925
160.0,3.504625,1.879125
160.0,3.505,1.879
160.0,3.503875,1.879125
160.0,3.502375,1.879375
160.0,3.50225,1.879125
160.0,3.502125,1.879625
160.0,3.501375,1.879625
160.0,3.501125,1.879625
160.0,3.501125,1.879875
160.0,3.502125,1.879875
160.0,3.503,1.880375
160.0,3.503375,1.88
160.0,3.502875,1.8795
160.0,3.502875,1.87925
160.0,3.502625,1.87925
160.0,3.502375,1.879375
160.0,3.50325,1.879375
160.0,3.5045,1.87925
160.0,3.50475,1.879125
160.0,3.503375,1.879375
160.0,3.5025,1.8795
160.0,3.5025,1.879375
160.0,3.502,1.879375
160.0,3.501375,1.879625
160.0,3.50125,1.879625
160.0,3.50125,1.879625
160.0,3.50225,1.88
160.0,3.503125,1.88025
160.0,3.503,1.880375
160.0,3.5025,1.87975
160.0,3.502375,1.87925
160.0,3.5025,1.87925
160.0,3.502625,1.8795
160.0,3.50375,1.879375
160.0,3.504375,1.879
160.0,3.504,1.879125
160.0,3.50325,1.87975
160.0,3.50275,1.879625
160.0,3.501875,1.879375
160.0,3.5015,1.8795
160.0,3.501375,1.879625
160.0,3.501375,1.879625
160.0,3.501125,1.87975
160.0,3.50225,1.88025
160.0,3.503125,1.880375
160.0,3.503,1.879875
160.0,3.502875,1.879375
160.0,3.50275,1.879
160.0,3.50225,1.87925
160.0,3.50275,1.879375
160.0,3.504125,1.87925
160.0,3.50425,1.879
160.0,3.50375,1.879125
160.0,3.50325,1.879625
160.0,3.502625,1.879375
160.0,3.50225,1.87925
160.0,3.50175,1.879625
160.0,3.50175,1.879625
160.0,3.501375,1.8795
160.0,3.501875,1.879625
160.0,3.502875,1.88025
160.0,3.50325,1.880125
160.0,3.502875,1.879625
160.0,3.503,1.879125
160.0,3.502375,1.87925
160.0,3.502,1.8795
160.0,3.5035,1.8795
160.0,3.50475,1.87925
160.0,3.5045,1.879
160.0,3.503875,1.87925
160.0,3.50275,1.879375
160.0,3.502125,1.87925
160.0,3.501875,1.8795
160.0,3.501875,1.8795
160.0,3.50175,1.879625
160.0,3.501625,1.87975
160.0,3.502125,1.88
160.0,3.503125,1.88025
160.0,3.503375,1.879875
160.0,3.5025,1.879375
160.0,3.5025,1.87925
160.0,3.501875,1.8795
160.0,3.502375,1.879625
160.0,3.5035,1.87925
160.0,3.504625,1.879
160.0,3.504375,1.879
160.0,3.50325,1.879625
160.0,3.502375,1.8795
161.0,3.501875,1.8185
161.0,3.50125,1.818625
161.0,3.502,1.818875
161.0,3.502875,1.8195
161.0,3.50275,1.819125
161.0,3.502375,1.818625
161.0,3.502625,1.818125
161.0,3.502625,1.818125
161.0,3.502625,1.818125
161.0,3.50275,1.81825
161.0,3.503625,1.81825
161.0,3.50425,1.818
161.0,3.504625,1.818
161.0,3.503625,1.81825
161.0,3.50225,1.81825
161.0,3.502375,1.81825
161.0,3.502,1.818625
161.0,3.50175,1.818625
161.0,3.501625,1.818625
161.0,3.502375,1.818875
161.0,3.50325,1.819
161.0,3.503125,1.818625
161.0,3.50275,1.818375
161.0,3.503,1.81775
161.0,3.503,1.818125
161.0,3.50225,1.818125
161.0,3.502375,1.81825
161.0,3.50375,1.81825
161.0,3.505,1.818
161.0,3.50425,1.818125
161.0,3.50275,1.818625
161.0,3.502,1.818625
161.0,3.502,1.81825
161.0,3.50175,1.8185
161.0,3.501375,1.818625
161.0,3.50125,1.81875
161.0,3.502625,1.819125
161.0,3.5035,1.819125
161.0,3.503,1.81875
161.0,3.50275,1.818
161.0,3.502375,1.818
161.0,3.502375,1.818
161.0,3.5025,1.81825
161.0,3.50325,1.818375
161.0,3.504125,1.81825
161.0,3.504375,1.818125
161.0,3.5035,1.818375
161.0,3.503,1.81875
161.0,3.50275,1.8185
161.0,3.502375,1.818375
161.0,3.502,1.8185
161.0,3.501375,1.818625
161.0,3.502,1.819
161.0,3.50325,1.819125
161.0,3.503625,1.819
161.0,3.503125,1.8185
161.0,3.50325,1.818
161.0,3.50325,1.818
161.0,3.50225,1.818125
161.0,3.502375,1.81825
161.0,3.503875,1.81825
161.0,3.504875,1.818
161.0,3.50475,1.818
161.0,3.5035,1.81825
161.0,3.50225,1.8185
161.0,3.50225,1.8185
161.0,3.502375,1.818375
161.0,3.50175,1.8185
161.0,3.50175,1.818625
161.0,3.5025,1.819125
161.0,3.503875,1.819
161.0,3.50325,1.819
161.0,3.5025,1.818625
161.0,3.5025,1.818
161.0,3.502375,1.818
161.0,3.501875,1.818125
161.0,3.502375,1.818375
161.0,3.503875,1.818375
161.0,3.50475,1.818
161.0,3.504125,1.817875
161.0,3.50325,1.8185
161.0,3.5025,1.818625
161.0,3.50225,1.818625
161.0,3.50175,1.8185
161.0,3.50125,1.818625
161.0,3.5015,1.818625
161.0,3.5025,1.819
161.0,3.5035,1.819125
161.0,3.503,1.81925
161.0,3.503,1.818625
161.0,3.502625,1.818625
161.0,3.502625,1.818
161.0,3.502375,1.818375
161.0,3.503125,1.818375
161.0,3.504375,1.81825
161.0,3.505,1.818125
161.0,3.504375,1.818125
161.0,3.502625,1.818125
161.0,3.50225,1.818375
161.0,3.502375,1.8185
161.0,3.501875,1.818625
161.0,3.50125,1.818625
161.0,3.50175,1.818875
161.0,3.503125,1.819125
161.0,3.5035,1.819
161.0,3.50275,1.81875
161.0,3.50275,1.81875
161.0,3.502625,1.81825
161.0,3.502375,1.81825
161.0,3.502,1.818375
161.0,3.50325,1.818125
161.0,3.50425,1.81825
161.0,3.504625,1.81825
161.0,3.503625,1.8185
161.0,3.502375,1.818625
161.0,3.50225,1.81825
161.0,3.501875,1.8185
161.0,3.501375,1.8185
161.0,3.5015,1.818625
161.0,3.502875,1.818875
161.0,3.503,1.81925
161.0,3.502625,1.81925
161.0,3.502625,1.81925
161.0,3.502875,1.818875
161.0,3.50275,1.81825
161.0,3.502625,1.818125
161.0,3.50275,1.818375
161.0,3.503875,1.81825
161.0,3.504625,1.818
161.0,3.50425,1.818
161.0,3.5035,1.8185
161.0,3.50225,1.8185
161.0,3.50225,1.8185
161.0,3.502125,1.818625
161.0,3.501375,1.818625
161.0,3.501625,1.81875
161.0,3.5025,1.819125
161.0,3.50275,1.819
161.0,3.50275,1.819
161.0,3.502625,1.818625
161.0,3.50275,1.81825
161.0,3.502625,1.81825
161.0,3.50225,1.81825
161.0,3.503,1.81825
161.0,3.504125,1.81825
161.0,3.50425,1.818125
161.0,3.503625,1.81825
161.0,3.502625,1.818375
161.0,3.50175,1.818375
161.0,3.502125,1.818375
161.0,3.501875,1.8185
161.0,3.50125,1.818625
161.0,3.5015,1.81875
161.0,3.5025,1.819
161.0,3.5025,1.819
161.0,3.50325,1.819
161.0,3.503,1.819
161.0,3.5025,1.8185
161.0,3.502,1.818
161.0,3.502,1.81825
161.0,3.503125,1.81825
161.0,3.504125,1.818
161.0,3.504875,1.817875
161.0,3.503625,1.818375
161.0,3.502375,1.818875
161.0,3.502125,1.818375
161.0,3.50175,1.818375
161.0,3.501375,1.8185
161.0,3.501125,1.818625
162.0,3.50325,1.756875
162.0,3.502125,1.757375
162.0,3.501875,1.757625
162.0,3.50175,1.7575
162.0,3.5015,1.7575
162.0,3.50125,1.757375
162.0,3.501625,1.757625
162.0,3.50275,1.757875
162.0,3.50275,1.757875
162.0,3.5035,1.758125
162.0,3.503125,1.757625
162.0,3.502875,1.756875
162.0,3.50225,1.756875
162.0,3.502125,1.757375
162.0,3.50325,1.75725
162.0,3.50425,1.757
162.0,3.504375,1.757
162.0,3.503625,1.7575
162.0,3.502625,1.757375
162.0,3.502125,1.757125
162.0,3.50175,1.75725
162.0,3.50125,1.757625
162.0,3.501125,1.757625
162.0,3.50175,1.757875
162.0,3.50175,1.758125
162.0,3.50275,1.758125
162.0,3.503,1.758
162.0,3.50275,1.7575
162.0,3.502625,1.75725
162.0,3.502125,1.757125
162.0,3.502375,1.75725
162.0,3.504,1.757375
162.0,3.504375,1.757
162.0,3.503875,1.757125
162.0,3.503,1.75775
162.0,3.50225,1.7575
162.0,3.501875,1.757625
162.0,3.5015,1.757375
162.0,3.501,1.7575
162.0,3.501125,1.757625
162.0,3.502,1.758125
162.0,3.502,1.758125
162.0,3.503,1.75825
162.0,3.50275,1.75775
162.0,3.502375,1.757125
162.0,3.50225,1.757
162.0,3.5025,1.75725
162.0,3.503125,1.757375
162.0,3.504,1.757
162.0,3.504,1.75675
162.0,3.50375,1.756625
162.0,3.503,1.757125
162.0,3.502125,1.757125
162.0,3.502,1.75725
162.0,3.502,1.757625
162.0,3.50125,1.757625
162.0,3.501375,1.75775
162.0,3.501375,1.75775
162.0,3.5025,1.758
162.0,3.503625,1.758
162.0,3.503,1.757625
162.0,3.5025,1.756875
162.0,3.5025,1.757
162.0,3.502375,1.75725
162.0,3.503375,1.757375
162.0,3.504375,1.757125
162.0,3.504125,1.756875
162.0,3.503375,1.75725
162.0,3.502125,1.757625
162.0,3.501875,1.757375
162.0,3.501875,1.75725
162.0,3.501375,1.757375
162.0,3.501125,1.7575
162.0,3.501125,1.7575
162.0,3.502,1.75775
162.0,3.502875,1.758
162.0,3.502875,1.75825
162.0,3.50275,1.757875
162.0,3.502875,1.75725
162.0,3.502375,1.757375
162.0,3.502375,1.757375
162.0,3.503875,1.757375
162.0,3.504875,1.757
162.0,3.504625,1.756875
162.0,3.5035,1.7575
162.0,3.5025,1.75725
162.0,3.5025,1.757
162.0,3.501875,1.7575
162.0,3.501375,1.757625
162.0,3.501375,1.7575
162.0,3.5015,1.7575
162.0,3.502125,1.757875
162.0,3.50325,1.758125
162.0,3.50325,1.758125
162.0,3.503,1.75725
162.0,3.502375,1.756875
162.0,3.502125,1.75725
162.0,3.503125,1.7575
162.0,3.504,1.75725
162.0,3.504,1.75675
162.0,3.504125,1.757375
162.0,3.503125,1.75775
162.0,3.50225,1.75725
162.0,3.50175,1.75725
162.0,3.5015,1.7575
162.0,3.501375,1.7575
162.0,3.501375,1.7575
162.0,3.5015,1.757625
162.0,3.50275,1.758
162.0,3.503875,1.758
162.0,3.50325,1.75775
162.0,3.50275,1.75725
162.0,3.502625,1.757125
162.0,3.502625,1.75725
162.0,3.5035,1.75725
162.0,3.50425,1.757125
162.0,3.504125,1.756875
162.0,3.503625,1.756875
162.0,3.50275,1.7575
162.0,3.5025,1.7575
162.0,3.502,1.757625
162.0,3.5015,1.7575
162.0,3.5015,1.7575
162.0,3.5015,1.757625
162.0,3.502,1.75775
162.0,3.50275,1.757875
162.0,3.503125,1.757625
162.0,3.503125,1.7575
162.0,3.50275,1.756875
162.0,3.502375,1.757
162.0,3.50275,1.757125
162.0,3.50375,1.75725
162.0,3.504375,1.75675
162.0,3.50425,1.757
162.0,3.503125,1.757375
162.0,3.5025,1.757375
162.0,3.502375,1.757375
162.0,3.502,1.757625
162.0,3.502,1.757625
162.0,3.501625,1.7575
162.0,3.501125,1.757625
162.0,3.501625,1.757875
162.0,3.502875,1.758
162.0,3.503375,1.757875
162.0,3.503125,1.75725
162.0,3.502875,1.75675
162.0,3.50225,1.757
162.0,3.502875,1.757375
162.0,3.504125,1.757125
162.0,3.504125,1.756875
162.0,3.503625,1.75675
162.0,3.503,1.757
162.0,3.50225,1.757125
162.0,3.501875,1.75725
162.0,3.501875,1.7575
162.0,3.502,1.7575
162.0,3.5015,1.757625
162.0,3.50125,1.75775
162.0,3.502375,1.758
162.0,3.503375,1.758125
162.0,3.503,1.757875
162.0,3.502625,1.757375
162.0,3.5025,1.757
162.0,3.50225,1.757125
162.0,3.50325,1.75725
162.0,3.504125,1.757125
162.0,3.504125,1.75725
162.0,3.5035,1.757375
162.0,3.502375,1.7575
163.0,3.50225,1.695875
163.0,3.5035,1.696
163.0,3.50425,1.695625
163.0,3.50425,1.6955
163.0,3.503375,1.6955
163.0,3.502375,1.695875
163.0,3.5025,1.696
163.0,3.501875,1.696
163.0,3.501875,1.696
163.0,3.501125,1.696
163.0,3.501625,1.696125
163.0,3.5025,1.696625
163.0,3.50325,1.696375
163.0,3.502875,1.696125
163.0,3.502375,1.695875
163.0,3.502375,1.6955
163.0,3.502375,1.695625
163.0,3.503,1.69575
163.0,3.504,1.69575
163.0,3.504125,1.6955
163.0,3.503625,1.6955
163.0,3.502875,1.69575
163.0,3.502625,1.696
163.0,3.5025,1.695875
163.0,3.50225,1.695875
163.0,3.50225,1.696
163.0,3.5015,1.696
163.0,3.5015,1.696375
163.0,3.50275,1.6965
163.0,3.503625,1.696625
163.0,3.50325,1.696375
163.0,3.502875,1.695875
163.0,3.502375,1.6955
163.0,3.50225,1.69575
163.0,3.503,1.69575
163.0,3.50425,1.695375
163.0,3.504125,1.6955
163.0,3.5035,1.696125
163.0,3.502875,1.69625
163.0,3.50225,1.69575
163.0,3.502,1.69575
163.0,3.502,1.69575
163.0,3.50175,1.696125
163.0,3.50125,1.696125
163.0,3.502125,1.69625
163.0,3.503,1.6965
163.0,3.503,1.6965
163.0,3.503,1.696125
163.0,3.502625,1.695625
163.0,3.5025,1.695625
163.0,3.50275,1.69575
163.0,3.503875,1.695875
163.0,3.504625,1.6955
163.0,3.50425,1.69525
163.0,3.5035,1.69575
163.0,3.5025,1.696
163.0,3.50225,1.695875
163.0,3.50225,1.695875
163.0,3.50175,1.69575
163.0,3.501375,1.695875
163.0,3.501375,1.696125
163.0,3.502125,1.696375
163.0,3.50325,1.696875
163.0,3.503625,1.696375
163.0,3.503,1.695875
163.0,3.5025,1.695625
163.0,3.502,1.69575
163.0,3.5025,1.696
163.0,3.504,1.69575
163.0,3.50425,1.695375
163.0,3.504125,1.69575
163.0,3.503375,1.696125
163.0,3.502375,1.696125
163.0,3.502375,1.696125
163.0,3.502125,1.695875
163.0,3.50175,1.696
163.0,3.501375,1.696
163.0,3.5015,1.6965
163.0,3.502625,1.696625
163.0,3.5035,1.6965
163.0,3.503125,1.696375
163.0,3.502625,1.6955
163.0,3.502625,1.695625
163.0,3.5025,1.69575
163.0,3.502875,1.696
163.0,3.50375,1.695625
163.0,3.504125,1.695375
163.0,3.503875,1.695625
163.0,3.5025,1.695875
163.0,3.5025,1.695875
163.0,3.502,1.695875
163.0,3.501875,1.69575
163.0,3.5015,1.695875
163.0,3.5015,1.696125
163.0,3.502125,1.696375
163.0,3.503125,1.6965
163.0,3.5035,1.696375
163.0,3.503125,1.69625
163.0,3.502875,1.6955
163.0,3.502125,1.6955
163.0,3.5025,1.695875
163.0,3.503625,1.695875
163.0,3.504375,1.695625
163.0,3.5045,1.695625
163.0,3.503375,1.69575
163.0,3.5025,1.696125
163.0,3.5025,1.696125
163.0,3.502625,1.69625
163.0,3.502125,1.69625
163.0,3.50175,1.696125
163.0,3.501375,1.696
163.0,3.501625,1.696375
163.0,3.50275,1.6965
163.0,3.5035,1.69625
163.0,3.502875,1.69575
163.0,3.50275,1.6955
163.0,3.502125,1.69575
163.0,3.5025,1.69575
163.0,3.504125,1.69575
163.0,3.50475,1.69575
163.0,3.503875,1.69575
163.0,3.50275,1.696125
163.0,3.50275,1.696125
163.0,3.502,1.69625
163.0,3.50175,1.696
163.0,3.5015,1.696125
163.0,3.501125,1.696125
163.0,3.50125,1.69625
163.0,3.502375,1.6965
163.0,3.503375,1.696375
163.0,3.503125,1.69625
163.0,3.503,1.696
163.0,3.5025,1.6955
163.0,3.502125,1.69575
163.0,3.503,1.69575
163.0,3.50375,1.6955
163.0,3.504375,1.6955
163.0,3.5035,1.695875
163.0,3.5035,1.695875
163.0,3.502375,1.695875
163.0,3.502125,1.69625
163.0,3.502,1.696125
163.0,3.501625,1.696125
163.0,3.50125,1.696125
163.0,3.501625,1.696375
163.0,3.502375,1.6965
163.0,3.50275,1.696375
163.0,3.5025,1.696125
163.0,3.502625,1.695625
163.0,3.50225,1.695625
163.0,3.50175,1.69575
163.0,3.50325,1.695875
163.0,3.504125,1.69575
163.0,3.503625,1.6955
163.0,3.503625,1.6955
163.0,3.503,1.69575
163.0,3.502375,1.696125
163.0,3.502125,1.695875
163.0,3.50175,1.696
163.0,3.50125,1.695875
163.0,3.501375,1.696
163.0,3.502,1.6965
163.0,3.503,1.696625
163.0,3.503,1.6965
163.0,3.50275,1.696125
163.0,3.50275,1.69575
163.0,3.50225,1.69575
163.0,3.5025,1.69575
163.0,3.5035,1.69575
164.0,3.502625,1.634375
164.0,3.502375,1.63425
164.0,3.50225,1.6345
164.0,3.501625,1.634625
164.0,3.50125,1.634375
164.0,3.502,1.63475
164.0,3.503,1.635
164.0,3.50325,1.63475
164.0,3.50325,1.63475
164.0,3.502875,1.634625
164.0,3.502375,1.63425
164.0,3.502,1.634125
164.0,3.501875,1.634375
164.0,3.503125,1.634375
164.0,3.504125,1.63425
164.0,3.504375,1.634125
164.0,3.504,1.634625
164.0,3.502625,1.634375
164.0,3.50225,1.634625
164.0,3.502,1.634625
164.0,3.50125,1.634625
164.0,3.501625,1.634625
164.0,3.502375,1.634875
164.0,3.50325,1.635125
164.0,3.50325,1.634875
164.0,3.50325,1.634875
164.0,3.5025,1.634625
164.0,3.502625,1.63425
164.0,3.5025,1.63425
164.0,3.502625,1.634375
164.0,3.503625,1.634375
164.0,3.50425,1.634125
164.0,3.504375,1.6345
164.0,3.503,1.63475
164.0,3.502,1.634625
164.0,3.502125,1.6345
164.0,3.501875,1.6345
164.0,3.5015,1.63475
164.0,3.501875,1.63475
164.0,3.502375,1.635
164.0,3.503375,1.63525
164.0,3.503375,1.63525
164.0,3.5035,1.63475
164.0,3.502875,1.6345
164.0,3.50275,1.634125
164.0,3.502125,1.63425
164.0,3.5025,1.6345
164.0,3.503625,1.634375
164.0,3.504125,1.63425
164.0,3.503875,1.634625
164.0,3.502375,1.63475
164.0,3.502375,1.63425
164.0,3.50225,1.63425
164.0,3.50175,1.6345
164.0,3.501375,1.6345
164.0,3.501375,1.634875
164.0,3.5025,1.635
164.0,3.5025,1.635
164.0,3.503375,1.635
164.0,3.50275,1.63475
164.0,3.502375,1.633875
164.0,3.501875,1.634
164.0,3.50175,1.634375
164.0,3.503375,1.6345
164.0,3.504625,1.63425
164.0,3.504375,1.633875
164.0,3.503375,1.634125
164.0,3.502625,1.63475
164.0,3.502375,1.634375
164.0,3.50175,1.6345
164.0,3.50175,1.634625
164.0,3.5015,1.634625
164.0,3.5025,1.635125
164.0,3.5025,1.635125
164.0,3.50375,1.635125
164.0,3.50375,1.635125
164.0,3.503,1.63475
164.0,3.502125,1.634125
164.0,3.502,1.63425
164.0,3.502625,1.634375
164.0,3.5035,1.634375
164.0,3.504125,1.634125
164.0,3.504,1.634
164.0,3.50275,1.634375
164.0,3.502,1.63425
164.0,3.502125,1.634
164.0,3.501875,1.634625
164.0,3.5015,1.634625
164.0,3.50125,1.634875
164.0,3.50225,1.634875
164.0,3.50225,1.63525
164.0,3.503125,1.63525
164.0,3.5025,1.634875
164.0,3.502125,1.634375
164.0,3.50225,1.634125
164.0,3.5025,1.634625
164.0,3.502875,1.634375
164.0,3.504,1.63425
164.0,3.50425,1.634125
164.0,3.504125,1.634375
164.0,3.502625,1.635
164.0,3.5015,1.6345
164.0,3.50175,1.634125
164.0,3.50175,1.634625
164.0,3.501125,1.6345
164.0,3.501375,1.634875
164.0,3.501375,1.634875
164.0,3.5025,1.63525
164.0,3.503625,1.635125
164.0,3.50325,1.635
164.0,3.50275,1.634375
164.0,3.50225,1.63425
164.0,3.50225,1.6345
164.0,3.502875,1.6345
164.0,3.503875,1.634375
164.0,3.504125,1.634125
164.0,3.503625,1.63425
164.0,3.502625,1.634625
164.0,3.501875,1.634625
164.0,3.501625,1.6345
164.0,3.501375,1.634625
164.0,3.500875,1.63475
164.0,3.500875,1.63475
164.0,3.502125,1.635
164.0,3.503125,1.63525
164.0,3.50325,1.635125
164.0,3.5025,1.635
164.0,3.5025,1.634375
164.0,3.502375,1.63425
164.0,3.502625,1.634375
164.0,3.503625,1.6345
164.0,3.504,1.63425
164.0,3.504,1.634
164.0,3.50325,1.63425
164.0,3.502375,1.6345
164.0,3.502125,1.63425
164.0,3.501625,1.634375
164.0,3.501125,1.6345
164.0,3.501125,1.6345
164.0,3.50125,1.63475
164.0,3.501875,1.635125
164.0,3.50325,1.63525
164.0,3.503375,1.635
164.0,3.502625,1.63475
164.0,3.5025,1.63425
164.0,3.50225,1.634375
164.0,3.50225,1.6345
164.0,3.50375,1.63425
164.0,3.504,1.634
164.0,3.50375,1.63425
164.0,3.50325,1.63475
164.0,3.502,1.6345
164.0,3.501375,1.6345
164.0,3.501375,1.634625
164.0,3.500875,1.634625
164.0,3.500875,1.634625
164.0,3.501875,1.63475
164.0,3.502875,1.63525
164.0,3.503375,1.635375
164.0,3.503125,1.635125
164.0,3.503,1.634625
164.0,3.502625,1.634375
164.0,3.502,1.6345
164.0,3.50275,1.6345
164.0,3.50375,1.634125
164.0,3.504,1.634
164.0,3.5035,1.63425
164.0,3.5025,1.634375
164.0,3.50225,1.6345
165.0,3.501625,1.5745
165.0,3.501125,1.574625
165.0,3.501375,1.574875
165.0,3.5025,1.575
165.0,3.503375,1.574875
165.0,3.503125,1.57475
165.0,3.502625,1.57425
165.0,3.50225,1.57425
165.0,3.50225,1.57425
165.0,3.502375,1.57425
165.0,3.5035,1.57425
165.0,3.504125,1.574
165.0,3.504,1.573875
165.0,3.503125,1.5745
165.0,3.50225,1.5745
165.0,3.502125,1.5745
165.0,3.50175,1.5745
165.0,3.50125,1.5745
165.0,3.50125,1.574625
165.0,3.50225,1.57475
165.0,3.50325,1.575
165.0,3.503375,1.574875
165.0,3.502625,1.574625
165.0,3.5025,1.574
165.0,3.502125,1.57425
165.0,3.502125,1.57425
165.0,3.50225,1.57425
165.0,3.503625,1.574125
165.0,3.50425,1.574
165.0,3.50375,1.574
165.0,3.50275,1.574125
165.0,3.50225,1.574125
165.0,3.50225,1.57425
165.0,3.502,1.574375
165.0,3.50125,1.574375
165.0,3.501625,1.574375
165.0,3.502375,1.575
165.0,3.503125,1.574875
165.0,3.502875,1.57475
165.0,3.502625,1.574375
165.0,3.502375,1.574125
165.0,3.502375,1.574125
165.0,3.502125,1.57425
165.0,3.502625,1.574125
165.0,3.5035,1.574
165.0,3.503875,1.574
165.0,3.5035,1.574
165.0,3.502125,1.574125
165.0,3.50175,1.57425
165.0,3.501875,1.574375
165.0,3.501375,1.574625
165.0,3.501125,1.5745
165.0,3.5015,1.57475
165.0,3.502125,1.575
165.0,3.50325,1.574875
165.0,3.502875,1.57425
165.0,3.502625,1.574
165.0,3.502625,1.574
165.0,3.502375,1.573875
165.0,3.50225,1.57425
165.0,3.503125,1.57425
165.0,3.504,1.574
165.0,3.503875,1.574
165.0,3.503625,1.57425
165.0,3.50225,1.574375
165.0,3.502375,1.574375
165.0,3.502,1.57425
165.0,3.501125,1.574375
165.0,3.500875,1.574375
165.0,3.501125,1.57475
165.0,3.50275,1.574875
165.0,3.502875,1.57475
165.0,3.502875,1.57425
165.0,3.502875,1.57425
165.0,3.502625,1.574375
165.0,3.50225,1.574125
165.0,3.50225,1.574375
165.0,3.50375,1.574375
165.0,3.504375,1.574125
165.0,3.503875,1.574
165.0,3.502875,1.574625
165.0,3.502375,1.574375
165.0,3.502125,1.574375
165.0,3.5015,1.574375
165.0,3.501125,1.574375
165.0,3.5015,1.57475
165.0,3.50275,1.575125
165.0,3.503375,1.57525
165.0,3.503125,1.575
165.0,3.502875,1.574125
165.0,3.502875,1.574125
165.0,3.502625,1.57375
165.0,3.5015,1.574125
165.0,3.50225,1.574375
165.0,3.50375,1.57425
165.0,3.504375,1.573875
165.0,3.503625,1.574
165.0,3.502875,1.57425
165.0,3.502375,1.57425
165.0,3.502125,1.57425
165.0,3.501875,1.5745
165.0,3.501125,1.5745
165.0,3.501125,1.57475
165.0,3.502625,1.575
165.0,3.503375,1.574875
165.0,3.502875,1.574625
165.0,3.502875,1.574625
165.0,3.502875,1.57425
165.0,3.502375,1.574
165.0,3.502,1.574125
165.0,3.50325,1.574375
165.0,3.504125,1.574
165.0,3.504375,1.573625
165.0,3.50325,1.574125
165.0,3.502,1.574625
165.0,3.502125,1.5745
165.0,3.501875,1.574375
165.0,3.5015,1.5745
165.0,3.50125,1.5745
165.0,3.50175,1.574625
165.0,3.50275,1.575125
165.0,3.502875,1.575125
165.0,3.502875,1.575125
165.0,3.502375,1.574625
165.0,3.50275,1.57425
165.0,3.50225,1.573875
165.0,3.502125,1.57425
165.0,3.503375,1.57425
165.0,3.5045,1.574
165.0,3.504375,1.573875
165.0,3.503375,1.57425
165.0,3.502,1.574625
165.0,3.501625,1.57425
165.0,3.501375,1.574375
165.0,3.501,1.5745
165.0,3.501,1.574625
165.0,3.501875,1.57475
165.0,3.503375,1.575
165.0,3.503375,1.575
165.0,3.503125,1.57475
165.0,3.50275,1.57425
165.0,3.502375,1.573875
165.0,3.50175,1.574
165.0,3.5025,1.57425
165.0,3.503625,1.57425
165.0,3.5045,1.574
165.0,3.503875,1.574
165.0,3.50275,1.57425
165.0,3.502125,1.5745
165.0,3.50175,1.57425
165.0,3.501625,1.57475
165.0,3.500875,1.574625
165.0,3.501125,1.57475
165.0,3.502375,1.575
165.0,3.503125,1.575
165.0,3.503125,1.575375
165.0,3.502625,1.57475
165.0,3.5025,1.57425
165.0,3.502375,1.57425
165.0,3.50175,1.57425
165.0,3.5025,1.574125
165.0,3.504125,1.574
165.0,3.50425,1.573875
165.0,3.5035,1.574125
165.0,3.502625,1.574375
165.0,3.5025,1.574375
165.0,3.50175,1.574375
165.0,3.501125,1.5745
165.0,3.501,1.5745
166.0,3.502625,1.513375
166.0,3.5025,1.513625
166.0,3.502125,1.513875
166.0,3.50325,1.51375
166.0,3.504125,1.5135
166.0,3.503875,1.513375
166.0,3.503125,1.51375
166.0,3.502,1.51375
166.0,3.502,1.51375
166.0,3.50175,1.513875
166.0,3.50175,1.514125
166.0,3.50125,1.514
166.0,3.501,1.514125
166.0,3.501875,1.51425
166.0,3.503,1.5145
166.0,3.503,1.51475
166.0,3.5025,1.514125
166.0,3.50225,1.51375
166.0,3.501875,1.51375
166.0,3.502375,1.513875
166.0,3.5035,1.51375
166.0,3.504125,1.513625
166.0,3.503625,1.513625
166.0,3.502625,1.514
166.0,3.502125,1.514
166.0,3.502125,1.513875
166.0,3.501875,1.513875
166.0,3.5015,1.514
166.0,3.50075,1.514125
166.0,3.501,1.51425
166.0,3.50175,1.5145
166.0,3.50275,1.514625
166.0,3.5025,1.514625
166.0,3.5025,1.514
166.0,3.502375,1.51375
166.0,3.502,1.51375
166.0,3.5025,1.513875
166.0,3.50375,1.513625
166.0,3.504,1.513375
166.0,3.503625,1.51375
166.0,3.5025,1.51425
166.0,3.5025,1.51425
166.0,3.502125,1.514
166.0,3.502,1.51375
166.0,3.501375,1.514125
166.0,3.501,1.514
166.0,3.501125,1.514375
166.0,3.502375,1.5145
166.0,3.50275,1.5145
166.0,3.5025,1.51425
166.0,3.50225,1.51375
166.0,3.50225,1.513625
166.0,3.502125,1.513875
166.0,3.503,1.514
166.0,3.504,1.5135
166.0,3.503875,1.513375
166.0,3.50325,1.513875
166.0,3.50325,1.513875
166.0,3.50225,1.514
166.0,3.50175,1.513625
166.0,3.501625,1.513875
166.0,3.50125,1.514125
166.0,3.500875,1.51425
166.0,3.50175,1.5145
166.0,3.502875,1.514875
166.0,3.503125,1.5145
166.0,3.502875,1.51425
166.0,3.50275,1.513625
166.0,3.50225,1.513625
166.0,3.502625,1.514
166.0,3.50375,1.51375
166.0,3.50425,1.5135
166.0,3.504125,1.51375
166.0,3.504125,1.51375
166.0,3.503125,1.514125
166.0,3.50225,1.514125
166.0,3.502,1.51375
166.0,3.50125,1.514125
166.0,3.501125,1.514125
166.0,3.501625,1.514
166.0,3.502125,1.514375
166.0,3.50325,1.514875
166.0,3.50325,1.514375
166.0,3.503125,1.513875
166.0,3.50275,1.5135
166.0,3.502375,1.51375
166.0,3.502625,1.513875
166.0,3.50375,1.51375
166.0,3.504375,1.5135
166.0,3.504375,1.5135
166.0,3.50375,1.513625
166.0,3.502375,1.513875
166.0,3.502125,1.513875
166.0,3.502375,1.51375
166.0,3.501625,1.514125
166.0,3.500375,1.51425
166.0,3.501125,1.51425
166.0,3.502125,1.51475
166.0,3.502875,1.514625
166.0,3.5025,1.514375
166.0,3.50275,1.513875
166.0,3.502125,1.513625
166.0,3.501625,1.513875
166.0,3.50275,1.513875
166.0,3.503625,1.513625
166.0,3.503875,1.514
166.0,3.503875,1.514
166.0,3.503125,1.514
166.0,3.502125,1.513875
166.0,3.502,1.51375
166.0,3.501875,1.514125
166.0,3.501375,1.514125
166.0,3.500625,1.514125
166.0,3.50175,1.514375
166.0,3.503,1.51475
166.0,3.503125,1.51475
166.0,3.502625,1.51425
166.0,3.502375,1.51375
166.0,3.502125,1.513625
166.0,3.502125,1.513875
166.0,3.50325,1.513875
166.0,3.50375,1.51375
166.0,3.50375,1.51375
166.0,3.50375,1.513375
166.0,3.503,1.5135
166.0,3.50225,1.513875
166.0,3.501625,1.514125
166.0,3.501625,1.514125
166.0,3.501375,1.51425
166.0,3.501125,1.51425
166.0,3.502,1.5145
166.0,3.50325,1.5145
166.0,3.503125,1.514125
166.0,3.50275,1.51375
166.0,3.5025,1.513625
166.0,3.50225,1.513625
166.0,3.502125,1.513875
166.0,3.503,1.513875
166.0,3.503,1.513875
166.0,3.503875,1.5135
166.0,3.503625,1.513375
166.0,3.50275,1.513625
166.0,3.501875,1.513875
166.0,3.50175,1.51375
166.0,3.5015,1.514125
166.0,3.501625,1.514125
166.0,3.501625,1.51425
166.0,3.50225,1.5145
166.0,3.50275,1.514625
166.0,3.502375,1.514375
166.0,3.50225,1.513875
166.0,3.502125,1.5135
166.0,3.502,1.51375
166.0,3.50325,1.513875
166.0,3.50325,1.513875
166.0,3.504,1.513875
166.0,3.50425,1.513625
166.0,3.503625,1.513875
166.0,3.502125,1.51425
166.0,3.501875,1.513875
166.0,3.5015,1.514
166.0,3.501,1.514125
166.0,3.500875,1.514125
166.0,3.501375,1.514375
166.0,3.502375,1.514625
166.0,3.503,1.514625
166.0,3.502875,1.514125
166.0,3.502375,1.51375
166.0,3.5015,1.513625
167.0,3.501125,1.45325
167.0,3.502,1.45325
167.0,3.50325,1.4535
167.0,3.50325,1.4535
167.0,3.50225,1.453125
167.0,3.502625,1.4525
167.0,3.502375,1.452625
167.0,3.502125,1.452875
167.0,3.502125,1.452875
167.0,3.503,1.452875
167.0,3.50375,1.45275
167.0,3.50375,1.452625
167.0,3.503125,1.45275
167.0,3.502125,1.453
167.0,3.501625,1.452625
167.0,3.501625,1.45275
167.0,3.50125,1.453
167.0,3.50125,1.453
167.0,3.5025,1.4535
167.0,3.503125,1.453625
167.0,3.5025,1.4535
167.0,3.5025,1.453125
167.0,3.50225,1.452875
167.0,3.50175,1.45275
167.0,3.5025,1.45275
167.0,3.5025,1.452875
167.0,3.5035,1.45275
167.0,3.503625,1.452625
167.0,3.503375,1.45275
167.0,3.50275,1.453125
167.0,3.501625,1.453125
167.0,3.5015,1.45325
167.0,3.501375,1.45325
167.0,3.501375,1.453125
167.0,3.501625,1.453375
167.0,3.50275,1.4535
167.0,3.5035,1.453625
167.0,3.502625,1.45325
167.0,3.50225,1.453125
167.0,3.502125,1.452875
167.0,3.50175,1.452875
167.0,3.50175,1.452875
167.0,3.502875,1.453
167.0,3.503625,1.452875
167.0,3.50375,1.452625
167.0,3.503625,1.452875
167.0,3.5025,1.453125
167.0,3.50175,1.453125
167.0,3.501875,1.453125
167.0,3.50175,1.453125
167.0,3.501125,1.45325
167.0,3.5015,1.453375
167.0,3.502625,1.45375
167.0,3.503,1.4535
167.0,3.502375,1.453125
167.0,3.5025,1.45275
167.0,3.502375,1.452875
167.0,3.502375,1.452875
167.0,3.502,1.453
167.0,3.502875,1.452875
167.0,3.503875,1.452875
167.0,3.50425,1.452625
167.0,3.503375,1.45325
167.0,3.501625,1.453375
167.0,3.501375,1.4535
167.0,3.50175,1.45325
167.0,3.5015,1.45325
167.0,3.501125,1.453125
167.0,3.50175,1.453375
167.0,3.503125,1.4535
167.0,3.502875,1.453625
167.0,3.502375,1.453125
167.0,3.502375,1.452625
167.0,3.502375,1.452625
167.0,3.502125,1.452875
167.0,3.50225,1.453
167.0,3.5035,1.452875
167.0,3.504125,1.45275
167.0,3.504125,1.452875
167.0,3.503,1.45325
167.0,3.502,1.453
167.0,3.501625,1.453125
167.0,3.5015,1.453125
167.0,3.50075,1.45325
167.0,3.501125,1.453375
167.0,3.502125,1.453625
167.0,3.503,1.453625
167.0,3.502625,1.453375
167.0,3.502,1.453125
167.0,3.502,1.453125
167.0,3.502375,1.452875
167.0,3.50225,1.452875
167.0,3.5025,1.452875
167.0,3.503625,1.45275
167.0,3.50425,1.4525
167.0,3.503375,1.4525
167.0,3.502375,1.452875
167.0,3.502,1.452875
167.0,3.5015,1.453
167.0,3.50125,1.45325
167.0,3.50075,1.453375
167.0,3.500875,1.4535
167.0,3.50275,1.453875
167.0,3.503375,1.45375
167.0,3.50225,1.453375
167.0,3.50225,1.453
167.0,3.50225,1.453
167.0,3.50225,1.453
167.0,3.501875,1.453
167.0,3.503375,1.453
167.0,3.504375,1.452875
167.0,3.504,1.45275
167.0,3.503125,1.452875
167.0,3.502,1.453125
167.0,3.50175,1.45325
167.0,3.501125,1.453
167.0,3.50125,1.453
167.0,3.5015,1.453
167.0,3.501875,1.4535
167.0,3.503,1.45375
167.0,3.503,1.4535
167.0,3.5025,1.4535
167.0,3.5025,1.4535
167.0,3.502125,1.453125
167.0,3.501875,1.45275
167.0,3.502375,1.453
167.0,3.503375,1.453
167.0,3.504,1.452625
167.0,3.504,1.4525
167.0,3.5025,1.452875
167.0,3.50125,1.453
167.0,3.501625,1.453125
167.0,3.5015,1.45325
167.0,3.501,1.453125
167.0,3.501,1.453125
167.0,3.50225,1.4535
167.0,3.503125,1.453625
167.0,3.502375,1.4535
167.0,3.502375,1.4535
167.0,3.502,1.45325
167.0,3.50275,1.452875
167.0,3.5025,1.452875
167.0,3.502375,1.453
167.0,3.503375,1.45275
167.0,3.504125,1.452375
167.0,3.503875,1.4525
167.0,3.502125,1.452875
167.0,3.5015,1.453
167.0,3.501875,1.453
167.0,3.501375,1.453125
167.0,3.50075,1.453125
167.0,3.50125,1.453375
167.0,3.502625,1.45375
167.0,3.502875,1.453625
167.0,3.502875,1.453625
167.0,3.502375,1.4535
167.0,3.50275,1.45275
167.0,3.50225,1.45275
167.0,3.501625,1.453
167.0,3.502625,1.453125
167.0,3.503875,1.45275
167.0,3.504125,1.452625
167.0,3.502875,1.452875
167.0,3.502,1.453125
167.0,3.501625,1.453
167.0,3.501875,1.453125
167.0,3.5015,1.45325
167.0,3.50125,1.45325
167.0,3.501875,1.453375
168.0,3.502625,1.392625
168.0,3.504,1.392625
168.0,3.504375,1.392375
168.0,3.5035,1.392375
168.0,3.5025,1.392625
168.0,3.50225,1.392625
168.0,3.502,1.392875
168.0,3.501125,1.393
168.0,3.501125,1.393
168.0,3.50075,1.392875
168.0,3.50175,1.392875
168.0,3.502625,1.39325
168.0,3.503,1.393375
168.0,3.5025,1.39325
168.0,3.502875,1.393
168.0,3.5025,1.39275
168.0,3.502125,1.39275
168.0,3.503,1.392625
168.0,3.504,1.392625
168.0,3.50375,1.392375
168.0,3.502875,1.392625
168.0,3.50225,1.392875
168.0,3.501625,1.392625
168.0,3.501375,1.392875
168.0,3.501375,1.392875
168.0,3.501125,1.392875
168.0,3.500625,1.393
168.0,3.501625,1.393125
168.0,3.502875,1.39325
168.0,3.503,1.393125
168.0,3.502625,1.3925
168.0,3.502625,1.39225
168.0,3.502,1.392375
168.0,3.502125,1.392625
168.0,3.503625,1.392625
168.0,3.504125,1.39225
168.0,3.504,1.392375
168.0,3.503,1.39275
168.0,3.502,1.39275
168.0,3.501875,1.392375
168.0,3.501875,1.3925
168.0,3.501875,1.3925
168.0,3.501125,1.392625
168.0,3.501125,1.393
168.0,3.502125,1.39325
168.0,3.50275,1.39325
168.0,3.5025,1.393
168.0,3.5025,1.39275
168.0,3.502625,1.392625
168.0,3.502375,1.3925
168.0,3.50275,1.39275
168.0,3.504,1.392625
168.0,3.504125,1.392375
168.0,3.504,1.39275
168.0,3.502375,1.39325
168.0,3.502,1.393
168.0,3.50225,1.3925
168.0,3.50225,1.3925
168.0,3.5015,1.39275
168.0,3.501125,1.392875
168.0,3.50175,1.39325
168.0,3.50225,1.393375
168.0,3.502875,1.3935
168.0,3.50275,1.39325
168.0,3.5025,1.392625
168.0,3.502375,1.3925
168.0,3.50225,1.392625
168.0,3.502875,1.392625
168.0,3.503875,1.3925
168.0,3.503875,1.392375
168.0,3.503,1.3925
168.0,3.502125,1.393
168.0,3.502,1.39275
168.0,3.502,1.39275
168.0,3.501375,1.392625
168.0,3.50125,1.392875
168.0,3.501125,1.39275
168.0,3.501875,1.393
168.0,3.503,1.393375
168.0,3.503125,1.393125
168.0,3.502625,1.39275
168.0,3.5025,1.3925
168.0,3.5025,1.3925
168.0,3.50225,1.39275
168.0,3.50325,1.392625
168.0,3.504125,1.3925
168.0,3.503625,1.39225
168.0,3.50275,1.39275
168.0,3.502,1.393125
168.0,3.502,1.39275
168.0,3.501625,1.39275
168.0,3.5015,1.392875
168.0,3.500875,1.393
168.0,3.500875,1.393125
168.0,3.50175,1.39325
168.0,3.503,1.393375
168.0,3.50275,1.393125
168.0,3.502125,1.39275
168.0,3.502,1.3925
168.0,3.501875,1.3925
168.0,3.502375,1.392625
168.0,3.504,1.3925
168.0,3.504125,1.39225
168.0,3.50375,1.392375
168.0,3.502875,1.392875
168.0,3.502,1.392875
168.0,3.502,1.392875
168.0,3.50175,1.392875
168.0,3.50125,1.393125
168.0,3.500875,1.393125
168.0,3.500875,1.393125
168.0,3.502125,1.39325
168.0,3.50275,1.393
168.0,3.5025,1.393
168.0,3.50225,1.39275
168.0,3.50225,1.39275
168.0,3.50225,1.39275
168.0,3.50325,1.39275
168.0,3.504125,1.392375
168.0,3.503875,1.392375
168.0,3.503,1.3925
168.0,3.501875,1.393
168.0,3.501875,1.393
168.0,3.501625,1.393
168.0,3.501625,1.392875
168.0,3.501375,1.392875
168.0,3.50075,1.39275
168.0,3.5015,1.393
168.0,3.502625,1.393375
168.0,3.502625,1.3935
168.0,3.501875,1.393125
168.0,3.5025,1.392625
168.0,3.502,1.3925
168.0,3.502,1.39275
168.0,3.503,1.392625
168.0,3.503875,1.392375
168.0,3.50375,1.392125
168.0,3.503,1.39225
168.0,3.503,1.39225
168.0,3.501875,1.392625
168.0,3.5015,1.392625
168.0,3.501375,1.393
168.0,3.50075,1.392875
168.0,3.500875,1.392875
168.0,3.50175,1.393125
168.0,3.50275,1.3935
168.0,3.5025,1.393375
168.0,3.502375,1.393
168.0,3.5025,1.392625
168.0,3.5025,1.392625
168.0,3.502375,1.39275
168.0,3.5035,1.392625
168.0,3.504375,1.39225
168.0,3.504,1.392125
168.0,3.504,1.392375
168.0,3.503,1.392375
168.0,3.50225,1.392625
168.0,3.501875,1.392375
168.0,3.501625,1.39275
168.0,3.500875,1.392875
168.0,3.50125,1.392875
168.0,3.502375,1.393375
168.0,3.503375,1.393125
168.0,3.502875,1.393
168.0,3.502625,1.393
168.0,3.50275,1.3925
168.0,3.5025,1.3925
168.0,3.503,1.392625
168.0,3.503625,1.39275
169.0,3.502125,1.333
169.0,3.50225,1.33275
169.0,3.502125,1.332875
169.0,3.502125,1.332875
169.0,3.503125,1.333
169.0,3.50425,1.33275
169.0,3.504,1.33275
169.0,3.502625,1.3325
169.0,3.502625,1.3325
169.0,3.50175,1.33275
169.0,3.501875,1.33325
169.0,3.50175,1.33325
169.0,3.501,1.333125
169.0,3.501375,1.333125
169.0,3.50225,1.333625
169.0,3.502875,1.33375
169.0,3.5025,1.333625
169.0,3.502375,1.333
169.0,3.5025,1.33275
169.0,3.502375,1.332875
169.0,3.502875,1.333
169.0,3.504,1.332625
169.0,3.504375,1.332625
169.0,3.503625,1.333125
169.0,3.503625,1.33325
169.0,3.502375,1.33325
169.0,3.501875,1.333
169.0,3.501625,1.33275
169.0,3.5015,1.333
169.0,3.500875,1.333125
169.0,3.5015,1.333375
169.0,3.502625,1.33375
169.0,3.503,1.333625
169.0,3.502375,1.333125
169.0,3.502625,1.332625
169.0,3.502625,1.332875
169.0,3.502375,1.33275
169.0,3.5035,1.333
169.0,3.503875,1.332875
169.0,3.50375,1.332625
169.0,3.5035,1.33275
169.0,3.5035,1.33275
169.0,3.502375,1.333375
169.0,3.502125,1.333125
169.0,3.502,1.333125
169.0,3.500875,1.333125
169.0,3.50075,1.33325
169.0,3.501875,1.333375
169.0,3.503,1.33375
169.0,3.502875,1.3335
169.0,3.502375,1.333125
169.0,3.50225,1.332875
169.0,3.502375,1.33275
169.0,3.502625,1.333125
169.0,3.50375,1.333
169.0,3.504125,1.332875
169.0,3.5035,1.33275
169.0,3.5035,1.33275
169.0,3.50275,1.33325
169.0,3.502125,1.333125
169.0,3.502,1.333125
169.0,3.5015,1.333375
169.0,3.50125,1.33325
169.0,3.50175,1.333125
169.0,3.502375,1.3335
169.0,3.503125,1.3335
169.0,3.50275,1.333125
169.0,3.50275,1.332875
169.0,3.5025,1.332875
169.0,3.502375,1.332875
169.0,3.503,1.333
169.0,3.50425,1.333
169.0,3.5045,1.33275
169.0,3.5045,1.33275
169.0,3.504,1.333
169.0,3.502625,1.333125
169.0,3.501875,1.333125
169.0,3.50175,1.333
169.0,3.501,1.33325
169.0,3.500875,1.33325
169.0,3.501375,1.333375
169.0,3.5025,1.3335
169.0,3.503,1.33375
169.0,3.5025,1.333125
169.0,3.5025,1.333
169.0,3.502125,1.332875
169.0,3.501875,1.332875
169.0,3.502625,1.333
169.0,3.50425,1.332875
169.0,3.50425,1.332875
169.0,3.504125,1.332625
169.0,3.503625,1.332625
169.0,3.5025,1.332875
169.0,3.501875,1.333125
169.0,3.5015,1.33325
169.0,3.501125,1.33325
169.0,3.500875,1.33325
169.0,3.50125,1.33325
169.0,3.502625,1.333625
169.0,3.50325,1.33375
169.0,3.502875,1.333375
169.0,3.502625,1.332875
169.0,3.502125,1.332875
169.0,3.502375,1.333125
169.0,3.503625,1.333125
169.0,3.50425,1.33275
169.0,3.50425,1.33275
169.0,3.5045,1.332625
169.0,3.503375,1.333
169.0,3.502375,1.333125
169.0,3.502125,1.33325
169.0,3.501625,1.33325
169.0,3.50125,1.333125
169.0,3.501,1.33325
169.0,3.50175,1.3335
169.0,3.5025,1.333625
169.0,3.50275,1.333625
169.0,3.502625,1.3335
169.0,3.502375,1.332875
169.0,3.50175,1.33275
169.0,3.50225,1.333125
169.0,3.50325,1.333125
169.0,3.50325,1.333125
169.0,3.50375,1.33275
169.0,3.503125,1.332625
169.0,3.5025,1.333375
169.0,3.502,1.333375
169.0,3.501875,1.333
169.0,3.501625,1.33325
169.0,3.501,1.333375
169.0,3.50125,1.333375
169.0,3.502375,1.333625
169.0,3.503375,1.3335
169.0,3.502875,1.33325
169.0,3.501875,1.333
169.0,3.501875,1.333125
169.0,3.502125,1.333125
169.0,3.502875,1.333
169.0,3.502875,1.333
169.0,3.50425,1.332875
169.0,3.504375,1.332875
169.0,3.503,1.333
169.0,3.501875,1.333125
169.0,3.502,1.33275
169.0,3.50175,1.332875
169.0,3.501375,1.33325
169.0,3.50075,1.333
169.0,3.501,1.333375
169.0,3.502625,1.3335
169.0,3.50325,1.333375
169.0,3.50275,1.333375
169.0,3.502625,1.333
169.0,3.50225,1.332875
169.0,3.502125,1.333
169.0,3.502125,1.332875
169.0,3.502875,1.332875
169.0,3.504125,1.33275
169.0,3.504,1.332625
169.0,3.503,1.333125
169.0,3.501875,1.33325
169.0,3.50175,1.333
169.0,3.501625,1.333125
169.0,3.50125,1.33325
169.0,3.50125,1.333125
169.0,3.501625,1.3335
169.0,3.50225,1.3335
169.0,3.502375,1.333375
169.0,3.502375,1.332875
169.0,3.502375,1.3325
170.0,3.502125,1.27425
170.0,3.50275,1.274375
170.0,3.50375,1.274375
170.0,3.504,1.274125
170.0,3.504,1.274125
170.0,3.502875,1.2745
170.0,3.50225,1.274375
170.0,3.502125,1.2745
170.0,3.502125,1.2745
170.0,3.501625,1.274625
170.0,3.501375,1.274375
170.0,3.501625,1.274625
170.0,3.5025,1.275
170.0,3.502875,1.275125
170.0,3.502875,1.27475
170.0,3.502375,1.274375
170.0,3.502125,1.27425
170.0,3.501875,1.274375
170.0,3.503125,1.2745
170.0,3.504125,1.274125
170.0,3.504375,1.274
170.0,3.504,1.2745
170.0,3.50275,1.2745
170.0,3.502,1.27425
170.0,3.502,1.274375
170.0,3.5015,1.274375
170.0,3.501375,1.274625
170.0,3.500875,1.274625
170.0,3.501625,1.27475
170.0,3.503125,1.275
170.0,3.503,1.27525
170.0,3.502875,1.275
170.0,3.502875,1.274375
170.0,3.50225,1.2745
170.0,3.50225,1.2745
170.0,3.503375,1.274375
170.0,3.504125,1.27425
170.0,3.503875,1.274125
170.0,3.503125,1.274125
170.0,3.502375,1.274375
170.0,3.50225,1.2745
170.0,3.50225,1.2745
170.0,3.502,1.2745
170.0,3.501,1.274625
170.0,3.500875,1.27475
170.0,3.502,1.275125
170.0,3.5035,1.275125
170.0,3.5035,1.27475
170.0,3.50275,1.274375
170.0,3.50225,1.27425
170.0,3.502,1.274125
170.0,3.502625,1.274375
170.0,3.504125,1.274375
170.0,3.5045,1.27425
170.0,3.504,1.27425
170.0,3.503,1.274625
170.0,3.50225,1.2745
170.0,3.50225,1.2745
170.0,3.501875,1.274375
170.0,3.501625,1.2745
170.0,3.501,1.274625
170.0,3.500875,1.27475
170.0,3.502375,1.27475
170.0,3.5035,1.27475
170.0,3.50275,1.274875
170.0,3.5025,1.2745
170.0,3.502625,1.274125
170.0,3.5025,1.274375
170.0,3.502875,1.274375
170.0,3.504,1.274125
170.0,3.5045,1.274
170.0,3.50375,1.274125
170.0,3.502625,1.27425
170.0,3.502625,1.27425
170.0,3.502,1.27425
170.0,3.502125,1.274625
170.0,3.5015,1.274625
170.0,3.50125,1.274625
170.0,3.501875,1.2745
170.0,3.50325,1.275
170.0,3.503625,1.275
170.0,3.50275,1.27475
170.0,3.5025,1.2745
170.0,3.502375,1.27425
170.0,3.502625,1.274375
170.0,3.5035,1.2745
170.0,3.504625,1.27425
170.0,3.50425,1.274125
170.0,3.503625,1.274375
170.0,3.503625,1.274625
170.0,3.502375,1.274625
170.0,3.502,1.2745
170.0,3.501875,1.2745
170.0,3.501875,1.27475
170.0,3.501625,1.27475
170.0,3.50225,1.27475
170.0,3.5035,1.275125
170.0,3.50325,1.275
170.0,3.502625,1.27475
170.0,3.502375,1.2745
170.0,3.50225,1.274375
170.0,3.5025,1.274375
170.0,3.5035,1.274375
170.0,3.50425,1.27425
170.0,3.504125,1.2745
170.0,3.50275,1.2745
170.0,3.50275,1.2745
170.0,3.5015,1.274625
170.0,3.502,1.274625
170.0,3.501875,1.274625
170.0,3.50125,1.274625
170.0,3.501375,1.2745
170.0,3.50275,1.274875
170.0,3.5035,1.275125
170.0,3.50275,1.27525
170.0,3.502625,1.27475
170.0,3.502125,1.2745
170.0,3.502,1.274375
170.0,3.503,1.2745
170.0,3.503875,1.274375
170.0,3.50375,1.274375
170.0,3.503625,1.274625
170.0,3.503625,1.274625
170.0,3.502625,1.27475
170.0,3.502,1.274375
170.0,3.502125,1.2745
170.0,3.501625,1.274625
170.0,3.501125,1.274625
170.0,3.5015,1.274625
170.0,3.502625,1.275
170.0,3.503,1.275
170.0,3.502,1.27475
170.0,3.5025,1.274375
170.0,3.50225,1.274375
170.0,3.502375,1.2745
170.0,3.503375,1.2745
170.0,3.503875,1.274375
170.0,3.503875,1.274375
170.0,3.503875,1.274375
170.0,3.503,1.2745
170.0,3.50225,1.274625
170.0,3.502375,1.274375
170.0,3.502,1.2745
170.0,3.501875,1.274625
170.0,3.50125,1.274625
170.0,3.50175,1.27475
170.0,3.502375,1.275125
170.0,3.50275,1.275
170.0,3.50275,1.275
170.0,3.50275,1.2745
170.0,3.502125,1.2745
170.0,3.502125,1.274375
170.0,3.503375,1.274625
170.0,3.504,1.274
170.0,3.504,1.274
170.0,3.503875,1.27425
170.0,3.503,1.27425
170.0,3.50225,1.27475
170.0,3.501875,1.274625
170.0,3.50175,1.2745
170.0,3.501625,1.2745
170.0,3.5015,1.274625
170.0,3.502125,1.275
170.0,3.502875,1.275125
170.0,3.503,1.275
170.0,3.502625,1.27475
170.0,3.502375,1.2745
170.0,3.502,1.2745
170.0,3.502875,1.2745
171.0,3.501625,1.216
171.0,3.50125,1.216
171.0,3.500875,1.216
171.0,3.50125,1.216375
171.0,3.503,1.216625
171.0,3.50275,1.216375
171.0,3.5025,1.216125
171.0,3.502375,1.216125
171.0,3.502375,1.216125
171.0,3.501625,1.216125
171.0,3.501875,1.216
171.0,3.503125,1.215875
171.0,3.504,1.215625
171.0,3.503625,1.215875
171.0,3.503,1.21625
171.0,3.502375,1.216125
171.0,3.502,1.215875
171.0,3.501875,1.216125
171.0,3.5015,1.216
171.0,3.50175,1.21625
171.0,3.5025,1.21675
171.0,3.50275,1.217
171.0,3.50275,1.21675
171.0,3.502375,1.215875
171.0,3.502,1.21575
171.0,3.502,1.21575
171.0,3.501875,1.215875
171.0,3.503125,1.216125
171.0,3.504125,1.21575
171.0,3.504375,1.2155
171.0,3.50375,1.21575
171.0,3.502625,1.21575
171.0,3.502125,1.21575
171.0,3.501875,1.215875
171.0,3.501625,1.216125
171.0,3.501125,1.216125
171.0,3.501625,1.216375
171.0,3.5025,1.216625
171.0,3.502625,1.21675
171.0,3.502625,1.2165
171.0,3.502875,1.216
171.0,3.502875,1.216
171.0,3.502625,1.216125
171.0,3.501875,1.216125
171.0,3.503,1.216
171.0,3.504125,1.215875
171.0,3.504125,1.21575
171.0,3.50325,1.216
171.0,3.502375,1.216125
171.0,3.502,1.216125
171.0,3.50175,1.215875
171.0,3.5015,1.216
171.0,3.501125,1.216
171.0,3.501375,1.216375
171.0,3.5025,1.216375
171.0,3.502625,1.216625
171.0,3.5025,1.216625
171.0,3.5025,1.216625
171.0,3.502375,1.216125
171.0,3.5015,1.21575
171.0,3.501875,1.216125
171.0,3.50325,1.215875
171.0,3.5045,1.21575
171.0,3.504125,1.21575
171.0,3.5025,1.216125
171.0,3.50175,1.216125
171.0,3.501875,1.21625
171.0,3.501625,1.216125
171.0,3.50125,1.216
171.0,3.501125,1.21625
171.0,3.501875,1.2165
171.0,3.503125,1.216625
171.0,3.502625,1.216625
171.0,3.502625,1.216625
171.0,3.502125,1.216125
171.0,3.502,1.21575
171.0,3.501875,1.215625
171.0,3.502625,1.216
171.0,3.50375,1.216
171.0,3.50425,1.21575
171.0,3.503625,1.216
171.0,3.50275,1.216375
171.0,3.50225,1.216125
171.0,3.501625,1.216125
171.0,3.501625,1.216125
171.0,3.501125,1.21625
171.0,3.50125,1.216125
171.0,3.50225,1.2165
171.0,3.503375,1.2165
171.0,3.503375,1.2165
171.0,3.50325,1.2165
171.0,3.50275,1.21625
171.0,3.5025,1.216
171.0,3.502375,1.216
171.0,3.50325,1.215875
171.0,3.504,1.216
171.0,3.504,1.21575
171.0,3.503125,1.216
171.0,3.501875,1.215875
171.0,3.501875,1.216
171.0,3.502,1.216125
171.0,3.5015,1.21625
171.0,3.50125,1.21625
171.0,3.50175,1.2165
171.0,3.503,1.21675
171.0,3.502875,1.2165
171.0,3.502875,1.2165
171.0,3.502625,1.21625
171.0,3.502625,1.215875
171.0,3.502375,1.216
171.0,3.50225,1.216
171.0,3.503125,1.216
171.0,3.504125,1.215875
171.0,3.504,1.21575
171.0,3.502875,1.21575
171.0,3.50225,1.21625
171.0,3.502,1.21625
171.0,3.50175,1.21625
171.0,3.501375,1.216125
171.0,3.501375,1.216125
171.0,3.50225,1.2165
171.0,3.503375,1.216625
171.0,3.503375,1.216625
171.0,3.503125,1.2165
171.0,3.502625,1.215875
171.0,3.502125,1.21575
171.0,3.502,1.215875
171.0,3.502875,1.215875
171.0,3.50375,1.215875
171.0,3.504,1.215875
171.0,3.503625,1.216
171.0,3.5025,1.2165
171.0,3.501875,1.216375
171.0,3.502,1.21625
171.0,3.50175,1.21625
171.0,3.501375,1.216
171.0,3.501125,1.21625
171.0,3.50225,1.2165
171.0,3.50225,1.2165
171.0,3.50275,1.21625
171.0,3.502625,1.215875
171.0,3.50275,1.215875
171.0,3.502375,1.215875
171.0,3.502,1.216
171.0,3.503125,1.215875
171.0,3.50425,1.215625
171.0,3.50425,1.215625
171.0,3.5035,1.216125
171.0,3.50225,1.216125
171.0,3.501875,1.216125
171.0,3.501875,1.216375
171.0,3.5015,1.21625
171.0,3.50125,1.216125
171.0,3.50175,1.21625
171.0,3.50175,1.2165
171.0,3.50275,1.2165
171.0,3.50325,1.216625
171.0,3.502875,1.216375
171.0,3.502625,1.216
171.0,3.501875,1.21575
171.0,3.502,1.216
171.0,3.503375,1.215875
171.0,3.50425,1.21575
171.0,3.504125,1.2155
171.0,3.503125,1.215875
171.0,3.50225,1.215875
171.0,3.502125,1.215875
171.0,3.501625,1.216125
171.0,3.501,1.21625
172.0,3.502125,1.15825
172.0,3.502,1.158375
172.0,3.503,1.158125
172.0,3.503875,1.158125
172.0,3.504,1.15825
172.0,3.50325,1.158375
172.0,3.50225,1.158
172.0,3.501875,1.158125
172.0,3.501875,1.158125
172.0,3.501125,1.1585
172.0,3.501,1.1585
172.0,3.501375,1.1585
172.0,3.502125,1.158875
172.0,3.503125,1.158625
172.0,3.503,1.158375
172.0,3.5025,1.158625
172.0,3.50275,1.158375
172.0,3.50225,1.158125
172.0,3.50225,1.15825
172.0,3.50375,1.158375
172.0,3.504625,1.158125
172.0,3.504125,1.158125
172.0,3.502625,1.15875
172.0,3.502125,1.158375
172.0,3.502375,1.158375
172.0,3.502375,1.15825
172.0,3.50175,1.158375
172.0,3.501,1.1585
172.0,3.50125,1.1585
172.0,3.50225,1.15875
172.0,3.502875,1.15875
172.0,3.502625,1.1585
172.0,3.502375,1.158125
172.0,3.502125,1.158
172.0,3.50175,1.158375
172.0,3.502625,1.15825
172.0,3.503625,1.158125
172.0,3.50425,1.158375
172.0,3.503375,1.15875
172.0,3.50225,1.158875
172.0,3.502,1.158625
172.0,3.502,1.158625
172.0,3.502,1.1585
172.0,3.501625,1.1585
172.0,3.50125,1.158375
172.0,3.501625,1.158625
172.0,3.5025,1.158875
172.0,3.502875,1.158625
172.0,3.502125,1.1585
172.0,3.5025,1.158125
172.0,3.5025,1.158
172.0,3.502,1.158375
172.0,3.503,1.15825
172.0,3.504,1.158125
172.0,3.504125,1.158625
172.0,3.503125,1.159125
172.0,3.502,1.158875
172.0,3.502,1.158875
172.0,3.501375,1.158625
172.0,3.501375,1.158625
172.0,3.501625,1.1585
172.0,3.5015,1.158625
172.0,3.501625,1.158875
172.0,3.5025,1.158875
172.0,3.50275,1.158875
172.0,3.502125,1.15875
172.0,3.502125,1.15825
172.0,3.501875,1.158125
172.0,3.502375,1.15825
172.0,3.5035,1.15825
172.0,3.50375,1.15825
172.0,3.503625,1.15825
172.0,3.50275,1.158375
172.0,3.50275,1.158375
172.0,3.501875,1.158625
172.0,3.50175,1.15875
172.0,3.501625,1.1585
172.0,3.500875,1.1585
172.0,3.501125,1.1585
172.0,3.50225,1.158875
172.0,3.503,1.159
172.0,3.502625,1.1585
172.0,3.502375,1.15875
172.0,3.502375,1.158375
172.0,3.50225,1.158375
172.0,3.503,1.15825
172.0,3.503875,1.158125
172.0,3.504125,1.158
172.0,3.503125,1.1585
172.0,3.502,1.1585
172.0,3.502,1.158875
172.0,3.501875,1.158625
172.0,3.501625,1.15825
172.0,3.501375,1.158375
172.0,3.50125,1.158375
172.0,3.5015,1.1585
172.0,3.50275,1.158875
172.0,3.503375,1.15875
172.0,3.50275,1.158375
172.0,3.5025,1.158375
172.0,3.502,1.158375
172.0,3.50225,1.15825
172.0,3.50325,1.15825
172.0,3.503875,1.158
172.0,3.503875,1.157875
172.0,3.503375,1.158
172.0,3.503375,1.158
172.0,3.502375,1.158
172.0,3.502,1.15775
172.0,3.5015,1.15825
172.0,3.501375,1.1585
172.0,3.50125,1.1585
172.0,3.501875,1.15875
172.0,3.502875,1.159
172.0,3.50325,1.15875
172.0,3.503,1.1585
172.0,3.502375,1.158625
172.0,3.501625,1.1585
172.0,3.502125,1.158375
172.0,3.50325,1.158375
172.0,3.503625,1.15825
172.0,3.504,1.15825
172.0,3.504,1.15825
172.0,3.50325,1.1585
172.0,3.501875,1.158625
172.0,3.50175,1.1585
172.0,3.5015,1.158625
172.0,3.501125,1.158625
172.0,3.501375,1.1585
172.0,3.502375,1.158875
172.0,3.50325,1.15925
172.0,3.503,1.15925
172.0,3.502625,1.158625
172.0,3.50225,1.158375
172.0,3.501625,1.158375
172.0,3.502125,1.158375
172.0,3.50325,1.1585
172.0,3.504375,1.15825
172.0,3.504375,1.15825
172.0,3.504,1.15825
172.0,3.50275,1.158375
172.0,3.502125,1.1585
172.0,3.501625,1.158375
172.0,3.50125,1.158625
172.0,3.501,1.158625
172.0,3.501375,1.1585
172.0,3.502375,1.158875
172.0,3.502625,1.15875
172.0,3.5025,1.1585
172.0,3.502375,1.158375
172.0,3.502125,1.15825
172.0,3.502375,1.158375
172.0,3.50325,1.158375
172.0,3.504125,1.158375
172.0,3.504125,1.158375
172.0,3.504125,1.158125
172.0,3.5035,1.15825
172.0,3.5025,1.158375
172.0,3.501875,1.15825
172.0,3.50175,1.158375
172.0,3.501125,1.158625
172.0,3.501125,1.1585
172.0,3.501625,1.1585
172.0,3.50225,1.15875
172.0,3.503,1.158625
172.0,3.502875,1.158625
172.0,3.502375,1.158375
172.0,3.50175,1.158125
172.0,3.502125,1.158375
173.0,3.501375,1.101
173.0,3.501625,1.101375
173.0,3.502375,1.101625
173.0,3.502625,1.1015
173.0,3.502375,1.101
173.0,3.502875,1.100875
173.0,3.5025,1.100875
173.0,3.50225,1.101
173.0,3.50225,1.101
173.0,3.503125,1.101
173.0,3.504125,1.10075
173.0,3.504125,1.10075
173.0,3.503625,1.100875
173.0,3.50225,1.101
173.0,3.502,1.101125
173.0,3.502,1.101125
173.0,3.501625,1.10125
173.0,3.50075,1.101125
173.0,3.501625,1.101125
173.0,3.502875,1.101375
173.0,3.503,1.10125
173.0,3.5025,1.10075
173.0,3.502875,1.100625
173.0,3.5025,1.100625
173.0,3.502125,1.100875
173.0,3.502125,1.100875
173.0,3.503,1.100875
173.0,3.504,1.100875
173.0,3.504125,1.10075
173.0,3.50325,1.10125
173.0,3.502,1.101125
173.0,3.502,1.100875
173.0,3.502125,1.101
173.0,3.501625,1.101125
173.0,3.501125,1.101
173.0,3.502,1.10125
173.0,3.503,1.101125
173.0,3.503125,1.10125
173.0,3.50275,1.101
173.0,3.502625,1.100625
173.0,3.502375,1.10075
173.0,3.502375,1.10075
173.0,3.50275,1.100875
173.0,3.5035,1.101
173.0,3.50425,1.1005
173.0,3.50425,1.10075
173.0,3.503125,1.10125
173.0,3.501875,1.101375
173.0,3.502,1.10125
173.0,3.502,1.10125
173.0,3.50175,1.10125
173.0,3.50175,1.101125
173.0,3.502125,1.101375
173.0,3.503125,1.101625
173.0,3.50275,1.10125
173.0,3.502625,1.101
173.0,3.5025,1.101
173.0,3.5025,1.101
173.0,3.502,1.101125
173.0,3.502625,1.101125
173.0,3.503875,1.101
173.0,3.504375,1.100625
173.0,3.503625,1.100625
173.0,3.50225,1.101125
173.0,3.501375,1.1015
173.0,3.501625,1.101125
173.0,3.501625,1.10125
173.0,3.501125,1.101125
173.0,3.50175,1.10125
173.0,3.502375,1.10125
173.0,3.50325,1.101375
173.0,3.503125,1.101375
173.0,3.502625,1.100875
173.0,3.502625,1.100875
173.0,3.502125,1.100875
173.0,3.501875,1.101
173.0,3.502625,1.100875
173.0,3.50375,1.10075
173.0,3.504125,1.100875
173.0,3.503125,1.100875
173.0,3.502375,1.101125
173.0,3.501875,1.101125
173.0,3.501375,1.101125
173.0,3.5015,1.101125
173.0,3.501375,1.101125
173.0,3.501375,1.1015
173.0,3.502125,1.1015
173.0,3.502875,1.10125
173.0,3.502625,1.1015
173.0,3.50225,1.1015
173.0,3.50225,1.101125
173.0,3.502,1.101
173.0,3.502375,1.101
173.0,3.503125,1.101
173.0,3.5035,1.100625
173.0,3.503625,1.10075
173.0,3.503,1.100875
173.0,3.501875,1.101
173.0,3.5015,1.101
173.0,3.501875,1.101125
173.0,3.501625,1.100875
173.0,3.50125,1.101125
173.0,3.502375,1.10125
173.0,3.50375,1.1015
173.0,3.503375,1.10175
173.0,3.503,1.101375
173.0,3.503,1.101375
173.0,3.502625,1.101
173.0,3.50225,1.101
173.0,3.502625,1.101
173.0,3.50375,1.101
173.0,3.50375,1.100625
173.0,3.5035,1.100875
173.0,3.503125,1.10125
173.0,3.50225,1.101125
173.0,3.501875,1.101375
173.0,3.5015,1.101375
173.0,3.501375,1.101125
173.0,3.50125,1.101
173.0,3.50225,1.10125
173.0,3.502875,1.101625
173.0,3.50225,1.1015
173.0,3.50225,1.1015
173.0,3.50225,1.101
173.0,3.502125,1.100875
173.0,3.502,1.100875
173.0,3.503,1.100875
173.0,3.504125,1.100875
173.0,3.504,1.10075
173.0,3.503125,1.10125
173.0,3.502125,1.101125
173.0,3.501875,1.10125
173.0,3.501625,1.101125
173.0,3.501,1.10125
173.0,3.501,1.101125
173.0,3.50175,1.10125
173.0,3.50275,1.1015
173.0,3.503,1.101375
173.0,3.503,1.101375
173.0,3.5025,1.101
173.0,3.5025,1.101
173.0,3.502125,1.100875
173.0,3.502,1.10075
173.0,3.503125,1.10075
173.0,3.504,1.10075
173.0,3.504125,1.10075
173.0,3.50275,1.100875
173.0,3.501875,1.101125
173.0,3.501875,1.10125
173.0,3.50175,1.101375
173.0,3.50125,1.101125
173.0,3.501,1.101125
173.0,3.502,1.1015
173.0,3.502875,1.10175
173.0,3.502875,1.100875
173.0,3.503125,1.100875
173.0,3.502625,1.100875
173.0,3.50225,1.100875
173.0,3.501875,1.101
173.0,3.50225,1.101
173.0,3.503625,1.10075
173.0,3.504375,1.10075
173.0,3.50375,1.101
173.0,3.502625,1.101375
173.0,3.501875,1.101375
173.0,3.5015,1.101125
173.0,3.50175,1.10125
173.0,3.501625,1.101125
173.0,3.5015,1.10125
174.0,3.501875,1.044375
174.0,3.5015,1.044375
174.0,3.50125,1.044625
174.0,3.500625,1.0445
174.0,3.50075,1.0445
174.0,3.502375,1.04475
174.0,3.503,1.044875
174.0,3.50275,1.044625
174.0,3.50275,1.044625
174.0,3.5025,1.04425
174.0,3.50225,1.04425
174.0,3.501625,1.044375
174.0,3.5025,1.04425
174.0,3.503875,1.04425
174.0,3.503625,1.044125
174.0,3.50275,1.044375
174.0,3.501625,1.044625
174.0,3.501375,1.044625
174.0,3.50175,1.0445
174.0,3.501125,1.044625
174.0,3.50075,1.044625
174.0,3.50125,1.04475
174.0,3.50225,1.044875
174.0,3.50275,1.04475
174.0,3.502375,1.04475
174.0,3.502375,1.045
174.0,3.50225,1.04475
174.0,3.50175,1.04425
174.0,3.50175,1.044375
174.0,3.502875,1.044375
174.0,3.50375,1.044
174.0,3.503625,1.04425
174.0,3.503,1.0445
174.0,3.502,1.04425
174.0,3.501375,1.044375
174.0,3.5015,1.0445
174.0,3.501125,1.0445
174.0,3.50075,1.044625
174.0,3.5015,1.044875
174.0,3.502625,1.045
174.0,3.50225,1.04475
174.0,3.50225,1.04475
174.0,3.502125,1.0445
174.0,3.501875,1.044375
174.0,3.50175,1.0445
174.0,3.502375,1.044375
174.0,3.5035,1.044375
174.0,3.504,1.044125
174.0,3.503375,1.04425
174.0,3.5025,1.044375
174.0,3.501625,1.0445
174.0,3.5015,1.04425
174.0,3.50125,1.04425
174.0,3.50075,1.0445
174.0,3.500875,1.044625
174.0,3.502,1.04475
174.0,3.503125,1.045
174.0,3.503125,1.045
174.0,3.503,1.04475
174.0,3.502375,1.04475
174.0,3.50225,1.044375
174.0,3.50175,1.04425
174.0,3.502625,1.0445
174.0,3.50425,1.044375
174.0,3.504375,1.044375
174.0,3.503625,1.044625
174.0,3.502125,1.0445
174.0,3.501125,1.044125
174.0,3.501375,1.044375
174.0,3.501,1.04475
174.0,3.50075,1.04475
174.0,3.500875,1.04475
174.0,3.5025,1.045
174.0,3.5025,1.045
174.0,3.50325,1.045
174.0,3.502625,1.044875
174.0,3.502375,1.044625
174.0,3.501875,1.0445
174.0,3.5015,1.044375
174.0,3.50225,1.044375
174.0,3.503625,1.04425
174.0,3.503625,1.044125
174.0,3.50275,1.04425
174.0,3.5015,1.0445
174.0,3.50125,1.0445
174.0,3.501125,1.044625
174.0,3.500875,1.044375
174.0,3.500625,1.0445
174.0,3.50125,1.04475
174.0,3.502625,1.04475
174.0,3.502625,1.045
174.0,3.503125,1.044875
174.0,3.502625,1.04475
174.0,3.502,1.044375
174.0,3.502,1.044375
174.0,3.502125,1.044375
174.0,3.503125,1.044375
174.0,3.50375,1.04425
174.0,3.50375,1.044
174.0,3.502875,1.044625
174.0,3.501875,1.044625
174.0,3.501875,1.044375
174.0,3.5015,1.0445
174.0,3.501125,1.044625
174.0,3.501,1.04475
174.0,3.501875,1.04475
174.0,3.501875,1.04475
174.0,3.503125,1.045
174.0,3.50325,1.04475
174.0,3.502625,1.044375
174.0,3.502,1.04425
174.0,3.501625,1.044375
174.0,3.50225,1.0445
174.0,3.503875,1.044375
174.0,3.50425,1.04425
174.0,3.503625,1.0445
174.0,3.5025,1.044625
174.0,3.502,1.0445
174.0,3.501625,1.044375
174.0,3.501375,1.044625
174.0,3.501125,1.0445
174.0,3.501125,1.04475
174.0,3.501125,1.04475
174.0,3.502,1.045
174.0,3.503125,1.045
174.0,3.503,1.045
174.0,3.502375,1.044375
174.0,3.50175,1.044125
174.0,3.50175,1.044375
174.0,3.503125,1.044375
174.0,3.504125,1.04425
174.0,3.504,1.044
174.0,3.503,1.0445
174.0,3.501875,1.044625
174.0,3.501875,1.04475
174.0,3.5015,1.044625
174.0,3.501125,1.044625
174.0,3.501,1.0445
174.0,3.501,1.0445
174.0,3.50125,1.04475
174.0,3.502625,1.045
174.0,3.503375,1.044875
174.0,3.502875,1.04475
174.0,3.502375,1.044375
174.0,3.502,1.04425
174.0,3.50175,1.044375
174.0,3.50275,1.04425
174.0,3.50375,1.04425
174.0,3.503875,1.044
174.0,3.503,1.04425
174.0,3.502,1.044375
174.0,3.50175,1.044125
174.0,3.50175,1.04425
174.0,3.501125,1.0445
174.0,3.501125,1.0445
174.0,3.50125,1.0445
174.0,3.502125,1.04475
174.0,3.503125,1.044875
174.0,3.502375,1.04475
174.0,3.502125,1.044375
174.0,3.502375,1.044
174.0,3.502,1.04425
174.0,3.502375,1.044375
174.0,3.503375,1.04425
174.0,3.503875,1.04425
174.0,3.50375,1.0445
174.0,3.502375,1.0445
174.0,3.501875,1.044375
174.0,3.5015,1.0445
175.0,3.502875,0.98975
175.0,3.50275,0.989875
175.0,3.50275,0.98975
175.0,3.50225,0.9895
175.0,3.501625,0.989375
175.0,3.50275,0.98925
175.0,3.504,0.989375
175.0,3.50425,0.98925
175.0,3.50425,0.98925
175.0,3.503625,0.989375
175.0,3.502375,0.9895
175.0,3.502,0.989625
175.0,3.501875,0.9895
175.0,3.5015,0.9895
175.0,3.500875,0.989625
175.0,3.5015,0.98975
175.0,3.502625,0.99
175.0,3.502875,0.99
175.0,3.502875,0.9895
175.0,3.502875,0.989
175.0,3.50225,0.989125
175.0,3.501875,0.98925
175.0,3.503125,0.989375
175.0,3.504125,0.989375
175.0,3.504125,0.989375
175.0,3.503875,0.98925
175.0,3.503375,0.989375
175.0,3.5025,0.98975
175.0,3.501875,0.989625
175.0,3.502,0.98975
175.0,3.501625,0.989375
175.0,3.501,0.9895
175.0,3.50175,0.98975
175.0,3.502625,0.989875
175.0,3.5025,0.989625
175.0,3.5025,0.9895
175.0,3.502875,0.98925
175.0,3.502,0.989125
175.0,3.502125,0.989375
175.0,3.50325,0.9895
175.0,3.504375,0.98925
175.0,3.504375,0.98925
175.0,3.503875,0.98925
175.0,3.50275,0.989375
175.0,3.5015,0.9895
175.0,3.5015,0.9895
175.0,3.50175,0.9895
175.0,3.50125,0.9895
175.0,3.501,0.98975
175.0,3.50225,0.99
175.0,3.50275,0.989875
175.0,3.502375,0.990125
175.0,3.501875,0.98975
175.0,3.502375,0.98925
175.0,3.502,0.98925
175.0,3.502375,0.989375
175.0,3.503625,0.989125
175.0,3.503625,0.989125
175.0,3.50425,0.989
175.0,3.50375,0.98925
175.0,3.502625,0.9895
175.0,3.50225,0.989625
175.0,3.502,0.98975
175.0,3.501125,0.989625
175.0,3.50075,0.9895
175.0,3.50125,0.989625
175.0,3.5025,0.989875
175.0,3.503,0.990125
175.0,3.502625,0.989875
175.0,3.502625,0.989125
175.0,3.502125,0.989125
175.0,3.50175,0.9895
175.0,3.503,0.9895
175.0,3.503,0.9895
175.0,3.503875,0.989375
175.0,3.504125,0.989125
175.0,3.503375,0.989125
175.0,3.502375,0.98925
175.0,3.501625,0.98925
175.0,3.501375,0.98925
175.0,3.5015,0.989375
175.0,3.500625,0.9895
175.0,3.50125,0.989625
175.0,3.5025,0.989875
175.0,3.50275,0.98975
175.0,3.502125,0.9895
175.0,3.502375,0.988875
175.0,3.502125,0.989
175.0,3.502125,0.989375
175.0,3.502125,0.989375
175.0,3.503125,0.989375
175.0,3.504125,0.989
175.0,3.504,0.989
175.0,3.50275,0.9895
175.0,3.502,0.989625
175.0,3.501875,0.98975
175.0,3.501375,0.989625
175.0,3.501,0.9895
175.0,3.501125,0.989375
175.0,3.501875,0.98975
175.0,3.502625,0.990125
175.0,3.50275,0.989625
175.0,3.5025,0.989125
175.0,3.502625,0.98925
175.0,3.50225,0.989375
175.0,3.50225,0.989375
175.0,3.50225,0.989375
175.0,3.503625,0.989375
175.0,3.504125,0.989125
175.0,3.503625,0.98925
175.0,3.502375,0.9895
175.0,3.501875,0.989125
175.0,3.502125,0.989125
175.0,3.50125,0.9895
175.0,3.50075,0.989625
175.0,3.501375,0.9895
175.0,3.502375,0.989875
175.0,3.50325,0.990125
175.0,3.50325,0.99
175.0,3.502875,0.9895
175.0,3.501875,0.989375
175.0,3.50175,0.989625
175.0,3.50175,0.989625
175.0,3.502625,0.989375
175.0,3.504,0.98925
175.0,3.504125,0.989125
175.0,3.503125,0.98925
175.0,3.50225,0.989375
175.0,3.50175,0.9895
175.0,3.50175,0.989625
175.0,3.501375,0.989625
175.0,3.50125,0.989375
175.0,3.501625,0.9895
175.0,3.502625,0.989625
175.0,3.50325,0.989625
175.0,3.50275,0.989625
175.0,3.502,0.9895
175.0,3.50175,0.9895
175.0,3.50175,0.9895
175.0,3.502,0.989375
175.0,3.503125,0.989375
175.0,3.504375,0.989375
175.0,3.504625,0.98925
175.0,3.503375,0.989625
175.0,3.502125,0.989625
175.0,3.501625,0.989375
175.0,3.501625,0.989625
175.0,3.501,0.9895
175.0,3.50075,0.9895
175.0,3.50175,0.989875
175.0,3.503,0.990125
175.0,3.502875,0.99
175.0,3.50275,0.9895
175.0,3.502875,0.989375
175.0,3.502875,0.989375
175.0,3.502,0.989375
175.0,3.502125,0.989375
175.0,3.5035,0.9895
175.0,3.504375,0.989375
175.0,3.503875,0.98925
175.0,3.50275,0.989625
175.0,3.501875,0.989625
175.0,3.501625,0.989625
175.0,3.5015,0.98975
175.0,3.50125,0.989625
175.0,3.500875,0.9895
175.0,3.501625,0.989875
175.0,3.502875,0.99
175.0,3.502625,0.98975
176.0,3.5015,0.935375
176.0,3.50225,0.9355
176.0,3.50275,0.935625
176.0,3.5025,0.935625
176.0,3.502625,0.9355
176.0,3.5025,0.935125
176.0,3.502,0.935125
176.0,3.503125,0.935125
176.0,3.503125,0.935125
176.0,3.504125,0.935
176.0,3.504,0.93475
176.0,3.503375,0.934875
176.0,3.5025,0.93525
176.0,3.502125,0.935
176.0,3.501875,0.93525
176.0,3.500875,0.93525
176.0,3.500875,0.935375
176.0,3.50175,0.9355
176.0,3.50275,0.935375
176.0,3.5035,0.935125
176.0,3.502875,0.93525
176.0,3.502375,0.93525
176.0,3.50175,0.935125
176.0,3.50225,0.93525
176.0,3.503375,0.935
176.0,3.503375,0.935
176.0,3.50425,0.934875
176.0,3.503875,0.935
176.0,3.502875,0.93525
176.0,3.502,0.935375
176.0,3.501875,0.93525
176.0,3.501375,0.93525
176.0,3.50125,0.935125
176.0,3.501375,0.935375
176.0,3.502,0.93575
176.0,3.5025,0.935625
176.0,3.502625,0.935375
176.0,3.5025,0.9355
176.0,3.50225,0.935375
176.0,3.502125,0.935
176.0,3.502625,0.935125
176.0,3.502625,0.935125
176.0,3.50375,0.93525
176.0,3.504,0.935125
176.0,3.503625,0.935
176.0,3.50225,0.935
176.0,3.501375,0.93525
176.0,3.5015,0.93525
176.0,3.5015,0.935125
176.0,3.50075,0.935125
176.0,3.501375,0.93525
176.0,3.5025,0.93575
176.0,3.503125,0.935875
176.0,3.50275,0.935625
176.0,3.50225,0.93525
176.0,3.502125,0.934875
176.0,3.502,0.935125
176.0,3.502,0.935125
176.0,3.503,0.935
176.0,3.50375,0.935125
176.0,3.503875,0.93475
176.0,3.503375,0.935
176.0,3.50225,0.93525
176.0,3.50175,0.9355
176.0,3.501375,0.93525
176.0,3.501125,0.935375
176.0,3.500875,0.93525
176.0,3.501375,0.9355
176.0,3.5025,0.935625
176.0,3.50275,0.93575
176.0,3.502625,0.9355
176.0,3.502625,0.935125
176.0,3.50225,0.935125
176.0,3.50225,0.935125
176.0,3.502,0.935125
176.0,3.503375,0.935
176.0,3.503875,0.934875
176.0,3.504,0.93475
176.0,3.503375,0.935125
176.0,3.502375,0.935375
176.0,3.501375,0.935125
176.0,3.501125,0.935125
176.0,3.50125,0.935375
176.0,3.500875,0.93525
176.0,3.50175,0.9355
176.0,3.502875,0.935625
176.0,3.502875,0.93525
176.0,3.5025,0.935375
176.0,3.502875,0.935125
176.0,3.502,0.935
176.0,3.502,0.935
176.0,3.502125,0.935125
176.0,3.50325,0.935125
176.0,3.503625,0.935125
176.0,3.50375,0.935375
176.0,3.502875,0.93575
176.0,3.502125,0.935625
176.0,3.50175,0.93525
176.0,3.501125,0.935375
176.0,3.500875,0.935375
176.0,3.50125,0.935375
176.0,3.50225,0.935625
176.0,3.503125,0.935625
176.0,3.502625,0.93575
176.0,3.502625,0.93525
176.0,3.5025,0.93525
176.0,3.5025,0.93525
176.0,3.502,0.93525
176.0,3.502875,0.935125
176.0,3.504125,0.935125
176.0,3.50425,0.934875
176.0,3.503625,0.935125
176.0,3.502375,0.9355
176.0,3.501625,0.93525
176.0,3.5015,0.93525
176.0,3.50125,0.93525
176.0,3.50075,0.935375
176.0,3.50175,0.935375
176.0,3.50275,0.9355
176.0,3.50275,0.93525
176.0,3.502625,0.93525
176.0,3.502875,0.935
176.0,3.502875,0.935
176.0,3.502375,0.934875
176.0,3.50225,0.93525
176.0,3.502625,0.935125
176.0,3.503875,0.935
176.0,3.504,0.934875
176.0,3.503,0.935125
176.0,3.50175,0.93525
176.0,3.5015,0.935125
176.0,3.50175,0.935375
176.0,3.50125,0.935375
176.0,3.501375,0.935125
176.0,3.502125,0.9355
176.0,3.503125,0.93575
176.0,3.503125,0.935625
176.0,3.502125,0.9355
176.0,3.502125,0.9355
176.0,3.501875,0.935125
176.0,3.501625,0.935125
176.0,3.501875,0.935125
176.0,3.50325,0.935125
176.0,3.50375,0.935
176.0,3.5035,0.934875
176.0,3.5025,0.935125
176.0,3.502,0.93525
176.0,3.50175,0.93525
176.0,3.50125,0.935375
176.0,3.500625,0.93525
176.0,3.500875,0.9355
176.0,3.501625,0.93575
176.0,3.502625,0.935625
176.0,3.502875,0.9355
176.0,3.5025,0.9355
176.0,3.5025,0.935125
176.0,3.502375,0.935
176.0,3.502,0.93525
176.0,3.5025,0.93525
176.0,3.503625,0.935125
176.0,3.504,0.935
176.0,3.503,0.935375
176.0,3.501875,0.935625
176.0,3.501375,0.9355
176.0,3.5015,0.935375
176.0,3.500875,0.935375
176.0,3.501,0.935375
176.0,3.501875,0.93525
176.0,3.502875,0.935625
177.0,3.501625,0.882
177.0,3.502625,0.88175
177.0,3.50275,0.8815
177.0,3.5025,0.881375
177.0,3.502125,0.881375
177.0,3.50175,0.8815
177.0,3.50225,0.881375
177.0,3.5035,0.881375
177.0,3.5035,0.881375
177.0,3.504,0.881375
177.0,3.503625,0.88175
177.0,3.5025,0.881875
177.0,3.501625,0.881625
177.0,3.501125,0.8815
177.0,3.500875,0.881625
177.0,3.5005,0.881625
177.0,3.500875,0.88175
177.0,3.502125,0.882
177.0,3.503,0.882125
177.0,3.50275,0.881875
177.0,3.502375,0.881875
177.0,3.502,0.8815
177.0,3.501375,0.881375
177.0,3.5025,0.881375
177.0,3.5025,0.881375
177.0,3.503875,0.881375
177.0,3.50375,0.8815
177.0,3.503125,0.881625
177.0,3.502375,0.88175
177.0,3.501875,0.881875
177.0,3.5015,0.88175
177.0,3.501125,0.88175
177.0,3.501,0.88175
177.0,3.501375,0.881875
177.0,3.502375,0.882
177.0,3.503,0.882
177.0,3.502875,0.881875
177.0,3.5025,0.8815
177.0,3.502125,0.881625
177.0,3.502125,0.881625
177.0,3.5035,0.8815
177.0,3.5035,0.8815
177.0,3.504125,0.8815
177.0,3.5035,0.881625
177.0,3.502875,0.88175
177.0,3.502,0.881625
177.0,3.50125,0.88175
177.0,3.501,0.881625
177.0,3.501,0.881625
177.0,3.500875,0.88175
177.0,3.502125,0.882
177.0,3.50325,0.882
177.0,3.502875,0.882
177.0,3.5025,0.882
177.0,3.502125,0.8815
177.0,3.501875,0.881625
177.0,3.502375,0.881625
177.0,3.502375,0.881625
177.0,3.503625,0.881375
177.0,3.504125,0.88125
177.0,3.503375,0.881375
177.0,3.5025,0.881625
177.0,3.501875,0.88175
177.0,3.501625,0.88175
177.0,3.500875,0.881625
177.0,3.500625,0.88175
177.0,3.500875,0.881875
177.0,3.502,0.88225
177.0,3.502625,0.882125
177.0,3.502375,0.88175
177.0,3.502125,0.88175
177.0,3.502375,0.88175
177.0,3.50175,0.88175
177.0,3.50175,0.88175
177.0,3.5025,0.881625
177.0,3.50375,0.8815
177.0,3.503875,0.8815
177.0,3.50325,0.882
177.0,3.5025,0.88175
177.0,3.50175,0.881625
177.0,3.5015,0.88175
177.0,3.501,0.88175
177.0,3.501,0.88175
177.0,3.501375,0.88175
177.0,3.50225,0.882125
177.0,3.5025,0.881875
177.0,3.50225,0.881875
177.0,3.50225,0.88175
177.0,3.502125,0.88175
177.0,3.502125,0.88175
177.0,3.502375,0.881625
177.0,3.503125,0.8815
177.0,3.503875,0.881375
177.0,3.504,0.88125
177.0,3.503125,0.88175
177.0,3.502,0.881625
177.0,3.5015,0.881625
177.0,3.501375,0.8815
177.0,3.50125,0.881625
177.0,3.500875,0.88175
177.0,3.502,0.881875
177.0,3.50275,0.882
177.0,3.503,0.882
177.0,3.502625,0.88175
177.0,3.502375,0.881625
177.0,3.501875,0.8815
177.0,3.501875,0.8815
177.0,3.502125,0.881625
177.0,3.503,0.881375
177.0,3.504,0.881375
177.0,3.503875,0.881375
177.0,3.502875,0.88175
177.0,3.50225,0.881625
177.0,3.50175,0.8815
177.0,3.5015,0.881625
177.0,3.501125,0.8815
177.0,3.50075,0.88175
177.0,3.50175,0.882
177.0,3.503125,0.88225
177.0,3.502875,0.882
177.0,3.502,0.88175
177.0,3.501875,0.88175
177.0,3.501875,0.88175
177.0,3.501875,0.8815
177.0,3.502375,0.8815
177.0,3.50375,0.881625
177.0,3.504125,0.881375
177.0,3.5035,0.8815
177.0,3.502625,0.882
177.0,3.502375,0.882
177.0,3.50175,0.88175
177.0,3.501625,0.881625
177.0,3.50075,0.88175
177.0,3.5005,0.88175
177.0,3.502,0.881875
177.0,3.50275,0.882
177.0,3.502125,0.88175
177.0,3.502125,0.8815
177.0,3.502125,0.8815
177.0,3.50225,0.8815
177.0,3.502,0.881625
177.0,3.503,0.881625
177.0,3.503875,0.881375
177.0,3.504,0.881375
177.0,3.5035,0.881375
177.0,3.502125,0.881375
177.0,3.502,0.881375
177.0,3.50175,0.8815
177.0,3.501125,0.8815
177.0,3.50075,0.88175
177.0,3.5015,0.88175
177.0,3.502375,0.882
177.0,3.503125,0.8825
177.0,3.502625,0.882125
177.0,3.502625,0.882125
177.0,3.50225,0.881625
177.0,3.502,0.8815
177.0,3.50225,0.8815
177.0,3.50325,0.881625
177.0,3.50375,0.881375
177.0,3.503625,0.8815
177.0,3.50275,0.88175
177.0,3.502375,0.881625
177.0,3.502125,0.881375
177.0,3.50125,0.881625
177.0,3.500625,0.8815
177.0,3.50075,0.88175
177.0,3.501875,0.881875
177.0,3.503125,0.882125
178.0,3.50175,0.829125
178.0,3.503,0.829125
178.0,3.5025,0.829
178.0,3.501875,0.829
178.0,3.5025,0.82875
178.0,3.502125,0.828875
178.0,3.502,0.828875
178.0,3.503125,0.828875
178.0,3.503125,0.828875
178.0,3.503875,0.828625
178.0,3.503625,0.829125
178.0,3.502625,0.829125
178.0,3.50175,0.82875
178.0,3.5015,0.828875
178.0,3.501125,0.829
178.0,3.500375,0.829125
178.0,3.500875,0.829125
178.0,3.502125,0.829625
178.0,3.50325,0.82975
178.0,3.502875,0.8295
178.0,3.502375,0.828875
178.0,3.502375,0.829
178.0,3.50175,0.829
178.0,3.5025,0.829
178.0,3.5035,0.829
178.0,3.5035,0.828875
178.0,3.50375,0.829125
178.0,3.503375,0.829125
178.0,3.50225,0.82925
178.0,3.501875,0.82925
178.0,3.501625,0.829
178.0,3.50125,0.829125
178.0,3.50075,0.829125
178.0,3.501125,0.82925
178.0,3.50225,0.829375
178.0,3.503,0.829625
178.0,3.502375,0.8295
178.0,3.50225,0.829125
178.0,3.501875,0.829
178.0,3.501625,0.829125
178.0,3.50275,0.829125
178.0,3.50275,0.829125
178.0,3.503625,0.829
178.0,3.503875,0.829
178.0,3.50325,0.829125
178.0,3.502,0.829125
178.0,3.501375,0.829
178.0,3.5015,0.829125
178.0,3.501,0.82925
178.0,3.5005,0.82925
178.0,3.501,0.829375
178.0,3.50275,0.8295
178.0,3.50275,0.8295
178.0,3.502,0.8295
178.0,3.50175,0.829
178.0,3.50175,0.829125
178.0,3.501875,0.829125
178.0,3.501875,0.829125
178.0,3.503125,0.829125
178.0,3.504,0.828875
178.0,3.504125,0.828875
178.0,3.50325,0.829375
178.0,3.502,0.829375
178.0,3.501375,0.82925
178.0,3.501,0.82925
178.0,3.500875,0.829375
178.0,3.501125,0.82925
178.0,3.501625,0.8295
178.0,3.502625,0.82925
178.0,3.502375,0.829375
178.0,3.502125,0.82925
178.0,3.502125,0.829
178.0,3.501875,0.829
178.0,3.501875,0.829
178.0,3.502375,0.829125
178.0,3.50325,0.828875
178.0,3.503875,0.828875
178.0,3.50375,0.829
178.0,3.502375,0.829125
178.0,3.501875,0.829375
178.0,3.501625,0.8295
178.0,3.501375,0.82925
178.0,3.50075,0.82925
178.0,3.501125,0.82925
178.0,3.502375,0.82925
178.0,3.502875,0.829375
178.0,3.502375,0.829375
178.0,3.50225,0.829125
178.0,3.501625,0.829125
178.0,3.501625,0.829125
178.0,3.501625,0.829125
178.0,3.502875,0.829125
178.0,3.504,0.828875
178.0,3.504375,0.828875
178.0,3.503625,0.828875
178.0,3.50225,0.82925
178.0,3.501875,0.829
178.0,3.5015,0.829125
178.0,3.501125,0.82925
178.0,3.501125,0.82925
178.0,3.501625,0.829375
178.0,3.502375,0.829625
178.0,3.502625,0.829875
178.0,3.502,0.829625
178.0,3.502,0.829
178.0,3.502,0.829125
178.0,3.502,0.829125
178.0,3.501875,0.829125
178.0,3.502875,0.829
178.0,3.50375,0.8285
178.0,3.503875,0.829
178.0,3.5035,0.829375
178.0,3.5025,0.8295
178.0,3.50175,0.82925
178.0,3.5015,0.82925
178.0,3.50125,0.829125
178.0,3.50075,0.829
178.0,3.50125,0.829375
178.0,3.5025,0.82975
178.0,3.50225,0.83
178.0,3.50175,0.829375
178.0,3.50175,0.829
178.0,3.50175,0.829
178.0,3.501625,0.829
178.0,3.502375,0.829125
178.0,3.503625,0.829
178.0,3.503625,0.828875
178.0,3.503125,0.829
178.0,3.502125,0.82875
178.0,3.501625,0.828625
178.0,3.5015,0.828875
178.0,3.50125,0.82925
178.0,3.501125,0.829125
178.0,3.50125,0.829125
178.0,3.50225,0.829375
178.0,3.5025,0.82925
178.0,3.502375,0.8295
178.0,3.502125,0.829375
178.0,3.502125,0.829375
178.0,3.50125,0.829
178.0,3.501125,0.828875
178.0,3.502125,0.829
178.0,3.50325,0.828875
178.0,3.5035,0.828875
178.0,3.5035,0.828875
178.0,3.502625,0.829125
178.0,3.502,0.829
178.0,3.501625,0.829125
178.0,3.501625,0.82925
178.0,3.501,0.829125
178.0,3.501125,0.82925
178.0,3.502125,0.8295
178.0,3.5025,0.829625
178.0,3.50225,0.829125
178.0,3.50225,0.828875
178.0,3.502,0.828875
178.0,3.502125,0.828875
178.0,3.502375,0.829125
178.0,3.50325,0.829
178.0,3.503875,0.828875
178.0,3.50325,0.828875
178.0,3.50275,0.82925
178.0,3.502375,0.82925
178.0,3.5015,0.829
178.0,3.501,0.829125
178.0,3.501,0.82925
178.0,3.501,0.82925
178.0,3.501375,0.8295
178.0,3.502375,0.8295
179.0,3.5025,0.77725
179.0,3.503625,0.777125
179.0,3.50375,0.77725
179.0,3.503125,0.777375
179.0,3.502625,0.7775
179.0,3.50225,0.777375
179.0,3.501625,0.777375
179.0,3.501125,0.7775
179.0,3.501125,0.7775
179.0,3.50075,0.77725
179.0,3.501125,0.777375
179.0,3.502125,0.777625
179.0,3.5025,0.777375
179.0,3.50175,0.77725
179.0,3.502,0.777
179.0,3.501875,0.777125
179.0,3.502125,0.77725
179.0,3.503125,0.777375
179.0,3.5035,0.777125
179.0,3.50375,0.777
179.0,3.502875,0.77725
179.0,3.502375,0.777625
179.0,3.501625,0.777625
179.0,3.5015,0.77725
179.0,3.501,0.77725
179.0,3.501,0.77725
179.0,3.500375,0.77725
179.0,3.501125,0.7775
179.0,3.50275,0.7775
179.0,3.502875,0.777375
179.0,3.50225,0.77725
179.0,3.502,0.777
179.0,3.50175,0.777125
179.0,3.50225,0.77725
179.0,3.50325,0.77725
179.0,3.503375,0.77725
179.0,3.503,0.77725
179.0,3.502375,0.777375
179.0,3.5015,0.777125
179.0,3.501125,0.77725
179.0,3.501,0.77725
179.0,3.501,0.77725
179.0,3.500375,0.777375
179.0,3.50075,0.77725
179.0,3.501875,0.777625
179.0,3.503,0.777875
179.0,3.502625,0.777875
179.0,3.502125,0.777375
179.0,3.502,0.777
179.0,3.501625,0.777125
179.0,3.50225,0.77725
179.0,3.503375,0.77725
179.0,3.5035,0.777125
179.0,3.503,0.777375
179.0,3.502375,0.7775
179.0,3.50175,0.777375
179.0,3.5015,0.777375
179.0,3.5015,0.777375
179.0,3.501,0.777375
179.0,3.50025,0.77725
179.0,3.500875,0.777375
179.0,3.502375,0.7775
179.0,3.502875,0.777375
179.0,3.502125,0.777125
179.0,3.501875,0.77725
179.0,3.501625,0.77725
179.0,3.501875,0.77725
179.0,3.50275,0.777125
179.0,3.5035,0.777125
179.0,3.50375,0.77725
179.0,3.503,0.7775
179.0,3.501875,0.777375
179.0,3.5015,0.777
179.0,3.5015,0.777
179.0,3.501375,0.777375
179.0,3.501125,0.777375
179.0,3.5005,0.777375
179.0,3.50125,0.777625
179.0,3.502625,0.777625
179.0,3.50275,0.777625
179.0,3.5025,0.7775
179.0,3.501875,0.777375
179.0,3.5015,0.777375
179.0,3.50225,0.777125
179.0,3.5035,0.777375
179.0,3.504,0.777125
179.0,3.503625,0.777125
179.0,3.503,0.777375
179.0,3.502125,0.77775
179.0,3.50175,0.77775
179.0,3.50175,0.77775
179.0,3.501375,0.7775
179.0,3.501125,0.777375
179.0,3.501125,0.777375
179.0,3.501625,0.7775
179.0,3.502625,0.777875
179.0,3.50275,0.7775
179.0,3.502125,0.777125
179.0,3.501875,0.777
179.0,3.501625,0.77725
179.0,3.502375,0.77725
179.0,3.5035,0.777125
179.0,3.504375,0.77725
179.0,3.504125,0.77725
179.0,3.502375,0.77725
179.0,3.501625,0.7775
179.0,3.501625,0.7775
179.0,3.5015,0.7775
179.0,3.5015,0.77725
179.0,3.500875,0.77725
179.0,3.50075,0.777375
179.0,3.502125,0.777375
179.0,3.50275,0.777625
179.0,3.502125,0.77775
179.0,3.502125,0.7775
179.0,3.502125,0.777125
179.0,3.5015,0.77725
179.0,3.50275,0.777125
179.0,3.503875,0.777
179.0,3.50375,0.777
179.0,3.503375,0.777125
179.0,3.50225,0.77725
179.0,3.50225,0.77725
179.0,3.5015,0.777125
179.0,3.5015,0.777375
179.0,3.501,0.777375
179.0,3.500375,0.77725
179.0,3.501,0.7775
179.0,3.502375,0.77775
179.0,3.5025,0.777625
179.0,3.502,0.7775
179.0,3.502125,0.777125
179.0,3.50175,0.777125
179.0,3.5015,0.777125
179.0,3.502875,0.77725
179.0,3.504,0.777125
179.0,3.50375,0.77725
179.0,3.502875,0.77725
179.0,3.502875,0.77725
179.0,3.501375,0.777125
179.0,3.5015,0.777125
179.0,3.50175,0.777375
179.0,3.50125,0.777375
179.0,3.501125,0.777375
179.0,3.50175,0.7775
179.0,3.502875,0.77775
179.0,3.502625,0.778
179.0,3.50175,0.777375
179.0,3.50175,0.777
179.0,3.50125,0.777
179.0,3.502125,0.77725
179.0,3.503375,0.77725
179.0,3.5035,0.77725
179.0,3.503625,0.777125
179.0,3.502125,0.777
179.0,3.502125,0.777
179.0,3.5015,0.777
179.0,3.50175,0.77725
179.0,3.501125,0.777375
179.0,3.500625,0.77725
179.0,3.501,0.777375
179.0,3.50175,0.7775
179.0,3.5025,0.777375
179.0,3.50225,0.777625
179.0,3.502375,0.77725
179.0,3.502125,0.777375
179.0,3.501875,0.77725
179.0,3.502625,0.777375
179.0,3.50375,0.77725
180.0,3.50275,0.72775
180.0,3.50225,0.72775
180.0,3.502,0.7275
180.0,3.501625,0.727375
180.0,3.5015,0.7275
180.0,3.50275,0.7275
180.0,3.503625,0.7275
180.0,3.50375,0.72725
180.0,3.50375,0.72725
180.0,3.503625,0.727375
180.0,3.50225,0.727625
180.0,3.501625,0.727625
180.0,3.50125,0.72775
180.0,3.500875,0.727875
180.0,3.50075,0.727625
180.0,3.501,0.727875
180.0,3.502125,0.72825
180.0,3.502625,0.728125
180.0,3.501875,0.7275
180.0,3.501875,0.72775
180.0,3.5015,0.727625
180.0,3.5015,0.727625
180.0,3.502625,0.727625
180.0,3.503125,0.7275
180.0,3.50325,0.7275
180.0,3.50325,0.7275
180.0,3.5025,0.7275
180.0,3.50175,0.7275
180.0,3.501625,0.727625
180.0,3.501125,0.727625
180.0,3.500625,0.727625
180.0,3.5005,0.72775
180.0,3.501,0.727875
180.0,3.50225,0.728
180.0,3.5025,0.72775
180.0,3.502,0.727625
180.0,3.501875,0.727625
180.0,3.502,0.72775
180.0,3.50225,0.7275
180.0,3.503375,0.7275
180.0,3.503375,0.727375
180.0,3.503375,0.727375
180.0,3.502875,0.727375
180.0,3.50225,0.727625
180.0,3.5015,0.727625
180.0,3.501125,0.727625
180.0,3.501,0.727875
180.0,3.500625,0.7275
180.0,3.500875,0.72775
180.0,3.502,0.72775
180.0,3.502375,0.727875
180.0,3.502375,0.72775
180.0,3.50225,0.728
180.0,3.50175,0.727875
180.0,3.501625,0.727625
180.0,3.50225,0.727625
180.0,3.503375,0.7275
180.0,3.503375,0.7275
180.0,3.503875,0.727625
180.0,3.50325,0.7275
180.0,3.50175,0.727625
180.0,3.5015,0.72775
180.0,3.501375,0.727625
180.0,3.500875,0.72775
180.0,3.500375,0.727625
180.0,3.50075,0.72775
180.0,3.50175,0.728125
180.0,3.50225,0.72825
180.0,3.50225,0.727875
180.0,3.501875,0.72725
180.0,3.501375,0.727375
180.0,3.501375,0.727625
180.0,3.50275,0.727625
180.0,3.50275,0.727625
180.0,3.50325,0.7275
180.0,3.503,0.727625
180.0,3.5025,0.7275
180.0,3.50175,0.7275
180.0,3.501375,0.72775
180.0,3.50075,0.72775
180.0,3.500875,0.72775
180.0,3.500625,0.727625
180.0,3.50125,0.72775
180.0,3.501875,0.728125
180.0,3.5025,0.728
180.0,3.50225,0.72775
180.0,3.501875,0.72725
180.0,3.501375,0.7275
180.0,3.501875,0.727625
180.0,3.502875,0.72775
180.0,3.502875,0.72775
180.0,3.503375,0.7275
180.0,3.503125,0.727625
180.0,3.502125,0.727875
180.0,3.501625,0.727625
180.0,3.5015,0.727375
180.0,3.50125,0.7275
180.0,3.5005,0.727625
180.0,3.500125,0.727625
180.0,3.5015,0.727625
180.0,3.502875,0.727625
180.0,3.50225,0.727875
180.0,3.502,0.7275
180.0,3.502,0.72725
180.0,3.5015,0.7275
180.0,3.502125,0.727625
180.0,3.502125,0.727625
180.0,3.5035,0.727625
180.0,3.50375,0.727375
180.0,3.503125,0.727375
180.0,3.50175,0.7275
180.0,3.50125,0.72775
180.0,3.501125,0.72775
180.0,3.501125,0.72775
180.0,3.50075,0.72775
180.0,3.5005,0.72775
180.0,3.501625,0.727875
180.0,3.5025,0.727875
180.0,3.50225,0.727875
180.0,3.502125,0.727625
180.0,3.501375,0.7275
180.0,3.50125,0.7275
180.0,3.50125,0.7275
180.0,3.502375,0.7275
180.0,3.503625,0.727375
180.0,3.50325,0.72775
180.0,3.502625,0.727625
180.0,3.501875,0.727875
180.0,3.501375,0.727625
180.0,3.50125,0.727875
180.0,3.500625,0.727625
180.0,3.500375,0.727625
180.0,3.5015,0.72775
180.0,3.502375,0.728125
180.0,3.50225,0.728
180.0,3.502,0.727625
180.0,3.502125,0.7275
180.0,3.50175,0.727625
180.0,3.50175,0.727625
180.0,3.5015,0.727625
180.0,3.50275,0.7275
180.0,3.5035,0.727375
180.0,3.50325,0.7275
180.0,3.50225,0.72775
180.0,3.5015,0.728
180.0,3.501125,0.72775
180.0,3.500875,0.7275
180.0,3.500875,0.72775
180.0,3.500875,0.72775
180.0,3.50175,0.728125
180.0,3.50275,0.728375
180.0,3.50225,0.728125
180.0,3.501875,0.727375
180.0,3.5015,0.727125
180.0,3.50125,0.727125
180.0,3.50125,0.727375
180.0,3.501625,0.7275
180.0,3.503125,0.72775
180.0,3.5035,0.72725
180.0,3.503125,0.7275
180.0,3.502125,0.727875
180.0,3.501375,0.727875
180.0,3.50075,0.727875
180.0,3.50075,0.72775
180.0,3.501,0.727625
180.0,3.501125,0.72775
180.0,3.501875,0.728125
180.0,3.50275,0.727875
180.0,3.502125,0.727875
181.0,3.5015,0.679125
181.0,3.50125,0.679125
181.0,3.50125,0.678875
181.0,3.50125,0.679
181.0,3.50075,0.679
181.0,3.5015,0.679375
181.0,3.502625,0.67975
181.0,3.50275,0.67925
181.0,3.50275,0.67925
181.0,3.502,0.678875
181.0,3.5015,0.678625
181.0,3.501,0.678875
181.0,3.50175,0.67875
181.0,3.503,0.678875
181.0,3.50325,0.679
181.0,3.50325,0.67925
181.0,3.502375,0.679125
181.0,3.502,0.678875
181.0,3.5015,0.678625
181.0,3.501125,0.678875
181.0,3.500875,0.678875
181.0,3.500875,0.679
181.0,3.501875,0.67925
181.0,3.50275,0.679625
181.0,3.50225,0.679375
181.0,3.50225,0.679375
181.0,3.50225,0.678875
181.0,3.501875,0.678625
181.0,3.50175,0.67875
181.0,3.50275,0.67875
181.0,3.503875,0.67875
181.0,3.503875,0.6785
181.0,3.502875,0.67875
181.0,3.501375,0.679125
181.0,3.500875,0.679125
181.0,3.500875,0.679125
181.0,3.500375,0.679
181.0,3.500625,0.679
181.0,3.501375,0.67925
181.0,3.502125,0.67925
181.0,3.5025,0.67925
181.0,3.5025,0.67925
181.0,3.502375,0.67925
181.0,3.502,0.678875
181.0,3.502,0.678875
181.0,3.502,0.678875
181.0,3.50275,0.678875
181.0,3.50375,0.67875
181.0,3.503875,0.67875
181.0,3.502625,0.679
181.0,3.50125,0.67925
181.0,3.5015,0.67875
181.0,3.501375,0.679
181.0,3.501,0.679
181.0,3.500875,0.679125
181.0,3.5015,0.679125
181.0,3.50225,0.67925
181.0,3.50225,0.67925
181.0,3.502625,0.679125
181.0,3.50225,0.679
181.0,3.50225,0.678625
181.0,3.50175,0.67875
181.0,3.50175,0.678875
181.0,3.50325,0.678875
181.0,3.50375,0.67875
181.0,3.50325,0.678875
181.0,3.502875,0.679
181.0,3.502375,0.679
181.0,3.50175,0.678875
181.0,3.501,0.679125
181.0,3.5005,0.679
181.0,3.500875,0.679125
181.0,3.50175,0.6795
181.0,3.502625,0.6795
181.0,3.502625,0.679625
181.0,3.50225,0.679125
181.0,3.502,0.678875
181.0,3.50175,0.678875
181.0,3.5015,0.67875
181.0,3.50225,0.678875
181.0,3.503,0.678625
181.0,3.5035,0.678875
181.0,3.503,0.678875
181.0,3.50225,0.678875
181.0,3.502125,0.679
181.0,3.50175,0.679125
181.0,3.501375,0.679
181.0,3.50075,0.678875
181.0,3.501125,0.679125
181.0,3.502375,0.679125
181.0,3.502375,0.679125
181.0,3.503,0.679375
181.0,3.50225,0.679
181.0,3.501875,0.678875
181.0,3.50175,0.679
181.0,3.501875,0.678875
181.0,3.503,0.678875
181.0,3.503875,0.67875
181.0,3.503875,0.67875
181.0,3.502875,0.679125
181.0,3.5015,0.679125
181.0,3.50125,0.679125
181.0,3.500875,0.679
181.0,3.50075,0.679
181.0,3.50075,0.679
181.0,3.501,0.679
181.0,3.501,0.679
181.0,3.502125,0.679125
181.0,3.502125,0.679125
181.0,3.502125,0.679
181.0,3.502375,0.67875
181.0,3.501625,0.678875
181.0,3.501625,0.679
181.0,3.503125,0.678875
181.0,3.503375,0.678875
181.0,3.5035,0.678875
181.0,3.50275,0.679125
181.0,3.501875,0.679125
181.0,3.5015,0.679
181.0,3.501375,0.679125
181.0,3.50075,0.679125
181.0,3.50075,0.679125
181.0,3.50075,0.679125
181.0,3.50175,0.67925
181.0,3.5025,0.679375
181.0,3.501875,0.67925
181.0,3.501625,0.678875
181.0,3.501875,0.679
181.0,3.5015,0.678875
181.0,3.502125,0.679
181.0,3.50375,0.679
181.0,3.503875,0.679125
181.0,3.50275,0.67925
181.0,3.501625,0.679125
181.0,3.5015,0.67925
181.0,3.5015,0.679125
181.0,3.501125,0.679
181.0,3.500625,0.679
181.0,3.500625,0.679
181.0,3.501,0.679125
181.0,3.502125,0.679125
181.0,3.5025,0.67925
181.0,3.502125,0.679125
181.0,3.50225,0.678875
181.0,3.501875,0.67875
181.0,3.5015,0.678875
181.0,3.50225,0.678875
181.0,3.503875,0.678875
181.0,3.504375,0.678875
181.0,3.50325,0.67925
181.0,3.502,0.679375
181.0,3.501875,0.679125
181.0,3.501625,0.679
181.0,3.500875,0.679
181.0,3.500625,0.679
181.0,3.500625,0.679
181.0,3.50175,0.67925
181.0,3.502875,0.679125
181.0,3.503,0.6795
181.0,3.502375,0.679375
181.0,3.502,0.678875
181.0,3.5015,0.678625
181.0,3.50175,0.678875
181.0,3.50275,0.678875
181.0,3.5035,0.67875
181.0,3.503375,0.67875
181.0,3.5025,0.679125
181.0,3.5015,0.679
181.0,3.501375,0.679
182.0,3.501625,0.63125
182.0,3.50175,0.63125
182.0,3.50275,0.63125
182.0,3.503375,0.63125
182.0,3.50325,0.631375
182.0,3.502875,0.631125
182.0,3.502,0.631375
182.0,3.501375,0.631625
182.0,3.501375,0.631625
182.0,3.501125,0.631625
182.0,3.501,0.631375
182.0,3.50075,0.631375
182.0,3.501375,0.6315
182.0,3.50225,0.63175
182.0,3.502125,0.632
182.0,3.501625,0.63175
182.0,3.50175,0.631375
182.0,3.501,0.631375
182.0,3.501375,0.63125
182.0,3.502875,0.63125
182.0,3.503625,0.63125
182.0,3.50325,0.631375
182.0,3.502125,0.631625
182.0,3.50125,0.6315
182.0,3.50125,0.631625
182.0,3.50175,0.631625
182.0,3.501625,0.6315
182.0,3.50075,0.6315
182.0,3.500875,0.6315
182.0,3.502,0.63175
182.0,3.503,0.631875
182.0,3.502625,0.631625
182.0,3.502125,0.63125
182.0,3.50175,0.63125
182.0,3.501375,0.631375
182.0,3.502125,0.63125
182.0,3.503125,0.63125
182.0,3.502875,0.63125
182.0,3.50275,0.63125
182.0,3.50175,0.6315
182.0,3.501,0.631625
182.0,3.501,0.631625
182.0,3.50125,0.6315
182.0,3.501,0.6315
182.0,3.50025,0.631375
182.0,3.500875,0.6315
182.0,3.501625,0.631625
182.0,3.5025,0.63175
182.0,3.502625,0.63175
182.0,3.501875,0.631375
182.0,3.501375,0.631375
182.0,3.501625,0.631125
182.0,3.502375,0.631125
182.0,3.503875,0.631125
182.0,3.504,0.631125
182.0,3.502875,0.6315
182.0,3.50175,0.63125
182.0,3.50175,0.63125
182.0,3.50125,0.631375
182.0,3.501,0.6315
182.0,3.500875,0.631375
182.0,3.500625,0.63125
182.0,3.501125,0.631375
182.0,3.50225,0.631625
182.0,3.502125,0.631625
182.0,3.502125,0.631375
182.0,3.502125,0.63125
182.0,3.50175,0.63125
182.0,3.501875,0.63125
182.0,3.502875,0.631375
182.0,3.503875,0.631375
182.0,3.503375,0.63125
182.0,3.502,0.630875
182.0,3.502,0.630875
182.0,3.501375,0.631125
182.0,3.501375,0.631375
182.0,3.501125,0.631375
182.0,3.500625,0.6315
182.0,3.5005,0.6315
182.0,3.501375,0.631625
182.0,3.5025,0.631625
182.0,3.502375,0.631625
182.0,3.502125,0.63125
182.0,3.501875,0.631
182.0,3.501375,0.631125
182.0,3.502375,0.63125
182.0,3.503375,0.63125
182.0,3.5035,0.63125
182.0,3.503125,0.631625
182.0,3.503125,0.6315
182.0,3.50225,0.6315
182.0,3.5015,0.6315
182.0,3.50125,0.6315
182.0,3.501125,0.6315
182.0,3.500625,0.631375
182.0,3.500875,0.6315
182.0,3.502,0.631375
182.0,3.5025,0.631625
182.0,3.501875,0.6315
182.0,3.501875,0.631625
182.0,3.50125,0.631375
182.0,3.50125,0.63125
182.0,3.502,0.631125
182.0,3.50325,0.631
182.0,3.50375,0.631
182.0,3.503,0.631375
182.0,3.503,0.631375
182.0,3.501875,0.63125
182.0,3.501,0.63075
182.0,3.50075,0.631125
182.0,3.500875,0.631375
182.0,3.500875,0.6315
182.0,3.501625,0.631625
182.0,3.502875,0.63175
182.0,3.503125,0.631625
182.0,3.50225,0.6315
182.0,3.501875,0.631375
182.0,3.501625,0.63125
182.0,3.501625,0.631375
182.0,3.50275,0.631375
182.0,3.503625,0.63125
182.0,3.50375,0.63125
182.0,3.50375,0.63125
182.0,3.502625,0.631375
182.0,3.501625,0.631375
182.0,3.50175,0.631125
182.0,3.501125,0.6315
182.0,3.501,0.631375
182.0,3.500875,0.631375
182.0,3.5015,0.631375
182.0,3.5025,0.6315
182.0,3.502875,0.63175
182.0,3.50225,0.631375
182.0,3.50175,0.631375
182.0,3.5015,0.6315
182.0,3.502,0.631375
182.0,3.503125,0.631375
182.0,3.503625,0.631375
182.0,3.503625,0.631375
182.0,3.503375,0.63125
182.0,3.502125,0.6315
182.0,3.5015,0.63175
182.0,3.501625,0.6315
182.0,3.501375,0.6315
182.0,3.50075,0.631375
182.0,3.501,0.63125
182.0,3.502,0.631625
182.0,3.5025,0.632
182.0,3.502375,0.632
182.0,3.5025,0.63175
182.0,3.502,0.63125
182.0,3.501625,0.63125
182.0,3.502375,0.631375
182.0,3.50325,0.631375
182.0,3.50325,0.631125
182.0,3.503625,0.631125
182.0,3.503,0.631375
182.0,3.501625,0.631875
182.0,3.501125,0.6315
182.0,3.501375,0.631125
182.0,3.501,0.63125
182.0,3.5005,0.6315
182.0,3.501,0.631625
182.0,3.50225,0.6315
182.0,3.50275,0.631625
182.0,3.50175,0.631625
182.0,3.502,0.631375
182.0,3.50125,0.631375
182.0,3.50125,0.631375
183.0,3.502,0.58525
183.0,3.501875,0.585375
183.0,3.50175,0.58525
183.0,3.502375,0.585125
183.0,3.5035,0.585
183.0,3.50375,0.585125
183.0,3.503875,0.585625
183.0,3.50275,0.585375
183.0,3.50275,0.585375
183.0,3.502,0.585125
183.0,3.5015,0.585375
183.0,3.501125,0.58525
183.0,3.501,0.58525
183.0,3.501,0.585375
183.0,3.502375,0.585625
183.0,3.502875,0.585875
183.0,3.50275,0.58525
183.0,3.5025,0.585
183.0,3.502,0.585
183.0,3.501625,0.585125
183.0,3.502625,0.585125
183.0,3.50375,0.585125
183.0,3.503875,0.585125
183.0,3.50275,0.585375
183.0,3.501875,0.5855
183.0,3.501875,0.5855
183.0,3.5015,0.58525
183.0,3.50125,0.58525
183.0,3.501,0.58525
183.0,3.5005,0.585125
183.0,3.50125,0.58525
183.0,3.50275,0.585375
183.0,3.50275,0.5855
183.0,3.50225,0.585375
183.0,3.502125,0.585125
183.0,3.501625,0.585125
183.0,3.5015,0.585125
183.0,3.5025,0.585
183.0,3.503625,0.584875
183.0,3.50375,0.58525
183.0,3.502625,0.58525
183.0,3.502625,0.58525
183.0,3.5015,0.585125
183.0,3.50125,0.585125
183.0,3.50075,0.585375
183.0,3.5,0.58525
183.0,3.50025,0.58525
183.0,3.501375,0.5855
183.0,3.502625,0.585375
183.0,3.50275,0.5855
183.0,3.50225,0.585375
183.0,3.501875,0.585125
183.0,3.50175,0.58525
183.0,3.502,0.585125
183.0,3.50325,0.585125
183.0,3.503625,0.585
183.0,3.503125,0.585125
183.0,3.503125,0.585125
183.0,3.5025,0.58525
183.0,3.50175,0.585
183.0,3.5015,0.585125
183.0,3.501125,0.58525
183.0,3.500625,0.585375
183.0,3.501,0.5855
183.0,3.50225,0.5855
183.0,3.502875,0.58575
183.0,3.50225,0.585625
183.0,3.501875,0.585375
183.0,3.501875,0.5855
183.0,3.501375,0.58525
183.0,3.5025,0.585125
183.0,3.5035,0.585125
183.0,3.503375,0.585125
183.0,3.503375,0.585125
183.0,3.502375,0.58525
183.0,3.5015,0.58525
183.0,3.501375,0.58525
183.0,3.501,0.58525
183.0,3.500625,0.58525
183.0,3.5005,0.58525
183.0,3.501125,0.5855
183.0,3.501875,0.585625
183.0,3.502375,0.5855
183.0,3.502125,0.585375
183.0,3.50225,0.585
183.0,3.50175,0.585125
183.0,3.50175,0.585125
183.0,3.502875,0.585125
183.0,3.503625,0.585125
183.0,3.503375,0.585125
183.0,3.503375,0.585125
183.0,3.50225,0.585375
183.0,3.501625,0.58525
183.0,3.50175,0.58525
183.0,3.501375,0.585375
183.0,3.500625,0.58525
183.0,3.500625,0.58525
183.0,3.5015,0.5855
183.0,3.502125,0.5855
183.0,3.502125,0.585375
183.0,3.501875,0.5855
183.0,3.5015,0.585375
183.0,3.501,0.585
183.0,3.50225,0.585125
183.0,3.503625,0.58525
183.0,3.503875,0.584875
183.0,3.503875,0.584875
183.0,3.50325,0.585375
183.0,3.50225,0.585375
183.0,3.50125,0.585125
183.0,3.50125,0.58525
183.0,3.501125,0.585375
183.0,3.500375,0.58525
183.0,3.5005,0.585125
183.0,3.501625,0.585625
183.0,3.502375,0.585625
183.0,3.502125,0.5855
183.0,3.502125,0.584875
183.0,3.50175,0.585
183.0,3.501875,0.585125
183.0,3.502375,0.585125
183.0,3.503375,0.585
183.0,3.503375,0.585
183.0,3.5035,0.58525
183.0,3.503,0.585375
183.0,3.502,0.5855
183.0,3.501625,0.585375
183.0,3.50125,0.58525
183.0,3.500875,0.58525
183.0,3.50075,0.58525
183.0,3.501125,0.5855
183.0,3.501875,0.5855
183.0,3.5025,0.585375
183.0,3.50225,0.585125
183.0,3.502125,0.585
183.0,3.501375,0.585125
183.0,3.50125,0.585125
183.0,3.502625,0.58525
183.0,3.503625,0.58525
183.0,3.503625,0.585125
183.0,3.503125,0.585
183.0,3.50225,0.58525
183.0,3.5015,0.58525
183.0,3.501,0.58525
183.0,3.50075,0.585375
183.0,3.500875,0.585375
183.0,3.50075,0.58525
183.0,3.501875,0.5855
183.0,3.502625,0.585375
183.0,3.502125,0.585
183.0,3.502,0.585125
183.0,3.502125,0.58525
183.0,3.501875,0.58525
183.0,3.50225,0.585125
183.0,3.5035,0.585125
183.0,3.5035,0.585
183.0,3.5035,0.585125
183.0,3.503,0.585125
183.0,3.502125,0.585125
183.0,3.501375,0.585
183.0,3.501,0.585125
183.0,3.50075,0.585375
183.0,3.500625,0.585375
183.0,3.501,0.585125
183.0,3.502,0.585375
183.0,3.503,0.5855
183.0,3.5025,0.58525
183.0,3.50225,0.5855
183.0,3.501875,0.585125
184.0,3.5025,0.54
184.0,3.503375,0.540125
184.0,3.503875,0.539875
184.0,3.503125,0.540125
184.0,3.50225,0.540125
184.0,3.502,0.540125
184.0,3.5015,0.540125
184.0,3.50125,0.540125
184.0,3.50125,0.540125
184.0,3.50075,0.54025
184.0,3.501125,0.540375
184.0,3.502125,0.5405
184.0,3.502625,0.54025
184.0,3.50225,0.540375
184.0,3.502125,0.540375
184.0,3.501625,0.54025
184.0,3.501625,0.54025
184.0,3.50325,0.540125
184.0,3.503875,0.539875
184.0,3.5035,0.539875
184.0,3.502875,0.54
184.0,3.502375,0.54025
184.0,3.50175,0.54025
184.0,3.501375,0.54025
184.0,3.500875,0.54025
184.0,3.500875,0.54025
184.0,3.50075,0.540375
184.0,3.501625,0.5405
184.0,3.502125,0.540375
184.0,3.502375,0.540125
184.0,3.50225,0.54025
184.0,3.502,0.540125
184.0,3.5015,0.54
184.0,3.501875,0.54
184.0,3.50325,0.54
184.0,3.503875,0.54
184.0,3.503125,0.540125
184.0,3.50175,0.540125
184.0,3.501625,0.540375
184.0,3.50175,0.540375
184.0,3.501375,0.540125
184.0,3.501375,0.540125
184.0,3.500625,0.540125
184.0,3.501,0.54025
184.0,3.501875,0.54025
184.0,3.502125,0.54025
184.0,3.501875,0.540125
184.0,3.501875,0.539875
184.0,3.501875,0.540125
184.0,3.501375,0.54025
184.0,3.502875,0.540125
184.0,3.504125,0.540125
184.0,3.504,0.540125
184.0,3.503,0.54025
184.0,3.50175,0.54025
184.0,3.501375,0.54025
184.0,3.501375,0.540125
184.0,3.501375,0.540125
184.0,3.500875,0.540125
184.0,3.50075,0.540125
184.0,3.501,0.540375
184.0,3.502125,0.5405
184.0,3.50275,0.540375
184.0,3.50225,0.540125
184.0,3.50175,0.54
184.0,3.50175,0.539875
184.0,3.50175,0.54025
184.0,3.502875,0.540125
184.0,3.504,0.540125
184.0,3.504,0.54025
184.0,3.50275,0.540625
184.0,3.50175,0.54025
184.0,3.502,0.54
184.0,3.502,0.54
184.0,3.5015,0.54025
184.0,3.50075,0.540125
184.0,3.5005,0.54025
184.0,3.501375,0.540375
184.0,3.502625,0.5405
184.0,3.502625,0.540375
184.0,3.502625,0.540375
184.0,3.502125,0.540375
184.0,3.501125,0.540125
184.0,3.502125,0.54025
184.0,3.5035,0.540125
184.0,3.503625,0.540125
184.0,3.50325,0.540125
184.0,3.50225,0.540375
184.0,3.50175,0.540375
184.0,3.50175,0.540375
184.0,3.501375,0.540375
184.0,3.501125,0.540375
184.0,3.50075,0.54025
184.0,3.501,0.54025
184.0,3.502,0.540375
184.0,3.502375,0.5405
184.0,3.502125,0.540125
184.0,3.502125,0.539875
184.0,3.501875,0.54025
184.0,3.501625,0.540125
184.0,3.502625,0.540125
184.0,3.5035,0.539875
184.0,3.503875,0.540125
184.0,3.503125,0.54025
184.0,3.50175,0.540375
184.0,3.501625,0.540125
184.0,3.501625,0.540125
184.0,3.5015,0.540125
184.0,3.500875,0.54025
184.0,3.5005,0.540125
184.0,3.50125,0.5405
184.0,3.50225,0.5405
184.0,3.502375,0.540375
184.0,3.50175,0.54025
184.0,3.502,0.540375
184.0,3.50175,0.54025
184.0,3.502125,0.540125
184.0,3.502875,0.54025
184.0,3.503625,0.540125
184.0,3.50325,0.540125
184.0,3.502,0.539875
184.0,3.501,0.540375
184.0,3.501,0.540375
184.0,3.50125,0.5405
184.0,3.501125,0.54025
184.0,3.500625,0.54025
184.0,3.50025,0.54025
184.0,3.5015,0.5405
184.0,3.50275,0.5405
184.0,3.502625,0.540375
184.0,3.50225,0.540125
184.0,3.50125,0.539875
184.0,3.501375,0.54
184.0,3.50225,0.540125
184.0,3.503,0.540125
184.0,3.503375,0.54
184.0,3.50375,0.540125
184.0,3.503,0.5405
184.0,3.503,0.5405
184.0,3.501625,0.540375
184.0,3.501625,0.54
184.0,3.50125,0.54025
184.0,3.5005,0.540125
184.0,3.500875,0.540375
184.0,3.50225,0.5405
184.0,3.5025,0.5405
184.0,3.502375,0.540375
184.0,3.50225,0.540125
184.0,3.50175,0.540125
184.0,3.50175,0.54025
184.0,3.502625,0.54
184.0,3.503625,0.539875
184.0,3.504,0.54
184.0,3.502875,0.53975
184.0,3.502875,0.539875
184.0,3.501625,0.539875
184.0,3.501625,0.54
184.0,3.5015,0.540125
184.0,3.50125,0.540125
184.0,3.50075,0.540125
184.0,3.500875,0.54025
184.0,3.502,0.5405
184.0,3.50275,0.5405
184.0,3.502375,0.54025
184.0,3.502125,0.54
184.0,3.501625,0.540125
184.0,3.5015,0.540375
184.0,3.502625,0.540125
184.0,3.503625,0.540125
185.0,3.5015,0.496875
185.0,3.5025,0.496875
185.0,3.5035,0.49675
185.0,3.50375,0.496625
185.0,3.503,0.496375
185.0,3.502,0.497125
185.0,3.501375,0.49725
185.0,3.50125,0.497
185.0,3.50125,0.497
185.0,3.501,0.497
185.0,3.500875,0.497
185.0,3.501,0.496875
185.0,3.50175,0.496875
185.0,3.502875,0.497125
185.0,3.503,0.497125
185.0,3.502625,0.49675
185.0,3.502,0.49675
185.0,3.501375,0.496875
185.0,3.5025,0.49675
185.0,3.504,0.496375
185.0,3.504,0.496375
185.0,3.502875,0.496375
185.0,3.5015,0.496875
185.0,3.50125,0.496875
185.0,3.50125,0.497
185.0,3.50125,0.497
185.0,3.500625,0.497
185.0,3.50025,0.496875
185.0,3.5015,0.497125
185.0,3.502625,0.49725
185.0,3.5025,0.496875
185.0,3.501875,0.496625
185.0,3.502,0.496625
185.0,3.501625,0.49675
185.0,3.5015,0.496875
185.0,3.502875,0.496875
185.0,3.50375,0.49675
185.0,3.503625,0.49675
185.0,3.502625,0.497
185.0,3.50175,0.4965
185.0,3.501625,0.4965
185.0,3.501625,0.4965
185.0,3.501,0.49675
185.0,3.500125,0.497
185.0,3.500375,0.496875
185.0,3.500875,0.497
185.0,3.50175,0.497125
185.0,3.50225,0.49725
185.0,3.5025,0.497
185.0,3.502125,0.497
185.0,3.501625,0.497
185.0,3.50225,0.496875
185.0,3.503625,0.49675
185.0,3.50375,0.49675
185.0,3.503,0.49675
185.0,3.502,0.496875
185.0,3.501375,0.496875
185.0,3.501375,0.496875
185.0,3.501375,0.497
185.0,3.501,0.497
185.0,3.50075,0.497
185.0,3.50125,0.497125
185.0,3.502,0.49725
185.0,3.502625,0.497
185.0,3.5025,0.49675
185.0,3.502,0.49675
185.0,3.501625,0.496875
185.0,3.501625,0.49675
185.0,3.502625,0.49675
185.0,3.503875,0.496875
185.0,3.504,0.496625
185.0,3.5035,0.496875
185.0,3.50225,0.497125
185.0,3.50225,0.497125
185.0,3.501625,0.497125
185.0,3.50125,0.497125
185.0,3.50075,0.497
185.0,3.5005,0.496875
185.0,3.501,0.496875
185.0,3.501875,0.497
185.0,3.502,0.497125
185.0,3.502,0.497
185.0,3.502125,0.496875
185.0,3.501625,0.49675
185.0,3.501625,0.496875
185.0,3.502875,0.49675
185.0,3.504,0.4965
185.0,3.504125,0.4965
185.0,3.502875,0.4965
185.0,3.502875,0.49675
185.0,3.50175,0.49675
185.0,3.50125,0.49725
185.0,3.50125,0.497
185.0,3.501,0.496875
185.0,3.500875,0.497
185.0,3.501375,0.497
185.0,3.502,0.497125
185.0,3.50225,0.497125
185.0,3.502125,0.497125
185.0,3.502125,0.497125
185.0,3.502,0.496875
185.0,3.50175,0.496875
185.0,3.502875,0.49675
185.0,3.50375,0.49675
185.0,3.5035,0.496875
185.0,3.5025,0.497125
185.0,3.5025,0.497125
185.0,3.50175,0.497125
185.0,3.501125,0.497125
185.0,3.50075,0.496875
185.0,3.50025,0.496875
185.0,3.5005,0.496875
185.0,3.501875,0.497
185.0,3.5025,0.497125
185.0,3.50225,0.496875
185.0,3.502125,0.496625
185.0,3.502,0.49675
185.0,3.50175,0.49675
185.0,3.50225,0.49675
185.0,3.50325,0.49675
185.0,3.50325,0.496875
185.0,3.503125,0.497
185.0,3.503125,0.497
185.0,3.502,0.497125
185.0,3.501625,0.496875
185.0,3.50125,0.496875
185.0,3.500875,0.496875
185.0,3.5005,0.49675
185.0,3.50075,0.497125
185.0,3.501875,0.497125
185.0,3.50225,0.497
185.0,3.501625,0.49675
185.0,3.501625,0.496625
185.0,3.5015,0.49675
185.0,3.50125,0.496875
185.0,3.502375,0.49675
185.0,3.5035,0.49675
185.0,3.503,0.496625
185.0,3.503,0.496625
185.0,3.5025,0.497
185.0,3.5015,0.496875
185.0,3.501375,0.497
185.0,3.50075,0.497125
185.0,3.500125,0.497
185.0,3.500125,0.496875
185.0,3.501,0.497125
185.0,3.502125,0.497
185.0,3.502125,0.497
185.0,3.5015,0.49675
185.0,3.501375,0.49675
185.0,3.501,0.496875
185.0,3.501375,0.49675
185.0,3.502875,0.49675
185.0,3.503625,0.496875
185.0,3.503375,0.496875
185.0,3.503375,0.496875
185.0,3.502125,0.497
185.0,3.501,0.49725
185.0,3.500875,0.497
185.0,3.501,0.497
185.0,3.50025,0.496875
185.0,3.500125,0.496875
185.0,3.501125,0.49725
185.0,3.502125,0.49725
185.0,3.502125,0.497
185.0,3.501375,0.496875
185.0,3.5015,0.49675
185.0,3.501375,0.49675
185.0,3.501875,0.49675
186.0,3.503625,0.455375
186.0,3.502875,0.4555
186.0,3.501875,0.455375
186.0,3.50175,0.455375
186.0,3.50125,0.455375
186.0,3.501125,0.4555
186.0,3.500875,0.455375
186.0,3.501625,0.455375
186.0,3.501625,0.455375
186.0,3.502875,0.4555
186.0,3.50225,0.45575
186.0,3.50175,0.455625
186.0,3.50225,0.4555
186.0,3.501875,0.455375
186.0,3.501875,0.455375
186.0,3.50325,0.45525
186.0,3.504,0.455375
186.0,3.50375,0.455625
186.0,3.50275,0.455625
186.0,3.501625,0.455375
186.0,3.50125,0.455375
186.0,3.50125,0.4555
186.0,3.50075,0.4555
186.0,3.5005,0.4555
186.0,3.5005,0.45575
186.0,3.50175,0.45575
186.0,3.503,0.455625
186.0,3.5025,0.455625
186.0,3.501875,0.455875
186.0,3.502,0.455375
186.0,3.50175,0.4555
186.0,3.50225,0.455375
186.0,3.503375,0.4555
186.0,3.503875,0.455375
186.0,3.50325,0.4555
186.0,3.50225,0.455625
186.0,3.501875,0.455625
186.0,3.501875,0.4555
186.0,3.50075,0.4555
186.0,3.50025,0.455375
186.0,3.501,0.4555
186.0,3.501,0.4555
186.0,3.502125,0.455625
186.0,3.503,0.456
186.0,3.50225,0.455875
186.0,3.50175,0.455875
186.0,3.501625,0.4555
186.0,3.501625,0.455375
186.0,3.502875,0.455375
186.0,3.503625,0.45525
186.0,3.503875,0.45525
186.0,3.502875,0.4555
186.0,3.501625,0.455375
186.0,3.501375,0.455125
186.0,3.50125,0.455375
186.0,3.501,0.4555
186.0,3.500625,0.4555
186.0,3.500625,0.4555
186.0,3.501,0.4555
186.0,3.502125,0.4555
186.0,3.5025,0.45575
186.0,3.502,0.455625
186.0,3.501875,0.455375
186.0,3.50175,0.45525
186.0,3.502,0.455375
186.0,3.503,0.45525
186.0,3.504,0.45525
186.0,3.5035,0.45525
186.0,3.502375,0.455625
186.0,3.50175,0.4555
186.0,3.50175,0.455375
186.0,3.501375,0.455375
186.0,3.500625,0.4555
186.0,3.500625,0.4555
186.0,3.5005,0.455375
186.0,3.5015,0.455625
186.0,3.503,0.45575
186.0,3.502625,0.455625
186.0,3.502375,0.4555
186.0,3.502375,0.455125
186.0,3.501875,0.45525
186.0,3.50175,0.4555
186.0,3.503,0.45525
186.0,3.504125,0.45525
186.0,3.5035,0.45525
186.0,3.502,0.45525
186.0,3.501625,0.455375
186.0,3.501375,0.4555
186.0,3.501,0.455625
186.0,3.501,0.455625
186.0,3.50025,0.4555
186.0,3.500375,0.455625
186.0,3.5015,0.4555
186.0,3.5025,0.455375
186.0,3.5025,0.45575
186.0,3.502375,0.4555
186.0,3.50225,0.4555
186.0,3.50175,0.455375
186.0,3.502625,0.455375
186.0,3.504,0.45525
186.0,3.504,0.455375
186.0,3.50325,0.455625
186.0,3.502,0.455875
186.0,3.502,0.455625
186.0,3.5015,0.4555
186.0,3.501,0.4555
186.0,3.501,0.4555
186.0,3.500625,0.45525
186.0,3.50125,0.4555
186.0,3.502375,0.455625
186.0,3.502625,0.4555
186.0,3.502375,0.4555
186.0,3.50225,0.455625
186.0,3.5015,0.455375
186.0,3.50175,0.455375
186.0,3.50325,0.45525
186.0,3.503625,0.45525
186.0,3.50325,0.455375
186.0,3.502625,0.4555
186.0,3.502,0.455625
186.0,3.50125,0.45575
186.0,3.501,0.4555
186.0,3.501,0.4555
186.0,3.501125,0.4555
186.0,3.501,0.4555
186.0,3.5015,0.4555
186.0,3.502625,0.45575
186.0,3.50225,0.4555
186.0,3.502,0.455625
186.0,3.50225,0.45525
186.0,3.501625,0.45525
186.0,3.501875,0.45525
186.0,3.503375,0.455375
186.0,3.504375,0.45525
186.0,3.504,0.455375
186.0,3.502375,0.4555
186.0,3.501625,0.455625
186.0,3.501125,0.455625
186.0,3.501125,0.455625
186.0,3.50075,0.455625
186.0,3.50075,0.455375
186.0,3.50075,0.4555
186.0,3.502,0.4555
186.0,3.50275,0.4555
186.0,3.502375,0.455375
186.0,3.502,0.455
186.0,3.501875,0.45525
186.0,3.5015,0.45525
186.0,3.502125,0.455375
186.0,3.503625,0.455125
186.0,3.504,0.45525
186.0,3.503125,0.455375
186.0,3.502,0.455875
186.0,3.501625,0.45575
186.0,3.501625,0.45575
186.0,3.5015,0.4555
186.0,3.501125,0.455375
186.0,3.500625,0.4555
186.0,3.5015,0.455625
186.0,3.5025,0.455625
186.0,3.502625,0.45575
186.0,3.50225,0.45575
186.0,3.502125,0.45525
186.0,3.501625,0.455375
186.0,3.50175,0.455375
186.0,3.503,0.455375
186.0,3.50375,0.455125
186.0,3.503875,0.455125
186.0,3.50275,0.45525
187.0,3.5015,0.415125
187.0,3.5025,0.41525
187.0,3.502375,0.415375
187.0,3.502,0.415125
187.0,3.501625,0.415
187.0,3.501625,0.414875
187.0,3.50225,0.414875
187.0,3.503,0.414875
187.0,3.503,0.414875
187.0,3.503625,0.414875
187.0,3.503625,0.41475
187.0,3.502375,0.41475
187.0,3.5015,0.414875
187.0,3.501375,0.415
187.0,3.50125,0.415
187.0,3.5005,0.415125
187.0,3.50075,0.415
187.0,3.501875,0.415125
187.0,3.5025,0.415
187.0,3.502,0.41525
187.0,3.50175,0.415125
187.0,3.50175,0.415125
187.0,3.5015,0.415
187.0,3.502125,0.415
187.0,3.503375,0.414875
187.0,3.503375,0.414875
187.0,3.504125,0.414875
187.0,3.503375,0.415125
187.0,3.50225,0.415
187.0,3.5015,0.41475
187.0,3.500875,0.415
187.0,3.500875,0.415
187.0,3.50075,0.414875
187.0,3.501,0.415125
187.0,3.501875,0.415
187.0,3.502125,0.415125
187.0,3.502,0.415125
187.0,3.502625,0.415
187.0,3.50175,0.415
187.0,3.501375,0.414875
187.0,3.5025,0.414875
187.0,3.5025,0.414875
187.0,3.503375,0.41475
187.0,3.50375,0.414875
187.0,3.5025,0.415125
187.0,3.50175,0.415125
187.0,3.5015,0.415125
187.0,3.500875,0.415
187.0,3.50075,0.415
187.0,3.501,0.415
187.0,3.50175,0.415125
187.0,3.5025,0.415375
187.0,3.5025,0.41525
187.0,3.502,0.41525
187.0,3.50175,0.414875
187.0,3.501375,0.415
187.0,3.501625,0.414875
187.0,3.501625,0.414875
187.0,3.503375,0.414875
187.0,3.504,0.415
187.0,3.5035,0.415125
187.0,3.502375,0.415125
187.0,3.501625,0.415
187.0,3.5015,0.415
187.0,3.501125,0.415
187.0,3.500625,0.415
187.0,3.500875,0.415125
187.0,3.501875,0.41525
187.0,3.503125,0.415375
187.0,3.502,0.415625
187.0,3.501375,0.41525
187.0,3.50175,0.41525
187.0,3.501625,0.415
187.0,3.501625,0.415
187.0,3.502125,0.415125
187.0,3.50325,0.414875
187.0,3.504,0.415
187.0,3.50325,0.415
187.0,3.501625,0.41475
187.0,3.501375,0.414875
187.0,3.501375,0.415
187.0,3.5005,0.415125
187.0,3.500125,0.415125
187.0,3.50125,0.415125
187.0,3.502375,0.41525
187.0,3.50225,0.4155
187.0,3.5015,0.4155
187.0,3.502,0.41525
187.0,3.50175,0.415125
187.0,3.5015,0.415
187.0,3.5015,0.415
187.0,3.5025,0.41475
187.0,3.503375,0.415
187.0,3.503375,0.41525
187.0,3.5025,0.415
187.0,3.501625,0.41475
187.0,3.501125,0.414875
187.0,3.50075,0.415
187.0,3.500625,0.415
187.0,3.500625,0.415125
187.0,3.501,0.41525
187.0,3.502,0.415375
187.0,3.5025,0.415625
187.0,3.502125,0.415125
187.0,3.50175,0.415
187.0,3.5015,0.415125
187.0,3.5015,0.415125
187.0,3.50175,0.415125
187.0,3.503,0.415
187.0,3.50375,0.41525
187.0,3.50325,0.415125
187.0,3.501875,0.415125
187.0,3.50125,0.41525
187.0,3.5015,0.415125
187.0,3.50125,0.415
187.0,3.5005,0.415
187.0,3.5005,0.415125
187.0,3.501625,0.41525
187.0,3.502375,0.415
187.0,3.50225,0.41525
187.0,3.502,0.4155
187.0,3.5015,0.415125
187.0,3.5015,0.415125
187.0,3.50125,0.415
187.0,3.50225,0.415
187.0,3.50325,0.415
187.0,3.503625,0.414875
187.0,3.50275,0.415375
187.0,3.501375,0.415375
187.0,3.501375,0.4155
187.0,3.501125,0.415125
187.0,3.501125,0.41525
187.0,3.500625,0.41525
187.0,3.501,0.41525
187.0,3.502125,0.415375
187.0,3.502625,0.4155
187.0,3.502125,0.4155
187.0,3.501875,0.41525
187.0,3.501875,0.41525
187.0,3.5015,0.415
187.0,3.501375,0.414875
187.0,3.50225,0.414875
187.0,3.5035,0.415
187.0,3.503875,0.415
187.0,3.503,0.415
187.0,3.5015,0.415
187.0,3.501,0.415375
187.0,3.501125,0.41525
187.0,3.500875,0.415125
187.0,3.500625,0.41525
187.0,3.501,0.41525
187.0,3.50225,0.415375
187.0,3.502375,0.41525
187.0,3.501875,0.415375
187.0,3.502,0.415125
187.0,3.502,0.415125
187.0,3.501875,0.415
187.0,3.50175,0.415
187.0,3.5025,0.415
187.0,3.503,0.415
187.0,3.503,0.415
187.0,3.502,0.41525
187.0,3.501375,0.4155
187.0,3.501375,0.415125
187.0,3.501,0.415
187.0,3.5005,0.41475
187.0,3.500625,0.415
187.0,3.5015,0.41525
187.0,3.501875,0.415375
188.0,3.50125,0.376375
188.0,3.500625,0.376375
188.0,3.500625,0.376375
188.0,3.501625,0.376375
188.0,3.502375,0.3765
188.0,3.502125,0.376625
188.0,3.50175,0.3765
188.0,3.501625,0.37625
188.0,3.501625,0.37625
188.0,3.50175,0.37625
188.0,3.501875,0.376375
188.0,3.503,0.37625
188.0,3.5035,0.37625
188.0,3.503125,0.3765
188.0,3.502375,0.37625
188.0,3.50175,0.376375
188.0,3.501375,0.3765
188.0,3.501375,0.376375
188.0,3.500875,0.3765
188.0,3.501375,0.376375
188.0,3.502625,0.376625
188.0,3.50275,0.376875
188.0,3.5015,0.376875
188.0,3.502,0.3765
188.0,3.501875,0.376375
188.0,3.501875,0.376375
188.0,3.501625,0.376375
188.0,3.502625,0.376375
188.0,3.50325,0.37625
188.0,3.50325,0.37625
188.0,3.502375,0.376625
188.0,3.501375,0.37675
188.0,3.501375,0.3765
188.0,3.501125,0.3765
188.0,3.50075,0.376375
188.0,3.500625,0.376375
188.0,3.5015,0.3765
188.0,3.502875,0.3765
188.0,3.502625,0.37625
188.0,3.502125,0.376375
188.0,3.501875,0.376375
188.0,3.501875,0.376375
188.0,3.501125,0.37625
188.0,3.5015,0.376375
188.0,3.503,0.376375
188.0,3.50375,0.37625
188.0,3.50325,0.376375
188.0,3.5025,0.3765
188.0,3.5015,0.3765
188.0,3.50125,0.376625
188.0,3.50125,0.3765
188.0,3.500625,0.376375
188.0,3.50025,0.376375
188.0,3.500875,0.3765
188.0,3.502125,0.376375
188.0,3.502125,0.376375
188.0,3.501875,0.376625
188.0,3.501875,0.376625
188.0,3.5015,0.3765
188.0,3.5015,0.376375
188.0,3.502375,0.376375
188.0,3.503,0.3765
188.0,3.503375,0.3765
188.0,3.503125,0.376375
188.0,3.502125,0.3765
188.0,3.501375,0.3765
188.0,3.50075,0.376375
188.0,3.501,0.376375
188.0,3.501,0.3765
188.0,3.50075,0.376625
188.0,3.50175,0.3765
188.0,3.50275,0.376625
188.0,3.502375,0.376875
188.0,3.502375,0.376875
188.0,3.501625,0.376375
188.0,3.50175,0.3765
188.0,3.502,0.37625
188.0,3.5025,0.37625
188.0,3.50325,0.37625
188.0,3.503875,0.37625
188.0,3.50325,0.376
188.0,3.50175,0.376375
188.0,3.501125,0.3765
188.0,3.501375,0.3765
188.0,3.500875,0.3765
188.0,3.500875,0.3765
188.0,3.501375,0.376625
188.0,3.502375,0.376625
188.0,3.502,0.376375
188.0,3.5015,0.37625
188.0,3.5015,0.37625
188.0,3.501625,0.37625
188.0,3.501625,0.3765
188.0,3.50225,0.3765
188.0,3.50325,0.3765
188.0,3.503375,0.3765
188.0,3.503625,0.3765
188.0,3.503125,0.3765
188.0,3.501875,0.376625
188.0,3.501375,0.376625
188.0,3.501125,0.3765
188.0,3.500875,0.376375
188.0,3.500375,0.376375
188.0,3.500875,0.3765
188.0,3.502375,0.376625
188.0,3.5025,0.376875
188.0,3.5025,0.376875
188.0,3.502,0.376375
188.0,3.501875,0.376375
188.0,3.501375,0.376375
188.0,3.502,0.37625
188.0,3.50325,0.376125
188.0,3.503625,0.3765
188.0,3.503,0.3765
188.0,3.502125,0.376375
188.0,3.50175,0.37625
188.0,3.501875,0.376625
188.0,3.501,0.3765
188.0,3.500625,0.37625
188.0,3.500625,0.376375
188.0,3.501875,0.376625
188.0,3.50325,0.376875
188.0,3.50325,0.376875
188.0,3.5025,0.376875
188.0,3.502,0.376375
188.0,3.5015,0.376
188.0,3.5015,0.37625
188.0,3.502375,0.37625
188.0,3.5035,0.37625
188.0,3.503625,0.37625
188.0,3.502875,0.376375
188.0,3.501875,0.376625
188.0,3.50125,0.376375
188.0,3.501125,0.376375
188.0,3.5005,0.3765
188.0,3.500375,0.376375
188.0,3.50075,0.3765
188.0,3.50225,0.37675
188.0,3.50225,0.37675
188.0,3.50275,0.37675
188.0,3.5025,0.3765
188.0,3.50225,0.376375
188.0,3.501625,0.3765
188.0,3.50175,0.376375
188.0,3.502375,0.37625
188.0,3.503125,0.376125
188.0,3.503125,0.37625
188.0,3.5025,0.376375
188.0,3.5015,0.3765
188.0,3.50175,0.376625
188.0,3.50125,0.376625
188.0,3.500875,0.376375
188.0,3.501125,0.376375
188.0,3.501625,0.376375
188.0,3.502,0.376375
188.0,3.502,0.37675
188.0,3.501875,0.376625
188.0,3.501625,0.37625
188.0,3.502,0.376125
188.0,3.501625,0.376375
188.0,3.501875,0.376375
188.0,3.503375,0.3765
188.0,3.50375,0.3765
188.0,3.50325,0.376375
188.0,3.502375,0.37675
188.0,3.5015,0.376625
188.0,3.501375,0.376625
188.0,3.50125,0.3765
188.0,3.500375,0.376375
189.0,3.503375,0.339375
189.0,3.503625,0.33925
189.0,3.503,0.33925
189.0,3.50175,0.3395
189.0,3.501625,0.339375
189.0,3.50125,0.339375
189.0,3.50075,0.339125
189.0,3.50075,0.339375
189.0,3.50075,0.339375
189.0,3.5015,0.3395
189.0,3.502875,0.3395
189.0,3.502875,0.33925
189.0,3.502125,0.3395
189.0,3.502,0.339375
189.0,3.501625,0.33925
189.0,3.501625,0.33925
189.0,3.502375,0.339
189.0,3.50325,0.339125
189.0,3.503125,0.339125
189.0,3.50225,0.339375
189.0,3.501625,0.339375
189.0,3.501375,0.339375
189.0,3.501125,0.339375
189.0,3.500625,0.339375
189.0,3.500625,0.33925
189.0,3.500625,0.33925
189.0,3.5015,0.3395
189.0,3.5025,0.33975
189.0,3.502375,0.339875
189.0,3.50175,0.339625
189.0,3.501625,0.339375
189.0,3.501375,0.33925
189.0,3.50175,0.33925
189.0,3.50275,0.33925
189.0,3.503625,0.33925
189.0,3.5035,0.339125
189.0,3.502375,0.339125
189.0,3.501375,0.33925
189.0,3.501,0.339125
189.0,3.501375,0.339375
189.0,3.500875,0.3395
189.0,3.500875,0.3395
189.0,3.501,0.339375
189.0,3.502,0.339375
189.0,3.50225,0.33925
189.0,3.50175,0.339375
189.0,3.50175,0.33925
189.0,3.5015,0.33925
189.0,3.501375,0.33925
189.0,3.502125,0.33925
189.0,3.502875,0.33925
189.0,3.503375,0.339
189.0,3.50275,0.339125
189.0,3.5015,0.339375
189.0,3.50125,0.3395
189.0,3.501375,0.339375
189.0,3.501125,0.3395
189.0,3.501125,0.3395
189.0,3.50025,0.33925
189.0,3.500875,0.3395
189.0,3.50225,0.339625
189.0,3.502625,0.339875
189.0,3.50225,0.33975
189.0,3.502125,0.3395
189.0,3.501625,0.33925
189.0,3.502,0.339125
189.0,3.502875,0.33925
189.0,3.503375,0.339125
189.0,3.50325,0.33925
189.0,3.50225,0.339375
189.0,3.5015,0.3395
189.0,3.501375,0.339375
189.0,3.50125,0.339375
189.0,3.50125,0.339375
189.0,3.500875,0.3395
189.0,3.500875,0.339375
189.0,3.5015,0.3395
189.0,3.5025,0.339125
189.0,3.502125,0.339375
189.0,3.502,0.33925
189.0,3.50175,0.33925
189.0,3.501125,0.339375
189.0,3.50175,0.33925
189.0,3.503,0.33925
189.0,3.503625,0.33925
189.0,3.50275,0.3395
189.0,3.501625,0.3395
189.0,3.501625,0.3395
189.0,3.5015,0.339375
189.0,3.5015,0.339375
189.0,3.50125,0.33925
189.0,3.500875,0.339375
189.0,3.501125,0.339375
189.0,3.501875,0.3395
189.0,3.502375,0.339375
189.0,3.501875,0.339375
189.0,3.50175,0.3395
189.0,3.501875,0.33925
189.0,3.501625,0.33925
189.0,3.502125,0.33925
189.0,3.503125,0.339125
189.0,3.50325,0.339125
189.0,3.503,0.339
189.0,3.50175,0.339
189.0,3.501375,0.339125
189.0,3.501375,0.33925
189.0,3.501375,0.33925
189.0,3.50075,0.339375
189.0,3.500125,0.33925
189.0,3.50075,0.339375
189.0,3.502125,0.3395
189.0,3.502625,0.33975
189.0,3.502375,0.3395
189.0,3.502,0.339125
189.0,3.501625,0.339125
189.0,3.50175,0.339125
189.0,3.502625,0.33925
189.0,3.503375,0.33925
189.0,3.503625,0.339125
189.0,3.503,0.339
189.0,3.501875,0.33925
189.0,3.50175,0.3395
189.0,3.50175,0.3395
189.0,3.50125,0.3395
189.0,3.500625,0.33925
189.0,3.501,0.33925
189.0,3.502,0.3395
189.0,3.503,0.339875
189.0,3.502625,0.339375
189.0,3.50175,0.339375
189.0,3.501625,0.3395
189.0,3.5015,0.33925
189.0,3.502125,0.33925
189.0,3.50375,0.33925
189.0,3.503875,0.33925
189.0,3.502875,0.33925
189.0,3.50225,0.339
189.0,3.50175,0.339625
189.0,3.50175,0.339625
189.0,3.50125,0.339625
189.0,3.501,0.33925
189.0,3.5005,0.339375
189.0,3.500875,0.339375
189.0,3.502375,0.339625
189.0,3.503,0.3395
189.0,3.502375,0.339375
189.0,3.50225,0.3395
189.0,3.502,0.339375
189.0,3.5015,0.33925
189.0,3.5025,0.33925
189.0,3.5035,0.33925
189.0,3.503375,0.33925
189.0,3.50275,0.3395
189.0,3.502125,0.3395
189.0,3.501625,0.3395
189.0,3.501625,0.33925
189.0,3.50125,0.3395
189.0,3.50075,0.3395
189.0,3.5005,0.33925
189.0,3.501,0.3395
189.0,3.50225,0.3395
189.0,3.50275,0.33975
189.0,3.502375,0.339875
189.0,3.502,0.339625
189.0,3.501625,0.339375
189.0,3.5015,0.33925
189.0,3.502375,0.33925
189.0,3.503375,0.339375
189.0,3.50325,0.33925
190.0,3.501125,0.304125
190.0,3.50075,0.30425
190.0,3.50075,0.304125
190.0,3.50125,0.30425
190.0,3.502125,0.3045
190.0,3.5025,0.30475
190.0,3.502125,0.304375
190.0,3.501875,0.304125
190.0,3.501875,0.304125
190.0,3.501125,0.304
190.0,3.501625,0.304125
190.0,3.502875,0.304
190.0,3.503125,0.304125
190.0,3.503125,0.304
190.0,3.5025,0.304125
190.0,3.5015,0.304125
190.0,3.50125,0.304125
190.0,3.501,0.304125
190.0,3.5005,0.30425
190.0,3.500625,0.304125
190.0,3.5015,0.304125
190.0,3.502625,0.30425
190.0,3.502125,0.3045
190.0,3.501875,0.3045
190.0,3.501875,0.304375
190.0,3.5015,0.304375
190.0,3.501125,0.30425
190.0,3.502,0.304125
190.0,3.50325,0.304125
190.0,3.50325,0.304
190.0,3.502875,0.30425
190.0,3.502375,0.304
190.0,3.5015,0.304
190.0,3.500625,0.304125
190.0,3.50075,0.304125
190.0,3.5005,0.30425
190.0,3.50075,0.30425
190.0,3.501375,0.30425
190.0,3.502,0.304125
190.0,3.501625,0.304375
190.0,3.501625,0.30425
190.0,3.501625,0.30425
190.0,3.501625,0.30425
190.0,3.501375,0.304125
190.0,3.502,0.304125
190.0,3.50275,0.304
190.0,3.503,0.304125
190.0,3.5025,0.304125
190.0,3.502,0.30425
190.0,3.501375,0.304375
190.0,3.50075,0.30425
190.0,3.50075,0.30425
190.0,3.500625,0.304125
190.0,3.50125,0.304125
190.0,3.502,0.30425
190.0,3.502125,0.30475
190.0,3.501875,0.3045
190.0,3.501875,0.3045
190.0,3.502125,0.304
190.0,3.501875,0.304
190.0,3.502,0.304
190.0,3.50275,0.304125
190.0,3.5035,0.304125
190.0,3.503125,0.304125
190.0,3.502125,0.30425
190.0,3.50125,0.30425
190.0,3.501,0.304
190.0,3.500875,0.304125
190.0,3.500375,0.30425
190.0,3.50025,0.304375
190.0,3.501,0.304375
190.0,3.50225,0.3045
190.0,3.50225,0.3045
190.0,3.50225,0.3045
190.0,3.501875,0.30425
190.0,3.50175,0.304375
190.0,3.50125,0.304125
190.0,3.501875,0.304
190.0,3.502875,0.303875
190.0,3.503375,0.304125
190.0,3.503125,0.3045
190.0,3.502375,0.304375
190.0,3.501125,0.304125
190.0,3.50125,0.304
190.0,3.501,0.304125
190.0,3.500375,0.30425
190.0,3.501,0.304125
190.0,3.502125,0.30425
190.0,3.502625,0.304375
190.0,3.502625,0.304375
190.0,3.501625,0.304375
190.0,3.5015,0.304125
190.0,3.501375,0.303875
190.0,3.500875,0.304
190.0,3.502,0.304
190.0,3.503125,0.304
190.0,3.503125,0.303875
190.0,3.50275,0.30425
190.0,3.501375,0.304125
190.0,3.501125,0.304375
190.0,3.501,0.304375
190.0,3.50075,0.30425
190.0,3.500375,0.304
190.0,3.501,0.30425
190.0,3.50225,0.304125
190.0,3.502875,0.3045
190.0,3.502875,0.3045
190.0,3.502125,0.304375
190.0,3.50175,0.304125
190.0,3.5015,0.30425
190.0,3.501375,0.30425
190.0,3.502375,0.304125
190.0,3.5035,0.30425
190.0,3.503125,0.304
190.0,3.50225,0.304
190.0,3.50125,0.304125
190.0,3.501125,0.304
190.0,3.500875,0.30425
190.0,3.500625,0.304125
190.0,3.5005,0.30425
190.0,3.501125,0.3045
190.0,3.501875,0.304375
190.0,3.501875,0.304375
190.0,3.501875,0.304375
190.0,3.50175,0.30425
190.0,3.5015,0.304375
190.0,3.50125,0.30425
190.0,3.501875,0.30425
190.0,3.503125,0.304125
190.0,3.50375,0.304
190.0,3.503125,0.303875
190.0,3.502,0.30425
190.0,3.5015,0.304375
190.0,3.50125,0.30425
190.0,3.501125,0.304125
190.0,3.50075,0.304
190.0,3.500875,0.30425
190.0,3.501625,0.3045
190.0,3.501625,0.3045
190.0,3.50225,0.304375
190.0,3.502,0.304
190.0,3.501875,0.304
190.0,3.501875,0.30425
190.0,3.501625,0.304125
190.0,3.502,0.303875
190.0,3.50325,0.30425
190.0,3.504,0.304125
190.0,3.502875,0.304125
190.0,3.502125,0.304
190.0,3.501375,0.304375
190.0,3.501125,0.30425
190.0,3.50075,0.304125
190.0,3.5005,0.30425
190.0,3.501,0.304375
190.0,3.501,0.304375
190.0,3.50175,0.304375
190.0,3.50225,0.3045
190.0,3.502,0.304625
190.0,3.50225,0.30425
190.0,3.50175,0.304125
190.0,3.50125,0.304125
190.0,3.502375,0.304125
190.0,3.503375,0.30425
190.0,3.5035,0.304625
190.0,3.5025,0.30475
190.0,3.501375,0.304375
190.0,3.501375,0.30425
190.0,3.50125,0.30425
190.0,3.50075,0.30425
191.0,3.502,0.27125
191.0,3.50175,0.271375
191.0,3.50175,0.271125
191.0,3.50175,0.271
191.0,3.502125,0.271125
191.0,3.503,0.271
191.0,3.503375,0.27125
191.0,3.503,0.27125
191.0,3.503,0.27125
191.0,3.5015,0.271375
191.0,3.500875,0.271375
191.0,3.501125,0.2715
191.0,3.500375,0.27125
191.0,3.500125,0.271125
191.0,3.501,0.271125
191.0,3.50175,0.27125
191.0,3.502375,0.27125
191.0,3.502125,0.27125
191.0,3.501875,0.271125
191.0,3.50175,0.271
191.0,3.501625,0.27125
191.0,3.502625,0.27125
191.0,3.503625,0.27125
191.0,3.5035,0.271375
191.0,3.5035,0.2715
191.0,3.50225,0.2715
191.0,3.50125,0.271625
191.0,3.501375,0.271375
191.0,3.50125,0.27125
191.0,3.500375,0.27125
191.0,3.5005,0.271375
191.0,3.501125,0.27125
191.0,3.50225,0.2715
191.0,3.5025,0.271625
191.0,3.50175,0.271375
191.0,3.50125,0.271625
191.0,3.5015,0.27125
191.0,3.502,0.271125
191.0,3.50275,0.27125
191.0,3.503125,0.271125
191.0,3.502875,0.271125
191.0,3.502875,0.271125
191.0,3.501625,0.271125
191.0,3.500875,0.271
191.0,3.5005,0.27125
191.0,3.500375,0.271375
191.0,3.5005,0.271125
191.0,3.500125,0.271125
191.0,3.50125,0.271375
191.0,3.502625,0.2715
191.0,3.5025,0.27125
191.0,3.5015,0.27125
191.0,3.5015,0.271
191.0,3.501375,0.271125
191.0,3.502,0.271125
191.0,3.503125,0.271125
191.0,3.50325,0.271125
191.0,3.50325,0.271125
191.0,3.50275,0.27125
191.0,3.501375,0.27125
191.0,3.501125,0.27125
191.0,3.500625,0.27125
191.0,3.50025,0.271375
191.0,3.50025,0.27125
191.0,3.500625,0.271375
191.0,3.5015,0.2715
191.0,3.50175,0.2715
191.0,3.501625,0.271125
191.0,3.501625,0.270875
191.0,3.50125,0.271125
191.0,3.501125,0.271
191.0,3.502375,0.271375
191.0,3.50325,0.271125
191.0,3.50325,0.271125
191.0,3.5035,0.271
191.0,3.5025,0.27125
191.0,3.50125,0.271625
191.0,3.500625,0.271625
191.0,3.501,0.2715
191.0,3.501,0.27125
191.0,3.5005,0.27125
191.0,3.50075,0.271375
191.0,3.502,0.271625
191.0,3.501875,0.271625
191.0,3.501875,0.271125
191.0,3.501875,0.271125
191.0,3.50125,0.271125
191.0,3.5015,0.271125
191.0,3.502625,0.271125
191.0,3.502625,0.271125
191.0,3.50325,0.271
191.0,3.50275,0.271
191.0,3.502,0.27125
191.0,3.501625,0.271375
191.0,3.50125,0.271375
191.0,3.50125,0.27125
191.0,3.50075,0.271125
191.0,3.500875,0.27125
191.0,3.501375,0.27125
191.0,3.502125,0.271625
191.0,3.502125,0.27175
191.0,3.50175,0.2715
191.0,3.5015,0.271125
191.0,3.501375,0.271125
191.0,3.501875,0.271125
191.0,3.501875,0.271125
191.0,3.503375,0.271125
191.0,3.503375,0.27125
191.0,3.50275,0.271
191.0,3.501625,0.271
191.0,3.501125,0.27125
191.0,3.501125,0.271125
191.0,3.500875,0.271125
191.0,3.500875,0.271125
191.0,3.50125,0.27125
191.0,3.50225,0.27125
191.0,3.501875,0.271
191.0,3.501125,0.271
191.0,3.501375,0.271125
191.0,3.50125,0.271125
191.0,3.501125,0.271125
191.0,3.502,0.271125
191.0,3.502,0.271125
191.0,3.503875,0.271125
191.0,3.503625,0.271
191.0,3.50275,0.271125
191.0,3.501625,0.271375
191.0,3.5015,0.27125
191.0,3.501125,0.271375
191.0,3.5005,0.271375
191.0,3.50025,0.271125
191.0,3.50075,0.27125
191.0,3.502125,0.2715
191.0,3.5025,0.2715
191.0,3.502,0.27125
191.0,3.501875,0.271375
191.0,3.5015,0.271375
191.0,3.501625,0.271
191.0,3.501625,0.271
191.0,3.502625,0.271125
191.0,3.503375,0.271125
191.0,3.503625,0.27125
191.0,3.502625,0.271125
191.0,3.50175,0.270875
191.0,3.50125,0.270875
191.0,3.500625,0.271125
191.0,3.500625,0.271125
191.0,3.500875,0.271125
191.0,3.5015,0.27125
191.0,3.502125,0.271125
191.0,3.502375,0.27125
191.0,3.501875,0.27125
191.0,3.501375,0.27125
191.0,3.50125,0.271125
191.0,3.50125,0.271125
191.0,3.5025,0.271
191.0,3.5035,0.271125
191.0,3.504125,0.271125
191.0,3.50325,0.271375
191.0,3.50175,0.27125
191.0,3.501625,0.271
191.0,3.501625,0.271
191.0,3.501,0.271125
191.0,3.500625,0.271125
191.0,3.50075,0.27125
191.0,3.50175,0.2715
191.0,3.502875,0.2715
191.0,3.50225,0.271625
191.0,3.50225,0.271375
192.0,3.501375,0.2395
192.0,3.50225,0.239625
192.0,3.50175,0.240125
192.0,3.50175,0.239625
192.0,3.501875,0.23925
192.0,3.50125,0.2395
192.0,3.501625,0.2395
192.0,3.50275,0.23925
192.0,3.50275,0.23925
192.0,3.502875,0.23925
192.0,3.503,0.239375
192.0,3.502,0.239375
192.0,3.500875,0.2395
192.0,3.501125,0.239625
192.0,3.501125,0.2395
192.0,3.5005,0.239375
192.0,3.50075,0.239375
192.0,3.502125,0.2395
192.0,3.502625,0.24
192.0,3.50175,0.239875
192.0,3.502,0.23925
192.0,3.502,0.239375
192.0,3.50125,0.2395
192.0,3.502125,0.239125
192.0,3.50325,0.23925
192.0,3.50325,0.23925
192.0,3.503375,0.239375
192.0,3.502875,0.239625
192.0,3.5015,0.2395
192.0,3.501,0.239125
192.0,3.501,0.239375
192.0,3.500875,0.239375
192.0,3.5005,0.2395
192.0,3.501,0.239625
192.0,3.50225,0.239625
192.0,3.502625,0.2395
192.0,3.502125,0.239625
192.0,3.502,0.2395
192.0,3.5015,0.239375
192.0,3.5015,0.239375
192.0,3.5025,0.2395
192.0,3.5025,0.2395
192.0,3.503625,0.239375
192.0,3.503375,0.239375
192.0,3.502625,0.2395
192.0,3.5015,0.239625
192.0,3.501,0.2395
192.0,3.50075,0.239375
192.0,3.500125,0.2395
192.0,3.50025,0.239375
192.0,3.500625,0.2395
192.0,3.501875,0.239625
192.0,3.50175,0.239625
192.0,3.5015,0.23925
192.0,3.501625,0.239375
192.0,3.501125,0.2395
192.0,3.5015,0.239375
192.0,3.5015,0.239375
192.0,3.50275,0.23925
192.0,3.503125,0.239125
192.0,3.50325,0.239375
192.0,3.50225,0.2395
192.0,3.50125,0.239375
192.0,3.501125,0.239625
192.0,3.50075,0.2395
192.0,3.500375,0.239375
192.0,3.5005,0.2395
192.0,3.501625,0.239625
192.0,3.5025,0.23975
192.0,3.502125,0.2395
192.0,3.501875,0.2395
192.0,3.50175,0.239625
192.0,3.501375,0.2395
192.0,3.501375,0.2395
192.0,3.502375,0.239375
192.0,3.503375,0.239375
192.0,3.50325,0.2395
192.0,3.502375,0.23975
192.0,3.501625,0.239625
192.0,3.50125,0.2395
192.0,3.5005,0.239375
192.0,3.500625,0.2395
192.0,3.50075,0.2395
192.0,3.501,0.239625
192.0,3.501875,0.239625
192.0,3.502625,0.239375
192.0,3.50225,0.239375
192.0,3.502,0.239625
192.0,3.501625,0.2395
192.0,3.50125,0.2395
192.0,3.50125,0.2395
192.0,3.50225,0.239375
192.0,3.5035,0.2395
192.0,3.5035,0.239375
192.0,3.5025,0.239125
192.0,3.501625,0.23925
192.0,3.50125,0.239375
192.0,3.500625,0.239375
192.0,3.500125,0.239375
192.0,3.500375,0.239375
192.0,3.501375,0.239625
192.0,3.502625,0.2395
192.0,3.5025,0.239375
192.0,3.501625,0.2395
192.0,3.50175,0.239625
192.0,3.501375,0.239625
192.0,3.501375,0.239625
192.0,3.5015,0.239375
192.0,3.502625,0.2395
192.0,3.50325,0.239375
192.0,3.50325,0.23925
192.0,3.50225,0.23975
192.0,3.5015,0.23975
192.0,3.501125,0.23925
192.0,3.50075,0.239375
192.0,3.500625,0.2395
192.0,3.5005,0.2395
192.0,3.5015,0.239625
192.0,3.502375,0.239625
192.0,3.501875,0.2395
192.0,3.501875,0.2395
192.0,3.501875,0.239625
192.0,3.501875,0.239625
192.0,3.50125,0.2395
192.0,3.50175,0.2395
192.0,3.502875,0.23925
192.0,3.503375,0.239375
192.0,3.50325,0.2395
192.0,3.502125,0.23925
192.0,3.50125,0.23925
192.0,3.501,0.239375
192.0,3.500625,0.239625
192.0,3.500375,0.239375
192.0,3.501,0.239375
192.0,3.502125,0.239625
192.0,3.502375,0.239375
192.0,3.50225,0.23925
192.0,3.50225,0.2395
192.0,3.50225,0.2395
192.0,3.501625,0.239375
192.0,3.501375,0.239375
192.0,3.502625,0.2395
192.0,3.503625,0.239375
192.0,3.503625,0.239375
192.0,3.50275,0.239625
192.0,3.501375,0.23975
192.0,3.50125,0.239375
192.0,3.501125,0.2395
192.0,3.5005,0.239375
192.0,3.500125,0.239375
192.0,3.500625,0.2395
192.0,3.502,0.239625
192.0,3.50275,0.239625
192.0,3.502125,0.239625
192.0,3.50175,0.239625
192.0,3.50175,0.23975
192.0,3.5015,0.239625
192.0,3.5015,0.239375
192.0,3.5025,0.239375
192.0,3.5035,0.239375
192.0,3.5035,0.2395
192.0,3.50225,0.239625
192.0,3.501375,0.23975
192.0,3.50125,0.23975
192.0,3.500625,0.239625
192.0,3.5,0.239375
192.0,3.499875,0.2395
192.0,3.5005,0.239625
192.0,3.50175,0.239625
193.0,3.50275,0.209625
193.0,3.503375,0.20975
193.0,3.503,0.20975
193.0,3.501625,0.209625
193.0,3.501375,0.20975
193.0,3.500625,0.20975
193.0,3.5005,0.20975
193.0,3.500375,0.209625
193.0,3.500375,0.209625
193.0,3.500375,0.209625
193.0,3.5015,0.209875
193.0,3.50225,0.21
193.0,3.502125,0.20975
193.0,3.501875,0.209625
193.0,3.501625,0.209375
193.0,3.501375,0.209625
193.0,3.502375,0.209625
193.0,3.503375,0.20975
193.0,3.5035,0.209625
193.0,3.502625,0.209375
193.0,3.501375,0.2095
193.0,3.50125,0.20975
193.0,3.5015,0.209875
193.0,3.501,0.20975
193.0,3.501,0.209625
193.0,3.5005,0.209625
193.0,3.501125,0.20975
193.0,3.502,0.20975
193.0,3.50225,0.209875
193.0,3.502,0.21
193.0,3.502,0.20975
193.0,3.501625,0.20975
193.0,3.502,0.209625
193.0,3.502875,0.209625
193.0,3.50325,0.20975
193.0,3.503125,0.209375
193.0,3.502125,0.20925
193.0,3.501,0.20975
193.0,3.50075,0.20975
193.0,3.501125,0.209625
193.0,3.50075,0.2095
193.0,3.50075,0.2095
193.0,3.5005,0.20975
193.0,3.50125,0.20975
193.0,3.5025,0.209875
193.0,3.502,0.209875
193.0,3.501875,0.209625
193.0,3.502,0.2095
193.0,3.501375,0.20975
193.0,3.502125,0.20975
193.0,3.503125,0.20975
193.0,3.503125,0.2095
193.0,3.503,0.2095
193.0,3.502375,0.209625
193.0,3.501625,0.209625
193.0,3.50125,0.20975
193.0,3.50075,0.209625
193.0,3.50075,0.209625
193.0,3.500625,0.209625
193.0,3.50075,0.209625
193.0,3.5015,0.20975
193.0,3.502125,0.2095
193.0,3.501875,0.209625
193.0,3.502125,0.209625
193.0,3.50175,0.209625
193.0,3.501,0.209625
193.0,3.501875,0.209625
193.0,3.503,0.209625
193.0,3.50275,0.20975
193.0,3.502625,0.21
193.0,3.502375,0.210125
193.0,3.50175,0.209875
193.0,3.50125,0.20975
193.0,3.50125,0.20975
193.0,3.500625,0.209875
193.0,3.500625,0.20975
193.0,3.500875,0.20975
193.0,3.50175,0.209875
193.0,3.5025,0.210125
193.0,3.501875,0.210125
193.0,3.501875,0.20975
193.0,3.5015,0.209625
193.0,3.5015,0.209625
193.0,3.5025,0.20975
193.0,3.50325,0.209625
193.0,3.50375,0.209875
193.0,3.502875,0.21
193.0,3.50175,0.209625
193.0,3.5015,0.20975
193.0,3.5015,0.20975
193.0,3.501375,0.20975
193.0,3.50075,0.209875
193.0,3.5005,0.20975
193.0,3.501625,0.209625
193.0,3.502125,0.20975
193.0,3.50225,0.209875
193.0,3.501625,0.209875
193.0,3.501625,0.209625
193.0,3.501125,0.2095
193.0,3.50175,0.209625
193.0,3.503125,0.2095
193.0,3.50375,0.2095
193.0,3.503875,0.2095
193.0,3.50275,0.2095
193.0,3.501375,0.209625
193.0,3.50125,0.209625
193.0,3.50125,0.209625
193.0,3.501125,0.20975
193.0,3.500875,0.209625
193.0,3.5005,0.209625
193.0,3.501625,0.20975
193.0,3.502625,0.20975
193.0,3.502125,0.21
193.0,3.50175,0.209875
193.0,3.501625,0.20975
193.0,3.501375,0.20975
193.0,3.50225,0.20975
193.0,3.503375,0.20975
193.0,3.50325,0.209625
193.0,3.502625,0.20975
193.0,3.5015,0.2095
193.0,3.50125,0.20925
193.0,3.50125,0.20925
193.0,3.50075,0.209625
193.0,3.500375,0.20975
193.0,3.50025,0.20975
193.0,3.500625,0.20975
193.0,3.501625,0.21
193.0,3.50225,0.21
193.0,3.501625,0.209875
193.0,3.50175,0.20975
193.0,3.501625,0.20975
193.0,3.5015,0.209625
193.0,3.5025,0.209625
193.0,3.503,0.20975
193.0,3.503,0.209625
193.0,3.502625,0.21
193.0,3.5015,0.21
193.0,3.5015,0.21
193.0,3.501125,0.2095
193.0,3.50075,0.209875
193.0,3.500375,0.209875
193.0,3.50025,0.20975
193.0,3.501,0.209875
193.0,3.501875,0.20975
193.0,3.502125,0.20975
193.0,3.501875,0.21
193.0,3.501625,0.209875
193.0,3.50125,0.20975
193.0,3.501875,0.209625
193.0,3.503375,0.20975
193.0,3.504,0.209625
193.0,3.503375,0.209875
193.0,3.501625,0.21
193.0,3.501625,0.20975
193.0,3.501,0.20975
193.0,3.50125,0.20975
193.0,3.501,0.20975
193.0,3.5,0.209625
193.0,3.500375,0.20975
193.0,3.501625,0.20975
193.0,3.50225,0.209875
193.0,3.5015,0.21
193.0,3.5015,0.209875
193.0,3.501375,0.209625
193.0,3.5015,0.2095
193.0,3.502125,0.209625
193.0,3.503,0.2095
193.0,3.503,0.209625
194.0,3.50175,0.18175
194.0,3.5015,0.1815
194.0,3.501875,0.1815
194.0,3.503125,0.181375
194.0,3.503625,0.18125
194.0,3.503,0.18125
194.0,3.501875,0.18175
194.0,3.501,0.18175
194.0,3.501,0.18175
194.0,3.501125,0.1815
194.0,3.500875,0.1815
194.0,3.500125,0.181625
194.0,3.500375,0.18175
194.0,3.50125,0.18175
194.0,3.501875,0.181625
194.0,3.5015,0.181625
194.0,3.50175,0.181625
194.0,3.501875,0.181375
194.0,3.50125,0.18125
194.0,3.501875,0.1815
194.0,3.503125,0.181375
194.0,3.5035,0.181375
194.0,3.503,0.181375
194.0,3.501875,0.181875
194.0,3.501125,0.18175
194.0,3.501125,0.18175
194.0,3.50125,0.181625
194.0,3.500625,0.181625
194.0,3.50025,0.181625
194.0,3.501,0.181375
194.0,3.50225,0.1815
194.0,3.50225,0.181625
194.0,3.50125,0.181875
194.0,3.501375,0.181625
194.0,3.501625,0.1815
194.0,3.501375,0.181375
194.0,3.502625,0.181375
194.0,3.503375,0.181375
194.0,3.503375,0.181375
194.0,3.502625,0.18175
194.0,3.5015,0.18175
194.0,3.5015,0.18175
194.0,3.50125,0.18175
194.0,3.500625,0.181625
194.0,3.500125,0.181625
194.0,3.500125,0.1815
194.0,3.500875,0.181625
194.0,3.502,0.181625
194.0,3.502625,0.18175
194.0,3.501875,0.18175
194.0,3.5015,0.181875
194.0,3.50125,0.181625
194.0,3.501625,0.1815
194.0,3.503,0.181375
194.0,3.503625,0.181375
194.0,3.503375,0.181875
194.0,3.502125,0.182
194.0,3.502125,0.182
194.0,3.501375,0.18175
194.0,3.501,0.1815
194.0,3.500875,0.181625
194.0,3.500625,0.1815
194.0,3.500125,0.1815
194.0,3.501,0.181625
194.0,3.502,0.18175
194.0,3.502125,0.182
194.0,3.50175,0.181625
194.0,3.501625,0.18175
194.0,3.50125,0.1815
194.0,3.502,0.1815
194.0,3.503,0.181625
194.0,3.50325,0.18175
194.0,3.502875,0.181625
194.0,3.502875,0.18175
194.0,3.5015,0.18175
194.0,3.501375,0.181875
194.0,3.501125,0.181875
194.0,3.50025,0.181625
194.0,3.500125,0.181375
194.0,3.5005,0.18175
194.0,3.501375,0.181875
194.0,3.502,0.18175
194.0,3.502,0.18175
194.0,3.501875,0.18175
194.0,3.5015,0.1815
194.0,3.50125,0.1815
194.0,3.502375,0.181625
194.0,3.5035,0.1815
194.0,3.50375,0.1815
194.0,3.503,0.181375
194.0,3.503,0.181375
194.0,3.502,0.18175
194.0,3.50125,0.181625
194.0,3.50075,0.18175
194.0,3.50025,0.1815
194.0,3.500125,0.1815
194.0,3.50075,0.181625
194.0,3.50175,0.181875
194.0,3.501875,0.181625
194.0,3.501125,0.181375
194.0,3.50125,0.181625
194.0,3.501125,0.1815
194.0,3.501625,0.1815
194.0,3.5025,0.1815
194.0,3.50325,0.181375
194.0,3.503375,0.181375
194.0,3.503375,0.181375
194.0,3.502375,0.181625
194.0,3.501125,0.181625
194.0,3.501,0.181625
194.0,3.50075,0.181625
194.0,3.50025,0.181375
194.0,3.50025,0.1815
194.0,3.50075,0.181625
194.0,3.501625,0.181375
194.0,3.50175,0.181375
194.0,3.50175,0.181625
194.0,3.501375,0.181625
194.0,3.501,0.1815
194.0,3.501875,0.1815
194.0,3.503125,0.1815
194.0,3.50325,0.1815
194.0,3.50325,0.1815
194.0,3.50275,0.18175
194.0,3.502,0.182
194.0,3.501125,0.182
194.0,3.501,0.1815
194.0,3.50075,0.181625
194.0,3.500125,0.1815
194.0,3.500375,0.1815
194.0,3.5015,0.18175
194.0,3.50225,0.181875
194.0,3.502,0.182
194.0,3.501875,0.181875
194.0,3.50175,0.1815
194.0,3.501125,0.1815
194.0,3.501625,0.1815
194.0,3.503375,0.181625
194.0,3.503375,0.181625
194.0,3.5035,0.1815
194.0,3.50275,0.18175
194.0,3.50175,0.18175
194.0,3.501,0.1815
194.0,3.5005,0.1815
194.0,3.500625,0.181625
194.0,3.500625,0.1815
194.0,3.50075,0.1815
194.0,3.50175,0.18175
194.0,3.502125,0.1815
194.0,3.501625,0.1815
194.0,3.501875,0.1815
194.0,3.5015,0.181625
194.0,3.501125,0.181375
194.0,3.5025,0.181375
194.0,3.5025,0.181375
194.0,3.503625,0.181375
194.0,3.503625,0.181375
194.0,3.50275,0.18175
194.0,3.501375,0.182
194.0,3.501375,0.18175
194.0,3.501125,0.181625
194.0,3.50025,0.1815
194.0,3.49975,0.181375
194.0,3.501125,0.1815
194.0,3.5025,0.1815
194.0,3.501875,0.181375
194.0,3.50125,0.181375
194.0,3.5015,0.181625
194.0,3.50125,0.1815
195.0,3.503,0.155375
195.0,3.50375,0.1555
195.0,3.503125,0.1555
195.0,3.501875,0.155375
195.0,3.501125,0.15575
195.0,3.501375,0.155875
195.0,3.500875,0.155625
195.0,3.50025,0.1555
195.0,3.50025,0.1555
195.0,3.50025,0.1555
195.0,3.501125,0.1555
195.0,3.502375,0.1555
195.0,3.502125,0.15575
195.0,3.50175,0.155875
195.0,3.501375,0.155625
195.0,3.50125,0.1555
195.0,3.501875,0.155375
195.0,3.503,0.155375
195.0,3.50325,0.155125
195.0,3.5025,0.155375
195.0,3.5015,0.155625
195.0,3.501,0.15575
195.0,3.501,0.1555
195.0,3.50075,0.1555
195.0,3.50075,0.1555
195.0,3.50025,0.1555
195.0,3.500375,0.155375
195.0,3.5015,0.15575
195.0,3.5025,0.156
195.0,3.50225,0.15575
195.0,3.501875,0.15575
195.0,3.501125,0.155875
195.0,3.500875,0.155625
195.0,3.502125,0.155375
195.0,3.503625,0.1555
195.0,3.5035,0.1555
195.0,3.5025,0.155375
195.0,3.50175,0.155375
195.0,3.501375,0.1555
195.0,3.501,0.155375
195.0,3.5005,0.1555
195.0,3.5005,0.1555
195.0,3.500375,0.1555
195.0,3.501375,0.155625
195.0,3.50225,0.155875
195.0,3.50225,0.156
195.0,3.50125,0.15575
195.0,3.50125,0.155375
195.0,3.501125,0.1555
195.0,3.5015,0.155625
195.0,3.503,0.1555
195.0,3.50325,0.155375
195.0,3.503,0.1555
195.0,3.502375,0.155625
195.0,3.50175,0.15525
195.0,3.501375,0.155375
195.0,3.501,0.1555
195.0,3.501,0.1555
195.0,3.500625,0.1555
195.0,3.500125,0.1555
195.0,3.50125,0.1555
195.0,3.502375,0.155625
195.0,3.501625,0.1555
195.0,3.5015,0.1555
195.0,3.501875,0.15525
195.0,3.501375,0.1555
195.0,3.501875,0.155375
195.0,3.502875,0.155375
195.0,3.50325,0.155625
195.0,3.502875,0.1555
195.0,3.501875,0.1555
195.0,3.500875,0.155875
195.0,3.500875,0.15575
195.0,3.500875,0.15575
195.0,3.500625,0.155625
195.0,3.500375,0.155625
195.0,3.500625,0.155375
195.0,3.502,0.1555
195.0,3.502625,0.1555
195.0,3.50225,0.155625
195.0,3.501875,0.155625
195.0,3.5015,0.15575
195.0,3.50125,0.1555
195.0,3.502125,0.1555
195.0,3.503125,0.1555
195.0,3.503,0.1555
195.0,3.502375,0.156
195.0,3.501375,0.15575
195.0,3.50125,0.1555
195.0,3.50125,0.155375
195.0,3.501,0.155375
195.0,3.500375,0.155625
195.0,3.5,0.155625
195.0,3.5005,0.1555
195.0,3.501625,0.155625
195.0,3.50225,0.1555
195.0,3.501875,0.155625
195.0,3.501875,0.15575
195.0,3.501625,0.15575
195.0,3.501625,0.1555
195.0,3.502625,0.155375
195.0,3.503375,0.155375
195.0,3.50325,0.155625
195.0,3.502125,0.1555
195.0,3.501125,0.15575
195.0,3.501375,0.155625
195.0,3.501375,0.155625
195.0,3.501,0.155625
195.0,3.50025,0.155625
195.0,3.500375,0.1555
195.0,3.501,0.155625
195.0,3.502125,0.15575
195.0,3.502125,0.155625
195.0,3.502,0.155625
195.0,3.502125,0.15575
195.0,3.501625,0.1555
195.0,3.502125,0.15525
195.0,3.503125,0.155375
195.0,3.50325,0.155625
195.0,3.503125,0.155375
195.0,3.50175,0.1555
195.0,3.501125,0.15575
195.0,3.501125,0.15575
195.0,3.501,0.155625
195.0,3.500625,0.155625
195.0,3.500375,0.1555
195.0,3.5005,0.1555
195.0,3.50175,0.155625
195.0,3.5025,0.156125
195.0,3.501625,0.156
195.0,3.501625,0.155875
195.0,3.501625,0.1555
195.0,3.500625,0.155375
195.0,3.50225,0.155375
195.0,3.504,0.1555
195.0,3.503375,0.1555
195.0,3.5025,0.155875
195.0,3.501625,0.1555
195.0,3.501625,0.1555
195.0,3.501375,0.155375
195.0,3.501125,0.155625
195.0,3.50075,0.155625
195.0,3.500625,0.1555
195.0,3.50125,0.155625
195.0,3.50225,0.15575
195.0,3.502375,0.155875
195.0,3.502,0.15575
195.0,3.502,0.155875
195.0,3.5015,0.155625
195.0,3.501375,0.1555
195.0,3.5025,0.1555
195.0,3.5035,0.155625
195.0,3.50325,0.1555
195.0,3.50175,0.15575
195.0,3.501125,0.15575
195.0,3.501125,0.155875
195.0,3.50125,0.155875
195.0,3.500625,0.155625
195.0,3.50025,0.155625
195.0,3.5005,0.155625
195.0,3.5015,0.155625
195.0,3.502625,0.1555
195.0,3.5025,0.15575
195.0,3.5015,0.155875
195.0,3.501625,0.15575
195.0,3.501375,0.155625
195.0,3.501375,0.155375
195.0,3.50275,0.1555
195.0,3.503375,0.1555
196.0,3.50175,0.131875
196.0,3.501625,0.13175
196.0,3.501375,0.13175
196.0,3.5015,0.1315
196.0,3.50275,0.131625
196.0,3.5035,0.131625
196.0,3.502875,0.131625
196.0,3.502375,0.1315
196.0,3.502375,0.1315
196.0,3.501875,0.131625
196.0,3.501,0.13175
196.0,3.500625,0.13175
196.0,3.500125,0.13175
196.0,3.500125,0.13175
196.0,3.50125,0.131875
196.0,3.502375,0.13175
196.0,3.502125,0.132
196.0,3.501875,0.13175
196.0,3.5015,0.131625
196.0,3.500875,0.131625
196.0,3.50175,0.131625
196.0,3.503,0.131625
196.0,3.503375,0.131625
196.0,3.502875,0.131625
196.0,3.501875,0.131625
196.0,3.501875,0.131625
196.0,3.501125,0.131875
196.0,3.501125,0.131875
196.0,3.500625,0.13175
196.0,3.50025,0.13175
196.0,3.500625,0.131625
196.0,3.50175,0.13175
196.0,3.50275,0.132
196.0,3.502375,0.131875
196.0,3.501875,0.132
196.0,3.5015,0.131875
196.0,3.5015,0.131625
196.0,3.502375,0.13175
196.0,3.503,0.131625
196.0,3.50325,0.1315
196.0,3.502625,0.1315
196.0,3.502625,0.1315
196.0,3.5015,0.13125
196.0,3.501125,0.1315
196.0,3.50075,0.131625
196.0,3.5005,0.131875
196.0,3.5005,0.13175
196.0,3.501125,0.13175
196.0,3.501875,0.131875
196.0,3.502125,0.131875
196.0,3.5015,0.13175
196.0,3.5015,0.131875
196.0,3.5015,0.13175
196.0,3.50125,0.131875
196.0,3.502375,0.13175
196.0,3.50325,0.131625
196.0,3.503,0.131875
196.0,3.503,0.131875
196.0,3.502,0.132125
196.0,3.501375,0.132
196.0,3.500875,0.13175
196.0,3.500875,0.131625
196.0,3.50025,0.131625
196.0,3.5005,0.131875
196.0,3.501375,0.131875
196.0,3.502,0.132
196.0,3.501625,0.13175
196.0,3.5015,0.131625
196.0,3.501125,0.13175
196.0,3.500625,0.131625
196.0,3.501375,0.131625
196.0,3.5025,0.13175
196.0,3.503125,0.13175
196.0,3.503125,0.132
196.0,3.502625,0.132
196.0,3.501625,0.13175
196.0,3.501,0.131625
196.0,3.501,0.131625
196.0,3.500625,0.131625
196.0,3.50025,0.131875
196.0,3.5005,0.131875
196.0,3.501625,0.13175
196.0,3.5025,0.131875
196.0,3.501875,0.131875
196.0,3.501625,0.13175
196.0,3.50125,0.131625
196.0,3.501,0.131625
196.0,3.502625,0.131375
196.0,3.50375,0.131625
196.0,3.504,0.131625
196.0,3.504,0.131625
196.0,3.503375,0.131875
196.0,3.502,0.131875
196.0,3.50125,0.131875
196.0,3.501,0.131875
196.0,3.501,0.13175
196.0,3.5005,0.131625
196.0,3.500375,0.1315
196.0,3.501625,0.13175
196.0,3.5025,0.132
196.0,3.502,0.132375
196.0,3.501875,0.132375
196.0,3.5015,0.131875
196.0,3.5015,0.13175
196.0,3.5025,0.131625
196.0,3.50325,0.13175
196.0,3.50325,0.13175
196.0,3.5035,0.13175
196.0,3.502375,0.13175
196.0,3.501375,0.131375
196.0,3.500875,0.1315
196.0,3.5005,0.13175
196.0,3.500625,0.131625
196.0,3.500625,0.13175
196.0,3.50075,0.132
196.0,3.502,0.13175
196.0,3.50225,0.1315
196.0,3.501625,0.131625
196.0,3.501375,0.13175
196.0,3.501125,0.131625
196.0,3.501375,0.1315
196.0,3.502625,0.131625
196.0,3.502625,0.131625
196.0,3.503375,0.13175
196.0,3.50375,0.131625
196.0,3.502375,0.13175
196.0,3.500875,0.131875
196.0,3.50075,0.131875
196.0,3.500125,0.13175
196.0,3.50025,0.13175
196.0,3.500875,0.131625
196.0,3.50175,0.131875
196.0,3.50275,0.131875
196.0,3.502375,0.132
196.0,3.501625,0.13175
196.0,3.501125,0.131625
196.0,3.50125,0.13175
196.0,3.502125,0.131625
196.0,3.502875,0.131625
196.0,3.502875,0.131625
196.0,3.503375,0.13175
196.0,3.503125,0.13175
196.0,3.5015,0.131625
196.0,3.50075,0.13175
196.0,3.501125,0.13175
196.0,3.500875,0.131625
196.0,3.5,0.13175
196.0,3.5005,0.131875
196.0,3.501875,0.132
196.0,3.502125,0.131875
196.0,3.502125,0.13175
196.0,3.502,0.13175
196.0,3.5015,0.131625
196.0,3.501375,0.131625
196.0,3.502625,0.131625
196.0,3.502625,0.131625
196.0,3.503625,0.1315
196.0,3.503125,0.131625
196.0,3.502625,0.131875
196.0,3.501625,0.132
196.0,3.50075,0.131875
196.0,3.50075,0.13175
196.0,3.5005,0.131625
196.0,3.500125,0.13175
196.0,3.50075,0.13175
196.0,3.502,0.132
196.0,3.502125,0.132
196.0,3.5015,0.132
196.0,3.50125,0.13175
197.0,3.500125,0.109625
197.0,3.500875,0.109625
197.0,3.502,0.10975
197.0,3.501875,0.11
197.0,3.50175,0.110125
197.0,3.5015,0.10975
197.0,3.500875,0.109625
197.0,3.501125,0.109625
197.0,3.501125,0.109625
197.0,3.502625,0.1095
197.0,3.503375,0.1095
197.0,3.503,0.109375
197.0,3.502,0.10975
197.0,3.501125,0.109875
197.0,3.500875,0.109625
197.0,3.5005,0.10975
197.0,3.5,0.10975
197.0,3.500375,0.1095
197.0,3.5015,0.109625
197.0,3.502,0.11
197.0,3.501625,0.11
197.0,3.50125,0.109625
197.0,3.501125,0.10975
197.0,3.500875,0.109625
197.0,3.50175,0.1095
197.0,3.50175,0.1095
197.0,3.50325,0.1095
197.0,3.50375,0.109375
197.0,3.503125,0.109625
197.0,3.50175,0.1095
197.0,3.50075,0.1095
197.0,3.50075,0.109625
197.0,3.50075,0.109625
197.0,3.500375,0.109625
197.0,3.500625,0.1095
197.0,3.501625,0.109875
197.0,3.502375,0.109875
197.0,3.501875,0.109625
197.0,3.50175,0.10975
197.0,3.501875,0.109875
197.0,3.501375,0.10975
197.0,3.501375,0.10975
197.0,3.501875,0.1095
197.0,3.503,0.1095
197.0,3.50375,0.1095
197.0,3.503125,0.109625
197.0,3.50175,0.110125
197.0,3.500875,0.10975
197.0,3.500875,0.109625
197.0,3.500625,0.109625
197.0,3.500375,0.1095
197.0,3.500875,0.109625
197.0,3.502375,0.109625
197.0,3.5025,0.109625
197.0,3.502125,0.109875
197.0,3.502,0.1095
197.0,3.5015,0.109625
197.0,3.5015,0.109625
197.0,3.50175,0.1095
197.0,3.50275,0.1095
197.0,3.503375,0.1095
197.0,3.503375,0.1095
197.0,3.5025,0.109625
197.0,3.501375,0.10975
197.0,3.50125,0.109875
197.0,3.501,0.10975
197.0,3.50025,0.10975
197.0,3.500125,0.109625
197.0,3.50125,0.109875
197.0,3.502125,0.109875
197.0,3.502,0.109875
197.0,3.501875,0.1095
197.0,3.501875,0.109375
197.0,3.501875,0.109375
197.0,3.501125,0.109625
197.0,3.501375,0.10975
197.0,3.502875,0.109625
197.0,3.5035,0.109625
197.0,3.502625,0.1095
197.0,3.5015,0.109625
197.0,3.501125,0.109625
197.0,3.501125,0.10975
197.0,3.50075,0.109625
197.0,3.500375,0.109625
197.0,3.500375,0.1095
197.0,3.50175,0.109625
197.0,3.502375,0.109875
197.0,3.5015,0.11
197.0,3.50125,0.109625
197.0,3.501375,0.109625
197.0,3.501375,0.109625
197.0,3.50125,0.109625
197.0,3.50225,0.1095
197.0,3.5035,0.1095
197.0,3.504,0.109625
197.0,3.502875,0.1095
197.0,3.501625,0.109375
197.0,3.50125,0.109625
197.0,3.501125,0.10975
197.0,3.501,0.109625
197.0,3.5005,0.109625
197.0,3.501125,0.109625
197.0,3.502,0.10975
197.0,3.5025,0.109875
197.0,3.50175,0.109875
197.0,3.501375,0.109625
197.0,3.501375,0.109625
197.0,3.501125,0.109625
197.0,3.501125,0.109625
197.0,3.502,0.1095
197.0,3.503125,0.1095
197.0,3.503375,0.10975
197.0,3.502375,0.1095
197.0,3.50175,0.11
197.0,3.5015,0.11
197.0,3.50125,0.10975
197.0,3.501,0.10975
197.0,3.500375,0.1095
197.0,3.500875,0.109625
197.0,3.502,0.109625
197.0,3.50225,0.109875
197.0,3.50175,0.1095
197.0,3.50175,0.1095
197.0,3.501375,0.1095
197.0,3.501125,0.109625
197.0,3.501625,0.109625
197.0,3.502875,0.1095
197.0,3.503625,0.1095
197.0,3.503125,0.10975
197.0,3.502125,0.109875
197.0,3.50125,0.1095
197.0,3.501,0.10975
197.0,3.500625,0.11
197.0,3.500125,0.109625
197.0,3.500625,0.109625
197.0,3.501375,0.11
197.0,3.502,0.110125
197.0,3.50225,0.109875
197.0,3.50225,0.109875
197.0,3.502,0.1095
197.0,3.50125,0.1095
197.0,3.500875,0.109625
197.0,3.501625,0.109625
197.0,3.502875,0.1095
197.0,3.502875,0.109625
197.0,3.5025,0.1095
197.0,3.501125,0.10975
197.0,3.500875,0.109875
197.0,3.501,0.10975
197.0,3.500625,0.109625
197.0,3.500125,0.109625
197.0,3.500625,0.1095
197.0,3.501625,0.10975
197.0,3.50225,0.110125
197.0,3.50175,0.110125
197.0,3.50175,0.110125
197.0,3.501625,0.11
197.0,3.501125,0.1095
197.0,3.500875,0.109625
197.0,3.502,0.109625
197.0,3.503375,0.109625
197.0,3.50325,0.109625
197.0,3.50225,0.10975
197.0,3.501375,0.109875
197.0,3.501125,0.109875
197.0,3.501125,0.11
197.0,3.5005,0.109875
197.0,3.500125,0.1095
197.0,3.50075,0.10975
198.0,3.500875,0.0895
198.0,3.500875,0.0895
198.0,3.500625,0.08975
198.0,3.500125,0.089625
198.0,3.500625,0.0895
198.0,3.502125,0.089875
198.0,3.502375,0.09
198.0,3.501625,0.08975
198.0,3.5015,0.08975
198.0,3.5015,0.08925
198.0,3.50125,0.089375
198.0,3.501125,0.089375
198.0,3.50175,0.089375
198.0,3.502625,0.089375
198.0,3.503,0.0895
198.0,3.502,0.0895
198.0,3.500875,0.089625
198.0,3.50075,0.0895
198.0,3.500375,0.0895
198.0,3.500125,0.0895
198.0,3.500375,0.0895
198.0,3.50075,0.0895
198.0,3.501375,0.08975
198.0,3.501875,0.0895
198.0,3.501625,0.0895
198.0,3.501625,0.08975
198.0,3.501625,0.089875
198.0,3.501375,0.0895
198.0,3.501625,0.0895
198.0,3.502625,0.089625
198.0,3.503,0.0895
198.0,3.502875,0.0895
198.0,3.501875,0.089375
198.0,3.500875,0.089625
198.0,3.501125,0.08975
198.0,3.500875,0.089625
198.0,3.5,0.089625
198.0,3.500375,0.089625
198.0,3.50125,0.089625
198.0,3.502,0.089875
198.0,3.502,0.08975
198.0,3.502,0.08975
198.0,3.50175,0.0895
198.0,3.5015,0.0895
198.0,3.50075,0.0895
198.0,3.501375,0.0895
198.0,3.503125,0.089375
198.0,3.503625,0.0895
198.0,3.50275,0.089625
198.0,3.501375,0.08975
198.0,3.50075,0.089875
198.0,3.50075,0.089625
198.0,3.500375,0.0895
198.0,3.499875,0.0895
198.0,3.500375,0.089625
198.0,3.50175,0.089625
198.0,3.50225,0.089625
198.0,3.50225,0.089625
198.0,3.50175,0.08975
198.0,3.5015,0.08975
198.0,3.500875,0.0895
198.0,3.501,0.089625
198.0,3.502,0.0895
198.0,3.503125,0.0895
198.0,3.503375,0.0895
198.0,3.5025,0.089625
198.0,3.5015,0.089875
198.0,3.500875,0.09
198.0,3.500625,0.08975
198.0,3.5005,0.089625
198.0,3.500125,0.0895
198.0,3.500625,0.089625
198.0,3.50175,0.089625
198.0,3.50175,0.089625
198.0,3.502125,0.08975
198.0,3.501375,0.089625
198.0,3.501125,0.089625
198.0,3.50075,0.0895
198.0,3.50125,0.089375
198.0,3.50225,0.0895
198.0,3.50275,0.089625
198.0,3.502625,0.089625
198.0,3.501375,0.089375
198.0,3.50075,0.089375
198.0,3.50075,0.089625
198.0,3.5005,0.08975
198.0,3.500125,0.089625
198.0,3.5005,0.089625
198.0,3.500875,0.089625
198.0,3.50175,0.089625
198.0,3.50175,0.08975
198.0,3.50225,0.089875
198.0,3.50175,0.089875
198.0,3.501,0.089625
198.0,3.500625,0.0895
198.0,3.501625,0.089625
198.0,3.502875,0.089625
198.0,3.503,0.089625
198.0,3.5025,0.089625
198.0,3.5015,0.08975
198.0,3.500875,0.089875
198.0,3.501,0.089625
198.0,3.50075,0.089625
198.0,3.500125,0.089625
198.0,3.5,0.089625
198.0,3.501125,0.089625
198.0,3.501125,0.089625
198.0,3.50175,0.089625
198.0,3.501875,0.09
198.0,3.50175,0.08975
198.0,3.501375,0.0895
198.0,3.500875,0.0895
198.0,3.5015,0.0895
198.0,3.502375,0.089375
198.0,3.503,0.0895
198.0,3.50225,0.09
198.0,3.501125,0.090125
198.0,3.50075,0.09
198.0,3.500375,0.089625
198.0,3.500125,0.089625
198.0,3.499875,0.0895
198.0,3.500625,0.089625
198.0,3.500625,0.089625
198.0,3.502125,0.08975
198.0,3.502375,0.08975
198.0,3.501625,0.089625
198.0,3.5015,0.0895
198.0,3.501125,0.089625
198.0,3.501375,0.08975
198.0,3.502375,0.0895
198.0,3.503375,0.089375
198.0,3.503125,0.089375
198.0,3.501875,0.08975
198.0,3.501,0.08975
198.0,3.500875,0.0895
198.0,3.50075,0.0895
198.0,3.500375,0.089625
198.0,3.5,0.08975
198.0,3.5,0.08975
198.0,3.50075,0.089625
198.0,3.502,0.0895
198.0,3.502125,0.089625
198.0,3.5015,0.089375
198.0,3.50125,0.089375
198.0,3.50125,0.0895
198.0,3.50175,0.0895
198.0,3.50275,0.089625
198.0,3.50325,0.0895
198.0,3.503,0.08975
198.0,3.50175,0.0895
198.0,3.50075,0.089625
198.0,3.500375,0.08975
198.0,3.500125,0.089625
198.0,3.499875,0.0895
198.0,3.499875,0.0895
198.0,3.499875,0.089625
198.0,3.5015,0.0895
198.0,3.502125,0.0895
198.0,3.502,0.089875
198.0,3.502,0.089875
198.0,3.502,0.08975
198.0,3.501,0.089625
198.0,3.5015,0.0895
198.0,3.503,0.08925
198.0,3.503125,0.089625
198.0,3.5025,0.08975
198.0,3.501375,0.08975
198.0,3.501375,0.089625
198.0,3.501,0.089625
199.0,3.50175,0.0715
199.0,3.5025,0.071375
199.0,3.503,0.071375
199.0,3.502625,0.07175
199.0,3.5015,0.071875
199.0,3.501125,0.071875
199.0,3.500625,0.07175
199.0,3.500125,0.071625
199.0,3.500125,0.071625
199.0,3.4995,0.071375
199.0,3.500125,0.071375
199.0,3.501375,0.0715
199.0,3.5015,0.071625
199.0,3.5015,0.07175
199.0,3.50175,0.071625
199.0,3.501,0.0715
199.0,3.50075,0.071375
199.0,3.50175,0.0715
199.0,3.502375,0.0715
199.0,3.502875,0.071625
199.0,3.502125,0.07125
199.0,3.501125,0.071375
199.0,3.50075,0.071875
199.0,3.500625,0.07175
199.0,3.500375,0.07175
199.0,3.500375,0.0715
199.0,3.50025,0.071375
199.0,3.50125,0.0715
199.0,3.502125,0.07175
199.0,3.502125,0.07175
199.0,3.501625,0.07175
199.0,3.501375,0.07175
199.0,3.50075,0.071625
199.0,3.501,0.071375
199.0,3.50225,0.071375
199.0,3.502625,0.07125
199.0,3.5025,0.0715
199.0,3.501875,0.07125
199.0,3.50075,0.071625
199.0,3.500625,0.071375
199.0,3.500125,0.0715
199.0,3.500125,0.0715
199.0,3.499875,0.071625
199.0,3.50025,0.0715
199.0,3.501,0.0715
199.0,3.501875,0.071625
199.0,3.50175,0.07175
199.0,3.501875,0.071375
199.0,3.5015,0.071375
199.0,3.50075,0.071375
199.0,3.5015,0.071375
199.0,3.50275,0.071375
199.0,3.503375,0.0715
199.0,3.503,0.0715
199.0,3.501625,0.07175
199.0,3.50075,0.07175
199.0,3.501,0.071625
199.0,3.501,0.071625
199.0,3.500625,0.0715
199.0,3.5,0.071375
199.0,3.500375,0.071625
199.0,3.501125,0.07175
199.0,3.502125,0.071875
199.0,3.502125,0.07175
199.0,3.50175,0.07175
199.0,3.50125,0.0715
199.0,3.501375,0.0715
199.0,3.5025,0.071375
199.0,3.50325,0.071375
199.0,3.503125,0.0715
199.0,3.50225,0.071375
199.0,3.501125,0.071625
199.0,3.50075,0.07175
199.0,3.50075,0.07175
199.0,3.5005,0.071625
199.0,3.500125,0.0715
199.0,3.500125,0.0715
199.0,3.500875,0.071625
199.0,3.502,0.0715
199.0,3.502,0.071625
199.0,3.50175,0.07175
199.0,3.501375,0.0715
199.0,3.500875,0.0715
199.0,3.501375,0.071375
199.0,3.5025,0.071375
199.0,3.50325,0.071625
199.0,3.503125,0.071625
199.0,3.501875,0.071875
199.0,3.501,0.07175
199.0,3.501,0.07175
199.0,3.501,0.071625
199.0,3.500625,0.071625
199.0,3.5005,0.071625
199.0,3.500375,0.0715
199.0,3.501125,0.0715
199.0,3.50225,0.071625
199.0,3.50175,0.07175
199.0,3.501125,0.071625
199.0,3.50125,0.071625
199.0,3.501125,0.071625
199.0,3.5015,0.071375
199.0,3.5025,0.071375
199.0,3.50325,0.071375
199.0,3.502625,0.07125
199.0,3.501625,0.071375
199.0,3.500875,0.071625
199.0,3.500875,0.071625
199.0,3.5005,0.07175
199.0,3.50025,0.0715
199.0,3.500125,0.0715
199.0,3.500625,0.0715
199.0,3.501375,0.071375
199.0,3.50225,0.071375
199.0,3.501875,0.071375
199.0,3.5015,0.0715
199.0,3.501,0.07125
199.0,3.501375,0.071375
199.0,3.502125,0.0715
199.0,3.502875,0.071375
199.0,3.503,0.0715
199.0,3.502125,0.071375
199.0,3.500875,0.0715
199.0,3.500875,0.0715
199.0,3.5005,0.071375
199.0,3.50075,0.071375
199.0,3.500625,0.0715
199.0,3.50025,0.0715
199.0,3.50075,0.071625
199.0,3.502125,0.07175
199.0,3.50225,0.072
199.0,3.501375,0.071875
199.0,3.5015,0.071625
199.0,3.50125,0.0715
199.0,3.501125,0.071375
199.0,3.50225,0.0715
199.0,3.503375,0.071375
199.0,3.502875,0.071625
199.0,3.50175,0.0715
199.0,3.50175,0.0715
199.0,3.50075,0.071375
199.0,3.50075,0.071625
199.0,3.5005,0.071625
199.0,3.5,0.0715
199.0,3.500125,0.0715
199.0,3.501125,0.071625
199.0,3.502,0.07175
199.0,3.502,0.07175
199.0,3.501375,0.07175
199.0,3.501125,0.071875
199.0,3.500875,0.07175
199.0,3.5015,0.071625
199.0,3.502625,0.0715
199.0,3.502875,0.071375
199.0,3.5025,0.0715
199.0,3.5025,0.0715
199.0,3.50175,0.071625
199.0,3.50075,0.0715
199.0,3.500875,0.0715
199.0,3.500625,0.071625
199.0,3.499875,0.0715
199.0,3.50025,0.0715
199.0,3.501625,0.071375
199.0,3.502375,0.07125
199.0,3.50175,0.071375
199.0,3.501375,0.071625
199.0,3.501,0.0715
199.0,3.501,0.0715
199.0,3.50175,0.0715
199.0,3.50275,0.0715
200.0,3.501875,0.055375
200.0,3.503,0.05525
200.0,3.503,0.0555
200.0,3.5025,0.055375
200.0,3.501875,0.055375
200.0,3.50125,0.0555
200.0,3.501,0.055375
200.0,3.500375,0.05525
200.0,3.500375,0.05525
200.0,3.499875,0.05525
200.0,3.501,0.0555
200.0,3.50175,0.0555
200.0,3.50175,0.055375
200.0,3.5015,0.055375
200.0,3.501625,0.0555
200.0,3.501125,0.05525
200.0,3.5015,0.055375
200.0,3.5025,0.055375
200.0,3.50325,0.055375
200.0,3.503,0.05525
200.0,3.502125,0.055625
200.0,3.501375,0.055625
200.0,3.501,0.0555
200.0,3.50075,0.055375
200.0,3.50025,0.055375
200.0,3.50025,0.055375
200.0,3.5,0.05525
200.0,3.5005,0.055375
200.0,3.50175,0.05525
200.0,3.502,0.05525
200.0,3.501375,0.055375
200.0,3.501375,0.055375
200.0,3.500625,0.05525
200.0,3.501125,0.05525
200.0,3.502875,0.055375
200.0,3.503125,0.055375
200.0,3.50275,0.05525
200.0,3.502125,0.0555
200.0,3.500875,0.055375
200.0,3.500875,0.055375
200.0,3.500625,0.0555
200.0,3.500625,0.0555
200.0,3.500125,0.055375
200.0,3.500125,0.055125
200.0,3.501375,0.055625
200.0,3.502125,0.055625
200.0,3.50175,0.05525
200.0,3.501625,0.055125
200.0,3.501,0.05525
200.0,3.500875,0.05525
200.0,3.50175,0.055375
200.0,3.502875,0.0555
200.0,3.502625,0.05525
200.0,3.5025,0.055375
200.0,3.501875,0.055625
200.0,3.50075,0.055625
200.0,3.50025,0.055625
200.0,3.50025,0.055625
200.0,3.499625,0.055375
200.0,3.49975,0.055375
200.0,3.50075,0.0555
200.0,3.501625,0.0555
200.0,3.501875,0.055625
200.0,3.50125,0.0555
200.0,3.50125,0.055375
200.0,3.501125,0.055375
200.0,3.501375,0.055375
200.0,3.502375,0.055375
200.0,3.502875,0.0555
200.0,3.503125,0.0555
200.0,3.5025,0.055875
200.0,3.501375,0.05525
200.0,3.50075,0.05525
200.0,3.50075,0.05525
200.0,3.50025,0.055625
200.0,3.499875,0.055375
200.0,3.499875,0.05525
200.0,3.50025,0.055375
200.0,3.5015,0.055625
200.0,3.5015,0.0555
200.0,3.501375,0.0555
200.0,3.5015,0.055625
200.0,3.501,0.055625
200.0,3.50125,0.055375
200.0,3.50275,0.055375
200.0,3.50325,0.055375
200.0,3.50275,0.055375
200.0,3.5015,0.055625
200.0,3.50075,0.05575
200.0,3.50075,0.0555
200.0,3.50075,0.0555
200.0,3.5005,0.055375
200.0,3.499875,0.05525
200.0,3.499875,0.05525
200.0,3.50125,0.0555
200.0,3.50225,0.055375
200.0,3.501875,0.0555
200.0,3.501625,0.055625
200.0,3.5015,0.0555
200.0,3.501,0.0555
200.0,3.5015,0.055375
200.0,3.50275,0.055375
200.0,3.50325,0.0555
200.0,3.502375,0.055375
200.0,3.50125,0.0555
200.0,3.500875,0.05575
200.0,3.500875,0.05575
200.0,3.500625,0.055625
200.0,3.499875,0.0555
200.0,3.5,0.055375
200.0,3.500625,0.055375
200.0,3.501625,0.055625
200.0,3.502125,0.055625
200.0,3.50175,0.055625
200.0,3.5015,0.055375
200.0,3.500625,0.055375
200.0,3.5005,0.055375
200.0,3.5015,0.05525
200.0,3.50325,0.05525
200.0,3.503625,0.05525
200.0,3.502625,0.055125
200.0,3.501125,0.055375
200.0,3.501125,0.055375
200.0,3.500875,0.055625
200.0,3.500875,0.0555
200.0,3.5005,0.055375
200.0,3.499875,0.05525
200.0,3.500625,0.055375
200.0,3.501625,0.055625
200.0,3.502125,0.055625
200.0,3.501875,0.05575
200.0,3.501625,0.055875
200.0,3.501375,0.0555
200.0,3.501125,0.055375
200.0,3.502125,0.055375
200.0,3.503125,0.055375
200.0,3.502875,0.055
200.0,3.50175,0.055125
200.0,3.50175,0.055125
200.0,3.501125,0.0555
200.0,3.50075,0.0555
200.0,3.500375,0.055375
200.0,3.49975,0.055375
200.0,3.5,0.0555
200.0,3.501,0.055375
200.0,3.502,0.055375
200.0,3.502,0.055875
200.0,3.5015,0.0555
200.0,3.50125,0.055125
200.0,3.500625,0.05525
200.0,3.501125,0.05525
200.0,3.502625,0.055375
200.0,3.503125,0.055375
200.0,3.502875,0.055375
200.0,3.501625,0.055375
200.0,3.501625,0.055125
200.0,3.500875,0.055375
200.0,3.500875,0.055375
200.0,3.5005,0.0555
200.0,3.5,0.0555
200.0,3.5005,0.0555
200.0,3.5015,0.0555
200.0,3.50175,0.055625
200.0,3.501375,0.055625
200.0,3.501375,0.05575
200.0,3.5015,0.0555
200.0,3.501,0.055375
200.0,3.50175,0.05525
200.0,3.502875,0.055375
201.0,3.50125,0.042
201.0,3.501,0.041875
201.0,3.501,0.0415
201.0,3.501,0.0415
201.0,3.502,0.041625
201.0,3.5025,0.0415
201.0,3.502375,0.0415
201.0,3.502125,0.041375
201.0,3.502125,0.041375
201.0,3.501125,0.0415
201.0,3.5005,0.04175
201.0,3.500375,0.042
201.0,3.500375,0.0415
201.0,3.5,0.041625
201.0,3.500625,0.041625
201.0,3.50175,0.041625
201.0,3.502,0.041375
201.0,3.501625,0.041625
201.0,3.5015,0.041375
201.0,3.50125,0.0415
201.0,3.501375,0.0415
201.0,3.5025,0.04175
201.0,3.503,0.041625
201.0,3.503,0.04175
201.0,3.503,0.0415
201.0,3.502,0.0415
201.0,3.500875,0.04175
201.0,3.5005,0.04175
201.0,3.500375,0.0415
201.0,3.500125,0.0415
201.0,3.5,0.0415
201.0,3.500875,0.0415
201.0,3.50175,0.041625
201.0,3.502,0.04125
201.0,3.50175,0.0415
201.0,3.50175,0.041625
201.0,3.50125,0.041625
201.0,3.501875,0.041625
201.0,3.503,0.0415
201.0,3.502625,0.041625
201.0,3.502375,0.0415
201.0,3.502375,0.0415
201.0,3.501625,0.042
201.0,3.500875,0.04175
201.0,3.500625,0.04175
201.0,3.500375,0.041625
201.0,3.499875,0.0415
201.0,3.4995,0.0415
201.0,3.500625,0.04175
201.0,3.50175,0.041875
201.0,3.50175,0.041875
201.0,3.50125,0.04175
201.0,3.50125,0.0415
201.0,3.501,0.0415
201.0,3.501625,0.04175
201.0,3.502625,0.0415
201.0,3.502875,0.041375
201.0,3.502875,0.041375
201.0,3.5025,0.041125
201.0,3.501375,0.04125
201.0,3.500625,0.041625
201.0,3.500625,0.0415
201.0,3.5005,0.04125
201.0,3.49975,0.041625
201.0,3.50025,0.0415
201.0,3.5015,0.041875
201.0,3.502,0.041625
201.0,3.5015,0.042
201.0,3.501625,0.041875
201.0,3.501125,0.04175
201.0,3.501,0.0415
201.0,3.5025,0.0415
201.0,3.503375,0.0415
201.0,3.503375,0.0415
201.0,3.5025,0.041625
201.0,3.501875,0.0415
201.0,3.501,0.041875
201.0,3.500875,0.041875
201.0,3.50075,0.041875
201.0,3.5,0.04175
201.0,3.49975,0.0415
201.0,3.501,0.0415
201.0,3.50225,0.041625
201.0,3.502125,0.041375
201.0,3.50175,0.0415
201.0,3.50175,0.0415
201.0,3.50125,0.0415
201.0,3.501125,0.041625
201.0,3.50225,0.041625
201.0,3.50225,0.041625
201.0,3.502625,0.041625
201.0,3.5025,0.041625
201.0,3.5015,0.0415
201.0,3.50075,0.041375
201.0,3.501,0.041375
201.0,3.5005,0.041625
201.0,3.50025,0.041625
201.0,3.5,0.0415
201.0,3.50125,0.041625
201.0,3.501875,0.041875
201.0,3.5015,0.04175
201.0,3.501,0.041625
201.0,3.50075,0.04175
201.0,3.501,0.041625
201.0,3.501875,0.0415
201.0,3.502875,0.04175
201.0,3.502875,0.04175
201.0,3.50325,0.04175
201.0,3.502875,0.041875
201.0,3.50125,0.04175
201.0,3.50075,0.041875
201.0,3.501,0.041625
201.0,3.500625,0.041625
201.0,3.499875,0.041625
201.0,3.5005,0.041625
201.0,3.5015,0.041875
201.0,3.50175,0.042
201.0,3.50175,0.042125
201.0,3.501625,0.042
201.0,3.50125,0.041875
201.0,3.50075,0.041625
201.0,3.501875,0.041625
201.0,3.501875,0.041625
201.0,3.503125,0.04125
201.0,3.502875,0.0415
201.0,3.502,0.04175
201.0,3.501,0.041875
201.0,3.50125,0.042
201.0,3.50075,0.04175
201.0,3.5,0.041625
201.0,3.49975,0.0415
201.0,3.501125,0.041625
201.0,3.50225,0.04175
201.0,3.502125,0.042
201.0,3.5015,0.042
201.0,3.5015,0.041875
201.0,3.500875,0.04175
201.0,3.500875,0.041625
201.0,3.500875,0.041625
201.0,3.5025,0.0415
201.0,3.503375,0.0415
201.0,3.5025,0.0415
201.0,3.501875,0.041375
201.0,3.501,0.042
201.0,3.500875,0.04175
201.0,3.500375,0.04175
201.0,3.49975,0.0415
201.0,3.500125,0.041625
201.0,3.500875,0.0415
201.0,3.50175,0.041625
201.0,3.501375,0.041625
201.0,3.50075,0.042125
201.0,3.500875,0.041625
201.0,3.500875,0.0415
201.0,3.500875,0.0415
201.0,3.5015,0.041375
201.0,3.502625,0.041625
201.0,3.503,0.0415
201.0,3.502375,0.0415
201.0,3.5015,0.04175
201.0,3.500875,0.042
201.0,3.500375,0.04175
201.0,3.5,0.041875
201.0,3.49975,0.041625
201.0,3.5,0.041625
201.0,3.501375,0.041625
201.0,3.501875,0.041375
201.0,3.50125,0.0415
201.0,3.501375,0.042
202.0,3.50025,0.02975
202.0,3.5,0.029875
202.0,3.4995,0.0295
202.0,3.49975,0.029625
202.0,3.501125,0.029875
202.0,3.502,0.02975
202.0,3.5015,0.029875
202.0,3.501,0.02975
202.0,3.501,0.029875
202.0,3.501125,0.029875
202.0,3.5005,0.02975
202.0,3.50125,0.0295
202.0,3.50275,0.02975
202.0,3.503,0.029875
202.0,3.502125,0.03
202.0,3.501375,0.029875
202.0,3.50075,0.029875
202.0,3.5005,0.029875
202.0,3.5005,0.02975
202.0,3.499875,0.029625
202.0,3.5005,0.02975
202.0,3.501375,0.02975
202.0,3.501875,0.03
202.0,3.50125,0.02975
202.0,3.501125,0.02975
202.0,3.501125,0.02975
202.0,3.5015,0.02975
202.0,3.501375,0.029625
202.0,3.501875,0.02975
202.0,3.503125,0.029625
202.0,3.503375,0.02975
202.0,3.502125,0.029875
202.0,3.500625,0.0295
202.0,3.500875,0.029625
202.0,3.50075,0.029875
202.0,3.499875,0.029625
202.0,3.5,0.029625
202.0,3.501125,0.029875
202.0,3.502125,0.029625
202.0,3.50225,0.029875
202.0,3.501625,0.02975
202.0,3.501625,0.02975
202.0,3.501625,0.02975
202.0,3.501125,0.029625
202.0,3.501125,0.02975
202.0,3.50225,0.02975
202.0,3.502875,0.02975
202.0,3.5025,0.02975
202.0,3.501625,0.0295
202.0,3.500875,0.029625
202.0,3.500875,0.029375
202.0,3.500625,0.029625
202.0,3.5,0.029625
202.0,3.50025,0.029375
202.0,3.501125,0.029625
202.0,3.50175,0.03
202.0,3.501625,0.03
202.0,3.501625,0.03
202.0,3.501375,0.029875
202.0,3.501375,0.02975
202.0,3.501125,0.029625
202.0,3.5015,0.029625
202.0,3.50225,0.02975
202.0,3.50275,0.02975
202.0,3.50225,0.029875
202.0,3.501,0.029625
202.0,3.500875,0.02975
202.0,3.50075,0.02975
202.0,3.50025,0.029625
202.0,3.499875,0.029625
202.0,3.500375,0.02975
202.0,3.501375,0.029625
202.0,3.5015,0.02975
202.0,3.5015,0.02975
202.0,3.501,0.029875
202.0,3.50125,0.029875
202.0,3.501125,0.02975
202.0,3.500875,0.02975
202.0,3.50225,0.029625
202.0,3.50325,0.029625
202.0,3.502875,0.029625
202.0,3.50225,0.029625
202.0,3.501375,0.029875
202.0,3.50075,0.029625
202.0,3.5005,0.029625
202.0,3.5,0.029875
202.0,3.49975,0.029625
202.0,3.500625,0.029625
202.0,3.50175,0.03
202.0,3.50175,0.03025
202.0,3.50175,0.03025
202.0,3.50125,0.02975
202.0,3.501125,0.029625
202.0,3.500625,0.0295
202.0,3.500875,0.0295
202.0,3.50225,0.0295
202.0,3.50325,0.029625
202.0,3.50275,0.029875
202.0,3.501875,0.03
202.0,3.501,0.02975
202.0,3.500625,0.02975
202.0,3.50075,0.029875
202.0,3.50025,0.029625
202.0,3.49975,0.02975
202.0,3.500625,0.02975
202.0,3.5015,0.029625
202.0,3.5015,0.029625
202.0,3.501375,0.02975
202.0,3.5015,0.03
202.0,3.50125,0.03
202.0,3.500375,0.02975
202.0,3.501375,0.029625
202.0,3.503,0.029625
202.0,3.503375,0.029625
202.0,3.50275,0.029375
202.0,3.501375,0.029625
202.0,3.500875,0.02975
202.0,3.501,0.029625
202.0,3.500375,0.02975
202.0,3.500125,0.02975
202.0,3.500375,0.02975
202.0,3.50075,0.029625
202.0,3.50075,0.029625
202.0,3.501625,0.02975
202.0,3.501125,0.029875
202.0,3.50075,0.029875
202.0,3.5005,0.029875
202.0,3.500625,0.02975
202.0,3.501625,0.029625
202.0,3.502625,0.029625
202.0,3.502875,0.029375
202.0,3.50275,0.0295
202.0,3.5015,0.029625
202.0,3.500875,0.02975
202.0,3.500875,0.03
202.0,3.5005,0.02975
202.0,3.500125,0.029625
202.0,3.5005,0.029875
202.0,3.5005,0.029875
202.0,3.501625,0.029875
202.0,3.501875,0.029875
202.0,3.50125,0.030125
202.0,3.50125,0.03
202.0,3.500875,0.03
202.0,3.501,0.029625
202.0,3.50225,0.029625
202.0,3.502875,0.02975
202.0,3.50275,0.02975
202.0,3.501875,0.029625
202.0,3.501,0.029875
202.0,3.500625,0.029875
202.0,3.500125,0.029875
202.0,3.5,0.02975
202.0,3.5,0.029625
202.0,3.5,0.02975
202.0,3.5005,0.02975
202.0,3.501375,0.029875
202.0,3.501625,0.029625
202.0,3.501,0.02975
202.0,3.501,0.029625
202.0,3.50075,0.0295
202.0,3.501125,0.02975
202.0,3.502125,0.029625
202.0,3.50325,0.02975
202.0,3.503125,0.02975
202.0,3.502125,0.029625
202.0,3.501125,0.02975
202.0,3.501,0.02975
202.0,3.500625,0.029625
203.0,3.50075,0.02
203.0,3.50025,0.020125
203.0,3.5,0.020125
203.0,3.500375,0.019875
203.0,3.501125,0.019875
203.0,3.502,0.020125
203.0,3.501625,0.02
203.0,3.50125,0.02
203.0,3.50125,0.02
203.0,3.5015,0.019875
203.0,3.501125,0.01975
203.0,3.501875,0.019875
203.0,3.503,0.02
203.0,3.503,0.02
203.0,3.50225,0.02
203.0,3.5015,0.02
203.0,3.501125,0.020125
203.0,3.500875,0.02
203.0,3.5,0.02
203.0,3.5,0.019875
203.0,3.500625,0.02
203.0,3.501875,0.02
203.0,3.502,0.02025
203.0,3.501125,0.020125
203.0,3.501125,0.02
203.0,3.501375,0.02
203.0,3.501,0.02
203.0,3.500875,0.02
203.0,3.502125,0.019875
203.0,3.50325,0.019875
203.0,3.503125,0.019875
203.0,3.50225,0.019625
203.0,3.50125,0.019625
203.0,3.50125,0.019875
203.0,3.500875,0.019875
203.0,3.5,0.019875
203.0,3.500125,0.019875
203.0,3.500875,0.019875
203.0,3.502125,0.020125
203.0,3.50225,0.02025
203.0,3.501375,0.020125
203.0,3.501375,0.020125
203.0,3.501125,0.01975
203.0,3.501,0.019875
203.0,3.501375,0.01975
203.0,3.502625,0.01975
203.0,3.503,0.019875
203.0,3.5025,0.020125
203.0,3.502125,0.020125
203.0,3.5015,0.01975
203.0,3.501125,0.01975
203.0,3.500875,0.01975
203.0,3.5,0.019875
203.0,3.499875,0.020125
203.0,3.50075,0.020125
203.0,3.501625,0.02
203.0,3.501125,0.02025
203.0,3.501125,0.02025
203.0,3.501125,0.020125
203.0,3.501625,0.020125
203.0,3.501375,0.02
203.0,3.501625,0.019875
203.0,3.502625,0.019875
203.0,3.50275,0.02
203.0,3.502625,0.019875
203.0,3.501625,0.02
203.0,3.501125,0.020125
203.0,3.500625,0.02025
203.0,3.500875,0.02
203.0,3.500375,0.02
203.0,3.5005,0.019875
203.0,3.5015,0.019875
203.0,3.502375,0.020125
203.0,3.502375,0.020125
203.0,3.50225,0.019875
203.0,3.50175,0.019625
203.0,3.50125,0.01975
203.0,3.501125,0.01975
203.0,3.502,0.019875
203.0,3.503125,0.02
203.0,3.503375,0.01975
203.0,3.502,0.02
203.0,3.501125,0.02025
203.0,3.501125,0.020375
203.0,3.501,0.02
203.0,3.500375,0.02
203.0,3.499625,0.019875
203.0,3.5005,0.019875
203.0,3.501625,0.02
203.0,3.50175,0.02
203.0,3.50175,0.019875
203.0,3.5015,0.019875
203.0,3.50125,0.019875
203.0,3.500875,0.020125
203.0,3.5015,0.019875
203.0,3.50275,0.01975
203.0,3.50325,0.01975
203.0,3.503,0.02
203.0,3.502125,0.02
203.0,3.50125,0.020375
203.0,3.500625,0.020375
203.0,3.500625,0.020125
203.0,3.50025,0.019875
203.0,3.500375,0.02
203.0,3.50125,0.020125
203.0,3.502125,0.020125
203.0,3.502125,0.020125
203.0,3.50225,0.020375
203.0,3.501875,0.02025
203.0,3.501,0.02025
203.0,3.500625,0.02
203.0,3.50175,0.01975
203.0,3.503375,0.019875
203.0,3.503375,0.01975
203.0,3.5025,0.019875
203.0,3.501375,0.019875
203.0,3.50025,0.02
203.0,3.500625,0.02
203.0,3.50075,0.02
203.0,3.50025,0.02
203.0,3.500625,0.019875
203.0,3.501875,0.020125
203.0,3.501875,0.020125
203.0,3.50225,0.02025
203.0,3.5015,0.020125
203.0,3.501625,0.019875
203.0,3.501375,0.01975
203.0,3.501,0.019875
203.0,3.50225,0.019875
203.0,3.50325,0.02
203.0,3.503,0.01975
203.0,3.502375,0.01975
203.0,3.5015,0.02
203.0,3.501125,0.02025
203.0,3.50075,0.02
203.0,3.5005,0.02
203.0,3.5,0.02
203.0,3.50025,0.019875
203.0,3.50025,0.019875
203.0,3.502,0.01975
203.0,3.501875,0.02
203.0,3.50075,0.020125
203.0,3.501125,0.02025
203.0,3.50125,0.02
203.0,3.501375,0.019875
203.0,3.502,0.019875
203.0,3.50275,0.019875
203.0,3.502625,0.02
203.0,3.502125,0.019625
203.0,3.5015,0.02
203.0,3.501125,0.02
203.0,3.50075,0.02
203.0,3.500375,0.019875
203.0,3.499875,0.02
203.0,3.500625,0.02
203.0,3.500625,0.02
203.0,3.501875,0.019875
203.0,3.501875,0.01975
203.0,3.501375,0.02
203.0,3.501375,0.02
203.0,3.501375,0.02
203.0,3.501875,0.01975
203.0,3.503,0.019875
203.0,3.50325,0.019875
203.0,3.502375,0.019875
203.0,3.5015,0.019875
203.0,3.501125,0.02
203.0,3.500875,0.020125
203.0,3.50075,0.020125
204.0,3.5005,0.012375
204.0,3.50025,0.01225
204.0,3.500125,0.01225
204.0,3.500375,0.012125
204.0,3.501125,0.01225
204.0,3.501625,0.0125
204.0,3.501875,0.01225
204.0,3.5015,0.012125
204.0,3.5015,0.012125
204.0,3.501,0.01225
204.0,3.50075,0.012125
204.0,3.50175,0.01225
204.0,3.50275,0.012375
204.0,3.50275,0.01275
204.0,3.501875,0.012625
204.0,3.50075,0.0125
204.0,3.50075,0.01225
204.0,3.500125,0.012375
204.0,3.499875,0.012375
204.0,3.500375,0.01225
204.0,3.501125,0.01225
204.0,3.502125,0.012375
204.0,3.502125,0.01275
204.0,3.502,0.0125
204.0,3.50125,0.012375
204.0,3.50125,0.012375
204.0,3.500625,0.012375
204.0,3.501375,0.01225
204.0,3.5025,0.01225
204.0,3.502875,0.012375
204.0,3.5025,0.012375
204.0,3.501875,0.012375
204.0,3.50125,0.0125
204.0,3.50075,0.0125
204.0,3.5005,0.01225
204.0,3.500375,0.012125
204.0,3.500625,0.01225
204.0,3.501125,0.012125
204.0,3.5015,0.012375
204.0,3.501375,0.012625
204.0,3.50125,0.01225
204.0,3.50125,0.01225
204.0,3.50075,0.012375
204.0,3.500875,0.012125
204.0,3.50175,0.012125
204.0,3.502875,0.012125
204.0,3.502875,0.0125
204.0,3.502,0.012375
204.0,3.501125,0.01225
204.0,3.501,0.012625
204.0,3.500625,0.012375
204.0,3.50025,0.01225
204.0,3.499875,0.012125
204.0,3.50025,0.01225
204.0,3.5015,0.012125
204.0,3.502125,0.01225
204.0,3.501625,0.012625
204.0,3.501625,0.012625
204.0,3.501875,0.012375
204.0,3.50125,0.01225
204.0,3.50125,0.012
204.0,3.502,0.012
204.0,3.50325,0.012125
204.0,3.502875,0.012375
204.0,3.50175,0.01225
204.0,3.500625,0.012375
204.0,3.500625,0.0125
204.0,3.500625,0.01225
204.0,3.50025,0.01225
204.0,3.50025,0.012375
204.0,3.500625,0.01225
204.0,3.50125,0.01225
204.0,3.501875,0.012625
204.0,3.501875,0.012625
204.0,3.501375,0.01275
204.0,3.501,0.012375
204.0,3.500625,0.01225
204.0,3.501375,0.01225
204.0,3.502375,0.012
204.0,3.502625,0.012125
204.0,3.502625,0.012125
204.0,3.5015,0.01225
204.0,3.500625,0.011875
204.0,3.501,0.012125
204.0,3.500625,0.01225
204.0,3.499875,0.012125
204.0,3.50025,0.01225
204.0,3.501125,0.01225
204.0,3.502,0.012
204.0,3.5015,0.01225
204.0,3.5015,0.01225
204.0,3.501,0.0125
204.0,3.50125,0.01225
204.0,3.501125,0.01225
204.0,3.501625,0.01225
204.0,3.502375,0.012375
204.0,3.50275,0.0125
204.0,3.502,0.012375
204.0,3.501,0.01225
204.0,3.50075,0.01225
204.0,3.500625,0.012125
204.0,3.50025,0.01225
204.0,3.49975,0.012125
204.0,3.500375,0.012
204.0,3.501375,0.01225
204.0,3.501875,0.012375
204.0,3.501875,0.012375
204.0,3.5015,0.012375
204.0,3.501125,0.0125
204.0,3.500875,0.01225
204.0,3.501,0.012125
204.0,3.502125,0.012
204.0,3.503,0.012125
204.0,3.502875,0.01225
204.0,3.502,0.012375
204.0,3.50125,0.012625
204.0,3.500875,0.01225
204.0,3.5005,0.012375
204.0,3.5,0.01225
204.0,3.49975,0.01225
204.0,3.50075,0.012375
204.0,3.501625,0.012375
204.0,3.501625,0.012375
204.0,3.5015,0.012625
204.0,3.501375,0.0125
204.0,3.501125,0.012125
204.0,3.5005,0.012125
204.0,3.501125,0.012125
204.0,3.50275,0.01225
204.0,3.503125,0.012375
204.0,3.503125,0.012375
204.0,3.501875,0.01225
204.0,3.501125,0.012375
204.0,3.500625,0.01225
204.0,3.5,0.012125
204.0,3.499375,0.01225
204.0,3.49925,0.01225
204.0,3.50075,0.01225
204.0,3.50075,0.01225
204.0,3.5015,0.012375
204.0,3.501375,0.012375
204.0,3.501,0.012125
204.0,3.50125,0.012375
204.0,3.501125,0.01225
204.0,3.501625,0.012125
204.0,3.502375,0.012
204.0,3.502625,0.012125
204.0,3.50225,0.01225
204.0,3.501375,0.01225
204.0,3.500875,0.0125
204.0,3.5005,0.012375
204.0,3.500125,0.01225
204.0,3.499625,0.012125
204.0,3.5,0.01225
204.0,3.5,0.01225
204.0,3.501125,0.01225
204.0,3.502125,0.0125
204.0,3.50125,0.0125
204.0,3.50075,0.01225
204.0,3.500625,0.01225
204.0,3.5005,0.012
204.0,3.50175,0.012125
204.0,3.50325,0.01225
204.0,3.503125,0.012125
204.0,3.502125,0.012125
204.0,3.501,0.01225
204.0,3.50075,0.012625
204.0,3.500625,0.012375
204.0,3.50025,0.01225
205.0,3.502125,0.00675
205.0,3.50275,0.00675
205.0,3.50225,0.006875
205.0,3.501375,0.007
205.0,3.500875,0.007125
205.0,3.50075,0.00725
205.0,3.500375,0.007
205.0,3.49975,0.00675
205.0,3.49975,0.00675
205.0,3.4995,0.006875
205.0,3.500375,0.00675
205.0,3.501375,0.007
205.0,3.501375,0.007
205.0,3.50125,0.007
205.0,3.501125,0.007125
205.0,3.50075,0.007
205.0,3.501125,0.006625
205.0,3.50225,0.0065
205.0,3.503,0.00675
205.0,3.5025,0.00675
205.0,3.501,0.006625
205.0,3.500625,0.00675
205.0,3.500625,0.006625
205.0,3.5,0.00675
205.0,3.4995,0.00675
205.0,3.4995,0.00675
205.0,3.499875,0.00675
205.0,3.501125,0.006625
205.0,3.502125,0.006875
205.0,3.50125,0.007
205.0,3.501125,0.006625
205.0,3.501125,0.006875
205.0,3.50075,0.00675
205.0,3.50125,0.00675
205.0,3.502125,0.00675
205.0,3.502625,0.006625
205.0,3.502,0.00675
205.0,3.501375,0.006875
205.0,3.501125,0.006625
205.0,3.500375,0.006625
205.0,3.499875,0.00675
205.0,3.499875,0.00675
205.0,3.5,0.006875
205.0,3.5005,0.00675
205.0,3.50125,0.006875
205.0,3.5015,0.007125
205.0,3.50125,0.007
205.0,3.501125,0.00675
205.0,3.50075,0.006625
205.0,3.501,0.006625
205.0,3.50225,0.0065
205.0,3.502625,0.006625
205.0,3.50275,0.006875
205.0,3.501875,0.00675
205.0,3.50075,0.00675
205.0,3.50075,0.00675
205.0,3.500375,0.006625
205.0,3.500375,0.006625
205.0,3.500125,0.006625
205.0,3.500125,0.006625
205.0,3.50075,0.00675
205.0,3.5015,0.007
205.0,3.501625,0.00725
205.0,3.50125,0.007
205.0,3.501125,0.006875
205.0,3.500875,0.00675
205.0,3.501125,0.00675
205.0,3.502625,0.006625
205.0,3.503125,0.006625
205.0,3.50275,0.006625
205.0,3.501625,0.006875
205.0,3.500875,0.006875
205.0,3.500375,0.00675
205.0,3.500375,0.00675
205.0,3.500125,0.00675
205.0,3.499625,0.00675
205.0,3.5,0.006625
205.0,3.500875,0.00675
205.0,3.501875,0.007
205.0,3.502,0.007
205.0,3.5015,0.0065
205.0,3.500875,0.006625
205.0,3.5005,0.00675
205.0,3.501,0.006625
205.0,3.50225,0.006625
205.0,3.502375,0.007
205.0,3.502125,0.006875
205.0,3.501375,0.006875
205.0,3.501125,0.006875
205.0,3.50075,0.006875
205.0,3.50075,0.006875
205.0,3.500375,0.00675
205.0,3.49975,0.00675
205.0,3.50025,0.00675
205.0,3.501625,0.00675
205.0,3.50175,0.006875
205.0,3.500875,0.006875
205.0,3.501,0.00675
205.0,3.501,0.006875
205.0,3.50075,0.00675
205.0,3.502375,0.006625
205.0,3.503,0.006625
205.0,3.50275,0.007
205.0,3.501625,0.007125
205.0,3.50075,0.007125
205.0,3.500625,0.007
205.0,3.500625,0.007
205.0,3.50025,0.00675
205.0,3.5,0.006625
205.0,3.499875,0.006625
205.0,3.5,0.006625
205.0,3.501125,0.006875
205.0,3.501875,0.006875
205.0,3.501125,0.006875
205.0,3.5005,0.00675
205.0,3.500375,0.006625
205.0,3.501125,0.00675
205.0,3.50275,0.006875
205.0,3.5035,0.00675
205.0,3.50275,0.006625
205.0,3.501375,0.006875
205.0,3.500875,0.006875
205.0,3.500875,0.006875
205.0,3.50075,0.00675
205.0,3.50025,0.00675
205.0,3.499875,0.00675
205.0,3.500125,0.00675
205.0,3.501375,0.00675
205.0,3.502,0.006625
205.0,3.501375,0.006375
205.0,3.501125,0.006625
205.0,3.501125,0.0065
205.0,3.500875,0.006625
205.0,3.501375,0.00675
205.0,3.5025,0.006625
205.0,3.502875,0.0065
205.0,3.5025,0.006375
205.0,3.501125,0.0065
205.0,3.501125,0.0065
205.0,3.500625,0.0065
205.0,3.50025,0.006625
205.0,3.5,0.00675
205.0,3.499625,0.006625
205.0,3.500125,0.006625
205.0,3.501125,0.006875
205.0,3.5015,0.006875
205.0,3.50125,0.006875
205.0,3.501125,0.00675
205.0,3.50075,0.006625
205.0,3.501,0.00675
205.0,3.502125,0.006625
205.0,3.503,0.006625
205.0,3.50325,0.0065
205.0,3.501875,0.006375
205.0,3.500875,0.006375
205.0,3.500875,0.006625
205.0,3.50025,0.00675
205.0,3.50025,0.006875
205.0,3.499625,0.00675
205.0,3.499375,0.006625
205.0,3.500125,0.006625
205.0,3.50125,0.00675
205.0,3.501875,0.006875
205.0,3.501625,0.006875
205.0,3.50125,0.006875
205.0,3.501125,0.006625
205.0,3.501375,0.006625
205.0,3.5025,0.00675
205.0,3.503,0.00675
206.0,3.500375,0.003375
206.0,3.500125,0.003375
206.0,3.499625,0.00325
206.0,3.49975,0.00325
206.0,3.500625,0.003375
206.0,3.501875,0.003625
206.0,3.501625,0.003625
206.0,3.501125,0.003375
206.0,3.501125,0.003375
206.0,3.501125,0.003375
206.0,3.5005,0.00325
206.0,3.501375,0.003375
206.0,3.5025,0.003375
206.0,3.503125,0.00325
206.0,3.502125,0.00325
206.0,3.501125,0.00325
206.0,3.500875,0.003125
206.0,3.5005,0.003375
206.0,3.500375,0.00325
206.0,3.500125,0.00325
206.0,3.500125,0.00325
206.0,3.500625,0.003375
206.0,3.501625,0.0035
206.0,3.501625,0.003625
206.0,3.501625,0.003625
206.0,3.501125,0.003625
206.0,3.5005,0.003375
206.0,3.500625,0.003125
206.0,3.50175,0.00325
206.0,3.50275,0.00325
206.0,3.502875,0.00325
206.0,3.50175,0.003375
206.0,3.5005,0.0035
206.0,3.5,0.003375
206.0,3.5005,0.003125
206.0,3.5,0.003125
206.0,3.499625,0.00325
206.0,3.50025,0.0035
206.0,3.501125,0.0035
206.0,3.5015,0.00325
206.0,3.5015,0.00325
206.0,3.501125,0.00325
206.0,3.501,0.003125
206.0,3.500625,0.003375
206.0,3.50125,0.00325
206.0,3.502375,0.00325
206.0,3.502625,0.00325
206.0,3.50225,0.00325
206.0,3.501875,0.00325
206.0,3.501,0.003625
206.0,3.50075,0.00375
206.0,3.500375,0.0035
206.0,3.49975,0.003375
206.0,3.499875,0.003375
206.0,3.500875,0.003375
206.0,3.501625,0.0035
206.0,3.5015,0.00375
206.0,3.5015,0.00375
206.0,3.501125,0.003625
206.0,3.500625,0.003375
206.0,3.50025,0.003375
206.0,3.500875,0.003375
206.0,3.502125,0.003375
206.0,3.502875,0.00325
206.0,3.502625,0.003375
206.0,3.50125,0.0035
206.0,3.500125,0.003375
206.0,3.5,0.003375
206.0,3.499625,0.003375
206.0,3.49975,0.00325
206.0,3.499875,0.003375
206.0,3.500875,0.003375
206.0,3.5015,0.003375
206.0,3.5015,0.003375
206.0,3.5015,0.0035
206.0,3.501375,0.00325
206.0,3.501,0.00325
206.0,3.500625,0.003625
206.0,3.501375,0.003375
206.0,3.50275,0.00325
206.0,3.503375,0.00325
206.0,3.502125,0.003375
206.0,3.50075,0.0035
206.0,3.50075,0.003375
206.0,3.50075,0.0035
206.0,3.500375,0.0035
206.0,3.5,0.0035
206.0,3.50025,0.0035
206.0,3.501,0.003625
206.0,3.501,0.003625
206.0,3.501625,0.003875
206.0,3.501375,0.003875
206.0,3.501,0.003625
206.0,3.5005,0.0035
206.0,3.500625,0.003375
206.0,3.50225,0.003375
206.0,3.502875,0.003375
206.0,3.5025,0.003375
206.0,3.501375,0.0035
206.0,3.501125,0.003375
206.0,3.50075,0.0035
206.0,3.5,0.0035
206.0,3.499625,0.0035
206.0,3.49975,0.0035
206.0,3.50075,0.003375
206.0,3.50175,0.0035
206.0,3.50175,0.0035
206.0,3.50175,0.003375
206.0,3.50125,0.00325
206.0,3.50125,0.00325
206.0,3.5005,0.00325
206.0,3.501125,0.003375
206.0,3.50225,0.00325
206.0,3.5025,0.003
206.0,3.502375,0.002875
206.0,3.501125,0.002875
206.0,3.5005,0.00325
206.0,3.5005,0.00325
206.0,3.500375,0.003375
206.0,3.49975,0.00325
206.0,3.500375,0.003375
206.0,3.501625,0.00375
206.0,3.501625,0.00375
206.0,3.5025,0.0035
206.0,3.501375,0.0035
206.0,3.501,0.00375
206.0,3.50075,0.003625
206.0,3.500875,0.003375
206.0,3.501625,0.003375
206.0,3.5025,0.003375
206.0,3.503,0.0035
206.0,3.502125,0.003625
206.0,3.500875,0.00325
206.0,3.50025,0.003
206.0,3.500625,0.00325
206.0,3.500375,0.003375
206.0,3.49975,0.003125
206.0,3.500625,0.00325
206.0,3.500625,0.00325
206.0,3.501375,0.003375
206.0,3.501375,0.0035
206.0,3.50075,0.00325
206.0,3.500875,0.00325
206.0,3.500875,0.003375
206.0,3.500875,0.00325
206.0,3.50175,0.00325
206.0,3.5025,0.00325
206.0,3.502375,0.003375
206.0,3.50175,0.003625
206.0,3.50075,0.003375
206.0,3.500375,0.003375
206.0,3.500375,0.003375
206.0,3.499875,0.003375
206.0,3.499875,0.00325
206.0,3.499875,0.00325
206.0,3.500875,0.003375
206.0,3.5015,0.0035
206.0,3.501625,0.003625
206.0,3.5015,0.0035
206.0,3.501125,0.003375
206.0,3.50075,0.003375
206.0,3.501,0.00325
206.0,3.502125,0.00325
206.0,3.502625,0.00325
206.0,3.50225,0.003375
206.0,3.501125,0.003375
206.0,3.500375,0.00325
206.0,3.5005,0.003375
206.0,3.50025,0.00325
207.0,3.49975,0.002125
207.0,3.499625,0.002125
207.0,3.50075,0.002125
207.0,3.501875,0.002125
207.0,3.5015,0.00225
207.0,3.501,0.00225
207.0,3.501,0.002
207.0,3.5005,0.002
207.0,3.5005,0.002
207.0,3.501125,0.002125
207.0,3.502625,0.002125
207.0,3.50325,0.002125
207.0,3.5025,0.00225
207.0,3.501125,0.002375
207.0,3.500625,0.002375
207.0,3.50075,0.00225
207.0,3.500125,0.002125
207.0,3.5,0.002125
207.0,3.500375,0.00225
207.0,3.50125,0.002125
207.0,3.50175,0.002
207.0,3.501625,0.00225
207.0,3.50125,0.002
207.0,3.500875,0.002
207.0,3.500875,0.002
207.0,3.500875,0.002
207.0,3.501875,0.002125
207.0,3.5025,0.002125
207.0,3.502625,0.00225
207.0,3.501875,0.002375
207.0,3.500625,0.002375
207.0,3.5005,0.00225
207.0,3.5,0.002125
207.0,3.499875,0.002125
207.0,3.5,0.00225
207.0,3.5005,0.002125
207.0,3.5015,0.002
207.0,3.50225,0.002
207.0,3.501875,0.0025
207.0,3.501,0.002375
207.0,3.500625,0.002125
207.0,3.500625,0.002125
207.0,3.500875,0.002
207.0,3.50225,0.002
207.0,3.50275,0.002125
207.0,3.502625,0.00225
207.0,3.50175,0.002375
207.0,3.500625,0.00225
207.0,3.50075,0.002125
207.0,3.500125,0.00225
207.0,3.500375,0.002125
207.0,3.5005,0.002125
207.0,3.500625,0.002125
207.0,3.501625,0.00225
207.0,3.50175,0.002375
207.0,3.501125,0.0025
207.0,3.500625,0.00225
207.0,3.500625,0.00225
207.0,3.500375,0.002
207.0,3.501375,0.002125
207.0,3.5025,0.002125
207.0,3.502875,0.002
207.0,3.502375,0.00225
207.0,3.501625,0.002
207.0,3.50125,0.001875
207.0,3.500625,0.002
207.0,3.5,0.002125
207.0,3.49975,0.00225
207.0,3.49975,0.002
207.0,3.501375,0.002
207.0,3.502125,0.002
207.0,3.501125,0.002
207.0,3.500875,0.002125
207.0,3.500875,0.002125
207.0,3.501125,0.002125
207.0,3.500875,0.002125
207.0,3.501875,0.002125
207.0,3.502875,0.002125
207.0,3.50275,0.002
207.0,3.502375,0.002125
207.0,3.50125,0.0025
207.0,3.500875,0.00225
207.0,3.5005,0.002125
207.0,3.500125,0.00225
207.0,3.499875,0.002
207.0,3.500625,0.002125
207.0,3.50125,0.002125
207.0,3.501375,0.00225
207.0,3.501125,0.002125
207.0,3.501125,0.002125
207.0,3.501125,0.002
207.0,3.500625,0.002
207.0,3.50075,0.002
207.0,3.50225,0.001875
207.0,3.502625,0.002125
207.0,3.5025,0.002
207.0,3.501875,0.001875
207.0,3.501125,0.002125
207.0,3.501,0.00225
207.0,3.50075,0.002125
207.0,3.50025,0.002
207.0,3.500125,0.001875
207.0,3.50075,0.002125
207.0,3.501875,0.002125
207.0,3.501875,0.002375
207.0,3.50125,0.002625
207.0,3.50125,0.002625
207.0,3.500875,0.002375
207.0,3.5005,0.002
207.0,3.500875,0.002
207.0,3.50225,0.00225
207.0,3.503,0.002
207.0,3.502875,0.002
207.0,3.50125,0.002125
207.0,3.5005,0.002375
207.0,3.500625,0.002375
207.0,3.500375,0.00225
207.0,3.5,0.002
207.0,3.500125,0.002
207.0,3.50125,0.002
207.0,3.502,0.002
207.0,3.501625,0.0025
207.0,3.501625,0.0025
207.0,3.501,0.00225
207.0,3.5005,0.00225
207.0,3.500375,0.002125
207.0,3.501125,0.002125
207.0,3.5025,0.002
207.0,3.503,0.002125
207.0,3.50225,0.002125
207.0,3.501125,0.002
207.0,3.500375,0.002375
207.0,3.500625,0.002375
207.0,3.500375,0.00225
207.0,3.5,0.002125
207.0,3.500625,0.002
207.0,3.501625,0.00225
207.0,3.501875,0.00225
207.0,3.501875,0.00225
207.0,3.501125,0.002
207.0,3.501,0.002
207.0,3.500625,0.002
207.0,3.50075,0.002
207.0,3.502,0.002
207.0,3.502875,0.002
207.0,3.5025,0.002375
207.0,3.501625,0.002375
207.0,3.500625,0.002125
207.0,3.501,0.002375
207.0,3.500375,0.00225
207.0,3.499625,0.00225
207.0,3.499625,0.002
207.0,3.5005,0.002125
207.0,3.501875,0.002125
207.0,3.501875,0.002125
207.0,3.501875,0.00225
207.0,3.501125,0.002375
207.0,3.500875,0.00225
207.0,3.500625,0.002
207.0,3.500875,0.002
207.0,3.50225,0.00225
207.0,3.50325,0.00225
207.0,3.503,0.002375
207.0,3.501875,0.002
207.0,3.500625,0.001875
207.0,3.50025,0.002
207.0,3.5005,0.002125
207.0,3.5,0.002
207.0,3.5,0.002125
208.0,3.500125,0.002875
208.0,3.500875,0.002875
208.0,3.50175,0.003
208.0,3.501125,0.002875
208.0,3.50075,0.002875
208.0,3.50075,0.003
208.0,3.500625,0.002875
208.0,3.501375,0.002875
208.0,3.501375,0.002875
208.0,3.502125,0.00275
208.0,3.5025,0.002625
208.0,3.5025,0.00275
208.0,3.501375,0.00325
208.0,3.500125,0.003125
208.0,3.50025,0.003
208.0,3.50025,0.003
208.0,3.499625,0.00275
208.0,3.49975,0.002875
208.0,3.501125,0.003125
208.0,3.5015,0.00325
208.0,3.500625,0.003125
208.0,3.500375,0.003
208.0,3.500375,0.002875
208.0,3.50025,0.002875
208.0,3.501375,0.003
208.0,3.501375,0.003
208.0,3.502875,0.003
208.0,3.50275,0.002875
208.0,3.501875,0.003
208.0,3.50075,0.003375
208.0,3.500125,0.002875
208.0,3.50025,0.002875
208.0,3.50025,0.003
208.0,3.49975,0.002875
208.0,3.5,0.002875
208.0,3.501125,0.002875
208.0,3.501625,0.003125
208.0,3.500875,0.002875
208.0,3.501,0.00275
208.0,3.5005,0.00275
208.0,3.500875,0.002875
208.0,3.500875,0.002875
208.0,3.502125,0.003
208.0,3.502875,0.002875
208.0,3.502875,0.003125
208.0,3.501875,0.00325
208.0,3.500625,0.003
208.0,3.5005,0.003
208.0,3.500125,0.003125
208.0,3.499875,0.002875
208.0,3.5,0.002625
208.0,3.50025,0.003
208.0,3.501125,0.00325
208.0,3.501375,0.003375
208.0,3.501,0.00325
208.0,3.500875,0.003
208.0,3.50075,0.003
208.0,3.50075,0.003
208.0,3.501,0.003125
208.0,3.502375,0.002875
208.0,3.503,0.003
208.0,3.50275,0.003125
208.0,3.50175,0.00275
208.0,3.500875,0.002875
208.0,3.50025,0.002875
208.0,3.50025,0.003
208.0,3.49975,0.003
208.0,3.499875,0.003
208.0,3.501125,0.003125
208.0,3.50225,0.003125
208.0,3.502,0.00325
208.0,3.5015,0.00325
208.0,3.501,0.00325
208.0,3.501,0.00325
208.0,3.500875,0.003
208.0,3.5015,0.002875
208.0,3.502375,0.002875
208.0,3.5025,0.003
208.0,3.501875,0.00325
208.0,3.500875,0.003375
208.0,3.50075,0.003
208.0,3.500375,0.003
208.0,3.500125,0.003
208.0,3.49975,0.003
208.0,3.500125,0.003
208.0,3.501375,0.00325
208.0,3.5015,0.003375
208.0,3.50125,0.00325
208.0,3.501,0.00275
208.0,3.500375,0.00275
208.0,3.500375,0.00275
208.0,3.500375,0.00275
208.0,3.501875,0.00275
208.0,3.50275,0.00275
208.0,3.502625,0.002875
208.0,3.501875,0.00325
208.0,3.501625,0.002875
208.0,3.500875,0.003125
208.0,3.500125,0.003
208.0,3.49975,0.003
208.0,3.499875,0.00275
208.0,3.50075,0.002875
208.0,3.5015,0.002875
208.0,3.501,0.002875
208.0,3.500625,0.002625
208.0,3.500875,0.00275
208.0,3.500875,0.00275
208.0,3.50075,0.002625
208.0,3.50125,0.002625
208.0,3.5025,0.00275
208.0,3.50325,0.002875
208.0,3.502625,0.002875
208.0,3.50125,0.003125
208.0,3.5005,0.002875
208.0,3.500625,0.002875
208.0,3.50025,0.003
208.0,3.4995,0.002875
208.0,3.50025,0.002875
208.0,3.50125,0.002875
208.0,3.501625,0.00275
208.0,3.50125,0.002875
208.0,3.50075,0.003
208.0,3.50075,0.003
208.0,3.50075,0.002875
208.0,3.500625,0.002875
208.0,3.501625,0.002875
208.0,3.503125,0.003
208.0,3.503375,0.002875
208.0,3.502,0.00275
208.0,3.500625,0.002875
208.0,3.500125,0.002875
208.0,3.50025,0.002875
208.0,3.49975,0.002875
208.0,3.49975,0.00275
208.0,3.500375,0.002875
208.0,3.5015,0.002875
208.0,3.50175,0.00275
208.0,3.50125,0.003
208.0,3.50125,0.003
208.0,3.50125,0.00325
208.0,3.501125,0.002875
208.0,3.500875,0.00275
208.0,3.50175,0.002875
208.0,3.503,0.002875
208.0,3.5025,0.002875
208.0,3.50175,0.002875
208.0,3.501125,0.003
208.0,3.50075,0.003
208.0,3.50025,0.002875
208.0,3.499625,0.00275
208.0,3.4995,0.00275
208.0,3.500625,0.002875
208.0,3.50175,0.00275
208.0,3.50175,0.002875
208.0,3.50175,0.002875
208.0,3.501375,0.002875
208.0,3.501375,0.002875
208.0,3.500875,0.00275
208.0,3.501,0.00275
208.0,3.5025,0.002875
208.0,3.503,0.00275
208.0,3.502625,0.002625
208.0,3.50175,0.00275
208.0,3.501,0.003
208.0,3.500625,0.002875
208.0,3.500125,0.002875
208.0,3.5,0.003
208.0,3.50025,0.00275
208.0,3.500875,0.002875
209.0,3.5025,0.006125
209.0,3.502125,0.00625
209.0,3.5015,0.006125
209.0,3.501,0.006
209.0,3.500625,0.006
209.0,3.5,0.006
209.0,3.499625,0.006
209.0,3.500375,0.006
209.0,3.500375,0.006
209.0,3.501625,0.006
209.0,3.50175,0.00625
209.0,3.50125,0.006
209.0,3.50075,0.005875
209.0,3.500625,0.006
209.0,3.501,0.006
209.0,3.50225,0.006
209.0,3.50325,0.006125
209.0,3.502875,0.00625
209.0,3.502125,0.006
209.0,3.50075,0.005875
209.0,3.500375,0.006
209.0,3.50025,0.006
209.0,3.499875,0.006
209.0,3.5,0.00575
209.0,3.5,0.005875
209.0,3.500875,0.005875
209.0,3.501375,0.006
209.0,3.501375,0.006
209.0,3.501125,0.006
209.0,3.501,0.006
209.0,3.5005,0.006
209.0,3.50075,0.005875
209.0,3.50225,0.005875
209.0,3.50325,0.006
209.0,3.502625,0.006
209.0,3.50075,0.006125
209.0,3.500375,0.00625
209.0,3.5005,0.006
209.0,3.500125,0.006
209.0,3.49975,0.006
209.0,3.499875,0.006
209.0,3.499875,0.006
209.0,3.50075,0.006125
209.0,3.50175,0.006125
209.0,3.501875,0.006
209.0,3.50125,0.006
209.0,3.500875,0.006
209.0,3.500625,0.005875
209.0,3.501375,0.006
209.0,3.502625,0.006
209.0,3.50275,0.006
209.0,3.502125,0.005875
209.0,3.500875,0.006125
209.0,3.5005,0.006
209.0,3.500375,0.006
209.0,3.500125,0.006
209.0,3.49975,0.005875
209.0,3.49975,0.005875
209.0,3.5,0.006
209.0,3.501,0.006
209.0,3.501625,0.006125
209.0,3.501125,0.006
209.0,3.501,0.006
209.0,3.500875,0.005875
209.0,3.500875,0.005875
209.0,3.50225,0.00575
209.0,3.50325,0.005875
209.0,3.502625,0.006
209.0,3.5015,0.006
209.0,3.500375,0.005875
209.0,3.500375,0.006
209.0,3.500125,0.006
209.0,3.499875,0.006
209.0,3.499875,0.006
209.0,3.49975,0.005875
209.0,3.500875,0.005875
209.0,3.502,0.00625
209.0,3.502,0.00625
209.0,3.501375,0.006
209.0,3.5015,0.00625
209.0,3.501,0.006
209.0,3.500875,0.00575
209.0,3.502,0.00575
209.0,3.503,0.005875
209.0,3.503,0.00625
209.0,3.50175,0.005875
209.0,3.5005,0.005875
209.0,3.500375,0.006
209.0,3.500125,0.005875
209.0,3.500125,0.005875
209.0,3.499375,0.006
209.0,3.499875,0.005875
209.0,3.501125,0.005875
209.0,3.501625,0.006
209.0,3.501625,0.005875
209.0,3.501,0.005875
209.0,3.501,0.006
209.0,3.500625,0.005875
209.0,3.50125,0.005875
209.0,3.5025,0.005875
209.0,3.50275,0.006
209.0,3.50225,0.006125
209.0,3.50125,0.006125
209.0,3.5005,0.006125
209.0,3.500375,0.006125
209.0,3.499875,0.006
209.0,3.499875,0.006
209.0,3.499375,0.005875
209.0,3.499625,0.005875
209.0,3.500625,0.006
209.0,3.501,0.005875
209.0,3.500625,0.005875
209.0,3.501125,0.006
209.0,3.500875,0.00575
209.0,3.500875,0.00575
209.0,3.502,0.00575
209.0,3.503,0.00575
209.0,3.503,0.006125
209.0,3.501875,0.0065
209.0,3.500375,0.006125
209.0,3.500125,0.006
209.0,3.500125,0.006
209.0,3.500125,0.006
209.0,3.5,0.005875
209.0,3.49975,0.005875
209.0,3.50025,0.005875
209.0,3.501625,0.005875
209.0,3.50125,0.006125
209.0,3.501125,0.006
209.0,3.501625,0.006
209.0,3.501,0.006
209.0,3.500875,0.005875
209.0,3.50225,0.005875
209.0,3.503,0.005875
209.0,3.5025,0.006
209.0,3.502,0.005625
209.0,3.50125,0.005875
209.0,3.50075,0.006
209.0,3.50075,0.006
209.0,3.50025,0.006
209.0,3.499875,0.005875
209.0,3.49925,0.005875
209.0,3.500375,0.005875
209.0,3.50175,0.005875
209.0,3.50125,0.006
209.0,3.501125,0.006125
209.0,3.50125,0.006
209.0,3.500875,0.005875
209.0,3.501375,0.00575
209.0,3.502375,0.005625
209.0,3.502375,0.005875
209.0,3.502,0.005875
209.0,3.501375,0.006
209.0,3.500875,0.00625
209.0,3.500375,0.00625
209.0,3.500375,0.006125
209.0,3.500125,0.006
209.0,3.50025,0.005875
209.0,3.500375,0.005875
209.0,3.501125,0.005875
209.0,3.502125,0.00625
209.0,3.502125,0.006
209.0,3.5015,0.006125
209.0,3.500625,0.00625
209.0,3.500875,0.005875
209.0,3.50225,0.00575
209.0,3.502625,0.006
209.0,3.5025,0.006
209.0,3.502125,0.006
210.0,3.502375,0.010875
210.0,3.501,0.010875
210.0,3.500375,0.011
210.0,3.50025,0.010875
210.0,3.500125,0.011
210.0,3.5,0.011
210.0,3.500125,0.011
210.0,3.501375,0.011125
210.0,3.501375,0.011125
210.0,3.501625,0.01125
210.0,3.501375,0.011
210.0,3.50125,0.011125
210.0,3.501,0.011125
210.0,3.5005,0.011125
210.0,3.501875,0.011125
210.0,3.503125,0.011
210.0,3.502875,0.011125
210.0,3.50225,0.0115
210.0,3.500875,0.01125
210.0,3.50025,0.011
210.0,3.500625,0.010875
210.0,3.500125,0.011
210.0,3.499875,0.011125
210.0,3.500375,0.011
210.0,3.501375,0.011125
210.0,3.501375,0.011125
210.0,3.501375,0.011125
210.0,3.500875,0.011125
210.0,3.500875,0.011125
210.0,3.5,0.011125
210.0,3.50075,0.01125
210.0,3.502625,0.011
210.0,3.502875,0.011
210.0,3.502,0.011375
210.0,3.501625,0.0115
210.0,3.500875,0.01125
210.0,3.500625,0.011
210.0,3.50025,0.011125
210.0,3.500125,0.01125
210.0,3.500125,0.011
210.0,3.50075,0.011
210.0,3.50075,0.011
210.0,3.501875,0.011
210.0,3.5015,0.011
210.0,3.50125,0.010875
210.0,3.500875,0.010875
210.0,3.50075,0.011
210.0,3.501625,0.010875
210.0,3.5025,0.010875
210.0,3.502625,0.011
210.0,3.5025,0.011125
210.0,3.501375,0.010875
210.0,3.500875,0.010875
210.0,3.5005,0.010875
210.0,3.50025,0.011125
210.0,3.500375,0.010875
210.0,3.50075,0.010875
210.0,3.50075,0.010875
210.0,3.50175,0.011
210.0,3.502375,0.01125
210.0,3.501625,0.011125
210.0,3.5015,0.011125
210.0,3.500875,0.011
210.0,3.500625,0.011
210.0,3.501625,0.010875
210.0,3.502625,0.011125
210.0,3.502875,0.011125
210.0,3.502125,0.01125
210.0,3.501375,0.01125
210.0,3.500875,0.01125
210.0,3.5005,0.01125
210.0,3.5,0.011
210.0,3.49975,0.01075
210.0,3.49975,0.01075
210.0,3.500125,0.010875
210.0,3.501,0.01125
210.0,3.501375,0.011
210.0,3.500875,0.011
210.0,3.501125,0.011
210.0,3.500625,0.011
210.0,3.50075,0.011
210.0,3.501875,0.010875
210.0,3.502875,0.011
210.0,3.502875,0.011125
210.0,3.501875,0.011125
210.0,3.500625,0.01125
210.0,3.500375,0.011375
210.0,3.50025,0.011125
210.0,3.499625,0.010875
210.0,3.499625,0.011
210.0,3.499875,0.011
210.0,3.5005,0.011125
210.0,3.5015,0.011
210.0,3.501375,0.010875
210.0,3.50075,0.011
210.0,3.500625,0.011125
210.0,3.500625,0.011
210.0,3.501,0.011
210.0,3.502375,0.011
210.0,3.502875,0.011125
210.0,3.5025,0.011125
210.0,3.501125,0.011
210.0,3.501,0.010875
210.0,3.5005,0.011
210.0,3.499875,0.011
210.0,3.499875,0.011
210.0,3.499875,0.011
210.0,3.500125,0.011
210.0,3.50125,0.011125
210.0,3.501875,0.011125
210.0,3.501375,0.011125
210.0,3.501,0.011125
210.0,3.500875,0.011125
210.0,3.50075,0.010875
210.0,3.501875,0.010875
210.0,3.50275,0.011125
210.0,3.502875,0.010875
210.0,3.502,0.010875
210.0,3.500875,0.01125
210.0,3.500375,0.01125
210.0,3.499875,0.011375
210.0,3.5,0.011125
210.0,3.5,0.011125
210.0,3.499625,0.011
210.0,3.5,0.010875
210.0,3.50125,0.011
210.0,3.501875,0.01125
210.0,3.501375,0.011375
210.0,3.500875,0.01125
210.0,3.500625,0.011
210.0,3.500875,0.011
210.0,3.502,0.011
210.0,3.50275,0.011125
210.0,3.502125,0.01125
210.0,3.501125,0.011
210.0,3.500625,0.01125
210.0,3.500125,0.011375
210.0,3.4995,0.011
210.0,3.4995,0.011
210.0,3.499625,0.010875
210.0,3.500125,0.010875
210.0,3.500625,0.011
210.0,3.50125,0.011
210.0,3.50125,0.011
210.0,3.501,0.011125
210.0,3.50075,0.011
210.0,3.50075,0.011
210.0,3.5015,0.010875
210.0,3.5025,0.010875
210.0,3.503,0.010875
210.0,3.502375,0.011
210.0,3.500875,0.01125
210.0,3.5,0.011125
210.0,3.500375,0.011125
210.0,3.500375,0.011125
210.0,3.500375,0.011
210.0,3.49975,0.011
210.0,3.500125,0.010875
210.0,3.5015,0.011125
210.0,3.502,0.011125
210.0,3.501125,0.01125
210.0,3.500875,0.01125
210.0,3.501125,0.01125
210.0,3.50075,0.011
210.0,3.501375,0.010875
210.0,3.502625,0.011
210.0,3.503,0.011125
210.0,3.50225,0.011
210.0,3.50125,0.011
211.0,3.503,0.01825
211.0,3.502125,0.018375
211.0,3.501,0.01875
211.0,3.5005,0.018625
211.0,3.50025,0.0185
211.0,3.50025,0.01825
211.0,3.500125,0.01825
211.0,3.501,0.01825
211.0,3.501,0.01825
211.0,3.502,0.018125
211.0,3.502125,0.018625
211.0,3.501125,0.018625
211.0,3.501,0.018625
211.0,3.50075,0.018375
211.0,3.501125,0.018
211.0,3.502375,0.018125
211.0,3.503,0.018125
211.0,3.502625,0.018125
211.0,3.5015,0.0185
211.0,3.501,0.018625
211.0,3.500875,0.018375
211.0,3.500375,0.018375
211.0,3.499875,0.01825
211.0,3.50025,0.018
211.0,3.50025,0.01825
211.0,3.5015,0.01825
211.0,3.50225,0.01825
211.0,3.5015,0.018125
211.0,3.501375,0.01825
211.0,3.501125,0.01825
211.0,3.500125,0.018125
211.0,3.501125,0.018125
211.0,3.50225,0.01825
211.0,3.5025,0.01825
211.0,3.50225,0.018
211.0,3.50125,0.018
211.0,3.500875,0.01825
211.0,3.500875,0.018375
211.0,3.5005,0.01825
211.0,3.499875,0.01825
211.0,3.50025,0.01825
211.0,3.50025,0.01825
211.0,3.501625,0.018375
211.0,3.502125,0.01825
211.0,3.501375,0.018125
211.0,3.501375,0.018125
211.0,3.501125,0.01825
211.0,3.500125,0.01825
211.0,3.501375,0.018125
211.0,3.502625,0.018375
211.0,3.503,0.018375
211.0,3.502125,0.018375
211.0,3.500375,0.0185
211.0,3.50025,0.018375
211.0,3.500625,0.01825
211.0,3.50025,0.018
211.0,3.49975,0.018
211.0,3.49975,0.018
211.0,3.500125,0.01825
211.0,3.501,0.01825
211.0,3.50175,0.0185
211.0,3.501375,0.018125
211.0,3.501125,0.01825
211.0,3.50075,0.018125
211.0,3.500875,0.018
211.0,3.502,0.018125
211.0,3.50275,0.018375
211.0,3.50275,0.0185
211.0,3.501375,0.018375
211.0,3.50075,0.0185
211.0,3.500875,0.018375
211.0,3.500375,0.018375
211.0,3.49975,0.01825
211.0,3.49975,0.01825
211.0,3.499875,0.018375
211.0,3.501,0.018375
211.0,3.501375,0.0185
211.0,3.501,0.018625
211.0,3.501125,0.018375
211.0,3.501375,0.01825
211.0,3.500875,0.01825
211.0,3.501,0.01825
211.0,3.502375,0.018125
211.0,3.502625,0.01825
211.0,3.502375,0.01825
211.0,3.5015,0.018125
211.0,3.50075,0.018625
211.0,3.500375,0.018375
211.0,3.500125,0.01825
211.0,3.49975,0.01825
211.0,3.49975,0.01825
211.0,3.499875,0.018375
211.0,3.50075,0.01825
211.0,3.5015,0.018625
211.0,3.501375,0.01875
211.0,3.500875,0.018625
211.0,3.5005,0.0185
211.0,3.5005,0.018125
211.0,3.50175,0.018125
211.0,3.502375,0.018375
211.0,3.502375,0.01825
211.0,3.502625,0.0185
211.0,3.50125,0.018375
211.0,3.50025,0.018625
211.0,3.5,0.018625
211.0,3.500125,0.018375
211.0,3.500125,0.018375
211.0,3.500125,0.01825
211.0,3.5005,0.018125
211.0,3.501375,0.0185
211.0,3.50125,0.0185
211.0,3.501,0.0185
211.0,3.50125,0.018375
211.0,3.5005,0.018375
211.0,3.5005,0.01825
211.0,3.50175,0.01825
211.0,3.502625,0.01825
211.0,3.502625,0.01825
211.0,3.5015,0.018375
211.0,3.5005,0.018125
211.0,3.500375,0.01825
211.0,3.500375,0.01825
211.0,3.500375,0.01825
211.0,3.5,0.01825
211.0,3.499875,0.01825
211.0,3.501,0.018375
211.0,3.502,0.018125
211.0,3.501375,0.018
211.0,3.501125,0.018375
211.0,3.501125,0.018375
211.0,3.5005,0.01825
211.0,3.50075,0.018375
211.0,3.5025,0.01825
211.0,3.503,0.018
211.0,3.502375,0.018
211.0,3.5015,0.018125
211.0,3.500875,0.01825
211.0,3.499875,0.018125
211.0,3.499875,0.018125
211.0,3.499875,0.018125
211.0,3.5,0.01825
211.0,3.500375,0.01825
211.0,3.500875,0.01825
211.0,3.501875,0.0185
211.0,3.501125,0.0185
211.0,3.501,0.0185
211.0,3.500625,0.01825
211.0,3.50025,0.018375
211.0,3.501,0.018375
211.0,3.50275,0.01825
211.0,3.502875,0.018375
211.0,3.50175,0.018375
211.0,3.500625,0.01825
211.0,3.50025,0.018125
211.0,3.50025,0.01825
211.0,3.49975,0.01825
211.0,3.5,0.018375
211.0,3.49975,0.01825
211.0,3.5,0.018375
211.0,3.501,0.018375
211.0,3.5015,0.01825
211.0,3.501125,0.01825
211.0,3.501125,0.018375
211.0,3.500875,0.018375
211.0,3.500625,0.01825
211.0,3.50125,0.018125
211.0,3.5025,0.01825
211.0,3.502375,0.01825
211.0,3.502,0.018375
212.0,3.5025,0.02775
212.0,3.501625,0.02775
212.0,3.5005,0.027625
212.0,3.5,0.027375
212.0,3.49975,0.0275
212.0,3.499625,0.0275
212.0,3.499625,0.0275
212.0,3.500125,0.027625
212.0,3.500125,0.027625
212.0,3.50125,0.027375
212.0,3.50175,0.027375
212.0,3.500875,0.02775
212.0,3.500625,0.02775
212.0,3.500375,0.0275
212.0,3.501125,0.0275
212.0,3.502,0.0275
212.0,3.502125,0.0275
212.0,3.502,0.027375
212.0,3.501625,0.02775
212.0,3.500375,0.027875
212.0,3.5,0.02775
212.0,3.50025,0.0275
212.0,3.500125,0.0275
212.0,3.499875,0.0275
212.0,3.499875,0.0275
212.0,3.50075,0.0275
212.0,3.501625,0.0275
212.0,3.5015,0.027375
212.0,3.500875,0.02725
212.0,3.500625,0.02725
212.0,3.50025,0.0275
212.0,3.501,0.027625
212.0,3.502,0.0275
212.0,3.502375,0.0275
212.0,3.502125,0.02775
212.0,3.5015,0.02775
212.0,3.50075,0.0275
212.0,3.5,0.027625
212.0,3.49975,0.027375
212.0,3.499375,0.027625
212.0,3.500125,0.0275
212.0,3.500125,0.0275
212.0,3.501375,0.0275
212.0,3.501625,0.027625
212.0,3.501125,0.02775
212.0,3.501125,0.027625
212.0,3.50075,0.0275
212.0,3.500625,0.0275
212.0,3.50175,0.0275
212.0,3.50275,0.027625
212.0,3.50225,0.0275
212.0,3.5015,0.027375
212.0,3.501,0.02775
212.0,3.500625,0.027875
212.0,3.50025,0.027625
212.0,3.499625,0.027625
212.0,3.499375,0.0275
212.0,3.499375,0.0275
212.0,3.500125,0.0275
212.0,3.501625,0.02775
212.0,3.50175,0.027875
212.0,3.500875,0.027625
212.0,3.500625,0.0275
212.0,3.500125,0.027625
212.0,3.50075,0.027375
212.0,3.502,0.0275
212.0,3.50225,0.027625
212.0,3.502,0.027625
212.0,3.50125,0.02725
212.0,3.50025,0.0275
212.0,3.500625,0.02775
212.0,3.500375,0.0275
212.0,3.499375,0.0275
212.0,3.499375,0.0275
212.0,3.499375,0.0275
212.0,3.5005,0.027625
212.0,3.50125,0.027625
212.0,3.500875,0.027625
212.0,3.50125,0.02775
212.0,3.501125,0.027625
212.0,3.500375,0.0275
212.0,3.501,0.027375
212.0,3.5025,0.0275
212.0,3.502875,0.027375
212.0,3.50175,0.027375
212.0,3.501125,0.027375
212.0,3.50075,0.027625
212.0,3.5005,0.02775
212.0,3.49975,0.0275
212.0,3.49975,0.0275
212.0,3.49975,0.0275
212.0,3.500125,0.0275
212.0,3.5015,0.0275
212.0,3.501875,0.02775
212.0,3.501125,0.02775
212.0,3.50075,0.0275
212.0,3.50075,0.02775
212.0,3.5005,0.0275
212.0,3.50175,0.027375
212.0,3.50275,0.0275
212.0,3.503,0.0275
212.0,3.50225,0.027625
212.0,3.500625,0.027625
212.0,3.50025,0.0275
212.0,3.5,0.027625
212.0,3.499875,0.027625
212.0,3.499875,0.027625
212.0,3.49975,0.027375
212.0,3.5005,0.027375
212.0,3.50125,0.027875
212.0,3.5015,0.027875
212.0,3.501,0.0275
212.0,3.501125,0.0275
212.0,3.50075,0.027625
212.0,3.50075,0.0275
212.0,3.50175,0.027375
212.0,3.5025,0.0275
212.0,3.5025,0.0275
212.0,3.501625,0.0275
212.0,3.50075,0.027625
212.0,3.5005,0.02775
212.0,3.500125,0.02775
212.0,3.500125,0.02775
212.0,3.49925,0.0275
212.0,3.499125,0.027625
212.0,3.500125,0.0275
212.0,3.50175,0.0275
212.0,3.50125,0.0275
212.0,3.501,0.027625
212.0,3.50075,0.0275
212.0,3.5005,0.0275
212.0,3.501125,0.0275
212.0,3.502,0.0275
212.0,3.50225,0.0275
212.0,3.502375,0.027625
212.0,3.50125,0.02775
212.0,3.500375,0.027375
212.0,3.5,0.027625
212.0,3.5,0.027625
212.0,3.499875,0.027625
212.0,3.499625,0.0275
212.0,3.5,0.0275
212.0,3.500875,0.027625
212.0,3.50175,0.02775
212.0,3.501375,0.028
212.0,3.500875,0.027875
212.0,3.500875,0.027625
212.0,3.500375,0.0275
212.0,3.501375,0.0275
212.0,3.5025,0.0275
212.0,3.5025,0.0275
212.0,3.50175,0.0275
212.0,3.50075,0.027625
212.0,3.500375,0.027875
212.0,3.500375,0.027875
212.0,3.50025,0.027875
212.0,3.499875,0.0275
212.0,3.499125,0.027375
212.0,3.499875,0.027625
212.0,3.501,0.027625
212.0,3.5015,0.027625
212.0,3.500625,0.027625
212.0,3.50075,0.02725
212.0,3.500375,0.0275
212.0,3.500375,0.027625
212.0,3.501375,0.0275
212.0,3.502625,0.0275
212.0,3.50275,0.02775
212.0,3.501625,0.02775
213.0,3.500625,0.038875
213.0,3.50075,0.039125
213.0,3.501625,0.039
213.0,3.50225,0.039
213.0,3.502625,0.039125
213.0,3.50175,0.039125
213.0,3.5005,0.039
213.0,3.500125,0.039
213.0,3.500125,0.039
213.0,3.500375,0.039125
213.0,3.5,0.03925
213.0,3.5,0.039
213.0,3.500875,0.03925
213.0,3.501625,0.039125
213.0,3.501625,0.03925
213.0,3.501125,0.03925
213.0,3.500875,0.039375
213.0,3.50025,0.039
213.0,3.500625,0.039
213.0,3.501875,0.038875
213.0,3.502625,0.039
213.0,3.502375,0.039
213.0,3.501625,0.03925
213.0,3.500875,0.039125
213.0,3.500875,0.039125
213.0,3.5005,0.039125
213.0,3.5,0.039125
213.0,3.499875,0.039
213.0,3.500125,0.039
213.0,3.501,0.039125
213.0,3.501875,0.039375
213.0,3.5015,0.039
213.0,3.501125,0.039125
213.0,3.500625,0.039125
213.0,3.50025,0.039
213.0,3.5015,0.038875
213.0,3.502875,0.038875
213.0,3.50325,0.038875
213.0,3.502875,0.03875
213.0,3.50125,0.039
213.0,3.500625,0.039375
213.0,3.500625,0.039375
213.0,3.500375,0.03925
213.0,3.5,0.039
213.0,3.49975,0.038875
213.0,3.500625,0.038875
213.0,3.501875,0.039125
213.0,3.50175,0.039125
213.0,3.501125,0.039125
213.0,3.500875,0.039125
213.0,3.500625,0.039125
213.0,3.5005,0.038875
213.0,3.5015,0.039
213.0,3.5025,0.039
213.0,3.502625,0.038875
213.0,3.502,0.038875
213.0,3.500875,0.038875
213.0,3.500875,0.038875
213.0,3.5005,0.039125
213.0,3.500375,0.039125
213.0,3.50025,0.039125
213.0,3.49975,0.039
213.0,3.50025,0.039125
213.0,3.50175,0.03925
213.0,3.50175,0.039
213.0,3.501,0.039125
213.0,3.500875,0.039375
213.0,3.5005,0.039125
213.0,3.501125,0.039
213.0,3.50225,0.039
213.0,3.502375,0.038875
213.0,3.50225,0.039
213.0,3.501625,0.03925
213.0,3.501625,0.03925
213.0,3.501125,0.039125
213.0,3.501,0.038875
213.0,3.5005,0.039
213.0,3.49975,0.039
213.0,3.5,0.039125
213.0,3.501,0.039125
213.0,3.5015,0.039125
213.0,3.501125,0.03925
213.0,3.50125,0.0395
213.0,3.501375,0.039125
213.0,3.5005,0.039
213.0,3.501125,0.039
213.0,3.5025,0.038875
213.0,3.502875,0.039125
213.0,3.50275,0.039125
213.0,3.50275,0.039125
213.0,3.501375,0.039125
213.0,3.500375,0.039125
213.0,3.5005,0.039
213.0,3.5005,0.039
213.0,3.499625,0.039
213.0,3.499625,0.039
213.0,3.501375,0.039
213.0,3.502,0.039125
213.0,3.501,0.039125
213.0,3.500875,0.039125
213.0,3.501125,0.039125
213.0,3.500875,0.03925
213.0,3.5015,0.038875
213.0,3.5025,0.03875
213.0,3.503125,0.038875
213.0,3.502,0.03875
213.0,3.502,0.03875
213.0,3.5005,0.039125
213.0,3.500625,0.039
213.0,3.500875,0.039125
213.0,3.500125,0.039
213.0,3.499625,0.039125
213.0,3.500625,0.039125
213.0,3.50175,0.03925
213.0,3.501625,0.039125
213.0,3.50125,0.039125
213.0,3.501375,0.038875
213.0,3.501125,0.039
213.0,3.50075,0.038875
213.0,3.501625,0.039
213.0,3.502375,0.039125
213.0,3.502625,0.039
213.0,3.502625,0.039
213.0,3.5015,0.03875
213.0,3.5005,0.03875
213.0,3.50025,0.039125
213.0,3.500375,0.039
213.0,3.499875,0.039125
213.0,3.499625,0.039125
213.0,3.500375,0.039125
213.0,3.50175,0.039125
213.0,3.501625,0.0395
213.0,3.501125,0.039375
213.0,3.50125,0.03925
213.0,3.500875,0.039
213.0,3.50125,0.038875
213.0,3.50275,0.039
213.0,3.503,0.039
213.0,3.503,0.039
213.0,3.5025,0.039125
213.0,3.50125,0.039125
213.0,3.5005,0.03925
213.0,3.500625,0.039125
213.0,3.50025,0.039
213.0,3.499875,0.038875
213.0,3.500125,0.038875
213.0,3.501375,0.039125
213.0,3.50175,0.039125
213.0,3.500875,0.039
213.0,3.50125,0.038875
213.0,3.50125,0.039125
213.0,3.501,0.039
213.0,3.50175,0.039
213.0,3.50225,0.038875
213.0,3.50225,0.038875
213.0,3.5025,0.039125
213.0,3.5025,0.039
213.0,3.501125,0.03925
213.0,3.50025,0.039
213.0,3.50025,0.03925
213.0,3.5005,0.03925
213.0,3.5,0.039
213.0,3.50025,0.038875
213.0,3.501,0.039125
213.0,3.501375,0.039125
213.0,3.501125,0.039
213.0,3.501125,0.039375
213.0,3.5005,0.039125
213.0,3.50025,0.039125
214.0,3.502,0.052875
214.0,3.50125,0.053
214.0,3.50075,0.052875
214.0,3.500375,0.053
214.0,3.50025,0.052875
214.0,3.499625,0.052625
214.0,3.49975,0.0525
214.0,3.500875,0.052625
214.0,3.500875,0.052625
214.0,3.501625,0.052875
214.0,3.50125,0.05275
214.0,3.501125,0.052625
214.0,3.501,0.0525
214.0,3.500375,0.0525
214.0,3.5015,0.052375
214.0,3.50275,0.0525
214.0,3.5025,0.0525
214.0,3.501875,0.052625
214.0,3.500875,0.05275
214.0,3.50025,0.0525
214.0,3.5,0.052625
214.0,3.49975,0.052625
214.0,3.499625,0.052625
214.0,3.50025,0.052625
214.0,3.50125,0.05225
214.0,3.50125,0.05225
214.0,3.501625,0.052125
214.0,3.500625,0.052625
214.0,3.500375,0.052625
214.0,3.500125,0.0525
214.0,3.5005,0.0525
214.0,3.501625,0.052375
214.0,3.5025,0.0525
214.0,3.50275,0.052375
214.0,3.501625,0.05275
214.0,3.50075,0.05275
214.0,3.50025,0.05275
214.0,3.500125,0.052875
214.0,3.49975,0.052625
214.0,3.49925,0.0525
214.0,3.5005,0.0525
214.0,3.5005,0.0525
214.0,3.501375,0.052625
214.0,3.50125,0.053125
214.0,3.50125,0.053
214.0,3.500875,0.052625
214.0,3.50025,0.0525
214.0,3.501,0.052375
214.0,3.50225,0.052375
214.0,3.502875,0.0525
214.0,3.5025,0.0525
214.0,3.501625,0.053
214.0,3.500875,0.052625
214.0,3.50075,0.05275
214.0,3.50025,0.052625
214.0,3.4995,0.052375
214.0,3.499875,0.0525
214.0,3.499875,0.0525
214.0,3.501,0.05275
214.0,3.501875,0.05275
214.0,3.50125,0.05275
214.0,3.501,0.052875
214.0,3.5005,0.052625
214.0,3.500375,0.0525
214.0,3.501125,0.0525
214.0,3.50225,0.05275
214.0,3.5025,0.052625
214.0,3.502,0.052875
214.0,3.501,0.052875
214.0,3.5005,0.052875
214.0,3.500625,0.052875
214.0,3.5,0.05275
214.0,3.499875,0.052625
214.0,3.499875,0.052625
214.0,3.499875,0.0525
214.0,3.501125,0.052625
214.0,3.5015,0.05275
214.0,3.50125,0.052875
214.0,3.501,0.052875
214.0,3.5005,0.052625
214.0,3.500375,0.0525
214.0,3.50125,0.0525
214.0,3.50225,0.052625
214.0,3.50275,0.05275
214.0,3.502125,0.05275
214.0,3.500875,0.0525
214.0,3.5005,0.052125
214.0,3.50025,0.052375
214.0,3.499875,0.052625
214.0,3.499625,0.0525
214.0,3.499625,0.0525
214.0,3.5005,0.052625
214.0,3.501625,0.052625
214.0,3.501375,0.05275
214.0,3.500625,0.052875
214.0,3.50075,0.05275
214.0,3.501,0.052625
214.0,3.501125,0.0525
214.0,3.5015,0.052375
214.0,3.502625,0.052625
214.0,3.502875,0.052625
214.0,3.50125,0.052375
214.0,3.500125,0.0525
214.0,3.500375,0.052625
214.0,3.500125,0.052625
214.0,3.499375,0.0525
214.0,3.499375,0.0525
214.0,3.499625,0.052375
214.0,3.501125,0.05275
214.0,3.501875,0.052875
214.0,3.5015,0.05275
214.0,3.500875,0.052875
214.0,3.50075,0.052875
214.0,3.500625,0.0525
214.0,3.501375,0.0525
214.0,3.502125,0.052625
214.0,3.502,0.0525
214.0,3.502125,0.05275
214.0,3.501375,0.052625
214.0,3.501,0.052875
214.0,3.500875,0.05275
214.0,3.5,0.05275
214.0,3.5,0.05275
214.0,3.499625,0.0525
214.0,3.500125,0.0525
214.0,3.501125,0.052625
214.0,3.50175,0.052875
214.0,3.5015,0.053125
214.0,3.501,0.053
214.0,3.50075,0.0525
214.0,3.500875,0.0525
214.0,3.501875,0.0525
214.0,3.50275,0.052625
214.0,3.502875,0.052625
214.0,3.501875,0.052375
214.0,3.501,0.05275
214.0,3.50075,0.053
214.0,3.50025,0.05275
214.0,3.50025,0.05275
214.0,3.49975,0.052625
214.0,3.499875,0.052375
214.0,3.50025,0.052625
214.0,3.501375,0.05275
214.0,3.501625,0.05275
214.0,3.501125,0.052875
214.0,3.500875,0.0525
214.0,3.500875,0.0525
214.0,3.501,0.052625
214.0,3.502125,0.0525
214.0,3.502875,0.0525
214.0,3.502375,0.0525
214.0,3.501625,0.052625
214.0,3.500875,0.052875
214.0,3.500375,0.052875
214.0,3.49975,0.052875
214.0,3.49975,0.05275
214.0,3.499625,0.052625
214.0,3.499625,0.052625
214.0,3.500625,0.052625
214.0,3.50175,0.0525
214.0,3.501625,0.052625
214.0,3.5015,0.052625
214.0,3.501,0.052625
214.0,3.5005,0.052625
214.0,3.500875,0.052625
214.0,3.501875,0.0525
214.0,3.502375,0.052625
214.0,3.50175,0.05275
214.0,3.500875,0.052625
215.0,3.501875,0.068375
215.0,3.502,0.068375
215.0,3.502,0.068125
215.0,3.50125,0.068
215.0,3.50025,0.068375
215.0,3.500625,0.068625
215.0,3.500625,0.068375
215.0,3.500125,0.06825
215.0,3.500125,0.06825
215.0,3.49975,0.06825
215.0,3.5005,0.068375
215.0,3.50125,0.0685
215.0,3.501625,0.068375
215.0,3.501125,0.0685
215.0,3.50075,0.06825
215.0,3.5005,0.06825
215.0,3.501,0.068125
215.0,3.502,0.06825
215.0,3.502375,0.068125
215.0,3.502375,0.068375
215.0,3.5015,0.06825
215.0,3.50075,0.068375
215.0,3.5005,0.06825
215.0,3.499875,0.06825
215.0,3.499375,0.06825
215.0,3.499375,0.06825
215.0,3.499875,0.068375
215.0,3.50125,0.068375
215.0,3.501875,0.068375
215.0,3.500875,0.06825
215.0,3.50075,0.068375
215.0,3.500875,0.06825
215.0,3.5005,0.06825
215.0,3.501,0.068125
215.0,3.502625,0.068125
215.0,3.503,0.06825
215.0,3.501875,0.06825
215.0,3.5005,0.068375
215.0,3.500375,0.0685
215.0,3.500125,0.0685
215.0,3.499625,0.06825
215.0,3.499625,0.06825
215.0,3.499625,0.06825
215.0,3.5005,0.06825
215.0,3.5015,0.068375
215.0,3.50175,0.0685
215.0,3.501375,0.06825
215.0,3.501125,0.06825
215.0,3.500375,0.068375
215.0,3.500375,0.068375
215.0,3.50125,0.068125
215.0,3.5025,0.068375
215.0,3.502375,0.068375
215.0,3.502,0.068125
215.0,3.50075,0.068375
215.0,3.5005,0.068625
215.0,3.50025,0.06825
215.0,3.50025,0.06825
215.0,3.5,0.068375
215.0,3.499625,0.06825
215.0,3.5,0.068375
215.0,3.50125,0.068375
215.0,3.501,0.0685
215.0,3.50075,0.068625
215.0,3.50025,0.0685
215.0,3.5005,0.06825
215.0,3.501125,0.068125
215.0,3.502,0.068
215.0,3.502875,0.068125
215.0,3.5025,0.068625
215.0,3.501,0.06875
215.0,3.500375,0.06825
215.0,3.5005,0.068125
215.0,3.5005,0.068125
215.0,3.50025,0.068125
215.0,3.5,0.06825
215.0,3.5,0.06825
215.0,3.500625,0.06825
215.0,3.50125,0.0685
215.0,3.50125,0.068625
215.0,3.500625,0.068375
215.0,3.5005,0.06825
215.0,3.500375,0.06825
215.0,3.501,0.068375
215.0,3.501875,0.06825
215.0,3.5025,0.06825
215.0,3.502,0.068375
215.0,3.50075,0.068125
215.0,3.50025,0.068
215.0,3.50025,0.0685
215.0,3.50025,0.0685
215.0,3.500125,0.0685
215.0,3.499625,0.06825
215.0,3.49975,0.06825
215.0,3.50075,0.068125
215.0,3.501375,0.06825
215.0,3.500875,0.068625
215.0,3.500875,0.0685
215.0,3.500625,0.068375
215.0,3.500625,0.06825
215.0,3.50175,0.068125
215.0,3.502375,0.068125
215.0,3.50225,0.068375
215.0,3.501375,0.06825
215.0,3.500375,0.0685
215.0,3.50025,0.068625
215.0,3.50025,0.068625
215.0,3.500375,0.0685
215.0,3.499875,0.06825
215.0,3.49925,0.068125
215.0,3.500375,0.06825
215.0,3.501375,0.068375
215.0,3.5015,0.06875
215.0,3.50125,0.068625
215.0,3.501125,0.0685
215.0,3.5005,0.068375
215.0,3.500875,0.068125
215.0,3.50225,0.06825
215.0,3.502625,0.068375
215.0,3.50225,0.068375
215.0,3.501375,0.06825
215.0,3.5005,0.068125
215.0,3.5005,0.068125
215.0,3.500625,0.068375
215.0,3.500125,0.068375
215.0,3.499625,0.06825
215.0,3.499875,0.06825
215.0,3.50075,0.0685
215.0,3.501375,0.0685
215.0,3.500875,0.06825
215.0,3.5005,0.06825
215.0,3.5005,0.068375
215.0,3.500375,0.068375
215.0,3.50125,0.068125
215.0,3.502125,0.068125
215.0,3.503,0.06825
215.0,3.502625,0.068125
215.0,3.501,0.06825
215.0,3.501,0.06825
215.0,3.500125,0.0685
215.0,3.50025,0.0685
215.0,3.499625,0.06825
215.0,3.49925,0.068375
215.0,3.49975,0.068375
215.0,3.501125,0.068375
215.0,3.50175,0.068375
215.0,3.501,0.0685
215.0,3.501,0.06825
215.0,3.50075,0.068375
215.0,3.500375,0.068125
215.0,3.501,0.068125
215.0,3.502125,0.068375
215.0,3.50225,0.0685
215.0,3.50125,0.0685
215.0,3.500375,0.0685
215.0,3.500375,0.0685
215.0,3.5005,0.06825
215.0,3.500375,0.06825
215.0,3.499875,0.06825
215.0,3.499625,0.068
215.0,3.50025,0.068125
215.0,3.501625,0.068375
215.0,3.5015,0.068625
215.0,3.501125,0.068375
215.0,3.500625,0.068375
215.0,3.5,0.068125
215.0,3.50075,0.06825
215.0,3.501875,0.068125
215.0,3.50225,0.068125
216.0,3.501875,0.08575
216.0,3.500625,0.086
216.0,3.500125,0.086
216.0,3.500375,0.086
216.0,3.5,0.086
216.0,3.499375,0.08575
216.0,3.4995,0.08575
216.0,3.500375,0.08575
216.0,3.500375,0.08575
216.0,3.501625,0.085875
216.0,3.501125,0.08575
216.0,3.500375,0.08575
216.0,3.499875,0.085875
216.0,3.499875,0.085875
216.0,3.501125,0.08575
216.0,3.50225,0.085625
216.0,3.502375,0.08575
216.0,3.5015,0.08575
216.0,3.5005,0.085875
216.0,3.50025,0.085875
216.0,3.50025,0.08575
216.0,3.499875,0.085875
216.0,3.49925,0.085875
216.0,3.49975,0.085875
216.0,3.501,0.085875
216.0,3.501,0.085875
216.0,3.50175,0.085875
216.0,3.5015,0.08575
216.0,3.500875,0.085875
216.0,3.499875,0.085875
216.0,3.49975,0.08575
216.0,3.501625,0.08575
216.0,3.5025,0.08575
216.0,3.5025,0.086
216.0,3.501375,0.086125
216.0,3.500375,0.086125
216.0,3.5,0.08575
216.0,3.499875,0.085875
216.0,3.499125,0.085875
216.0,3.49925,0.08575
216.0,3.500125,0.08575
216.0,3.500125,0.08575
216.0,3.501125,0.086
216.0,3.500875,0.086125
216.0,3.50075,0.085875
216.0,3.501125,0.08575
216.0,3.500625,0.085625
216.0,3.501125,0.085625
216.0,3.50225,0.085625
216.0,3.50275,0.085875
216.0,3.502,0.085625
216.0,3.500625,0.0855
216.0,3.5005,0.085625
216.0,3.500125,0.085875
216.0,3.4995,0.085875
216.0,3.499375,0.085875
216.0,3.500125,0.085875
216.0,3.500125,0.085875
216.0,3.501,0.085875
216.0,3.50125,0.08575
216.0,3.501375,0.085625
216.0,3.500875,0.085875
216.0,3.500125,0.086125
216.0,3.5,0.085875
216.0,3.50125,0.08575
216.0,3.50225,0.08575
216.0,3.50175,0.086
216.0,3.501375,0.086
216.0,3.500875,0.086
216.0,3.500125,0.086
216.0,3.49975,0.085875
216.0,3.499875,0.08575
216.0,3.499625,0.085875
216.0,3.499625,0.085875
216.0,3.5,0.085875
216.0,3.501,0.085875
216.0,3.50175,0.085875
216.0,3.501,0.085875
216.0,3.5005,0.085875
216.0,3.500375,0.086
216.0,3.50075,0.08575
216.0,3.501625,0.08575
216.0,3.502375,0.085625
216.0,3.5025,0.085875
216.0,3.50175,0.086
216.0,3.5005,0.085875
216.0,3.5,0.086
216.0,3.500125,0.086
216.0,3.499875,0.085875
216.0,3.499875,0.08575
216.0,3.4995,0.08575
216.0,3.50025,0.085875
216.0,3.501625,0.085875
216.0,3.501625,0.085875
216.0,3.501,0.085875
216.0,3.501,0.085875
216.0,3.500875,0.085625
216.0,3.501125,0.085875
216.0,3.50225,0.08575
216.0,3.502625,0.08575
216.0,3.502,0.085875
216.0,3.50125,0.085875
216.0,3.500625,0.086
216.0,3.500125,0.08575
216.0,3.499875,0.08575
216.0,3.499625,0.085875
216.0,3.499625,0.085875
216.0,3.49975,0.08575
216.0,3.50025,0.08575
216.0,3.50125,0.086
216.0,3.50125,0.086125
216.0,3.500875,0.08625
216.0,3.501,0.086125
216.0,3.500625,0.085875
216.0,3.501,0.08575
216.0,3.50225,0.08575
216.0,3.50275,0.085875
216.0,3.5025,0.08575
216.0,3.50125,0.085875
216.0,3.500375,0.086
216.0,3.500125,0.086
216.0,3.49975,0.086
216.0,3.49975,0.086
216.0,3.499375,0.08575
216.0,3.5,0.085875
216.0,3.501125,0.085875
216.0,3.501375,0.086
216.0,3.501,0.086
216.0,3.500875,0.085875
216.0,3.50025,0.08575
216.0,3.500125,0.085875
216.0,3.5015,0.085875
216.0,3.502375,0.085875
216.0,3.5025,0.085875
216.0,3.502,0.086
216.0,3.5005,0.085875
216.0,3.5,0.085875
216.0,3.499875,0.085875
216.0,3.499875,0.085875
216.0,3.4995,0.085875
216.0,3.499,0.08575
216.0,3.49975,0.08575
216.0,3.501375,0.086
216.0,3.501625,0.085875
216.0,3.50125,0.08575
216.0,3.501,0.086
216.0,3.5005,0.086
216.0,3.5005,0.08575
216.0,3.50175,0.085625
216.0,3.502875,0.08575
216.0,3.502375,0.08575
216.0,3.501,0.085875
216.0,3.5005,0.08575
216.0,3.5005,0.085875
216.0,3.5005,0.085875
216.0,3.499875,0.085875
216.0,3.4995,0.085875
216.0,3.49975,0.08575
216.0,3.500625,0.085875
216.0,3.5015,0.086125
216.0,3.501375,0.086125
216.0,3.501125,0.086125
216.0,3.50075,0.086
216.0,3.50025,0.08575
216.0,3.501125,0.08575
216.0,3.50225,0.085875
216.0,3.50225,0.085875
216.0,3.5015,0.085875
216.0,3.501125,0.085875
217.0,3.5025,0.105375
217.0,3.5015,0.1055
217.0,3.500375,0.1055
217.0,3.500125,0.105625
217.0,3.499875,0.1055
217.0,3.499875,0.105375
217.0,3.499625,0.105375
217.0,3.499875,0.105375
217.0,3.499875,0.105375
217.0,3.50075,0.1055
217.0,3.501375,0.105625
217.0,3.50125,0.1055
217.0,3.50075,0.105375
217.0,3.500375,0.105625
217.0,3.50025,0.105375
217.0,3.501625,0.1055
217.0,3.5025,0.105375
217.0,3.50275,0.105375
217.0,3.501625,0.105375
217.0,3.5,0.1055
217.0,3.5,0.1055
217.0,3.49975,0.1055
217.0,3.4995,0.1055
217.0,3.49925,0.105375
217.0,3.500375,0.1055
217.0,3.500375,0.1055
217.0,3.5015,0.1055
217.0,3.50125,0.1055
217.0,3.50075,0.105625
217.0,3.50075,0.1055
217.0,3.500375,0.10525
217.0,3.500625,0.10525
217.0,3.50175,0.10525
217.0,3.50225,0.105375
217.0,3.502,0.10525
217.0,3.501,0.105125
217.0,3.50025,0.105375
217.0,3.500625,0.1055
217.0,3.500375,0.105375
217.0,3.499875,0.10525
217.0,3.499625,0.105375
217.0,3.499625,0.105375
217.0,3.50025,0.1055
217.0,3.501625,0.10575
217.0,3.501625,0.105875
217.0,3.501125,0.1055
217.0,3.50075,0.105625
217.0,3.500375,0.10525
217.0,3.50075,0.105125
217.0,3.502125,0.10525
217.0,3.502625,0.105375
217.0,3.501875,0.105375
217.0,3.5005,0.1055
217.0,3.500375,0.10575
217.0,3.500125,0.1055
217.0,3.4995,0.105375
217.0,3.4995,0.1055
217.0,3.4995,0.1055
217.0,3.5,0.105375
217.0,3.501125,0.1055
217.0,3.501625,0.105375
217.0,3.501,0.10575
217.0,3.50075,0.105875
217.0,3.5005,0.105625
217.0,3.50025,0.105375
217.0,3.50175,0.105375
217.0,3.50275,0.10525
217.0,3.502375,0.1055
217.0,3.501375,0.10575
217.0,3.500375,0.106
217.0,3.50025,0.105625
217.0,3.50025,0.105625
217.0,3.499875,0.1055
217.0,3.499875,0.1055
217.0,3.49925,0.105375
217.0,3.500125,0.105375
217.0,3.501,0.1055
217.0,3.50125,0.105375
217.0,3.501125,0.1055
217.0,3.5005,0.105375
217.0,3.500125,0.105375
217.0,3.50075,0.105125
217.0,3.50175,0.105375
217.0,3.502125,0.105375
217.0,3.502375,0.1055
217.0,3.5015,0.105375
217.0,3.500625,0.1055
217.0,3.5005,0.1055
217.0,3.500375,0.1055
217.0,3.499875,0.1055
217.0,3.499875,0.1055
217.0,3.49975,0.105375
217.0,3.5005,0.1055
217.0,3.501625,0.105625
217.0,3.501875,0.105375
217.0,3.501375,0.1055
217.0,3.50075,0.105875
217.0,3.500625,0.1055
217.0,3.501125,0.105375
217.0,3.502125,0.105375
217.0,3.502625,0.10525
217.0,3.50225,0.105125
217.0,3.501,0.105
217.0,3.5,0.10525
217.0,3.5,0.1055
217.0,3.499875,0.105375
217.0,3.499875,0.105375
217.0,3.499625,0.105375
217.0,3.500125,0.105375
217.0,3.5015,0.105375
217.0,3.502125,0.105375
217.0,3.501375,0.105625
217.0,3.500875,0.105625
217.0,3.50075,0.105375
217.0,3.5005,0.105375
217.0,3.501375,0.105375
217.0,3.502625,0.105375
217.0,3.50275,0.105375
217.0,3.50225,0.105375
217.0,3.501,0.1055
217.0,3.5005,0.105625
217.0,3.49975,0.1055
217.0,3.49975,0.1055
217.0,3.499625,0.105375
217.0,3.499625,0.105375
217.0,3.50025,0.105375
217.0,3.501125,0.105625
217.0,3.50125,0.1055
217.0,3.500625,0.105625
217.0,3.501,0.105625
217.0,3.50025,0.105375
217.0,3.500625,0.10525
217.0,3.50175,0.105125
217.0,3.5025,0.105375
217.0,3.502375,0.1055
217.0,3.50125,0.10525
217.0,3.500375,0.1055
217.0,3.5005,0.105625
217.0,3.5005,0.105625
217.0,3.5005,0.1055
217.0,3.499625,0.10525
217.0,3.499875,0.1055
217.0,3.501125,0.105375
217.0,3.501875,0.105375
217.0,3.5015,0.10525
217.0,3.500875,0.105375
217.0,3.500375,0.1055
217.0,3.5005,0.105375
217.0,3.50125,0.105375
217.0,3.502375,0.105375
217.0,3.502625,0.105375
217.0,3.50175,0.105375
217.0,3.5005,0.105375
217.0,3.50025,0.105375
217.0,3.50025,0.10575
217.0,3.50025,0.10575
217.0,3.5,0.1055
217.0,3.49925,0.105375
217.0,3.49925,0.105375
217.0,3.5005,0.105375
217.0,3.50125,0.1055
217.0,3.501,0.1055
217.0,3.50125,0.1055
217.0,3.500625,0.1055
217.0,3.499875,0.105375
217.0,3.50125,0.105375
217.0,3.502625,0.105375
217.0,3.50275,0.105375
217.0,3.501875,0.1055
218.0,3.50175,0.127375
218.0,3.5005,0.127375
218.0,3.500375,0.12725
218.0,3.5,0.127
218.0,3.5,0.127
218.0,3.499875,0.127
218.0,3.49975,0.127125
218.0,3.5005,0.127125
218.0,3.5005,0.127125
218.0,3.50175,0.127125
218.0,3.501375,0.127
218.0,3.500875,0.127
218.0,3.501,0.127
218.0,3.50075,0.127
218.0,3.501375,0.127
218.0,3.502125,0.127125
218.0,3.502375,0.127
218.0,3.501625,0.126625
218.0,3.50025,0.126875
218.0,3.5,0.127
218.0,3.49975,0.12725
218.0,3.499625,0.127125
218.0,3.4995,0.126875
218.0,3.50025,0.127
218.0,3.501375,0.127
218.0,3.501375,0.127
218.0,3.50125,0.127125
218.0,3.50075,0.127125
218.0,3.500625,0.127125
218.0,3.500125,0.127125
218.0,3.50075,0.127125
218.0,3.502375,0.127
218.0,3.5025,0.126875
218.0,3.502,0.126875
218.0,3.50125,0.12725
218.0,3.5005,0.127375
218.0,3.50025,0.127125
218.0,3.499875,0.127125
218.0,3.49925,0.127125
218.0,3.499375,0.127
218.0,3.50025,0.127125
218.0,3.50025,0.127125
218.0,3.500875,0.127375
218.0,3.50075,0.12725
218.0,3.50075,0.127125
218.0,3.501,0.12725
218.0,3.500625,0.127
218.0,3.50125,0.127125
218.0,3.50225,0.12725
218.0,3.502375,0.127125
218.0,3.502125,0.127
218.0,3.50075,0.12725
218.0,3.500125,0.127125
218.0,3.50025,0.127
218.0,3.50025,0.126875
218.0,3.49975,0.127125
218.0,3.5,0.127125
218.0,3.5,0.127125
218.0,3.500875,0.12725
218.0,3.501375,0.127125
218.0,3.501,0.1275
218.0,3.500625,0.12725
218.0,3.50025,0.127
218.0,3.500375,0.127
218.0,3.501125,0.126875
218.0,3.502,0.127
218.0,3.5025,0.127125
218.0,3.501625,0.127125
218.0,3.5005,0.12725
218.0,3.50025,0.12725
218.0,3.49975,0.127125
218.0,3.49925,0.127125
218.0,3.499375,0.127
218.0,3.499375,0.127
218.0,3.5,0.12725
218.0,3.501,0.127125
218.0,3.5015,0.127125
218.0,3.500875,0.127125
218.0,3.50075,0.126875
218.0,3.500625,0.127125
218.0,3.5005,0.126875
218.0,3.501625,0.126875
218.0,3.50225,0.126875
218.0,3.501875,0.12725
218.0,3.500875,0.127375
218.0,3.500375,0.127375
218.0,3.500125,0.127125
218.0,3.49975,0.127125
218.0,3.4995,0.127125
218.0,3.4995,0.127
218.0,3.49925,0.127
218.0,3.5005,0.127125
218.0,3.501875,0.127125
218.0,3.50125,0.12725
218.0,3.50075,0.127125
218.0,3.501,0.127125
218.0,3.50075,0.127
218.0,3.501,0.127
218.0,3.50225,0.127
218.0,3.502625,0.127
218.0,3.502125,0.127125
218.0,3.501,0.127125
218.0,3.500375,0.12725
218.0,3.500375,0.12725
218.0,3.5,0.12725
218.0,3.49975,0.127125
218.0,3.49975,0.127125
218.0,3.5,0.127125
218.0,3.50075,0.12725
218.0,3.50125,0.127125
218.0,3.501,0.127125
218.0,3.50075,0.12725
218.0,3.50075,0.127
218.0,3.5005,0.127125
218.0,3.50125,0.127
218.0,3.502375,0.126875
218.0,3.502875,0.127125
218.0,3.501875,0.127375
218.0,3.500625,0.127375
218.0,3.500125,0.1275
218.0,3.499625,0.12725
218.0,3.4995,0.127
218.0,3.4995,0.127
218.0,3.499375,0.127
218.0,3.500125,0.12725
218.0,3.50125,0.127125
218.0,3.501375,0.1275
218.0,3.500875,0.12725
218.0,3.501125,0.12725
218.0,3.50075,0.127125
218.0,3.500625,0.127125
218.0,3.501875,0.127
218.0,3.50275,0.127
218.0,3.5025,0.127125
218.0,3.5015,0.1275
218.0,3.500375,0.12725
218.0,3.500625,0.126875
218.0,3.50025,0.126875
218.0,3.50025,0.126875
218.0,3.499375,0.126875
218.0,3.499625,0.127125
218.0,3.500875,0.12725
218.0,3.501875,0.127125
218.0,3.50175,0.127375
218.0,3.50125,0.12725
218.0,3.501,0.127
218.0,3.50025,0.126875
218.0,3.500875,0.127125
218.0,3.5025,0.126875
218.0,3.50275,0.127
218.0,3.50225,0.127125
218.0,3.501625,0.127125
218.0,3.5005,0.127125
218.0,3.499875,0.127125
218.0,3.499875,0.127125
218.0,3.4995,0.12725
218.0,3.499125,0.12725
218.0,3.49975,0.127
218.0,3.50125,0.127125
218.0,3.501625,0.126875
218.0,3.501,0.127375
218.0,3.50075,0.127125
218.0,3.5005,0.127125
218.0,3.50025,0.127125
218.0,3.50125,0.127125
218.0,3.5025,0.126875
218.0,3.50275,0.127
218.0,3.502125,0.127
218.0,3.50075,0.127125
219.0,3.49975,0.150875
219.0,3.50075,0.150875
219.0,3.501375,0.151
219.0,3.50075,0.151125
219.0,3.500625,0.151125
219.0,3.500375,0.150875
219.0,3.500125,0.15075
219.0,3.501,0.15075
219.0,3.501,0.15075
219.0,3.5025,0.15075
219.0,3.502625,0.150875
219.0,3.50125,0.15075
219.0,3.500625,0.15075
219.0,3.5005,0.150875
219.0,3.500375,0.15075
219.0,3.500125,0.15075
219.0,3.499625,0.150625
219.0,3.499625,0.150625
219.0,3.50125,0.150875
219.0,3.501875,0.150875
219.0,3.5015,0.151
219.0,3.501375,0.150875
219.0,3.500625,0.151
219.0,3.5005,0.15075
219.0,3.501875,0.15075
219.0,3.501875,0.15075
219.0,3.502875,0.15075
219.0,3.503125,0.151125
219.0,3.501875,0.151
219.0,3.500625,0.15075
219.0,3.5005,0.150625
219.0,3.500125,0.15075
219.0,3.49925,0.150875
219.0,3.49875,0.15075
219.0,3.500125,0.150875
219.0,3.501375,0.151
219.0,3.501125,0.15125
219.0,3.50075,0.151
219.0,3.50125,0.150875
219.0,3.50075,0.15075
219.0,3.500625,0.150625
219.0,3.500625,0.150625
219.0,3.501625,0.15075
219.0,3.5025,0.15075
219.0,3.50225,0.150875
219.0,3.500875,0.151
219.0,3.50025,0.151
219.0,3.5005,0.150875
219.0,3.499875,0.150875
219.0,3.499375,0.15075
219.0,3.499625,0.151
219.0,3.500625,0.15075
219.0,3.501375,0.151
219.0,3.50125,0.150875
219.0,3.500625,0.150875
219.0,3.500375,0.151
219.0,3.500125,0.15075
219.0,3.500125,0.15075
219.0,3.50075,0.15075
219.0,3.501875,0.15075
219.0,3.5025,0.150625
219.0,3.502375,0.150875
219.0,3.50125,0.151125
219.0,3.500375,0.150875
219.0,3.5005,0.151
219.0,3.50025,0.151125
219.0,3.499625,0.150875
219.0,3.49975,0.151
219.0,3.500875,0.151
219.0,3.501375,0.151
219.0,3.501,0.151125
219.0,3.500875,0.151
219.0,3.501,0.150875
219.0,3.501,0.150875
219.0,3.50075,0.150875
219.0,3.501375,0.15075
219.0,3.50225,0.150625
219.0,3.50225,0.150625
219.0,3.5015,0.150625
219.0,3.500375,0.15075
219.0,3.5,0.151
219.0,3.5,0.150875
219.0,3.5,0.150625
219.0,3.49925,0.150625
219.0,3.499875,0.150625
219.0,3.501,0.15075
219.0,3.501125,0.15125
219.0,3.50075,0.15125
219.0,3.500875,0.151125
219.0,3.500125,0.151125
219.0,3.500125,0.15075
219.0,3.5005,0.150625
219.0,3.501625,0.1505
219.0,3.502125,0.150625
219.0,3.502375,0.150875
219.0,3.501375,0.150875
219.0,3.500375,0.151
219.0,3.500125,0.150875
219.0,3.5,0.150875
219.0,3.49925,0.15075
219.0,3.499375,0.15075
219.0,3.50025,0.150875
219.0,3.501125,0.151125
219.0,3.501,0.15125
219.0,3.500875,0.151125
219.0,3.500625,0.150875
219.0,3.500625,0.150875
219.0,3.50075,0.150625
219.0,3.501,0.15075
219.0,3.502,0.150625
219.0,3.5025,0.15075
219.0,3.50225,0.150625
219.0,3.501,0.150875
219.0,3.500125,0.151
219.0,3.500375,0.151
219.0,3.5,0.150875
219.0,3.4995,0.15075
219.0,3.499875,0.150875
219.0,3.5005,0.151
219.0,3.501,0.151
219.0,3.500875,0.151
219.0,3.50075,0.151125
219.0,3.50075,0.151125
219.0,3.500875,0.15075
219.0,3.50075,0.15075
219.0,3.50175,0.15075
219.0,3.502625,0.15075
219.0,3.502375,0.15075
219.0,3.5015,0.150875
219.0,3.500625,0.15075
219.0,3.500375,0.150875
219.0,3.500125,0.151
219.0,3.49975,0.15075
219.0,3.499625,0.150875
219.0,3.500375,0.150875
219.0,3.501375,0.151
219.0,3.5015,0.15075
219.0,3.501125,0.150875
219.0,3.501125,0.150875
219.0,3.500875,0.151
219.0,3.5005,0.15075
219.0,3.50025,0.150875
219.0,3.501875,0.150625
219.0,3.502625,0.15075
219.0,3.502,0.150875
219.0,3.501125,0.150875
219.0,3.500625,0.150875
219.0,3.500375,0.150875
219.0,3.499625,0.150875
219.0,3.499625,0.15075
219.0,3.499875,0.15075
219.0,3.500125,0.150875
219.0,3.50125,0.151
219.0,3.50125,0.151125
219.0,3.501,0.151125
219.0,3.501,0.151
219.0,3.500875,0.150875
219.0,3.5005,0.15075
219.0,3.501125,0.15075
219.0,3.50225,0.150625
219.0,3.502375,0.150625
219.0,3.502,0.150875
219.0,3.501,0.151125
219.0,3.500375,0.150875
219.0,3.499875,0.15075
219.0,3.499875,0.15075
219.0,3.499375,0.15075
219.0,3.499625,0.15075
219.0,3.5005,0.150875
220.0,3.500375,0.17675
220.0,3.500125,0.176625
220.0,3.499875,0.176625
220.0,3.4995,0.1765
220.0,3.5,0.176625
220.0,3.50125,0.176625
220.0,3.5015,0.17675
220.0,3.50125,0.176625
220.0,3.500625,0.176625
220.0,3.500625,0.176625
220.0,3.5,0.176625
220.0,3.5005,0.1765
220.0,3.501875,0.176625
220.0,3.502625,0.176625
220.0,3.502125,0.176625
220.0,3.500625,0.1765
220.0,3.500125,0.1765
220.0,3.500125,0.1765
220.0,3.49975,0.1765
220.0,3.4995,0.17675
220.0,3.49925,0.176625
220.0,3.500125,0.176375
220.0,3.501375,0.1765
220.0,3.500875,0.176875
220.0,3.500625,0.176625
220.0,3.500625,0.176625
220.0,3.500875,0.176625
220.0,3.5005,0.1765
220.0,3.500875,0.1765
220.0,3.501875,0.176375
220.0,3.502,0.176625
220.0,3.50175,0.17675
220.0,3.501125,0.1765
220.0,3.500625,0.17675
220.0,3.5005,0.176875
220.0,3.499875,0.176625
220.0,3.499375,0.1765
220.0,3.4995,0.1765
220.0,3.501,0.17675
220.0,3.501625,0.176875
220.0,3.501125,0.1765
220.0,3.501125,0.1765
220.0,3.50075,0.1765
220.0,3.50075,0.1765
220.0,3.50025,0.1765
220.0,3.50125,0.1765
220.0,3.502625,0.176625
220.0,3.502625,0.176625
220.0,3.502125,0.17675
220.0,3.50075,0.176625
220.0,3.5,0.1765
220.0,3.500125,0.1765
220.0,3.499875,0.1765
220.0,3.4995,0.1765
220.0,3.50025,0.1765
220.0,3.501125,0.17675
220.0,3.501,0.177
220.0,3.501,0.177
220.0,3.5005,0.177
220.0,3.501,0.176875
220.0,3.500625,0.1765
220.0,3.500125,0.176625
220.0,3.501375,0.1765
220.0,3.50275,0.1765
220.0,3.502875,0.1765
220.0,3.5015,0.17675
220.0,3.500625,0.176625
220.0,3.50025,0.176625
220.0,3.500125,0.17675
220.0,3.4995,0.176625
220.0,3.499,0.176625
220.0,3.5,0.17675
220.0,3.501,0.176875
220.0,3.501,0.176875
220.0,3.500625,0.177125
220.0,3.500625,0.17675
220.0,3.50075,0.176375
220.0,3.500125,0.176625
220.0,3.5005,0.176625
220.0,3.5015,0.176625
220.0,3.502,0.176625
220.0,3.502125,0.17675
220.0,3.50125,0.1765
220.0,3.5005,0.1765
220.0,3.500375,0.1765
220.0,3.49975,0.1765
220.0,3.499375,0.1765
220.0,3.499625,0.176625
220.0,3.500375,0.17675
220.0,3.500375,0.17675
220.0,3.5015,0.17675
220.0,3.500875,0.17675
220.0,3.5005,0.17675
220.0,3.50025,0.1765
220.0,3.500125,0.1765
220.0,3.501,0.1765
220.0,3.501625,0.1765
220.0,3.502125,0.176625
220.0,3.5015,0.176625
220.0,3.500125,0.17675
220.0,3.50025,0.176875
220.0,3.50025,0.176875
220.0,3.499875,0.17675
220.0,3.499375,0.1765
220.0,3.49925,0.176625
220.0,3.5005,0.176625
220.0,3.5005,0.176625
220.0,3.501375,0.17675
220.0,3.501,0.176875
220.0,3.500875,0.17675
220.0,3.500375,0.176625
220.0,3.500625,0.176625
220.0,3.50175,0.1765
220.0,3.502125,0.1765
220.0,3.502,0.176625
220.0,3.500875,0.176625
220.0,3.500625,0.176625
220.0,3.500375,0.176375
220.0,3.499875,0.1765
220.0,3.4995,0.176625
220.0,3.499375,0.176625
220.0,3.5,0.176875
220.0,3.5,0.176875
220.0,3.50125,0.176875
220.0,3.501375,0.176875
220.0,3.5005,0.176625
220.0,3.50025,0.176625
220.0,3.500125,0.176625
220.0,3.500625,0.1765
220.0,3.50175,0.1765
220.0,3.5025,0.17675
220.0,3.502625,0.176625
220.0,3.50075,0.176625
220.0,3.50025,0.1765
220.0,3.5005,0.1765
220.0,3.50025,0.176625
220.0,3.499125,0.1765
220.0,3.499,0.1765
220.0,3.499,0.1765
220.0,3.5,0.176625
220.0,3.5015,0.176625
220.0,3.5015,0.1765
220.0,3.500875,0.17675
220.0,3.500625,0.17675
220.0,3.5005,0.176625
220.0,3.50125,0.1765
220.0,3.501875,0.1765
220.0,3.502375,0.1765
220.0,3.502,0.17675
220.0,3.500625,0.17675
220.0,3.5,0.1765
220.0,3.5,0.1765
220.0,3.499625,0.176625
220.0,3.499375,0.176625
220.0,3.49925,0.176625
220.0,3.49925,0.1765
220.0,3.5005,0.176875
220.0,3.501125,0.177
220.0,3.501,0.176875
220.0,3.50075,0.17675
220.0,3.500125,0.17675
220.0,3.499875,0.1765
220.0,3.501,0.1765
220.0,3.501875,0.1765
220.0,3.50225,0.176375
220.0,3.501625,0.176625
220.0,3.5005,0.17675
220.0,3.500125,0.17675
220.0,3.4995,0.17675
221.0,3.50025,0.203875
221.0,3.5,0.203875
221.0,3.499625,0.204125
221.0,3.49925,0.204
221.0,3.499625,0.204
221.0,3.5005,0.204
221.0,3.501375,0.20425
221.0,3.501125,0.204
221.0,3.501125,0.204
221.0,3.500875,0.204125
221.0,3.5005,0.204
221.0,3.5,0.204
221.0,3.500625,0.204
221.0,3.502,0.204
221.0,3.502375,0.204
221.0,3.50125,0.20425
221.0,3.499875,0.204125
221.0,3.5,0.204
221.0,3.5,0.204
221.0,3.49975,0.20425
221.0,3.4995,0.204
221.0,3.5,0.204125
221.0,3.5015,0.20425
221.0,3.501875,0.204375
221.0,3.501875,0.2045
221.0,3.500875,0.2045
221.0,3.500375,0.204125
221.0,3.500375,0.20375
221.0,3.500625,0.20375
221.0,3.50125,0.203875
221.0,3.50225,0.203875
221.0,3.501875,0.204125
221.0,3.501,0.20425
221.0,3.50075,0.204125
221.0,3.5005,0.204125
221.0,3.499875,0.20425
221.0,3.49925,0.20425
221.0,3.4995,0.204125
221.0,3.500375,0.20425
221.0,3.501125,0.20425
221.0,3.501125,0.20425
221.0,3.501125,0.20425
221.0,3.50075,0.204125
221.0,3.50075,0.20425
221.0,3.500625,0.20425
221.0,3.501,0.204
221.0,3.50175,0.204
221.0,3.502375,0.204125
221.0,3.5025,0.204
221.0,3.50125,0.204125
221.0,3.50025,0.204
221.0,3.500375,0.204
221.0,3.500375,0.204
221.0,3.4995,0.204125
221.0,3.499625,0.204125
221.0,3.50025,0.20425
221.0,3.501125,0.204375
221.0,3.501125,0.204375
221.0,3.501125,0.204375
221.0,3.50075,0.204125
221.0,3.5005,0.203875
221.0,3.50025,0.204125
221.0,3.50075,0.204125
221.0,3.501875,0.204
221.0,3.50225,0.204125
221.0,3.502125,0.204375
221.0,3.501,0.204375
221.0,3.50075,0.204125
221.0,3.50025,0.204375
221.0,3.5,0.204125
221.0,3.499875,0.204125
221.0,3.49975,0.204125
221.0,3.500875,0.204125
221.0,3.500875,0.204125
221.0,3.5015,0.20425
221.0,3.501,0.20425
221.0,3.501,0.204125
221.0,3.500625,0.20425
221.0,3.500375,0.204125
221.0,3.501125,0.204
221.0,3.501875,0.204
221.0,3.50225,0.204125
221.0,3.501625,0.204125
221.0,3.5005,0.20425
221.0,3.5,0.204125
221.0,3.5,0.204125
221.0,3.4995,0.204125
221.0,3.4995,0.204
221.0,3.50025,0.204125
221.0,3.50025,0.204125
221.0,3.50125,0.204125
221.0,3.50125,0.20425
221.0,3.500875,0.20425
221.0,3.500875,0.204125
221.0,3.50025,0.204125
221.0,3.500125,0.204
221.0,3.5015,0.204
221.0,3.502375,0.204
221.0,3.502125,0.204125
221.0,3.500875,0.20425
221.0,3.5,0.204375
221.0,3.50025,0.203875
221.0,3.50025,0.204
221.0,3.499875,0.204125
221.0,3.4995,0.204375
221.0,3.50025,0.204125
221.0,3.50025,0.204125
221.0,3.50175,0.204375
221.0,3.5015,0.204375
221.0,3.500625,0.204375
221.0,3.5005,0.204125
221.0,3.5005,0.204
221.0,3.50125,0.203875
221.0,3.502375,0.203875
221.0,3.50275,0.204
221.0,3.5025,0.20425
221.0,3.50075,0.203875
221.0,3.500125,0.204125
221.0,3.5,0.204125
221.0,3.49975,0.204125
221.0,3.499625,0.204
221.0,3.499875,0.204125
221.0,3.499875,0.204125
221.0,3.501,0.20425
221.0,3.50175,0.204375
221.0,3.50125,0.204375
221.0,3.500875,0.204
221.0,3.50025,0.204125
221.0,3.50025,0.203875
221.0,3.50125,0.203875
221.0,3.502,0.204
221.0,3.50225,0.204125
221.0,3.502,0.20425
221.0,3.5005,0.204
221.0,3.500125,0.203875
221.0,3.500375,0.204125
221.0,3.500125,0.20425
221.0,3.4995,0.204125
221.0,3.4995,0.204125
221.0,3.5,0.204375
221.0,3.501375,0.20425
221.0,3.50175,0.20425
221.0,3.50075,0.204125
221.0,3.500625,0.204125
221.0,3.5005,0.204375
221.0,3.50025,0.204
221.0,3.501875,0.203875
221.0,3.50275,0.20425
221.0,3.502125,0.20425
221.0,3.501125,0.20425
221.0,3.500125,0.204
221.0,3.499875,0.20425
221.0,3.50025,0.20425
221.0,3.5,0.204125
221.0,3.5,0.204
221.0,3.4995,0.204
221.0,3.500125,0.204125
221.0,3.500875,0.204375
221.0,3.50125,0.204125
221.0,3.501125,0.204
221.0,3.500625,0.204125
221.0,3.500125,0.204125
221.0,3.501,0.204
221.0,3.502,0.204
221.0,3.502375,0.204125
221.0,3.5025,0.204125
221.0,3.5015,0.203875
221.0,3.500625,0.204125
221.0,3.49975,0.204125
222.0,3.50075,0.233375
222.0,3.500875,0.23325
222.0,3.501875,0.23325
222.0,3.50175,0.233125
222.0,3.50225,0.233125
222.0,3.501375,0.232875
222.0,3.5005,0.23325
222.0,3.500375,0.23325
222.0,3.500125,0.23325
222.0,3.500125,0.23325
222.0,3.499375,0.23325
222.0,3.49925,0.23325
222.0,3.5005,0.2335
222.0,3.501625,0.233625
222.0,3.501375,0.233625
222.0,3.50075,0.233375
222.0,3.50075,0.233125
222.0,3.500625,0.233125
222.0,3.50125,0.233
222.0,3.502125,0.233
222.0,3.502125,0.23325
222.0,3.50175,0.2335
222.0,3.501,0.233375
222.0,3.5005,0.233
222.0,3.500125,0.233
222.0,3.500125,0.233
222.0,3.49975,0.233375
222.0,3.499625,0.23325
222.0,3.500375,0.23325
222.0,3.501,0.233375
222.0,3.501625,0.23325
222.0,3.50125,0.233
222.0,3.501125,0.233125
222.0,3.50075,0.23325
222.0,3.50025,0.233
222.0,3.50125,0.233
222.0,3.502375,0.23325
222.0,3.50225,0.23325
222.0,3.501,0.2335
222.0,3.50025,0.233375
222.0,3.500125,0.232875
222.0,3.500125,0.232875
222.0,3.5,0.233125
222.0,3.4995,0.23325
222.0,3.49925,0.23325
222.0,3.50025,0.233125
222.0,3.501375,0.23325
222.0,3.5015,0.233125
222.0,3.50125,0.2335
222.0,3.501125,0.233375
222.0,3.500125,0.23325
222.0,3.500125,0.233125
222.0,3.501625,0.233125
222.0,3.502625,0.233125
222.0,3.501875,0.23325
222.0,3.500875,0.233375
222.0,3.50025,0.23325
222.0,3.50025,0.23325
222.0,3.500125,0.23325
222.0,3.4995,0.233375
222.0,3.499125,0.233375
222.0,3.49975,0.23325
222.0,3.5005,0.233375
222.0,3.501125,0.233375
222.0,3.50125,0.23325
222.0,3.500875,0.23325
222.0,3.500875,0.23325
222.0,3.5005,0.23325
222.0,3.500875,0.23325
222.0,3.502375,0.233125
222.0,3.502625,0.233125
222.0,3.502,0.2335
222.0,3.500625,0.233125
222.0,3.500625,0.233125
222.0,3.500125,0.23325
222.0,3.50025,0.233125
222.0,3.5,0.23325
222.0,3.499625,0.233125
222.0,3.499875,0.23325
222.0,3.50075,0.233375
222.0,3.501625,0.233625
222.0,3.501125,0.2335
222.0,3.501,0.233375
222.0,3.50025,0.233125
222.0,3.49975,0.233125
222.0,3.501125,0.233125
222.0,3.50225,0.233375
222.0,3.502125,0.233375
222.0,3.501375,0.233375
222.0,3.500375,0.233375
222.0,3.500375,0.233375
222.0,3.499875,0.233
222.0,3.499875,0.233125
222.0,3.49975,0.233375
222.0,3.4995,0.233375
222.0,3.500375,0.23325
222.0,3.501,0.233375
222.0,3.501375,0.233625
222.0,3.501125,0.233625
222.0,3.500625,0.233125
222.0,3.49975,0.233125
222.0,3.50025,0.23325
222.0,3.50175,0.233125
222.0,3.5025,0.233125
222.0,3.502125,0.23325
222.0,3.501375,0.233375
222.0,3.501375,0.233375
222.0,3.50025,0.233625
222.0,3.499625,0.233625
222.0,3.499375,0.2335
222.0,3.49925,0.23325
222.0,3.4995,0.23325
222.0,3.50025,0.233375
222.0,3.501125,0.2335
222.0,3.50125,0.233625
222.0,3.50075,0.2335
222.0,3.500625,0.23325
222.0,3.500125,0.23325
222.0,3.501,0.233125
222.0,3.502125,0.233125
222.0,3.502375,0.233125
222.0,3.50175,0.233375
222.0,3.50175,0.233375
222.0,3.500625,0.233375
222.0,3.499875,0.23325
222.0,3.499625,0.23325
222.0,3.499625,0.233375
222.0,3.4995,0.23325
222.0,3.499625,0.233375
222.0,3.500875,0.233375
222.0,3.501875,0.233625
222.0,3.5015,0.233625
222.0,3.50075,0.2335
222.0,3.500375,0.23325
222.0,3.5,0.23325
222.0,3.501,0.233125
222.0,3.501875,0.23325
222.0,3.501875,0.23325
222.0,3.501875,0.23325
222.0,3.5015,0.23325
222.0,3.500625,0.233375
222.0,3.5005,0.233125
222.0,3.5,0.233375
222.0,3.499875,0.233125
222.0,3.499375,0.233125
222.0,3.49975,0.233375
222.0,3.50075,0.2335
222.0,3.501,0.233375
222.0,3.500625,0.2335
222.0,3.5005,0.233625
222.0,3.499875,0.233375
222.0,3.500125,0.233125
222.0,3.50175,0.23325
222.0,3.502,0.233125
222.0,3.501875,0.233125
222.0,3.501875,0.233125
222.0,3.501375,0.2335
222.0,3.5005,0.2335
222.0,3.500125,0.233375
222.0,3.49975,0.233375
222.0,3.499375,0.233375
222.0,3.499125,0.23325
222.0,3.50025,0.23325
222.0,3.50125,0.23325
222.0,3.501,0.2335
222.0,3.500625,0.23325
222.0,3.5005,0.233125
222.0,3.5,0.23325
222.0,3.50075,0.23325
223.0,3.501,0.26475
223.0,3.501375,0.26475
223.0,3.50075,0.26475
223.0,3.500375,0.264625
223.0,3.500375,0.26425
223.0,3.500125,0.264375
223.0,3.50125,0.264375
223.0,3.50225,0.26425
223.0,3.50225,0.26425
223.0,3.502375,0.264375
223.0,3.501625,0.264375
223.0,3.5005,0.26425
223.0,3.5,0.264375
223.0,3.49975,0.264375
223.0,3.4995,0.264375
223.0,3.499375,0.2645
223.0,3.500375,0.2645
223.0,3.50125,0.2645
223.0,3.501125,0.264375
223.0,3.501,0.2645
223.0,3.50075,0.2645
223.0,3.50025,0.2645
223.0,3.500375,0.264375
223.0,3.5015,0.26425
223.0,3.50275,0.26425
223.0,3.50275,0.264375
223.0,3.502625,0.264375
223.0,3.50125,0.264375
223.0,3.500125,0.2645
223.0,3.499875,0.264625
223.0,3.499875,0.2645
223.0,3.499375,0.264375
223.0,3.499375,0.26425
223.0,3.500375,0.264625
223.0,3.501125,0.2645
223.0,3.50075,0.26475
223.0,3.50025,0.26475
223.0,3.50025,0.264375
223.0,3.49975,0.264375
223.0,3.500875,0.264375
223.0,3.502125,0.264125
223.0,3.502125,0.264125
223.0,3.502625,0.26425
223.0,3.501875,0.2645
223.0,3.501,0.264375
223.0,3.500375,0.26475
223.0,3.49975,0.264625
223.0,3.499625,0.264625
223.0,3.49925,0.264625
223.0,3.49975,0.2645
223.0,3.500375,0.2645
223.0,3.501125,0.2645
223.0,3.50125,0.264375
223.0,3.500875,0.264375
223.0,3.500375,0.264375
223.0,3.5,0.26425
223.0,3.501125,0.264375
223.0,3.501125,0.264375
223.0,3.5025,0.264375
223.0,3.50275,0.26425
223.0,3.50175,0.264125
223.0,3.500625,0.26475
223.0,3.50025,0.264875
223.0,3.49975,0.26475
223.0,3.499375,0.264625
223.0,3.49925,0.264625
223.0,3.50025,0.2645
223.0,3.50125,0.264375
223.0,3.501375,0.264625
223.0,3.500875,0.26475
223.0,3.500375,0.264625
223.0,3.5,0.2645
223.0,3.5005,0.2645
223.0,3.5005,0.2645
223.0,3.5015,0.2645
223.0,3.50225,0.26425
223.0,3.5025,0.264375
223.0,3.501125,0.2645
223.0,3.500125,0.2645
223.0,3.500125,0.264375
223.0,3.499875,0.264625
223.0,3.4995,0.2645
223.0,3.49975,0.264375
223.0,3.500625,0.264625
223.0,3.501375,0.264625
223.0,3.501,0.264875
223.0,3.500875,0.264875
223.0,3.50075,0.26475
223.0,3.50025,0.264375
223.0,3.50075,0.264375
223.0,3.50075,0.26425
223.0,3.501875,0.26425
223.0,3.502375,0.2645
223.0,3.502125,0.264375
223.0,3.501,0.26425
223.0,3.50025,0.26425
223.0,3.5,0.264375
223.0,3.49975,0.264375
223.0,3.4995,0.264375
223.0,3.499625,0.2645
223.0,3.500375,0.264625
223.0,3.5015,0.264625
223.0,3.501125,0.26475
223.0,3.500875,0.264625
223.0,3.500625,0.264375
223.0,3.5,0.2645
223.0,3.5,0.2645
223.0,3.501125,0.2645
223.0,3.50225,0.264375
223.0,3.502625,0.264375
223.0,3.5015,0.26475
223.0,3.5005,0.264875
223.0,3.5,0.264625
223.0,3.500125,0.26475
223.0,3.499875,0.2645
223.0,3.4995,0.264375
223.0,3.50025,0.264375
223.0,3.501125,0.2645
223.0,3.501,0.264375
223.0,3.501,0.2645
223.0,3.500875,0.264375
223.0,3.50025,0.2645
223.0,3.50025,0.2645
223.0,3.500375,0.2645
223.0,3.502,0.264375
223.0,3.502875,0.26425
223.0,3.502125,0.2645
223.0,3.5015,0.26475
223.0,3.500625,0.264875
223.0,3.500125,0.264875
223.0,3.499625,0.26475
223.0,3.4995,0.2645
223.0,3.499375,0.2645
223.0,3.500125,0.2645
223.0,3.501125,0.264375
223.0,3.50125,0.264375
223.0,3.501,0.264625
223.0,3.500375,0.264375
223.0,3.500375,0.264375
223.0,3.5,0.264375
223.0,3.5005,0.264375
223.0,3.50175,0.264375
223.0,3.502125,0.2645
223.0,3.501625,0.2645
223.0,3.5005,0.2645
223.0,3.500125,0.264625
223.0,3.499875,0.26475
223.0,3.499625,0.264625
223.0,3.49925,0.2645
223.0,3.499625,0.264375
223.0,3.50075,0.264625
223.0,3.5015,0.264625
223.0,3.501,0.2645
223.0,3.500625,0.264375
223.0,3.500625,0.264375
223.0,3.500625,0.2645
223.0,3.500625,0.2645
223.0,3.50125,0.2645
223.0,3.50225,0.2645
223.0,3.502,0.2645
223.0,3.501875,0.2645
223.0,3.501,0.264375
223.0,3.500375,0.264625
223.0,3.500125,0.2645
223.0,3.49975,0.2645
223.0,3.499375,0.2645
223.0,3.5,0.2645
223.0,3.501375,0.2645
223.0,3.5015,0.2645
224.0,3.50025,0.2975
224.0,3.5005,0.2975
224.0,3.50175,0.297375
224.0,3.50275,0.297375
224.0,3.50225,0.297375
224.0,3.501,0.29775
224.0,3.500375,0.298125
224.0,3.50075,0.297625
224.0,3.50075,0.297625
224.0,3.500125,0.29725
224.0,3.499,0.297375
224.0,3.499125,0.2975
224.0,3.500125,0.297625
224.0,3.501375,0.297625
224.0,3.501375,0.297625
224.0,3.500875,0.297625
224.0,3.5005,0.297625
224.0,3.5,0.297375
224.0,3.501125,0.2975
224.0,3.502625,0.297375
224.0,3.50275,0.297375
224.0,3.502,0.297375
224.0,3.500875,0.29725
224.0,3.500375,0.297375
224.0,3.5005,0.29775
224.0,3.5005,0.29775
224.0,3.5,0.29775
224.0,3.499375,0.2975
224.0,3.49975,0.297375
224.0,3.5005,0.297625
224.0,3.501375,0.29775
224.0,3.501125,0.297625
224.0,3.5005,0.297375
224.0,3.50025,0.297375
224.0,3.500375,0.2975
224.0,3.501,0.297375
224.0,3.501875,0.2975
224.0,3.502375,0.2975
224.0,3.50225,0.297375
224.0,3.50125,0.29775
224.0,3.50075,0.298
224.0,3.50075,0.298
224.0,3.5005,0.297375
224.0,3.50025,0.2975
224.0,3.499375,0.297375
224.0,3.499625,0.2975
224.0,3.50125,0.29775
224.0,3.5015,0.297625
224.0,3.500875,0.297625
224.0,3.50075,0.297625
224.0,3.50075,0.2975
224.0,3.500625,0.29725
224.0,3.50175,0.297375
224.0,3.5025,0.297375
224.0,3.501875,0.29725
224.0,3.501375,0.29725
224.0,3.500625,0.297625
224.0,3.500625,0.297625
224.0,3.500125,0.298
224.0,3.499875,0.29775
224.0,3.499875,0.297625
224.0,3.499625,0.2975
224.0,3.500375,0.297625
224.0,3.5015,0.29775
224.0,3.501375,0.2975
224.0,3.50075,0.297625
224.0,3.500625,0.2975
224.0,3.500375,0.2975
224.0,3.501,0.297375
224.0,3.502,0.297375
224.0,3.502125,0.2975
224.0,3.501875,0.2975
224.0,3.50125,0.297375
224.0,3.50125,0.297375
224.0,3.5005,0.2975
224.0,3.499875,0.297625
224.0,3.49975,0.29775
224.0,3.4995,0.2975
224.0,3.4995,0.2975
224.0,3.500375,0.297625
224.0,3.501375,0.29775
224.0,3.501375,0.298
224.0,3.500875,0.297875
224.0,3.500625,0.2975
224.0,3.5,0.297375
224.0,3.501,0.297375
224.0,3.502125,0.297375
224.0,3.50275,0.29725
224.0,3.501875,0.2975
224.0,3.501875,0.2975
224.0,3.500125,0.297625
224.0,3.5,0.297625
224.0,3.500125,0.2975
224.0,3.49925,0.297625
224.0,3.499125,0.2975
224.0,3.499625,0.297625
224.0,3.50075,0.29775
224.0,3.501625,0.29775
224.0,3.501125,0.297625
224.0,3.500625,0.29775
224.0,3.50025,0.297375
224.0,3.5005,0.297375
224.0,3.501625,0.2975
224.0,3.5025,0.297375
224.0,3.50225,0.297625
224.0,3.501375,0.297625
224.0,3.501375,0.297625
224.0,3.5005,0.29775
224.0,3.500375,0.29775
224.0,3.500375,0.297375
224.0,3.499625,0.2975
224.0,3.49925,0.2975
224.0,3.5,0.29775
224.0,3.501125,0.2975
224.0,3.50125,0.297625
224.0,3.501,0.297375
224.0,3.50075,0.29725
224.0,3.5,0.297625
224.0,3.5005,0.2975
224.0,3.50175,0.2975
224.0,3.502375,0.2975
224.0,3.501875,0.297375
224.0,3.501875,0.297375
224.0,3.500625,0.29775
224.0,3.5,0.2975
224.0,3.500375,0.29725
224.0,3.499875,0.29725
224.0,3.4995,0.2975
224.0,3.4995,0.2975
224.0,3.500125,0.297875
224.0,3.501,0.297875
224.0,3.500875,0.29775
224.0,3.500625,0.29775
224.0,3.50075,0.2975
224.0,3.50025,0.2975
224.0,3.50075,0.297375
224.0,3.50225,0.297375
224.0,3.502375,0.2975
224.0,3.502375,0.2975
224.0,3.5015,0.2975
224.0,3.500375,0.297625
224.0,3.5,0.2975
224.0,3.5,0.2975
224.0,3.499375,0.297625
224.0,3.499,0.2975
224.0,3.499625,0.29775
224.0,3.500125,0.29775
224.0,3.501625,0.29775
224.0,3.501375,0.297875
224.0,3.501,0.297625
224.0,3.50075,0.297375
224.0,3.500375,0.2975
224.0,3.5015,0.297375
224.0,3.502625,0.2975
224.0,3.502625,0.2975
224.0,3.5025,0.297625
224.0,3.501625,0.2975
224.0,3.500875,0.29775
224.0,3.50025,0.29775
224.0,3.5,0.297625
224.0,3.499875,0.2975
224.0,3.4995,0.297375
224.0,3.5,0.297375
224.0,3.501125,0.297625
224.0,3.501,0.297875
224.0,3.500625,0.29775
224.0,3.500875,0.2975
224.0,3.50025,0.297375
224.0,3.500625,0.297375
225.0,3.50175,0.332375
225.0,3.50225,0.3325
225.0,3.502125,0.332625
225.0,3.501125,0.33275
225.0,3.50025,0.332875
225.0,3.500125,0.3325
225.0,3.499875,0.332625
225.0,3.499875,0.33275
225.0,3.499875,0.332625
225.0,3.499875,0.332625
225.0,3.5005,0.33275
225.0,3.501375,0.332875
225.0,3.501,0.332875
225.0,3.500875,0.332375
225.0,3.50075,0.3325
225.0,3.5005,0.3325
225.0,3.501375,0.3325
225.0,3.502625,0.3325
225.0,3.502375,0.3325
225.0,3.5015,0.332375
225.0,3.501125,0.332625
225.0,3.500625,0.3325
225.0,3.500125,0.332625
225.0,3.4995,0.332625
225.0,3.4995,0.332625
225.0,3.4995,0.332625
225.0,3.500375,0.332625
225.0,3.50175,0.332625
225.0,3.501375,0.332875
225.0,3.500625,0.332875
225.0,3.50075,0.332375
225.0,3.500625,0.33225
225.0,3.500875,0.3325
225.0,3.502125,0.3325
225.0,3.502625,0.332375
225.0,3.50225,0.332375
225.0,3.50175,0.33225
225.0,3.50075,0.332375
225.0,3.500375,0.3325
225.0,3.50025,0.332625
225.0,3.49975,0.3325
225.0,3.49975,0.3325
225.0,3.5,0.3325
225.0,3.500875,0.332625
225.0,3.501875,0.33275
225.0,3.50175,0.3325
225.0,3.50075,0.332625
225.0,3.500625,0.3325
225.0,3.500375,0.332375
225.0,3.501125,0.3325
225.0,3.50275,0.3325
225.0,3.503,0.3325
225.0,3.50225,0.3325
225.0,3.501375,0.332875
225.0,3.50075,0.33275
225.0,3.5005,0.332625
225.0,3.500125,0.3325
225.0,3.500125,0.3325
225.0,3.499375,0.3325
225.0,3.499375,0.33275
225.0,3.5005,0.33275
225.0,3.501125,0.332625
225.0,3.500875,0.332625
225.0,3.50075,0.332875
225.0,3.50025,0.3325
225.0,3.500125,0.3325
225.0,3.501,0.3325
225.0,3.502,0.3325
225.0,3.50225,0.332625
225.0,3.502125,0.332375
225.0,3.50075,0.332625
225.0,3.5,0.332625
225.0,3.49975,0.33275
225.0,3.49975,0.332625
225.0,3.5,0.332625
225.0,3.499875,0.332625
225.0,3.500125,0.33275
225.0,3.5005,0.33275
225.0,3.500875,0.33275
225.0,3.500875,0.332875
225.0,3.500875,0.332875
225.0,3.5005,0.3325
225.0,3.50025,0.332375
225.0,3.501125,0.3325
225.0,3.502375,0.332375
225.0,3.50225,0.332375
225.0,3.501125,0.332875
225.0,3.500375,0.332875
225.0,3.500625,0.33275
225.0,3.500625,0.332625
225.0,3.500125,0.332625
225.0,3.499625,0.332625
225.0,3.499875,0.332625
225.0,3.5005,0.332625
225.0,3.501375,0.333
225.0,3.501625,0.33275
225.0,3.50125,0.3325
225.0,3.50075,0.3325
225.0,3.5,0.332625
225.0,3.500625,0.3325
225.0,3.502,0.3325
225.0,3.502375,0.3325
225.0,3.50225,0.332625
225.0,3.5015,0.332875
225.0,3.500875,0.333125
225.0,3.50025,0.33275
225.0,3.50025,0.33275
225.0,3.49975,0.332625
225.0,3.49975,0.33275
225.0,3.499875,0.33275
225.0,3.50075,0.332875
225.0,3.501625,0.333
225.0,3.5015,0.333
225.0,3.500875,0.332375
225.0,3.50025,0.3325
225.0,3.499875,0.332625
225.0,3.500875,0.332625
225.0,3.502125,0.3325
225.0,3.50225,0.33275
225.0,3.50175,0.3325
225.0,3.500875,0.332125
225.0,3.50025,0.332375
225.0,3.50025,0.332375
225.0,3.5,0.3325
225.0,3.49975,0.33275
225.0,3.499375,0.3325
225.0,3.499625,0.332375
225.0,3.5005,0.3325
225.0,3.50075,0.332625
225.0,3.50075,0.333
225.0,3.500625,0.33275
225.0,3.50025,0.3325
225.0,3.50025,0.3325
225.0,3.501375,0.332625
225.0,3.502375,0.332625
225.0,3.502625,0.332625
225.0,3.5015,0.33275
225.0,3.500625,0.332875
225.0,3.500625,0.332875
225.0,3.50025,0.332875
225.0,3.49975,0.332625
225.0,3.499625,0.332625
225.0,3.499625,0.332625
225.0,3.500125,0.33275
225.0,3.501125,0.33275
225.0,3.501125,0.33275
225.0,3.5005,0.33275
225.0,3.500875,0.332625
225.0,3.500375,0.332625
225.0,3.500375,0.3325
225.0,3.501875,0.3325
225.0,3.502125,0.332625
225.0,3.502,0.332625
225.0,3.501375,0.33275
225.0,3.501375,0.33275
225.0,3.500375,0.33275
225.0,3.5,0.3325
225.0,3.499875,0.3325
225.0,3.4995,0.332625
225.0,3.49975,0.332625
225.0,3.500625,0.332875
225.0,3.501375,0.332875
225.0,3.500875,0.333
225.0,3.500875,0.332625
225.0,3.500875,0.33275
225.0,3.5005,0.332625
225.0,3.500875,0.332625
225.0,3.502,0.332625
225.0,3.502125,0.3325
226.0,3.499875,0.369125
226.0,3.501125,0.369375
226.0,3.501375,0.369
226.0,3.50075,0.369125
226.0,3.5005,0.368875
226.0,3.500875,0.369125
226.0,3.500875,0.369125
226.0,3.50175,0.369
226.0,3.50175,0.369
226.0,3.502625,0.369125
226.0,3.502375,0.369
226.0,3.50175,0.369125
226.0,3.501375,0.36925
226.0,3.50075,0.36925
226.0,3.500375,0.369375
226.0,3.5,0.36925
226.0,3.49975,0.369125
226.0,3.500125,0.36925
226.0,3.5015,0.3695
226.0,3.5015,0.369
226.0,3.500625,0.36925
226.0,3.50075,0.369625
226.0,3.501,0.36925
226.0,3.500875,0.369125
226.0,3.500875,0.369125
226.0,3.50175,0.36925
226.0,3.502375,0.36925
226.0,3.501875,0.369125
226.0,3.500875,0.369
226.0,3.50075,0.369375
226.0,3.500625,0.369375
226.0,3.499875,0.36925
226.0,3.4995,0.369125
226.0,3.499625,0.36925
226.0,3.5,0.369375
226.0,3.501125,0.3695
226.0,3.501125,0.36925
226.0,3.50075,0.368875
226.0,3.500625,0.368875
226.0,3.500125,0.369125
226.0,3.500875,0.369
226.0,3.500875,0.369
226.0,3.502125,0.369
226.0,3.502375,0.369125
226.0,3.501875,0.36925
226.0,3.501,0.36925
226.0,3.5005,0.36925
226.0,3.5,0.369375
226.0,3.5,0.36925
226.0,3.499375,0.36925
226.0,3.49975,0.369125
226.0,3.5005,0.3695
226.0,3.501375,0.369375
226.0,3.501125,0.369375
226.0,3.501,0.369375
226.0,3.50075,0.369375
226.0,3.500375,0.369375
226.0,3.500375,0.369375
226.0,3.50125,0.36925
226.0,3.502,0.36925
226.0,3.50225,0.369125
226.0,3.501625,0.3695
226.0,3.500625,0.369375
226.0,3.5,0.36925
226.0,3.50025,0.36925
226.0,3.499875,0.36925
226.0,3.499625,0.369125
226.0,3.500125,0.369125
226.0,3.501375,0.36925
226.0,3.501375,0.3695
226.0,3.50075,0.3695
226.0,3.501,0.36925
226.0,3.500625,0.36925
226.0,3.500625,0.36925
226.0,3.500375,0.369
226.0,3.501625,0.369125
226.0,3.502375,0.369125
226.0,3.5025,0.369125
226.0,3.5015,0.369125
226.0,3.500625,0.369
226.0,3.500375,0.369
226.0,3.500125,0.36925
226.0,3.49975,0.369375
226.0,3.499375,0.369375
226.0,3.5005,0.369125
226.0,3.501625,0.36925
226.0,3.50125,0.36925
226.0,3.501125,0.3695
226.0,3.50075,0.36925
226.0,3.50075,0.36925
226.0,3.50025,0.36925
226.0,3.50075,0.36925
226.0,3.501875,0.369125
226.0,3.5025,0.369125
226.0,3.502125,0.369125
226.0,3.50075,0.369375
226.0,3.5,0.369375
226.0,3.500125,0.369125
226.0,3.5,0.36925
226.0,3.499625,0.36925
226.0,3.499625,0.36925
226.0,3.500625,0.3695
226.0,3.50125,0.36975
226.0,3.501,0.3695
226.0,3.50075,0.36925
226.0,3.500625,0.36925
226.0,3.500625,0.36925
226.0,3.500625,0.369125
226.0,3.501625,0.369
226.0,3.50225,0.369
226.0,3.502375,0.369125
226.0,3.501875,0.36925
226.0,3.500625,0.36925
226.0,3.5,0.36925
226.0,3.5,0.369375
226.0,3.499625,0.369375
226.0,3.499375,0.36925
226.0,3.499625,0.36925
226.0,3.500875,0.369375
226.0,3.50125,0.3695
226.0,3.500875,0.3695
226.0,3.500875,0.369375
226.0,3.500875,0.369375
226.0,3.500375,0.36925
226.0,3.500375,0.369125
226.0,3.501125,0.369125
226.0,3.50225,0.369125
226.0,3.50275,0.369375
226.0,3.50175,0.36925
226.0,3.500375,0.369125
226.0,3.500375,0.369375
226.0,3.500125,0.369375
226.0,3.49925,0.369375
226.0,3.499125,0.36925
226.0,3.500375,0.36925
226.0,3.501375,0.369375
226.0,3.501,0.369125
226.0,3.5005,0.36925
226.0,3.5005,0.36925
226.0,3.500625,0.369375
226.0,3.50025,0.36925
226.0,3.500875,0.369125
226.0,3.501875,0.369
226.0,3.502,0.369125
226.0,3.50225,0.369375
226.0,3.5015,0.3695
226.0,3.500625,0.36925
226.0,3.499875,0.369125
226.0,3.49975,0.36925
226.0,3.49975,0.369375
226.0,3.4995,0.369375
226.0,3.50025,0.369375
226.0,3.501375,0.36925
226.0,3.500875,0.3695
226.0,3.500875,0.3695
226.0,3.500625,0.369375
226.0,3.500375,0.36925
226.0,3.500375,0.36925
226.0,3.50125,0.36925
226.0,3.502,0.369125
226.0,3.502,0.36925
226.0,3.50175,0.3695
226.0,3.500625,0.369375
226.0,3.500375,0.3695
226.0,3.5,0.369375
226.0,3.49975,0.36925
226.0,3.4995,0.369125
226.0,3.5,0.369375
226.0,3.500875,0.36925
227.0,3.499375,0.407375
227.0,3.499375,0.4075
227.0,3.50025,0.4075
227.0,3.50125,0.407625
227.0,3.501125,0.4075
227.0,3.500875,0.4075
227.0,3.50075,0.407375
227.0,3.50025,0.407375
227.0,3.50025,0.407375
227.0,3.500875,0.407375
227.0,3.502125,0.407375
227.0,3.502875,0.407125
227.0,3.502,0.407125
227.0,3.501,0.407375
227.0,3.500875,0.407375
227.0,3.5005,0.407125
227.0,3.499875,0.407375
227.0,3.4995,0.4075
227.0,3.50025,0.4075
227.0,3.50125,0.4075
227.0,3.502,0.4075
227.0,3.501,0.407625
227.0,3.500625,0.40725
227.0,3.5,0.40725
227.0,3.5,0.407375
227.0,3.500125,0.407375
227.0,3.50125,0.40725
227.0,3.501875,0.407375
227.0,3.502125,0.407375
227.0,3.501625,0.40725
227.0,3.5005,0.4075
227.0,3.50025,0.4075
227.0,3.500125,0.407375
227.0,3.499625,0.40725
227.0,3.49925,0.407375
227.0,3.499875,0.4075
227.0,3.501125,0.407625
227.0,3.50175,0.4075
227.0,3.501,0.4075
227.0,3.500125,0.40725
227.0,3.499875,0.40725
227.0,3.499875,0.40725
227.0,3.5,0.407375
227.0,3.501375,0.407375
227.0,3.502625,0.40725
227.0,3.5025,0.407375
227.0,3.500875,0.407625
227.0,3.50025,0.40725
227.0,3.5,0.40725
227.0,3.499875,0.4075
227.0,3.5,0.4075
227.0,3.499625,0.407375
227.0,3.500125,0.407375
227.0,3.501,0.407375
227.0,3.500875,0.4075
227.0,3.50075,0.40725
227.0,3.5005,0.407375
227.0,3.5005,0.407375
227.0,3.50025,0.407375
227.0,3.500875,0.40725
227.0,3.502375,0.40725
227.0,3.50275,0.40725
227.0,3.501875,0.4075
227.0,3.50025,0.408
227.0,3.49975,0.407875
227.0,3.499625,0.4075
227.0,3.499375,0.4075
227.0,3.499375,0.407375
227.0,3.499625,0.4075
227.0,3.501,0.407625
227.0,3.501625,0.407625
227.0,3.50075,0.407625
227.0,3.500375,0.407375
227.0,3.500375,0.407375
227.0,3.500125,0.40725
227.0,3.50025,0.407375
227.0,3.50125,0.407375
227.0,3.502,0.40725
227.0,3.501875,0.407375
227.0,3.5015,0.407625
227.0,3.50025,0.40775
227.0,3.499875,0.4075
227.0,3.499875,0.407375
227.0,3.499625,0.4075
227.0,3.499375,0.407375
227.0,3.499875,0.4075
227.0,3.50125,0.407625
227.0,3.501375,0.4075
227.0,3.50075,0.407625
227.0,3.50075,0.407625
227.0,3.5005,0.407375
227.0,3.500125,0.407375
227.0,3.500375,0.407625
227.0,3.5015,0.407375
227.0,3.502125,0.407375
227.0,3.50225,0.40725
227.0,3.501375,0.407125
227.0,3.50025,0.4075
227.0,3.50025,0.40775
227.0,3.50025,0.407625
227.0,3.499375,0.4075
227.0,3.499,0.40725
227.0,3.50025,0.4075
227.0,3.501375,0.407875
227.0,3.50125,0.40775
227.0,3.500875,0.407375
227.0,3.500875,0.407375
227.0,3.501,0.407375
227.0,3.50025,0.4075
227.0,3.5005,0.407375
227.0,3.501875,0.407375
227.0,3.50225,0.4075
227.0,3.501375,0.4075
227.0,3.500125,0.407625
227.0,3.5,0.4075
227.0,3.5,0.40725
227.0,3.49975,0.407375
227.0,3.499625,0.4075
227.0,3.49975,0.407375
227.0,3.500875,0.40725
227.0,3.5015,0.407375
227.0,3.501125,0.407625
227.0,3.501125,0.407625
227.0,3.50125,0.40725
227.0,3.5005,0.40725
227.0,3.50025,0.40725
227.0,3.501375,0.407375
227.0,3.502375,0.40725
227.0,3.502625,0.40725
227.0,3.5015,0.407375
227.0,3.500375,0.407375
227.0,3.500625,0.4075
227.0,3.5005,0.407375
227.0,3.500125,0.407375
227.0,3.5,0.407375
227.0,3.5005,0.407625
227.0,3.501125,0.4075
227.0,3.50175,0.407625
227.0,3.50175,0.407625
227.0,3.501625,0.407625
227.0,3.50125,0.4075
227.0,3.500375,0.4075
227.0,3.5005,0.407375
227.0,3.5015,0.40725
227.0,3.502625,0.407375
227.0,3.50225,0.40725
227.0,3.500875,0.407625
227.0,3.500125,0.4075
227.0,3.50025,0.40775
227.0,3.499875,0.407625
227.0,3.49975,0.40725
227.0,3.499875,0.407375
227.0,3.50075,0.407625
227.0,3.501625,0.407875
227.0,3.501625,0.407875
227.0,3.500875,0.4075
227.0,3.500625,0.40725
227.0,3.500625,0.407125
227.0,3.5,0.40725
227.0,3.500625,0.40725
227.0,3.50225,0.407375
227.0,3.502375,0.40725
227.0,3.502,0.407375
227.0,3.50125,0.40725
227.0,3.500125,0.407375
227.0,3.499875,0.407375
227.0,3.500125,0.4075
227.0,3.49975,0.4075
227.0,3.5,0.4075
228.0,3.50075,0.447
228.0,3.500625,0.446875
228.0,3.50025,0.446875
228.0,3.499875,0.447125
228.0,3.501125,0.447
228.0,3.50225,0.446875
228.0,3.502625,0.447
228.0,3.502,0.4475
228.0,3.502,0.4475
228.0,3.500625,0.447125
228.0,3.50025,0.447
228.0,3.500125,0.44725
228.0,3.4995,0.447125
228.0,3.49925,0.447125
228.0,3.499875,0.447375
228.0,3.50075,0.447375
228.0,3.501,0.4475
228.0,3.50025,0.447125
228.0,3.500125,0.44725
228.0,3.499875,0.447
228.0,3.500625,0.447125
228.0,3.50175,0.447
228.0,3.502125,0.447
228.0,3.502375,0.447
228.0,3.50125,0.447125
228.0,3.50125,0.447125
228.0,3.500375,0.447
228.0,3.499875,0.446875
228.0,3.499375,0.447125
228.0,3.49875,0.44725
228.0,3.499,0.447125
228.0,3.5,0.44725
228.0,3.501375,0.4475
228.0,3.501125,0.4475
228.0,3.5005,0.44725
228.0,3.50075,0.447125
228.0,3.500375,0.447125
228.0,3.50075,0.447125
228.0,3.50175,0.447125
228.0,3.502625,0.447
228.0,3.502125,0.446875
228.0,3.502125,0.446875
228.0,3.50075,0.447375
228.0,3.500375,0.44725
228.0,3.5005,0.447
228.0,3.499625,0.447125
228.0,3.499,0.447125
228.0,3.4995,0.447125
228.0,3.50075,0.44725
228.0,3.501375,0.4475
228.0,3.501,0.44725
228.0,3.501,0.447
228.0,3.500375,0.447
228.0,3.50025,0.447125
228.0,3.501375,0.447
228.0,3.50225,0.447125
228.0,3.50175,0.446875
228.0,3.50175,0.446875
228.0,3.501125,0.44725
228.0,3.50075,0.447
228.0,3.50025,0.447
228.0,3.5,0.44725
228.0,3.49925,0.44725
228.0,3.499,0.447125
228.0,3.499875,0.44725
228.0,3.501,0.447375
228.0,3.50125,0.4475
228.0,3.501,0.44725
228.0,3.500625,0.446875
228.0,3.50025,0.447
228.0,3.5005,0.447
228.0,3.5015,0.447
228.0,3.502,0.447125
228.0,3.502,0.447125
228.0,3.50175,0.447125
228.0,3.50075,0.44725
228.0,3.500375,0.447125
228.0,3.50025,0.447375
228.0,3.4995,0.447375
228.0,3.499125,0.44725
228.0,3.49925,0.447125
228.0,3.500375,0.447375
228.0,3.50125,0.4475
228.0,3.500875,0.447375
228.0,3.500375,0.447375
228.0,3.500625,0.447375
228.0,3.50025,0.447125
228.0,3.50075,0.447
228.0,3.501875,0.447125
228.0,3.502375,0.447125
228.0,3.502375,0.447125
228.0,3.502,0.44725
228.0,3.50075,0.447
228.0,3.500125,0.44675
228.0,3.5,0.447
228.0,3.499875,0.44725
228.0,3.4995,0.44725
228.0,3.4995,0.44725
228.0,3.500625,0.4475
228.0,3.50125,0.447625
228.0,3.501,0.447375
228.0,3.500875,0.447125
228.0,3.500625,0.447125
228.0,3.50075,0.447125
228.0,3.501625,0.447125
228.0,3.50225,0.447
228.0,3.50225,0.447
228.0,3.502,0.447
228.0,3.50175,0.4475
228.0,3.500625,0.44775
228.0,3.50025,0.447625
228.0,3.500125,0.4475
228.0,3.49975,0.44725
228.0,3.499375,0.447375
228.0,3.499875,0.44725
228.0,3.50125,0.447375
228.0,3.501875,0.447375
228.0,3.501,0.447125
228.0,3.500625,0.447125
228.0,3.50025,0.447
228.0,3.500375,0.447
228.0,3.5015,0.447125
228.0,3.5015,0.447125
228.0,3.50225,0.447
228.0,3.502,0.447125
228.0,3.5015,0.44725
228.0,3.5005,0.447
228.0,3.500125,0.44675
228.0,3.5,0.447125
228.0,3.4995,0.447125
228.0,3.499375,0.447125
228.0,3.50025,0.447375
228.0,3.5015,0.4475
228.0,3.501125,0.44725
228.0,3.50075,0.44725
228.0,3.50075,0.447125
228.0,3.500375,0.447
228.0,3.500625,0.447
228.0,3.500625,0.447
228.0,3.50175,0.446875
228.0,3.5025,0.447
228.0,3.50225,0.44725
228.0,3.50075,0.44725
228.0,3.5,0.44725
228.0,3.499875,0.44725
228.0,3.499875,0.447125
228.0,3.4995,0.447125
228.0,3.49975,0.44725
228.0,3.5005,0.4475
228.0,3.50125,0.447625
228.0,3.501,0.447375
228.0,3.50075,0.44725
228.0,3.501,0.447125
228.0,3.5005,0.447125
228.0,3.500875,0.447125
228.0,3.500875,0.44725
228.0,3.502,0.447125
228.0,3.502125,0.447125
228.0,3.50175,0.447375
228.0,3.501,0.4475
228.0,3.5005,0.4475
228.0,3.500125,0.447375
228.0,3.49975,0.447125
228.0,3.499125,0.447125
228.0,3.500125,0.44725
228.0,3.501,0.4475
228.0,3.501375,0.4475
228.0,3.501,0.4475
228.0,3.500375,0.447125
229.0,3.50125,0.488875
229.0,3.501125,0.489125
229.0,3.50125,0.488875
229.0,3.501,0.4885
229.0,3.500375,0.488625
229.0,3.500625,0.488625
229.0,3.501625,0.4885
229.0,3.502125,0.488375
229.0,3.502125,0.488375
229.0,3.501625,0.488375
229.0,3.5005,0.488625
229.0,3.49975,0.48875
229.0,3.499375,0.488875
229.0,3.49925,0.48875
229.0,3.499375,0.48875
229.0,3.499625,0.488875
229.0,3.500625,0.489125
229.0,3.501375,0.489
229.0,3.500625,0.488875
229.0,3.500375,0.489
229.0,3.500125,0.48875
229.0,3.499875,0.48875
229.0,3.50075,0.48875
229.0,3.50225,0.488625
229.0,3.501875,0.4885
229.0,3.501875,0.4885
229.0,3.501,0.488625
229.0,3.50025,0.48875
229.0,3.499875,0.48875
229.0,3.4995,0.48875
229.0,3.499375,0.488625
229.0,3.499,0.48875
229.0,3.499875,0.488875
229.0,3.500875,0.488875
229.0,3.5005,0.489125
229.0,3.500375,0.48925
229.0,3.50075,0.488875
229.0,3.500375,0.48875
229.0,3.500375,0.488625
229.0,3.5015,0.488625
229.0,3.502125,0.488625
229.0,3.502125,0.488625
229.0,3.50225,0.488625
229.0,3.5015,0.488875
229.0,3.5005,0.489
229.0,3.5,0.488625
229.0,3.5,0.48875
229.0,3.4995,0.48875
229.0,3.4995,0.488875
229.0,3.500625,0.488875
229.0,3.50175,0.489
229.0,3.50125,0.488625
229.0,3.50075,0.48875
229.0,3.5005,0.48875
229.0,3.5,0.488625
229.0,3.50075,0.4885
229.0,3.501875,0.4885
229.0,3.501875,0.4885
229.0,3.502375,0.4885
229.0,3.50175,0.488875
229.0,3.500625,0.48925
229.0,3.500375,0.488875
229.0,3.49975,0.488625
229.0,3.49925,0.48875
229.0,3.499125,0.48875
229.0,3.499875,0.48875
229.0,3.501,0.489
229.0,3.501125,0.48925
229.0,3.501,0.489
229.0,3.501,0.48875
229.0,3.5005,0.48875
229.0,3.500375,0.48875
229.0,3.50125,0.488625
229.0,3.50125,0.488625
229.0,3.502125,0.4885
229.0,3.50225,0.488625
229.0,3.501375,0.4885
229.0,3.500125,0.4885
229.0,3.499875,0.4885
229.0,3.499875,0.4885
229.0,3.4995,0.488875
229.0,3.499,0.48875
229.0,3.499625,0.48875
229.0,3.500625,0.489
229.0,3.501,0.489
229.0,3.50075,0.488875
229.0,3.500875,0.488625
229.0,3.500375,0.488625
229.0,3.50025,0.488625
229.0,3.501625,0.48875
229.0,3.501625,0.48875
229.0,3.502625,0.4885
229.0,3.502,0.4885
229.0,3.501125,0.48875
229.0,3.5005,0.4885
229.0,3.5,0.4885
229.0,3.499625,0.48875
229.0,3.49925,0.48875
229.0,3.499375,0.488875
229.0,3.500375,0.488875
229.0,3.50125,0.488875
229.0,3.5005,0.48875
229.0,3.500375,0.48875
229.0,3.500375,0.4885
229.0,3.50025,0.488625
229.0,3.500875,0.48875
229.0,3.500875,0.48875
229.0,3.50175,0.488625
229.0,3.502,0.488625
229.0,3.50175,0.488875
229.0,3.500875,0.488875
229.0,3.50025,0.489
229.0,3.499875,0.489125
229.0,3.49975,0.488875
229.0,3.49925,0.48875
229.0,3.499625,0.48875
229.0,3.501,0.489
229.0,3.501375,0.489125
229.0,3.500875,0.489125
229.0,3.501,0.489
229.0,3.50075,0.48875
229.0,3.500375,0.488875
229.0,3.500375,0.488875
229.0,3.501125,0.48875
229.0,3.502,0.4885
229.0,3.501875,0.48875
229.0,3.501125,0.488875
229.0,3.499875,0.48875
229.0,3.49975,0.48875
229.0,3.500125,0.48875
229.0,3.5,0.488875
229.0,3.499375,0.488875
229.0,3.499375,0.488875
229.0,3.500875,0.488875
229.0,3.50125,0.488875
229.0,3.500875,0.4885
229.0,3.50075,0.488625
229.0,3.5,0.488625
229.0,3.5005,0.488625
229.0,3.5005,0.48875
229.0,3.501875,0.488625
229.0,3.502625,0.4885
229.0,3.5015,0.488625
229.0,3.5005,0.489
229.0,3.5,0.489
229.0,3.499625,0.48875
229.0,3.49975,0.488875
229.0,3.4995,0.48875
229.0,3.49925,0.48875
229.0,3.500375,0.48875
229.0,3.501375,0.48875
229.0,3.501125,0.489
229.0,3.500875,0.48875
229.0,3.50075,0.48875
229.0,3.500375,0.48875
229.0,3.500375,0.48875
229.0,3.5005,0.488625
229.0,3.50175,0.48875
229.0,3.502875,0.48875
229.0,3.50225,0.48875
229.0,3.500625,0.48875
229.0,3.5,0.488875
229.0,3.500125,0.488875
229.0,3.499625,0.48875
229.0,3.49875,0.488875
229.0,3.499125,0.488875
229.0,3.500625,0.488875
229.0,3.501625,0.488875
229.0,3.50075,0.488875
230.0,3.501375,0.531875
230.0,3.502375,0.532
230.0,3.502625,0.531875
230.0,3.501875,0.531875
230.0,3.500375,0.532
230.0,3.5,0.531875
230.0,3.5,0.532125
230.0,3.4995,0.53225
230.0,3.4995,0.53225
230.0,3.499,0.532125
230.0,3.49975,0.532125
230.0,3.501,0.53225
230.0,3.501625,0.532375
230.0,3.50125,0.532125
230.0,3.500875,0.532
230.0,3.500875,0.531875
230.0,3.500875,0.531875
230.0,3.502125,0.531875
230.0,3.502625,0.531875
230.0,3.50275,0.532
230.0,3.501625,0.532125
230.0,3.500375,0.532125
230.0,3.499875,0.53225
230.0,3.499625,0.532125
230.0,3.499625,0.532
230.0,3.49975,0.532
230.0,3.49925,0.532125
230.0,3.499875,0.532375
230.0,3.501125,0.5325
230.0,3.501,0.53225
230.0,3.5005,0.532
230.0,3.50075,0.532
230.0,3.500125,0.532
230.0,3.50025,0.532
230.0,3.5015,0.53225
230.0,3.501875,0.532125
230.0,3.5015,0.532
230.0,3.500875,0.532125
230.0,3.50025,0.532375
230.0,3.49975,0.532375
230.0,3.4995,0.53225
230.0,3.4995,0.53225
230.0,3.49875,0.532125
230.0,3.499125,0.532
230.0,3.5005,0.532375
230.0,3.501625,0.532625
230.0,3.5015,0.53225
230.0,3.501,0.53225
230.0,3.5005,0.532125
230.0,3.5005,0.532125
230.0,3.50125,0.532
230.0,3.502125,0.531875
230.0,3.502375,0.53175
230.0,3.50175,0.53175
230.0,3.500875,0.53225
230.0,3.50025,0.532125
230.0,3.49975,0.532125
230.0,3.49975,0.532125
230.0,3.499375,0.532125
230.0,3.499,0.53225
230.0,3.499375,0.532125
230.0,3.50075,0.532125
230.0,3.501375,0.532125
230.0,3.50075,0.53225
230.0,3.50075,0.532125
230.0,3.500375,0.532125
230.0,3.50025,0.532
230.0,3.501375,0.532
230.0,3.502375,0.532
230.0,3.502625,0.532
230.0,3.5015,0.53175
230.0,3.5,0.53225
230.0,3.5,0.532125
230.0,3.5,0.532125
230.0,3.5,0.532
230.0,3.499625,0.532125
230.0,3.499125,0.532
230.0,3.49925,0.53225
230.0,3.50075,0.5325
230.0,3.50075,0.53225
230.0,3.500625,0.532375
230.0,3.500375,0.53175
230.0,3.50025,0.531875
230.0,3.50025,0.532
230.0,3.501375,0.532
230.0,3.50275,0.53175
230.0,3.502375,0.53175
230.0,3.501125,0.532
230.0,3.500375,0.532
230.0,3.500375,0.531875
230.0,3.500375,0.531875
230.0,3.49975,0.532125
230.0,3.49875,0.532125
230.0,3.499,0.532125
230.0,3.4995,0.532375
230.0,3.50075,0.532125
230.0,3.50075,0.532125
230.0,3.50075,0.532125
230.0,3.500625,0.531875
230.0,3.5,0.532
230.0,3.500625,0.532125
230.0,3.502,0.531875
230.0,3.502,0.531875
230.0,3.5015,0.532
230.0,3.500625,0.532
230.0,3.500125,0.532125
230.0,3.500125,0.532125
230.0,3.499875,0.53225
230.0,3.4995,0.53225
230.0,3.499375,0.532
230.0,3.49975,0.53225
230.0,3.500375,0.532375
230.0,3.500875,0.532125
230.0,3.500625,0.53225
230.0,3.50075,0.532125
230.0,3.50075,0.531625
230.0,3.500375,0.532
230.0,3.501125,0.532
230.0,3.502,0.531875
230.0,3.502125,0.53175
230.0,3.501625,0.531875
230.0,3.50025,0.532125
230.0,3.50025,0.532125
230.0,3.5,0.532
230.0,3.500125,0.532
230.0,3.49975,0.532125
230.0,3.49925,0.532125
230.0,3.5,0.53225
230.0,3.50125,0.532375
230.0,3.501375,0.532375
230.0,3.50075,0.532125
230.0,3.5005,0.532
230.0,3.500125,0.532
230.0,3.50025,0.532
230.0,3.501375,0.53175
230.0,3.50225,0.53175
230.0,3.502125,0.53175
230.0,3.501125,0.53175
230.0,3.501125,0.53225
230.0,3.50025,0.53225
230.0,3.5,0.53225
230.0,3.49975,0.532
230.0,3.49925,0.532
230.0,3.499125,0.532125
230.0,3.50025,0.53225
230.0,3.5015,0.532375
230.0,3.50125,0.532
230.0,3.500875,0.532125
230.0,3.50075,0.53225
230.0,3.500375,0.532125
230.0,3.50075,0.532125
230.0,3.501625,0.532
230.0,3.5025,0.531875
230.0,3.502125,0.532
230.0,3.501125,0.53225
230.0,3.501125,0.53225
230.0,3.5005,0.532
230.0,3.500375,0.532125
230.0,3.499375,0.53225
230.0,3.498875,0.532
230.0,3.4995,0.532
230.0,3.5005,0.532375
230.0,3.500875,0.5325
230.0,3.50075,0.53225
230.0,3.501,0.532375
230.0,3.50075,0.532
230.0,3.50025,0.532
230.0,3.501,0.532
230.0,3.50225,0.531875
231.0,3.501,0.5765
231.0,3.502125,0.5765
231.0,3.502125,0.576375
231.0,3.501625,0.5765
231.0,3.5005,0.5765
231.0,3.49975,0.576125
231.0,3.5,0.57625
231.0,3.499875,0.576625
231.0,3.499875,0.576625
231.0,3.499375,0.576625
231.0,3.4995,0.57675
231.0,3.5005,0.57675
231.0,3.501125,0.577
231.0,3.501,0.577
231.0,3.500875,0.57675
231.0,3.500375,0.5765
231.0,3.50025,0.5765
231.0,3.501,0.576375
231.0,3.501875,0.57625
231.0,3.502,0.57625
231.0,3.50125,0.576375
231.0,3.499875,0.57675
231.0,3.499625,0.576625
231.0,3.499625,0.576375
231.0,3.49925,0.576375
231.0,3.49925,0.576375
231.0,3.499,0.576375
231.0,3.5,0.576625
231.0,3.501125,0.576625
231.0,3.50125,0.57675
231.0,3.500625,0.57675
231.0,3.5005,0.576875
231.0,3.500375,0.5765
231.0,3.500375,0.576375
231.0,3.501375,0.576375
231.0,3.50225,0.57625
231.0,3.50225,0.57625
231.0,3.501125,0.5765
231.0,3.5,0.576375
231.0,3.50025,0.576375
231.0,3.49975,0.5765
231.0,3.49975,0.5765
231.0,3.499125,0.5765
231.0,3.49975,0.5765
231.0,3.50075,0.576875
231.0,3.50125,0.577
231.0,3.500875,0.577
231.0,3.500875,0.57675
231.0,3.500875,0.576625
231.0,3.500125,0.576625
231.0,3.500375,0.576625
231.0,3.502125,0.576375
231.0,3.50275,0.5765
231.0,3.502,0.576875
231.0,3.500625,0.576875
231.0,3.500625,0.57675
231.0,3.50025,0.576875
231.0,3.50025,0.576875
231.0,3.4995,0.576625
231.0,3.499,0.5765
231.0,3.499625,0.576625
231.0,3.50075,0.57675
231.0,3.5015,0.576875
231.0,3.50125,0.57675
231.0,3.50075,0.57675
231.0,3.50075,0.5765
231.0,3.500375,0.5765
231.0,3.501375,0.5765
231.0,3.502375,0.576375
231.0,3.502125,0.57625
231.0,3.502,0.576375
231.0,3.500625,0.57675
231.0,3.50025,0.576625
231.0,3.50025,0.576625
231.0,3.500125,0.5765
231.0,3.49975,0.5765
231.0,3.4995,0.5765
231.0,3.5,0.5765
231.0,3.500875,0.57675
231.0,3.50125,0.576875
231.0,3.500875,0.576625
231.0,3.50075,0.5765
231.0,3.500375,0.576375
231.0,3.500375,0.5765
231.0,3.501125,0.5765
231.0,3.502,0.576375
231.0,3.50225,0.576125
231.0,3.501375,0.576625
231.0,3.50025,0.577125
231.0,3.50025,0.57675
231.0,3.500125,0.57675
231.0,3.49975,0.576625
231.0,3.4995,0.576625
231.0,3.4995,0.5765
231.0,3.50025,0.57675
231.0,3.501,0.577
231.0,3.50075,0.577125
231.0,3.50075,0.57675
231.0,3.5005,0.576375
231.0,3.499875,0.5765
231.0,3.500875,0.576625
231.0,3.502125,0.5765
231.0,3.502625,0.576375
231.0,3.502125,0.576625
231.0,3.500625,0.57675
231.0,3.500375,0.57675
231.0,3.500375,0.57675
231.0,3.500375,0.5765
231.0,3.49975,0.5765
231.0,3.499375,0.5765
231.0,3.49975,0.576625
231.0,3.500875,0.5765
231.0,3.501625,0.57675
231.0,3.501,0.576625
231.0,3.500625,0.576625
231.0,3.5,0.5765
231.0,3.499875,0.5765
231.0,3.501125,0.576375
231.0,3.50225,0.5765
231.0,3.502125,0.5765
231.0,3.501375,0.57625
231.0,3.5005,0.576375
231.0,3.5005,0.576375
231.0,3.50025,0.576625
231.0,3.50025,0.576625
231.0,3.499625,0.576625
231.0,3.499375,0.576625
231.0,3.50025,0.57675
231.0,3.500875,0.576875
231.0,3.501375,0.576625
231.0,3.501125,0.576875
231.0,3.50075,0.576625
231.0,3.500375,0.5765
231.0,3.500375,0.576625
231.0,3.5015,0.5765
231.0,3.50225,0.5765
231.0,3.5025,0.576375
231.0,3.5015,0.57675
231.0,3.5015,0.57675
231.0,3.500125,0.576875
231.0,3.499625,0.576625
231.0,3.49975,0.57675
231.0,3.499625,0.576625
231.0,3.49925,0.576625
231.0,3.5,0.57675
231.0,3.501125,0.57675
231.0,3.501125,0.576625
231.0,3.50025,0.576375
231.0,3.500125,0.5765
231.0,3.5,0.576625
231.0,3.500125,0.5765
231.0,3.5015,0.576375
231.0,3.502125,0.576375
231.0,3.502125,0.576625
231.0,3.502125,0.576625
231.0,3.50125,0.57675
231.0,3.500375,0.57675
231.0,3.5,0.57675
231.0,3.49975,0.57675
231.0,3.499125,0.576625
231.0,3.4995,0.576625
231.0,3.500875,0.576875
231.0,3.501375,0.576875
231.0,3.5005,0.57675
231.0,3.50025,0.576625
231.0,3.499875,0.576625
231.0,3.5,0.5765
231.0,3.501375,0.5765
231.0,3.50225,0.5765
232.0,3.502,0.6215
232.0,3.501625,0.622
232.0,3.50075,0.621875
232.0,3.50025,0.621875
232.0,3.499875,0.622
232.0,3.499375,0.622
232.0,3.499125,0.62175
232.0,3.49925,0.62175
232.0,3.49925,0.62175
232.0,3.500375,0.622125
232.0,3.501,0.622375
232.0,3.500625,0.622125
232.0,3.5005,0.62175
232.0,3.500125,0.621875
232.0,3.5,0.622
232.0,3.501125,0.62175
232.0,3.501875,0.62175
232.0,3.50225,0.62175
232.0,3.50125,0.62175
232.0,3.5,0.621625
232.0,3.49975,0.6215
232.0,3.49975,0.621875
232.0,3.49925,0.621875
232.0,3.499125,0.621875
232.0,3.499125,0.622
232.0,3.499875,0.622
232.0,3.500875,0.622125
232.0,3.501375,0.621875
232.0,3.500625,0.62175
232.0,3.5005,0.62175
232.0,3.500375,0.62175
232.0,3.5005,0.621875
232.0,3.501875,0.62175
232.0,3.502375,0.621625
232.0,3.5015,0.62175
232.0,3.500875,0.621875
232.0,3.50025,0.621875
232.0,3.499875,0.621875
232.0,3.499625,0.622
232.0,3.49875,0.622
232.0,3.49875,0.621875
232.0,3.49875,0.621875
232.0,3.5005,0.622125
232.0,3.501625,0.622
232.0,3.5015,0.622
232.0,3.500875,0.622
232.0,3.499875,0.622
232.0,3.4995,0.621875
232.0,3.5005,0.622
232.0,3.502,0.621875
232.0,3.50275,0.621875
232.0,3.502,0.621875
232.0,3.50025,0.622
232.0,3.5,0.622
232.0,3.5,0.621875
232.0,3.499625,0.62175
232.0,3.499125,0.62175
232.0,3.499125,0.62175
232.0,3.499125,0.622
232.0,3.50025,0.622125
232.0,3.501125,0.622375
232.0,3.5005,0.622
232.0,3.5005,0.62175
232.0,3.5,0.62175
232.0,3.499875,0.62175
232.0,3.501,0.621875
232.0,3.502,0.62175
232.0,3.502,0.62175
232.0,3.501125,0.622
232.0,3.500125,0.622125
232.0,3.5,0.621875
232.0,3.49975,0.621875
232.0,3.499,0.622
232.0,3.499,0.622
232.0,3.498875,0.622
232.0,3.499625,0.622125
232.0,3.50075,0.62225
232.0,3.501125,0.622
232.0,3.501,0.621875
232.0,3.50075,0.621625
232.0,3.50025,0.62175
232.0,3.5005,0.621875
232.0,3.501375,0.62175
232.0,3.501875,0.621625
232.0,3.50175,0.62175
232.0,3.50075,0.62175
232.0,3.50025,0.622
232.0,3.499625,0.621875
232.0,3.4995,0.621875
232.0,3.4995,0.622
232.0,3.499,0.622
232.0,3.499375,0.622
232.0,3.500125,0.62225
232.0,3.501,0.6225
232.0,3.500875,0.622375
232.0,3.500125,0.621875
232.0,3.5,0.621625
232.0,3.499625,0.62175
232.0,3.500375,0.622
232.0,3.5015,0.62175
232.0,3.502125,0.621625
232.0,3.502,0.62175
232.0,3.501125,0.622125
232.0,3.5,0.621875
232.0,3.49975,0.621875
232.0,3.499625,0.621875
232.0,3.499625,0.621875
232.0,3.498875,0.621875
232.0,3.49925,0.622
232.0,3.500125,0.62225
232.0,3.500625,0.622125
232.0,3.500625,0.621875
232.0,3.500375,0.62175
232.0,3.50025,0.621875
232.0,3.50025,0.621875
232.0,3.500625,0.621875
232.0,3.5015,0.62175
232.0,3.501625,0.621625
232.0,3.501125,0.62175
232.0,3.500625,0.62175
232.0,3.50025,0.6215
232.0,3.49975,0.621875
232.0,3.49975,0.621875
232.0,3.499375,0.62175
232.0,3.49875,0.621875
232.0,3.4995,0.62225
232.0,3.501125,0.62225
232.0,3.50125,0.621875
232.0,3.500875,0.62175
232.0,3.500625,0.621875
232.0,3.499625,0.621875
232.0,3.5,0.622
232.0,3.501625,0.622
232.0,3.502375,0.621875
232.0,3.502,0.621875
232.0,3.501125,0.622
232.0,3.5,0.622125
232.0,3.500375,0.62225
232.0,3.500375,0.62225
232.0,3.499875,0.622125
232.0,3.499375,0.621875
232.0,3.499,0.622
232.0,3.499625,0.62225
232.0,3.501,0.62225
232.0,3.501375,0.622375
232.0,3.500375,0.622
232.0,3.500625,0.622125
232.0,3.50025,0.622
232.0,3.500375,0.621875
232.0,3.501375,0.621875
232.0,3.502125,0.621875
232.0,3.501875,0.62175
232.0,3.501,0.622125
232.0,3.5,0.622125
232.0,3.5,0.622
232.0,3.499625,0.622
232.0,3.499625,0.622125
232.0,3.499125,0.622
232.0,3.498875,0.622
232.0,3.5,0.622125
232.0,3.50075,0.622125
232.0,3.500625,0.622125
232.0,3.500625,0.622
232.0,3.50025,0.621875
232.0,3.5,0.621875
232.0,3.500875,0.621875
232.0,3.501375,0.622
232.0,3.5015,0.62175
232.0,3.501375,0.62175
233.0,3.5,0.6695
233.0,3.5005,0.669625
233.0,3.50175,0.6695
233.0,3.502,0.6695
233.0,3.50125,0.669625
233.0,3.5005,0.670125
233.0,3.500125,0.66975
233.0,3.499625,0.66975
233.0,3.499625,0.66975
233.0,3.49925,0.67
233.0,3.49925,0.669875
233.0,3.499625,0.67
233.0,3.501125,0.669875
233.0,3.5015,0.670125
233.0,3.50075,0.67025
233.0,3.500875,0.669625
233.0,3.500625,0.66975
233.0,3.49975,0.669625
233.0,3.501,0.669625
233.0,3.502125,0.669625
233.0,3.502125,0.6695
233.0,3.50175,0.66975
233.0,3.5005,0.669875
233.0,3.5,0.66975
233.0,3.499875,0.669875
233.0,3.499875,0.669875
233.0,3.499375,0.66975
233.0,3.49925,0.669875
233.0,3.500125,0.66975
233.0,3.500625,0.670125
233.0,3.50075,0.67
233.0,3.500875,0.669875
233.0,3.5005,0.66975
233.0,3.49975,0.6695
233.0,3.500125,0.669625
233.0,3.501125,0.6695
233.0,3.502125,0.669375
233.0,3.502,0.669375
233.0,3.5015,0.6695
233.0,3.500375,0.669625
233.0,3.5005,0.669375
233.0,3.5005,0.669375
233.0,3.500125,0.66975
233.0,3.499375,0.66975
233.0,3.49925,0.669875
233.0,3.499625,0.66975
233.0,3.500875,0.67
233.0,3.501,0.670375
233.0,3.501,0.67025
233.0,3.5005,0.66975
233.0,3.5,0.669625
233.0,3.5005,0.66975
233.0,3.5015,0.669625
233.0,3.50225,0.6695
233.0,3.502375,0.669375
233.0,3.501,0.66975
233.0,3.5,0.669875
233.0,3.5,0.669875
233.0,3.500125,0.669625
233.0,3.499875,0.66975
233.0,3.499125,0.66975
233.0,3.499625,0.669875
233.0,3.501,0.67
233.0,3.501125,0.670125
233.0,3.500875,0.670125
233.0,3.500875,0.67
233.0,3.50075,0.669625
233.0,3.500125,0.669625
233.0,3.500875,0.669625
233.0,3.50225,0.669625
233.0,3.5025,0.669625
233.0,3.501625,0.669875
233.0,3.5005,0.670125
233.0,3.5005,0.670125
233.0,3.500625,0.669875
233.0,3.50025,0.66975
233.0,3.49925,0.669875
233.0,3.499,0.669875
233.0,3.499875,0.669875
233.0,3.500875,0.669875
233.0,3.501,0.67025
233.0,3.500875,0.67
233.0,3.50125,0.6695
233.0,3.500375,0.669375
233.0,3.500125,0.669625
233.0,3.50175,0.66975
233.0,3.5025,0.669625
233.0,3.502,0.669625
233.0,3.501375,0.669875
233.0,3.501375,0.669875
233.0,3.50075,0.669875
233.0,3.500375,0.669875
233.0,3.500125,0.669875
233.0,3.4995,0.66975
233.0,3.499125,0.66975
233.0,3.500125,0.669875
233.0,3.500875,0.67
233.0,3.501,0.669875
233.0,3.500375,0.66975
233.0,3.500625,0.669375
233.0,3.50025,0.6695
233.0,3.5005,0.669625
233.0,3.50175,0.66975
233.0,3.502,0.669625
233.0,3.501875,0.66975
233.0,3.50125,0.66975
233.0,3.50125,0.66975
233.0,3.500375,0.669875
233.0,3.500125,0.669875
233.0,3.500125,0.669875
233.0,3.499375,0.669875
233.0,3.4995,0.67
233.0,3.50075,0.670125
233.0,3.501375,0.67
233.0,3.501,0.67
233.0,3.500375,0.669875
233.0,3.500375,0.669625
233.0,3.500625,0.669625
233.0,3.501125,0.6695
233.0,3.502,0.669625
233.0,3.502375,0.6695
233.0,3.50175,0.669875
233.0,3.50175,0.669875
233.0,3.50075,0.670125
233.0,3.500625,0.67
233.0,3.500125,0.66975
233.0,3.499625,0.66975
233.0,3.499625,0.66975
233.0,3.499875,0.669875
233.0,3.500625,0.669875
233.0,3.500875,0.669875
233.0,3.50075,0.669875
233.0,3.50075,0.67
233.0,3.500125,0.66975
233.0,3.500125,0.66975
233.0,3.501125,0.66975
233.0,3.50225,0.669375
233.0,3.502375,0.6695
233.0,3.502375,0.6695
233.0,3.50125,0.66975
233.0,3.50025,0.66975
233.0,3.5,0.66975
233.0,3.49975,0.66975
233.0,3.499625,0.66975
233.0,3.49925,0.669625
233.0,3.50025,0.669875
233.0,3.501125,0.67
233.0,3.501125,0.669875
233.0,3.50075,0.66975
233.0,3.50075,0.669625
233.0,3.500625,0.669625
233.0,3.500875,0.669625
233.0,3.502,0.669625
233.0,3.502375,0.6695
233.0,3.502375,0.6695
233.0,3.502,0.66975
233.0,3.50125,0.67
233.0,3.5005,0.669625
233.0,3.50025,0.6695
233.0,3.5,0.66975
233.0,3.4995,0.66975
233.0,3.498875,0.66975
233.0,3.5,0.67
233.0,3.501625,0.670125
233.0,3.501125,0.670125
233.0,3.500625,0.669875
233.0,3.5005,0.6695
233.0,3.500125,0.6695
233.0,3.500875,0.669625
234.0,3.501375,0.71825
234.0,3.5025,0.718125
234.0,3.50275,0.718125
234.0,3.502,0.718
234.0,3.5005,0.718125
234.0,3.500125,0.71825
234.0,3.5,0.71825
234.0,3.499375,0.71825
234.0,3.499375,0.71825
234.0,3.498625,0.718375
234.0,3.4995,0.7185
234.0,3.501375,0.7185
234.0,3.501,0.7185
234.0,3.500625,0.7185
234.0,3.5005,0.71825
234.0,3.499875,0.718375
234.0,3.500625,0.71825
234.0,3.502125,0.718125
234.0,3.502125,0.718125
234.0,3.501625,0.718375
234.0,3.50125,0.718375
234.0,3.5005,0.718375
234.0,3.49975,0.7185
234.0,3.4995,0.7185
234.0,3.4995,0.7185
234.0,3.499375,0.7185
234.0,3.49975,0.718375
234.0,3.500625,0.718625
234.0,3.501375,0.718875
234.0,3.501,0.71875
234.0,3.50075,0.718625
234.0,3.5005,0.71825
234.0,3.49975,0.71825
234.0,3.500625,0.71825
234.0,3.502,0.718125
234.0,3.502375,0.71825
234.0,3.5015,0.718375
234.0,3.5005,0.718375
234.0,3.500375,0.71825
234.0,3.5,0.7185
234.0,3.499625,0.7185
234.0,3.499625,0.7185
234.0,3.49925,0.7185
234.0,3.4995,0.718625
234.0,3.500625,0.718625
234.0,3.500875,0.718875
234.0,3.5005,0.718625
234.0,3.5005,0.718375
234.0,3.500125,0.7185
234.0,3.50025,0.718375
234.0,3.5015,0.71825
234.0,3.502,0.718125
234.0,3.502,0.718125
234.0,3.501375,0.718375
234.0,3.500625,0.7185
234.0,3.50025,0.718375
234.0,3.499875,0.7185
234.0,3.499875,0.7185
234.0,3.4995,0.7185
234.0,3.499,0.718375
234.0,3.4995,0.718625
234.0,3.501,0.718625
234.0,3.501,0.7185
234.0,3.5005,0.718375
234.0,3.5005,0.718125
234.0,3.500375,0.718375
234.0,3.500625,0.718375
234.0,3.501875,0.71825
234.0,3.50225,0.718125
234.0,3.50175,0.718125
234.0,3.500625,0.71825
234.0,3.499875,0.7185
234.0,3.499625,0.71825
234.0,3.499625,0.71825
234.0,3.499625,0.71825
234.0,3.499625,0.718375
234.0,3.499375,0.718375
234.0,3.50025,0.7185
234.0,3.501125,0.718375
234.0,3.501125,0.718375
234.0,3.50125,0.71825
234.0,3.500875,0.71825
234.0,3.500125,0.718375
234.0,3.50075,0.7185
234.0,3.501875,0.718375
234.0,3.502125,0.71825
234.0,3.502375,0.71825
234.0,3.50125,0.7185
234.0,3.50025,0.71825
234.0,3.50025,0.718375
234.0,3.49975,0.718375
234.0,3.4995,0.718375
234.0,3.49925,0.7185
234.0,3.49975,0.71875
234.0,3.500625,0.71875
234.0,3.501375,0.71875
234.0,3.501,0.718625
234.0,3.500625,0.718625
234.0,3.500125,0.718125
234.0,3.500125,0.718125
234.0,3.50075,0.718375
234.0,3.5015,0.718375
234.0,3.501875,0.718375
234.0,3.50175,0.71825
234.0,3.50075,0.71825
234.0,3.50075,0.718375
234.0,3.50025,0.718375
234.0,3.499875,0.718625
234.0,3.499625,0.718375
234.0,3.4995,0.718375
234.0,3.49975,0.7185
234.0,3.500625,0.718625
234.0,3.50075,0.71875
234.0,3.499875,0.71875
234.0,3.50025,0.71825
234.0,3.500125,0.718125
234.0,3.500125,0.71825
234.0,3.5015,0.71825
234.0,3.5025,0.718
234.0,3.502,0.718125
234.0,3.5005,0.718375
234.0,3.500125,0.7185
234.0,3.500125,0.7185
234.0,3.50025,0.71825
234.0,3.49975,0.718375
234.0,3.498875,0.7185
234.0,3.499,0.7185
234.0,3.49975,0.71875
234.0,3.501,0.718875
234.0,3.500875,0.719
234.0,3.500375,0.71875
234.0,3.500125,0.7185
234.0,3.499875,0.718375
234.0,3.5005,0.718375
234.0,3.502125,0.718375
234.0,3.5025,0.718375
234.0,3.501875,0.718375
234.0,3.501125,0.718375
234.0,3.501125,0.718375
234.0,3.500375,0.718125
234.0,3.5,0.718375
234.0,3.4995,0.7185
234.0,3.499,0.718625
234.0,3.499,0.7185
234.0,3.5,0.71875
234.0,3.50075,0.718875
234.0,3.50075,0.7185
234.0,3.50075,0.71825
234.0,3.500625,0.71825
234.0,3.50025,0.71825
234.0,3.50075,0.71825
234.0,3.50175,0.718125
234.0,3.502625,0.718375
234.0,3.501625,0.7185
234.0,3.501625,0.7185
234.0,3.5,0.718875
234.0,3.49975,0.7185
234.0,3.5,0.71825
234.0,3.499625,0.718375
234.0,3.499125,0.718375
234.0,3.49975,0.7185
234.0,3.501125,0.718625
234.0,3.50125,0.718625
234.0,3.50075,0.718375
234.0,3.5005,0.7185
234.0,3.49975,0.718375
234.0,3.5,0.718375
234.0,3.50125,0.71825
234.0,3.502375,0.718125
235.0,3.5,0.7685
235.0,3.500375,0.768375
235.0,3.501875,0.768375
235.0,3.5025,0.768375
235.0,3.502125,0.7685
235.0,3.501125,0.76875
235.0,3.500375,0.768625
235.0,3.500125,0.76825
235.0,3.500125,0.768375
235.0,3.499625,0.768375
235.0,3.499125,0.7685
235.0,3.49925,0.76875
235.0,3.500125,0.769
235.0,3.501,0.769
235.0,3.5005,0.76875
235.0,3.5,0.76875
235.0,3.50025,0.7685
235.0,3.50025,0.768625
235.0,3.501,0.7685
235.0,3.501625,0.7685
235.0,3.50175,0.768375
235.0,3.50125,0.7685
235.0,3.500375,0.768625
235.0,3.500125,0.768625
235.0,3.49975,0.768625
235.0,3.49975,0.768625
235.0,3.499375,0.76875
235.0,3.498875,0.768625
235.0,3.4995,0.768625
235.0,3.501,0.768875
235.0,3.501375,0.769
235.0,3.500625,0.76875
235.0,3.500625,0.768375
235.0,3.499875,0.768375
235.0,3.5,0.768625
235.0,3.501,0.7685
235.0,3.5025,0.768375
235.0,3.502625,0.76825
235.0,3.501625,0.768375
235.0,3.500375,0.7685
235.0,3.50025,0.768875
235.0,3.50025,0.768875
235.0,3.500125,0.76875
235.0,3.499,0.76875
235.0,3.49875,0.768625
235.0,3.4995,0.76875
235.0,3.50075,0.76875
235.0,3.50125,0.769125
235.0,3.50075,0.768875
235.0,3.500875,0.76875
235.0,3.500375,0.7685
235.0,3.500875,0.7685
235.0,3.501625,0.7685
235.0,3.502125,0.76825
235.0,3.501875,0.7685
235.0,3.500875,0.7685
235.0,3.499875,0.7685
235.0,3.499875,0.7685
235.0,3.499875,0.7685
235.0,3.4995,0.768625
235.0,3.499125,0.7685
235.0,3.499375,0.768625
235.0,3.500125,0.769
235.0,3.500875,0.76925
235.0,3.5005,0.769125
235.0,3.500375,0.768875
235.0,3.5005,0.768375
235.0,3.5,0.768375
235.0,3.50075,0.7685
235.0,3.501875,0.7685
235.0,3.502375,0.768625
235.0,3.50175,0.768375
235.0,3.5005,0.768625
235.0,3.5005,0.768625
235.0,3.500125,0.7685
235.0,3.5,0.768625
235.0,3.4995,0.76875
235.0,3.49925,0.7685
235.0,3.499625,0.768625
235.0,3.500125,0.768875
235.0,3.50075,0.769125
235.0,3.50025,0.76925
235.0,3.50025,0.768875
235.0,3.500125,0.768375
235.0,3.499625,0.768625
235.0,3.501,0.7685
235.0,3.502375,0.768375
235.0,3.502125,0.768125
235.0,3.501375,0.76825
235.0,3.500375,0.7685
235.0,3.500375,0.7685
235.0,3.500375,0.768375
235.0,3.49975,0.768625
235.0,3.499375,0.768625
235.0,3.498875,0.768625
235.0,3.49975,0.768875
235.0,3.501,0.768875
235.0,3.501125,0.768875
235.0,3.5005,0.76875
235.0,3.500375,0.7685
235.0,3.499875,0.768375
235.0,3.49975,0.7685
235.0,3.5015,0.7685
235.0,3.5025,0.768375
235.0,3.502,0.76825
235.0,3.50075,0.7685
235.0,3.50075,0.7685
235.0,3.5,0.76875
235.0,3.499875,0.768625
235.0,3.499875,0.768625
235.0,3.4995,0.7685
235.0,3.49925,0.7685
235.0,3.5,0.768875
235.0,3.501125,0.769
235.0,3.500875,0.768875
235.0,3.50075,0.76875
235.0,3.500375,0.768375
235.0,3.499625,0.768375
235.0,3.50025,0.7685
235.0,3.501625,0.7685
235.0,3.502,0.7685
235.0,3.5015,0.768375
235.0,3.5015,0.768375
235.0,3.5005,0.768625
235.0,3.5,0.768625
235.0,3.499875,0.7685
235.0,3.499625,0.76875
235.0,3.498875,0.76875
235.0,3.499,0.768625
235.0,3.500375,0.768875
235.0,3.501,0.769125
235.0,3.500625,0.769
235.0,3.5005,0.7685
235.0,3.5005,0.768375
235.0,3.50025,0.7685
235.0,3.501,0.768625
235.0,3.50225,0.768375
235.0,3.502375,0.76825
235.0,3.502375,0.76825
235.0,3.5015,0.768375
235.0,3.499875,0.76825
235.0,3.49975,0.768625
235.0,3.499625,0.7685
235.0,3.4995,0.7685
235.0,3.49925,0.768625
235.0,3.50025,0.76875
235.0,3.501,0.76875
235.0,3.500875,0.768625
235.0,3.500625,0.768875
235.0,3.50075,0.7685
235.0,3.500125,0.76825
235.0,3.49975,0.768375
235.0,3.501375,0.7685
235.0,3.5025,0.7685
235.0,3.5025,0.7685
235.0,3.502125,0.7685
235.0,3.501125,0.768625
235.0,3.5,0.768625
235.0,3.5,0.7685
235.0,3.4995,0.768625
235.0,3.49925,0.76875
235.0,3.4995,0.768625
235.0,3.50025,0.76875
235.0,3.50125,0.76875
235.0,3.501375,0.769
235.0,3.501125,0.768625
235.0,3.500375,0.76825
235.0,3.499625,0.7685
235.0,3.5005,0.7685
236.0,3.49975,0.820125
236.0,3.499375,0.819875
236.0,3.49925,0.819875
236.0,3.5,0.820125
236.0,3.501375,0.82025
236.0,3.50125,0.820125
236.0,3.500625,0.820125
236.0,3.50025,0.81975
236.0,3.50025,0.81975
236.0,3.499875,0.81975
236.0,3.500375,0.819875
236.0,3.5015,0.819875
236.0,3.502125,0.81975
236.0,3.502,0.82
236.0,3.500625,0.820125
236.0,3.50025,0.82025
236.0,3.500125,0.820125
236.0,3.49975,0.820125
236.0,3.4995,0.820125
236.0,3.4995,0.820125
236.0,3.500375,0.82025
236.0,3.500875,0.82025
236.0,3.500375,0.82
236.0,3.50025,0.82
236.0,3.500375,0.81975
236.0,3.500375,0.81975
236.0,3.500375,0.82
236.0,3.50125,0.819875
236.0,3.501875,0.81975
236.0,3.501875,0.819625
236.0,3.501625,0.82
236.0,3.5005,0.820375
236.0,3.5,0.820125
236.0,3.499875,0.82
236.0,3.4995,0.82
236.0,3.499,0.820125
236.0,3.499875,0.820125
236.0,3.500875,0.820125
236.0,3.501125,0.820375
236.0,3.500875,0.820375
236.0,3.50075,0.82
236.0,3.50075,0.82
236.0,3.5,0.819625
236.0,3.499875,0.82
236.0,3.501,0.82
236.0,3.502,0.819875
236.0,3.502125,0.82
236.0,3.50125,0.819875
236.0,3.500375,0.82
236.0,3.5,0.82
236.0,3.4995,0.82
236.0,3.499,0.82
236.0,3.499125,0.82
236.0,3.499875,0.82025
236.0,3.501,0.8205
236.0,3.501,0.82025
236.0,3.500625,0.82025
236.0,3.500625,0.82025
236.0,3.500375,0.81975
236.0,3.499625,0.81975
236.0,3.5,0.819875
236.0,3.501625,0.819875
236.0,3.502625,0.819625
236.0,3.50225,0.81975
236.0,3.500875,0.820125
236.0,3.500375,0.819875
236.0,3.499875,0.81975
236.0,3.4995,0.82
236.0,3.499125,0.820125
236.0,3.499375,0.820125
236.0,3.500375,0.820375
236.0,3.501,0.820375
236.0,3.501,0.820375
236.0,3.501,0.820375
236.0,3.50075,0.82025
236.0,3.5005,0.81975
236.0,3.5,0.819875
236.0,3.500875,0.819875
236.0,3.501875,0.82
236.0,3.501875,0.81975
236.0,3.501625,0.819875
236.0,3.50025,0.819875
236.0,3.500125,0.820125
236.0,3.500125,0.82
236.0,3.49925,0.820125
236.0,3.498875,0.82
236.0,3.4995,0.82
236.0,3.5005,0.820375
236.0,3.501,0.820625
236.0,3.500125,0.8205
236.0,3.500125,0.8205
236.0,3.500625,0.82
236.0,3.500125,0.819875
236.0,3.50025,0.819875
236.0,3.501375,0.819875
236.0,3.502,0.819875
236.0,3.501625,0.819875
236.0,3.501125,0.82
236.0,3.500375,0.82025
236.0,3.4995,0.820125
236.0,3.49925,0.820125
236.0,3.499375,0.82
236.0,3.499125,0.820125
236.0,3.499875,0.820125
236.0,3.501125,0.820375
236.0,3.501125,0.82025
236.0,3.501125,0.82025
236.0,3.501,0.820125
236.0,3.50075,0.82
236.0,3.500125,0.82
236.0,3.5,0.82
236.0,3.5015,0.819875
236.0,3.502125,0.81975
236.0,3.502125,0.82
236.0,3.50125,0.820125
236.0,3.5,0.82025
236.0,3.499625,0.820125
236.0,3.499375,0.820125
236.0,3.499125,0.819875
236.0,3.49925,0.82
236.0,3.50025,0.82025
236.0,3.501,0.820375
236.0,3.501,0.820375
236.0,3.5005,0.82025
236.0,3.499875,0.819875
236.0,3.5,0.819625
236.0,3.49975,0.819875
236.0,3.500625,0.81975
236.0,3.502,0.81975
236.0,3.5025,0.81975
236.0,3.502,0.819875
236.0,3.50075,0.819875
236.0,3.500375,0.82025
236.0,3.49975,0.82025
236.0,3.49925,0.820125
236.0,3.49925,0.820125
236.0,3.499375,0.820125
236.0,3.5005,0.8205
236.0,3.5005,0.8205
236.0,3.501125,0.8205
236.0,3.500875,0.82025
236.0,3.50075,0.820125
236.0,3.50025,0.82
236.0,3.50025,0.819875
236.0,3.501375,0.819875
236.0,3.502,0.819625
236.0,3.50175,0.819625
236.0,3.501375,0.820125
236.0,3.5005,0.82025
236.0,3.500125,0.82025
236.0,3.499875,0.820125
236.0,3.499125,0.82
236.0,3.499,0.820125
236.0,3.499625,0.82025
236.0,3.499625,0.82025
236.0,3.5005,0.820375
236.0,3.500875,0.82025
236.0,3.500375,0.82
236.0,3.500625,0.81975
236.0,3.5,0.82
236.0,3.500125,0.820125
236.0,3.5015,0.819875
236.0,3.50225,0.819625
236.0,3.501625,0.81975
236.0,3.500875,0.820125
236.0,3.50025,0.820125
236.0,3.50025,0.82
236.0,3.499875,0.820125
236.0,3.49925,0.82
237.0,3.5,0.871625
237.0,3.49975,0.87175
237.0,3.499375,0.87175
237.0,3.499125,0.87175
237.0,3.499125,0.871875
237.0,3.500625,0.872125
237.0,3.501,0.87175
237.0,3.5005,0.872
237.0,3.5005,0.872
237.0,3.500625,0.871625
237.0,3.50025,0.871625
237.0,3.5,0.87175
237.0,3.5015,0.871625
237.0,3.50225,0.8715
237.0,3.502125,0.8715
237.0,3.50125,0.87175
237.0,3.50025,0.87175
237.0,3.5,0.872
237.0,3.499875,0.872
237.0,3.499375,0.872
237.0,3.4995,0.871875
237.0,3.499875,0.872125
237.0,3.500375,0.87225
237.0,3.500875,0.87225
237.0,3.500625,0.87225
237.0,3.500625,0.872125
237.0,3.5005,0.871625
237.0,3.500125,0.87175
237.0,3.5005,0.871625
237.0,3.5015,0.871625
237.0,3.502125,0.8715
237.0,3.501625,0.871375
237.0,3.500625,0.871875
237.0,3.4995,0.871875
237.0,3.49975,0.87175
237.0,3.49975,0.87175
237.0,3.49925,0.87175
237.0,3.4995,0.871875
237.0,3.500375,0.872
237.0,3.500875,0.872125
237.0,3.500875,0.872375
237.0,3.500875,0.872375
237.0,3.501125,0.871875
237.0,3.5005,0.87175
237.0,3.499875,0.87175
237.0,3.500625,0.871625
237.0,3.501875,0.8715
237.0,3.502125,0.871625
237.0,3.501625,0.871875
237.0,3.50075,0.87175
237.0,3.500375,0.87175
237.0,3.500125,0.871625
237.0,3.4995,0.871875
237.0,3.49925,0.87175
237.0,3.499625,0.872
237.0,3.500625,0.872125
237.0,3.501375,0.872125
237.0,3.501375,0.872125
237.0,3.501125,0.87175
237.0,3.5005,0.871125
237.0,3.5,0.8715
237.0,3.49975,0.871625
237.0,3.50125,0.87175
237.0,3.501875,0.8715
237.0,3.502125,0.871375
237.0,3.501875,0.871625
237.0,3.500375,0.871875
237.0,3.500125,0.8715
237.0,3.5,0.871875
237.0,3.499625,0.871875
237.0,3.498875,0.871875
237.0,3.499375,0.872
237.0,3.500625,0.872125
237.0,3.500625,0.872125
237.0,3.500875,0.872
237.0,3.500625,0.87175
237.0,3.50025,0.87175
237.0,3.500125,0.871875
237.0,3.5005,0.87175
237.0,3.501625,0.871625
237.0,3.502375,0.8715
237.0,3.5025,0.871625
237.0,3.5015,0.872
237.0,3.50025,0.871875
237.0,3.49975,0.871875
237.0,3.4995,0.872
237.0,3.499625,0.872
237.0,3.49975,0.871875
237.0,3.500375,0.872
237.0,3.50075,0.872
237.0,3.50075,0.872
237.0,3.50025,0.871875
237.0,3.5005,0.87175
237.0,3.500375,0.871625
237.0,3.49975,0.87175
237.0,3.500375,0.87175
237.0,3.502,0.87175
237.0,3.502375,0.871625
237.0,3.501875,0.8715
237.0,3.500625,0.871625
237.0,3.499625,0.87175
237.0,3.499875,0.87175
237.0,3.499375,0.871875
237.0,3.498875,0.871875
237.0,3.4995,0.872
237.0,3.50025,0.87225
237.0,3.50025,0.87225
237.0,3.5005,0.87225
237.0,3.50025,0.871875
237.0,3.500125,0.871875
237.0,3.50025,0.8715
237.0,3.500125,0.87175
237.0,3.500625,0.871875
237.0,3.50225,0.871625
237.0,3.502625,0.871625
237.0,3.50125,0.872
237.0,3.500125,0.871875
237.0,3.5,0.87175
237.0,3.500125,0.872
237.0,3.499625,0.872
237.0,3.4995,0.87175
237.0,3.5,0.872
237.0,3.5,0.872
237.0,3.500875,0.872
237.0,3.501,0.871625
237.0,3.5005,0.871625
237.0,3.500375,0.871625
237.0,3.50025,0.8715
237.0,3.500625,0.87175
237.0,3.50175,0.87175
237.0,3.502625,0.8715
237.0,3.50225,0.871625
237.0,3.50125,0.872125
237.0,3.500125,0.872
237.0,3.499875,0.872
237.0,3.5,0.872
237.0,3.4995,0.87175
237.0,3.49875,0.87175
237.0,3.49875,0.87175
237.0,3.499625,0.872125
237.0,3.500625,0.872125
237.0,3.5005,0.871875
237.0,3.5,0.87175
237.0,3.50025,0.871625
237.0,3.50025,0.871625
237.0,3.5005,0.871875
237.0,3.502,0.87175
237.0,3.502375,0.8715
237.0,3.502125,0.871625
237.0,3.501,0.871625
237.0,3.50025,0.871875
237.0,3.4995,0.871875
237.0,3.499125,0.871875
237.0,3.499125,0.87175
237.0,3.499125,0.87175
237.0,3.499125,0.872
237.0,3.50025,0.872
237.0,3.50125,0.872125
237.0,3.500625,0.872375
237.0,3.50025,0.871875
237.0,3.5,0.8715
237.0,3.499875,0.87175
237.0,3.500625,0.87175
237.0,3.50175,0.871625
237.0,3.502125,0.8715
237.0,3.5015,0.871625
237.0,3.500125,0.871625
237.0,3.49975,0.87175
237.0,3.4995,0.87175
238.0,3.499375,0.925375
238.0,3.498625,0.92525
238.0,3.498875,0.925375
238.0,3.499625,0.925625
238.0,3.5005,0.92575
238.0,3.500125,0.92525
238.0,3.50025,0.925
238.0,3.500375,0.925
238.0,3.500375,0.925
238.0,3.5,0.925125
238.0,3.500375,0.92525
238.0,3.50175,0.92525
238.0,3.502,0.925
238.0,3.5015,0.925375
238.0,3.500375,0.925625
238.0,3.4995,0.9255
238.0,3.49975,0.925125
238.0,3.499625,0.92525
238.0,3.499125,0.92525
238.0,3.499125,0.9255
238.0,3.500625,0.92575
238.0,3.501375,0.92575
238.0,3.50075,0.9255
238.0,3.5005,0.9255
238.0,3.500625,0.92525
238.0,3.500625,0.92525
238.0,3.500375,0.92525
238.0,3.5005,0.925125
238.0,3.50175,0.925125
238.0,3.502375,0.924875
238.0,3.501375,0.92525
238.0,3.5,0.925625
238.0,3.499625,0.925375
238.0,3.49975,0.925375
238.0,3.499375,0.925375
238.0,3.499125,0.925375
238.0,3.499625,0.9255
238.0,3.5005,0.92575
238.0,3.500625,0.9255
238.0,3.500375,0.925625
238.0,3.500375,0.9255
238.0,3.500375,0.9255
238.0,3.499875,0.925125
238.0,3.499875,0.92525
238.0,3.501125,0.925125
238.0,3.502,0.925
238.0,3.501875,0.925125
238.0,3.50125,0.9255
238.0,3.5005,0.92525
238.0,3.499875,0.925
238.0,3.499125,0.925125
238.0,3.499,0.92525
238.0,3.4995,0.9255
238.0,3.500375,0.925625
238.0,3.501125,0.92575
238.0,3.500875,0.925625
238.0,3.50025,0.92525
238.0,3.50025,0.92525
238.0,3.500375,0.925125
238.0,3.499875,0.925125
238.0,3.500375,0.925125
238.0,3.50175,0.925125
238.0,3.502125,0.924875
238.0,3.501625,0.925
238.0,3.501,0.925375
238.0,3.5005,0.925125
238.0,3.499875,0.92525
238.0,3.499625,0.925375
238.0,3.4995,0.925375
238.0,3.499375,0.9255
238.0,3.5,0.92575
238.0,3.501125,0.92575
238.0,3.500625,0.925625
238.0,3.500625,0.925625
238.0,3.50025,0.9255
238.0,3.50025,0.92525
238.0,3.5,0.92525
238.0,3.501,0.92525
238.0,3.501875,0.925125
238.0,3.502375,0.925
238.0,3.501875,0.925125
238.0,3.5005,0.92525
238.0,3.499875,0.925375
238.0,3.499375,0.9255
238.0,3.499625,0.925375
238.0,3.49925,0.92525
238.0,3.4995,0.9255
238.0,3.500625,0.925625
238.0,3.500875,0.92575
238.0,3.500625,0.92575
238.0,3.500625,0.92575
238.0,3.5005,0.925375
238.0,3.5,0.925125
238.0,3.500125,0.925
238.0,3.501625,0.925125
238.0,3.502375,0.925125
238.0,3.50175,0.925125
238.0,3.500875,0.925125
238.0,3.5,0.925375
238.0,3.499625,0.92525
238.0,3.499625,0.925375
238.0,3.499375,0.925375
238.0,3.49925,0.92525
238.0,3.499875,0.925375
238.0,3.50075,0.92575
238.0,3.50075,0.92575
238.0,3.50075,0.92575
238.0,3.500375,0.925375
238.0,3.5005,0.925
238.0,3.5,0.925
238.0,3.50075,0.925125
238.0,3.50175,0.925125
238.0,3.501875,0.924875
238.0,3.501625,0.92475
238.0,3.501,0.925375
238.0,3.5,0.9255
238.0,3.49975,0.925625
238.0,3.499625,0.925375
238.0,3.499375,0.9255
238.0,3.4995,0.925375
238.0,3.500125,0.925625
238.0,3.501,0.92575
238.0,3.501,0.92575
238.0,3.500875,0.9255
238.0,3.500625,0.9255
238.0,3.500125,0.92525
238.0,3.499875,0.925
238.0,3.50075,0.92525
238.0,3.5015,0.925125
238.0,3.502,0.924875
238.0,3.501875,0.92525
238.0,3.50075,0.925375
238.0,3.5,0.92525
238.0,3.5,0.925375
238.0,3.499875,0.92525
238.0,3.499375,0.925375
238.0,3.49925,0.9255
238.0,3.50025,0.92575
238.0,3.50025,0.92575
238.0,3.501125,0.9255
238.0,3.5005,0.925625
238.0,3.5005,0.92525
238.0,3.5,0.925125
238.0,3.499875,0.92525
238.0,3.501,0.92525
238.0,3.502125,0.92525
238.0,3.502125,0.925
238.0,3.50125,0.925125
238.0,3.5,0.925375
238.0,3.5,0.9255
238.0,3.500125,0.9255
238.0,3.499375,0.9255
238.0,3.498875,0.92525
238.0,3.499625,0.9255
238.0,3.499625,0.9255
238.0,3.501,0.92575
238.0,3.500875,0.925875
238.0,3.500125,0.925625
238.0,3.50025,0.925625
238.0,3.499875,0.92525
238.0,3.50025,0.925125
238.0,3.50125,0.92525
238.0,3.50225,0.92525
238.0,3.501875,0.925125
238.0,3.500875,0.92575
238.0,3.5,0.925625
238.0,3.49975,0.9255
238.0,3.4995,0.925375
238.0,3.499,0.925375
239.0,3.501375,0.9795
239.0,3.50025,0.979625
239.0,3.50025,0.979625
239.0,3.500125,0.979875
239.0,3.4995,0.97975
239.0,3.499375,0.97975
239.0,3.499875,0.980125
239.0,3.500625,0.980125
239.0,3.500625,0.980125
239.0,3.50125,0.980125
239.0,3.5005,0.980125
239.0,3.50025,0.979875
239.0,3.500125,0.979625
239.0,3.500375,0.979625
239.0,3.5015,0.979625
239.0,3.50225,0.9795
239.0,3.502125,0.9795
239.0,3.50075,0.9795
239.0,3.49975,0.97975
239.0,3.49975,0.97975
239.0,3.499875,0.979875
239.0,3.4995,0.98
239.0,3.49925,0.98
239.0,3.5005,0.98025
239.0,3.50125,0.98025
239.0,3.50125,0.98025
239.0,3.5005,0.98025
239.0,3.5005,0.97975
239.0,3.500625,0.9795
239.0,3.499875,0.97975
239.0,3.50075,0.97975
239.0,3.50175,0.9795
239.0,3.50175,0.979375
239.0,3.501875,0.9795
239.0,3.501125,0.98
239.0,3.500125,0.98
239.0,3.499875,0.980125
239.0,3.4995,0.979875
239.0,3.499,0.97975
239.0,3.4995,0.97975
239.0,3.500375,0.98
239.0,3.500375,0.98
239.0,3.501125,0.98025
239.0,3.500875,0.98025
239.0,3.500375,0.98
239.0,3.50025,0.979625
239.0,3.499625,0.979875
239.0,3.501,0.97975
239.0,3.502125,0.979625
239.0,3.502125,0.979375
239.0,3.501,0.9795
239.0,3.50025,0.98
239.0,3.50025,0.980125
239.0,3.4995,0.980125
239.0,3.49925,0.979875
239.0,3.499375,0.97975
239.0,3.4995,0.980125
239.0,3.4995,0.980125
239.0,3.50025,0.98025
239.0,3.5005,0.980125
239.0,3.500125,0.979875
239.0,3.499625,0.979375
239.0,3.499875,0.979375
239.0,3.500625,0.979625
239.0,3.501625,0.979875
239.0,3.502375,0.97975
239.0,3.501625,0.979625
239.0,3.500625,0.979625
239.0,3.5,0.97975
239.0,3.499625,0.979625
239.0,3.499375,0.979875
239.0,3.49925,0.97975
239.0,3.499375,0.97975
239.0,3.499375,0.97975
239.0,3.499625,0.980125
239.0,3.500875,0.980125
239.0,3.501125,0.97975
239.0,3.500875,0.97975
239.0,3.500375,0.979625
239.0,3.500125,0.979625
239.0,3.500375,0.97975
239.0,3.501625,0.979625
239.0,3.501875,0.979625
239.0,3.501375,0.9795
239.0,3.50075,0.979625
239.0,3.50025,0.97975
239.0,3.499875,0.979625
239.0,3.4995,0.98
239.0,3.499,0.98
239.0,3.499125,0.98
239.0,3.499125,0.98
239.0,3.5005,0.98025
239.0,3.501125,0.980125
239.0,3.50075,0.98
239.0,3.500625,0.98
239.0,3.500375,0.9795
239.0,3.499625,0.979625
239.0,3.501,0.9795
239.0,3.502625,0.9795
239.0,3.502625,0.9795
239.0,3.501125,0.9795
239.0,3.50025,0.979875
239.0,3.5,0.97975
239.0,3.49975,0.97975
239.0,3.499375,0.97975
239.0,3.499125,0.979875
239.0,3.499125,0.979875
239.0,3.4995,0.980125
239.0,3.50025,0.98
239.0,3.501,0.980125
239.0,3.5005,0.97975
239.0,3.500375,0.979625
239.0,3.500625,0.979625
239.0,3.50025,0.97975
239.0,3.500625,0.9795
239.0,3.5015,0.979375
239.0,3.502,0.97925
239.0,3.501125,0.97975
239.0,3.499875,0.979875
239.0,3.499875,0.980125
239.0,3.499625,0.98
239.0,3.499125,0.98
239.0,3.499125,0.98
239.0,3.499125,0.97975
239.0,3.4995,0.98
239.0,3.500625,0.980125
239.0,3.500375,0.980125
239.0,3.500625,0.98
239.0,3.500875,0.98
239.0,3.500125,0.979625
239.0,3.500375,0.979625
239.0,3.50175,0.979625
239.0,3.502,0.9795
239.0,3.501875,0.979625
239.0,3.50125,0.979625
239.0,3.5,0.9795
239.0,3.5,0.97975
239.0,3.4995,0.98
239.0,3.4995,0.98
239.0,3.49925,0.97975
239.0,3.499125,0.97975
239.0,3.5,0.98
239.0,3.50125,0.98
239.0,3.500625,0.980125
239.0,3.5005,0.97975
239.0,3.500625,0.9795
239.0,3.50025,0.979625
239.0,3.500625,0.979625
239.0,3.501375,0.97975
239.0,3.501875,0.979625
239.0,3.502,0.979625
239.0,3.50125,0.97975
239.0,3.5005,0.9795
239.0,3.500125,0.979875
239.0,3.500125,0.979875
239.0,3.4995,0.979875
239.0,3.498875,0.97975
239.0,3.499125,0.97975
239.0,3.50025,0.98
239.0,3.50125,0.979875
239.0,3.500875,0.979875
239.0,3.50025,0.98
239.0,3.500125,0.979875
239.0,3.499875,0.97975
239.0,3.501375,0.979625
239.0,3.502,0.9795
239.0,3.501625,0.979625
239.0,3.50125,0.979875
239.0,3.500375,0.97975
240.0,3.50225,1.034875
240.0,3.502125,1.034875
240.0,3.501375,1.035375
240.0,3.5005,1.0355
240.0,3.499875,1.035125
240.0,3.499875,1.03525
240.0,3.499625,1.035375
240.0,3.49925,1.0355
240.0,3.49925,1.0355
240.0,3.500375,1.0355
240.0,3.501125,1.035625
240.0,3.500375,1.0355
240.0,3.500125,1.035375
240.0,3.5005,1.035125
240.0,3.50025,1.035125
240.0,3.500375,1.035375
240.0,3.501625,1.035125
240.0,3.502375,1.035
240.0,3.501875,1.03525
240.0,3.500625,1.0355
240.0,3.499875,1.03525
240.0,3.499625,1.035375
240.0,3.49975,1.035375
240.0,3.49925,1.03525
240.0,3.499375,1.035375
240.0,3.499375,1.035375
240.0,3.5005,1.035875
240.0,3.50125,1.03575
240.0,3.50025,1.0355
240.0,3.500375,1.0355
240.0,3.50025,1.035125
240.0,3.500125,1.035
240.0,3.501,1.035125
240.0,3.501875,1.035
240.0,3.501875,1.034875
240.0,3.50125,1.03525
240.0,3.50025,1.03575
240.0,3.5,1.035625
240.0,3.4995,1.0355
240.0,3.49925,1.03525
240.0,3.499,1.035375
240.0,3.499,1.035375
240.0,3.499375,1.0355
240.0,3.500875,1.03575
240.0,3.501125,1.035625
240.0,3.500125,1.035125
240.0,3.499875,1.035
240.0,3.499875,1.035
240.0,3.50025,1.03525
240.0,3.501375,1.035375
240.0,3.501875,1.035
240.0,3.501875,1.035
240.0,3.501375,1.03525
240.0,3.50025,1.034875
240.0,3.49975,1.034875
240.0,3.499625,1.035375
240.0,3.499125,1.03525
240.0,3.499125,1.03525
240.0,3.499,1.035375
240.0,3.49975,1.0355
240.0,3.50075,1.0355
240.0,3.501375,1.0355
240.0,3.500875,1.03525
240.0,3.500375,1.035125
240.0,3.49975,1.035125
240.0,3.500125,1.03525
240.0,3.5015,1.035125
240.0,3.502125,1.034875
240.0,3.50175,1.03525
240.0,3.50075,1.035625
240.0,3.50025,1.035125
240.0,3.499875,1.035125
240.0,3.4995,1.03525
240.0,3.4995,1.03525
240.0,3.4995,1.035375
240.0,3.499625,1.03525
240.0,3.500125,1.0355
240.0,3.50075,1.035625
240.0,3.500875,1.035625
240.0,3.501125,1.035375
240.0,3.50075,1.03525
240.0,3.5005,1.035125
240.0,3.500875,1.035125
240.0,3.50175,1.035125
240.0,3.502375,1.03475
240.0,3.50175,1.035125
240.0,3.5005,1.035375
240.0,3.500125,1.0355
240.0,3.499875,1.0355
240.0,3.499875,1.0355
240.0,3.49975,1.0355
240.0,3.499625,1.035375
240.0,3.49975,1.0355
240.0,3.5005,1.03575
240.0,3.501,1.035625
240.0,3.500625,1.03525
240.0,3.5005,1.035125
240.0,3.500375,1.03525
240.0,3.50025,1.03525
240.0,3.50125,1.03525
240.0,3.502375,1.035
240.0,3.50175,1.035
240.0,3.501125,1.035375
240.0,3.500625,1.0355
240.0,3.500125,1.035375
240.0,3.499875,1.0355
240.0,3.499875,1.0355
240.0,3.4995,1.035375
240.0,3.499,1.035375
240.0,3.499625,1.035625
240.0,3.501125,1.035625
240.0,3.50125,1.03575
240.0,3.5005,1.035375
240.0,3.500125,1.035125
240.0,3.499625,1.035125
240.0,3.500375,1.03525
240.0,3.501375,1.035
240.0,3.501875,1.035
240.0,3.501625,1.035
240.0,3.500875,1.03525
240.0,3.50025,1.03525
240.0,3.49975,1.035375
240.0,3.49975,1.035375
240.0,3.49925,1.0355
240.0,3.49875,1.035375
240.0,3.499375,1.0355
240.0,3.50075,1.035625
240.0,3.50125,1.035625
240.0,3.5005,1.0355
240.0,3.500375,1.035125
240.0,3.5,1.035125
240.0,3.5,1.035125
240.0,3.5005,1.03525
240.0,3.501875,1.03525
240.0,3.502,1.035125
240.0,3.501625,1.035
240.0,3.500875,1.035625
240.0,3.500125,1.035625
240.0,3.500125,1.035625
240.0,3.499375,1.035375
240.0,3.499,1.03525
240.0,3.498875,1.03525
240.0,3.499375,1.035375
240.0,3.5005,1.0355
240.0,3.501,1.03575
240.0,3.500375,1.035625
240.0,3.50075,1.035
240.0,3.500375,1.035
240.0,3.50025,1.03525
240.0,3.501125,1.03525
240.0,3.502,1.03525
240.0,3.502125,1.035
240.0,3.50125,1.035
240.0,3.50025,1.035
240.0,3.499875,1.035
240.0,3.499875,1.035
240.0,3.499375,1.035125
240.0,3.498875,1.03525
240.0,3.49925,1.0355
240.0,3.49975,1.035625
240.0,3.501,1.035625
240.0,3.501125,1.03575
240.0,3.500625,1.0355
240.0,3.5005,1.03525
240.0,3.499875,1.03525
240.0,3.5,1.03525
240.0,3.501125,1.03525
240.0,3.50225,1.034875
240.0,3.501875,1.035
241.0,3.501375,1.09175
241.0,3.500875,1.092125
241.0,3.500375,1.091625
241.0,3.5,1.09175
241.0,3.499625,1.091875
241.0,3.499125,1.091875
241.0,3.499625,1.092125
241.0,3.500875,1.092375
241.0,3.500875,1.092375
241.0,3.50125,1.092125
241.0,3.501125,1.092125
241.0,3.501,1.091625
241.0,3.500375,1.091625
241.0,3.5,1.09175
241.0,3.50125,1.091875
241.0,3.502125,1.091625
241.0,3.502,1.0915
241.0,3.501625,1.0915
241.0,3.50075,1.091875
241.0,3.499875,1.091875
241.0,3.4995,1.09175
241.0,3.499375,1.09175
241.0,3.499375,1.091875
241.0,3.499625,1.092125
241.0,3.499625,1.092125
241.0,3.5005,1.09225
241.0,3.500875,1.09225
241.0,3.500375,1.092
241.0,3.5005,1.09175
241.0,3.500125,1.09175
241.0,3.50025,1.09175
241.0,3.501625,1.09175
241.0,3.50225,1.0915
241.0,3.501875,1.0915
241.0,3.500875,1.092
241.0,3.5,1.092
241.0,3.499875,1.091875
241.0,3.4995,1.091875
241.0,3.49925,1.092
241.0,3.49925,1.092
241.0,3.499875,1.092375
241.0,3.499875,1.092375
241.0,3.500875,1.09225
241.0,3.500625,1.092
241.0,3.5005,1.09175
241.0,3.500375,1.0915
241.0,3.499875,1.09175
241.0,3.500875,1.09175
241.0,3.501875,1.09175
241.0,3.5025,1.0915
241.0,3.50175,1.091625
241.0,3.500375,1.092
241.0,3.49975,1.092
241.0,3.49975,1.091875
241.0,3.4995,1.091875
241.0,3.499125,1.091875
241.0,3.49925,1.092125
241.0,3.49925,1.092125
241.0,3.5,1.092375
241.0,3.501125,1.092375
241.0,3.50075,1.092125
241.0,3.5005,1.092
241.0,3.499875,1.091625
241.0,3.500125,1.09175
241.0,3.501125,1.091625
241.0,3.502375,1.091625
241.0,3.50275,1.0915
241.0,3.501625,1.091875
241.0,3.500125,1.092
241.0,3.49975,1.09175
241.0,3.499625,1.091875
241.0,3.499375,1.091875
241.0,3.498875,1.091875
241.0,3.498875,1.091875
241.0,3.499375,1.092125
241.0,3.500875,1.092375
241.0,3.501,1.09225
241.0,3.5,1.092125
241.0,3.500375,1.09175
241.0,3.5,1.091625
241.0,3.50025,1.091625
241.0,3.501375,1.091625
241.0,3.502375,1.091625
241.0,3.50225,1.091625
241.0,3.50075,1.09175
241.0,3.499875,1.09175
241.0,3.499625,1.091875
241.0,3.499375,1.091875
241.0,3.49925,1.092
241.0,3.49925,1.092
241.0,3.49925,1.091875
241.0,3.500375,1.092125
241.0,3.500875,1.092375
241.0,3.5005,1.092125
241.0,3.5005,1.09175
241.0,3.5005,1.09175
241.0,3.500125,1.091875
241.0,3.500625,1.091625
241.0,3.5015,1.09175
241.0,3.502125,1.091625
241.0,3.502375,1.091625
241.0,3.500875,1.0915
241.0,3.50025,1.09175
241.0,3.49975,1.091875
241.0,3.49925,1.092
241.0,3.498875,1.091875
241.0,3.498875,1.091875
241.0,3.4995,1.092125
241.0,3.5005,1.09225
241.0,3.501,1.092375
241.0,3.500625,1.09225
241.0,3.500625,1.091875
241.0,3.5005,1.0915
241.0,3.500125,1.091625
241.0,3.50075,1.091625
241.0,3.5015,1.091625
241.0,3.502,1.0915
241.0,3.5015,1.091375
241.0,3.500375,1.092125
241.0,3.499875,1.092125
241.0,3.499625,1.092125
241.0,3.4995,1.091875
241.0,3.4995,1.091875
241.0,3.49875,1.092
241.0,3.499125,1.092
241.0,3.500625,1.092375
241.0,3.501375,1.092125
241.0,3.500125,1.092125
241.0,3.50025,1.091625
241.0,3.50075,1.091625
241.0,3.50075,1.09175
241.0,3.50125,1.091875
241.0,3.502,1.0915
241.0,3.5025,1.091375
241.0,3.501375,1.0915
241.0,3.49975,1.091875
241.0,3.499625,1.092
241.0,3.499375,1.091875
241.0,3.499375,1.091875
241.0,3.499125,1.092
241.0,3.499,1.092
241.0,3.499625,1.09225
241.0,3.500875,1.09225
241.0,3.5015,1.09225
241.0,3.5005,1.091875
241.0,3.499875,1.091625
241.0,3.5,1.091625
241.0,3.500875,1.09175
241.0,3.50175,1.09175
241.0,3.501875,1.0915
241.0,3.501875,1.091625
241.0,3.501125,1.09175
241.0,3.5,1.09175
241.0,3.5,1.09175
241.0,3.5,1.09175
241.0,3.499875,1.092
241.0,3.499375,1.092
241.0,3.499,1.092
241.0,3.5,1.09225
241.0,3.501,1.0925
241.0,3.50075,1.092375
241.0,3.500625,1.092
241.0,3.50075,1.091875
241.0,3.5,1.09175
241.0,3.500375,1.091875
241.0,3.502,1.09175
241.0,3.50225,1.091625
241.0,3.501625,1.09175
241.0,3.5005,1.092
242.0,3.5,1.148125
242.0,3.49975,1.148375
242.0,3.4995,1.1485
242.0,3.49925,1.1485
242.0,3.49925,1.1485
242.0,3.500125,1.148625
242.0,3.500875,1.148875
242.0,3.500875,1.149
242.0,3.500875,1.14875
242.0,3.50075,1.14875
242.0,3.500625,1.148375
242.0,3.50025,1.148375
242.0,3.5005,1.148375
242.0,3.501375,1.148125
242.0,3.502,1.147875
242.0,3.501375,1.148
242.0,3.500625,1.148625
242.0,3.49975,1.14825
242.0,3.49975,1.1485
242.0,3.499875,1.14875
242.0,3.499,1.1485
242.0,3.499125,1.14875
242.0,3.500625,1.14875
242.0,3.501375,1.14875
242.0,3.501,1.14875
242.0,3.501,1.14875
242.0,3.5005,1.1485
242.0,3.50025,1.148375
242.0,3.499625,1.14825
242.0,3.5005,1.148375
242.0,3.501875,1.148125
242.0,3.501875,1.148125
242.0,3.501375,1.148125
242.0,3.5005,1.14825
242.0,3.499875,1.148125
242.0,3.4995,1.14825
242.0,3.499125,1.14825
242.0,3.498875,1.1485
242.0,3.499,1.1485
242.0,3.499875,1.14875
242.0,3.50075,1.148875
242.0,3.50075,1.148875
242.0,3.500375,1.14875
242.0,3.5005,1.148375
242.0,3.500125,1.14825
242.0,3.499875,1.148375
242.0,3.50075,1.148375
242.0,3.501875,1.14825
242.0,3.50175,1.148125
242.0,3.5005,1.148375
242.0,3.5,1.1485
242.0,3.500125,1.148375
242.0,3.4995,1.148125
242.0,3.498875,1.148375
242.0,3.499125,1.1485
242.0,3.5,1.148625
242.0,3.500875,1.14875
242.0,3.500875,1.14875
242.0,3.500875,1.1485
242.0,3.500125,1.1485
242.0,3.5,1.148125
242.0,3.5,1.148125
242.0,3.5,1.14825
242.0,3.501,1.14825
242.0,3.502125,1.14825
242.0,3.502375,1.14825
242.0,3.500875,1.1485
242.0,3.499625,1.148875
242.0,3.499625,1.148625
242.0,3.4995,1.14875
242.0,3.499,1.1485
242.0,3.499,1.148625
242.0,3.5005,1.14875
242.0,3.5005,1.14875
242.0,3.501,1.149
242.0,3.500625,1.1485
242.0,3.5005,1.148375
242.0,3.50025,1.148
242.0,3.5,1.14825
242.0,3.5005,1.14825
242.0,3.502,1.148
242.0,3.5025,1.148125
242.0,3.501875,1.147875
242.0,3.50075,1.148
242.0,3.5,1.1485
242.0,3.49925,1.148625
242.0,3.499,1.1485
242.0,3.49875,1.148375
242.0,3.499375,1.148625
242.0,3.499375,1.149
242.0,3.50025,1.149
242.0,3.501,1.149
242.0,3.50075,1.14875
242.0,3.500375,1.148375
242.0,3.49975,1.14825
242.0,3.49975,1.148375
242.0,3.500625,1.148375
242.0,3.5015,1.14825
242.0,3.502125,1.148
242.0,3.5015,1.1485
242.0,3.500375,1.149125
242.0,3.50025,1.148625
242.0,3.4995,1.1485
242.0,3.49875,1.148375
242.0,3.49875,1.148375
242.0,3.49925,1.1485
242.0,3.49925,1.1485
242.0,3.500625,1.14875
242.0,3.500875,1.148625
242.0,3.500125,1.14875
242.0,3.50025,1.148625
242.0,3.5,1.148125
242.0,3.500125,1.148125
242.0,3.501625,1.14825
242.0,3.502125,1.14825
242.0,3.50175,1.148125
242.0,3.50075,1.148375
242.0,3.500125,1.1485
242.0,3.5,1.14825
242.0,3.49975,1.148375
242.0,3.499375,1.1485
242.0,3.499,1.1485
242.0,3.499,1.1485
242.0,3.4995,1.148625
242.0,3.501125,1.149
242.0,3.501125,1.149
242.0,3.500375,1.148625
242.0,3.5,1.148375
242.0,3.50025,1.148375
242.0,3.5005,1.148375
242.0,3.50125,1.14825
242.0,3.50225,1.148125
242.0,3.50225,1.14825
242.0,3.50075,1.148625
242.0,3.5,1.1485
242.0,3.499875,1.148125
242.0,3.499375,1.1485
242.0,3.498875,1.148375
242.0,3.498875,1.148375
242.0,3.499,1.148625
242.0,3.500375,1.148875
242.0,3.50125,1.149
242.0,3.50075,1.148875
242.0,3.500375,1.1485
242.0,3.5,1.148125
242.0,3.5,1.148125
242.0,3.500875,1.148375
242.0,3.50175,1.148375
242.0,3.5015,1.147875
242.0,3.501375,1.148
242.0,3.5005,1.1485
242.0,3.4995,1.1485
242.0,3.499875,1.148625
242.0,3.499625,1.1485
242.0,3.499625,1.1485
242.0,3.499125,1.148375
242.0,3.4995,1.1485
242.0,3.500625,1.148875
242.0,3.500875,1.148625
242.0,3.500375,1.1485
242.0,3.500375,1.14825
242.0,3.5,1.148375
242.0,3.49975,1.148375
242.0,3.50075,1.148375
242.0,3.50175,1.148
242.0,3.50225,1.148125
242.0,3.501375,1.14825
242.0,3.500125,1.14825
242.0,3.49975,1.148125
243.0,3.500875,1.206125
243.0,3.5,1.206375
243.0,3.500125,1.206375
243.0,3.499875,1.20625
243.0,3.49925,1.20625
243.0,3.499125,1.20625
243.0,3.49975,1.2065
243.0,3.50075,1.206625
243.0,3.50075,1.206625
243.0,3.500875,1.20675
243.0,3.500625,1.2065
243.0,3.500375,1.206125
243.0,3.49975,1.206
243.0,3.50025,1.206125
243.0,3.5015,1.206
243.0,3.502125,1.20575
243.0,3.501375,1.2055
243.0,3.50075,1.206
243.0,3.50025,1.20625
243.0,3.49975,1.20625
243.0,3.4995,1.206125
243.0,3.49925,1.20625
243.0,3.499,1.206375
243.0,3.499625,1.206875
243.0,3.500875,1.206875
243.0,3.500875,1.206875
243.0,3.500875,1.206375
243.0,3.500625,1.206125
243.0,3.500375,1.206
243.0,3.49975,1.206
243.0,3.500375,1.206125
243.0,3.502,1.205875
243.0,3.502375,1.20575
243.0,3.501625,1.205875
243.0,3.500625,1.206
243.0,3.499875,1.206
243.0,3.49975,1.206125
243.0,3.4995,1.2065
243.0,3.499125,1.20625
243.0,3.4995,1.2065
243.0,3.500375,1.206875
243.0,3.500375,1.206875
243.0,3.500625,1.2065
243.0,3.500125,1.206375
243.0,3.5005,1.206125
243.0,3.500375,1.206125
243.0,3.500125,1.206
243.0,3.501375,1.20625
243.0,3.502,1.206
243.0,3.50175,1.20575
243.0,3.501125,1.205875
243.0,3.5,1.206125
243.0,3.499625,1.206
243.0,3.4995,1.206125
243.0,3.499125,1.20625
243.0,3.49875,1.20625
243.0,3.499625,1.2065
243.0,3.499625,1.2065
243.0,3.500875,1.206625
243.0,3.501125,1.206375
243.0,3.500625,1.206125
243.0,3.5005,1.206125
243.0,3.49975,1.206125
243.0,3.499875,1.206125
243.0,3.50125,1.206125
243.0,3.501875,1.205875
243.0,3.50125,1.20575
243.0,3.500625,1.206
243.0,3.5,1.2065
243.0,3.499625,1.2065
243.0,3.499125,1.206625
243.0,3.499125,1.206375
243.0,3.499375,1.20625
243.0,3.499375,1.20625
243.0,3.499875,1.2065
243.0,3.500625,1.207
243.0,3.50025,1.206625
243.0,3.500125,1.206125
243.0,3.500125,1.206
243.0,3.499875,1.206
243.0,3.500125,1.206125
243.0,3.501625,1.206125
243.0,3.502,1.205875
243.0,3.5015,1.206125
243.0,3.50075,1.206375
243.0,3.500375,1.206375
243.0,3.49975,1.20625
243.0,3.49925,1.206125
243.0,3.49875,1.206125
243.0,3.499125,1.20625
243.0,3.499125,1.20625
243.0,3.500375,1.20675
243.0,3.50075,1.206875
243.0,3.500375,1.206625
243.0,3.5,1.206375
243.0,3.499625,1.206
243.0,3.49975,1.205875
243.0,3.501,1.206
243.0,3.501875,1.206
243.0,3.502125,1.20575
243.0,3.502,1.205875
243.0,3.500625,1.206375
243.0,3.49975,1.206375
243.0,3.499625,1.206125
243.0,3.4995,1.206375
243.0,3.499125,1.206375
243.0,3.499125,1.206375
243.0,3.499375,1.206375
243.0,3.50025,1.206625
243.0,3.500875,1.20675
243.0,3.50075,1.2065
243.0,3.5005,1.206
243.0,3.499875,1.205875
243.0,3.499875,1.206125
243.0,3.501125,1.206125
243.0,3.501875,1.205875
243.0,3.501875,1.205875
243.0,3.500625,1.20625
243.0,3.499875,1.206375
243.0,3.499875,1.206125
243.0,3.499625,1.206375
243.0,3.498875,1.206375
243.0,3.498875,1.206375
243.0,3.498625,1.20625
243.0,3.49975,1.206375
243.0,3.50075,1.20675
243.0,3.5005,1.20675
243.0,3.5005,1.20625
243.0,3.500375,1.20575
243.0,3.500125,1.206
243.0,3.500375,1.20625
243.0,3.50125,1.206
243.0,3.501625,1.205875
243.0,3.501875,1.206
243.0,3.501125,1.206125
243.0,3.5,1.20625
243.0,3.49975,1.206375
243.0,3.4995,1.206375
243.0,3.4995,1.206375
243.0,3.499,1.206125
243.0,3.49925,1.20625
243.0,3.50025,1.2065
243.0,3.501125,1.20675
243.0,3.5005,1.2065
243.0,3.500375,1.206125
243.0,3.5,1.206
243.0,3.4995,1.206
243.0,3.500375,1.206125
243.0,3.5015,1.206
243.0,3.501875,1.20575
243.0,3.501625,1.205875
243.0,3.50025,1.20625
243.0,3.499625,1.206375
243.0,3.49925,1.206125
243.0,3.499,1.206125
243.0,3.499,1.20625
243.0,3.498875,1.20625
243.0,3.499375,1.206375
243.0,3.5005,1.206875
243.0,3.500875,1.206625
243.0,3.5005,1.20625
243.0,3.500625,1.206
243.0,3.50025,1.206
243.0,3.499875,1.206125
243.0,3.50125,1.206
243.0,3.50225,1.205875
243.0,3.502,1.205625
243.0,3.5015,1.206125
243.0,3.500375,1.206375
244.0,3.499125,1.264875
244.0,3.5,1.265125
244.0,3.500875,1.26525
244.0,3.500625,1.264875
244.0,3.50025,1.2645
244.0,3.50025,1.264375
244.0,3.5,1.264625
244.0,3.500625,1.264625
244.0,3.500625,1.264625
244.0,3.501625,1.264375
244.0,3.50175,1.26425
244.0,3.50125,1.264375
244.0,3.500125,1.265
244.0,3.5,1.265
244.0,3.499625,1.264875
244.0,3.49925,1.26475
244.0,3.49925,1.264625
244.0,3.49925,1.264875
244.0,3.500125,1.26525
244.0,3.50075,1.265125
244.0,3.500375,1.264875
244.0,3.5,1.264625
244.0,3.49975,1.2645
244.0,3.499875,1.2645
244.0,3.5015,1.264875
244.0,3.5015,1.264875
244.0,3.502375,1.2645
244.0,3.5025,1.26425
244.0,3.5015,1.264375
244.0,3.500125,1.265
244.0,3.499875,1.264875
244.0,3.4995,1.26475
244.0,3.499125,1.264625
244.0,3.499,1.264625
244.0,3.49975,1.265125
244.0,3.5005,1.26525
244.0,3.500625,1.265125
244.0,3.500375,1.264625
244.0,3.5005,1.26425
244.0,3.500125,1.264375
244.0,3.500125,1.264375
244.0,3.500125,1.264375
244.0,3.501125,1.264375
244.0,3.501875,1.26425
244.0,3.501625,1.26425
244.0,3.500875,1.26475
244.0,3.5,1.264625
244.0,3.49975,1.2645
244.0,3.49975,1.2645
244.0,3.498625,1.26475
244.0,3.4985,1.264875
244.0,3.499625,1.265125
244.0,3.500125,1.265125
244.0,3.5005,1.265
244.0,3.500375,1.2645
244.0,3.500125,1.26425
244.0,3.499625,1.2645
244.0,3.499625,1.2645
244.0,3.500125,1.264625
244.0,3.5015,1.2645
244.0,3.502375,1.264125
244.0,3.501625,1.26425
244.0,3.500375,1.26475
244.0,3.500125,1.264875
244.0,3.500125,1.264625
244.0,3.499375,1.265
244.0,3.499125,1.264625
244.0,3.49925,1.264625
244.0,3.50025,1.265125
244.0,3.501125,1.265375
244.0,3.500625,1.264875
244.0,3.50025,1.264375
244.0,3.5,1.26425
244.0,3.5,1.26425
244.0,3.50025,1.2645
244.0,3.501375,1.2645
244.0,3.502125,1.26425
244.0,3.50225,1.264375
244.0,3.501625,1.264375
244.0,3.500125,1.264625
244.0,3.499875,1.2645
244.0,3.499375,1.2645
244.0,3.499125,1.264625
244.0,3.498875,1.26475
244.0,3.499375,1.264875
244.0,3.5005,1.265125
244.0,3.501,1.26525
244.0,3.5005,1.265125
244.0,3.500375,1.2645
244.0,3.5,1.2645
244.0,3.5,1.26425
244.0,3.499875,1.264375
244.0,3.501375,1.2645
244.0,3.50225,1.264125
244.0,3.50225,1.26425
244.0,3.501,1.2645
244.0,3.49975,1.26475
244.0,3.499625,1.264375
244.0,3.4995,1.2645
244.0,3.499375,1.264625
244.0,3.49925,1.264625
244.0,3.500125,1.26475
244.0,3.501375,1.265
244.0,3.50075,1.265125
244.0,3.500125,1.2645
244.0,3.500375,1.264125
244.0,3.500375,1.264125
244.0,3.5,1.2645
244.0,3.50025,1.2645
244.0,3.501625,1.2645
244.0,3.502625,1.26425
244.0,3.502,1.264125
244.0,3.500875,1.264875
244.0,3.500125,1.26475
244.0,3.499625,1.2645
244.0,3.499375,1.264625
244.0,3.499,1.264625
244.0,3.499125,1.264625
244.0,3.499875,1.264875
244.0,3.500875,1.265125
244.0,3.500375,1.265
244.0,3.500375,1.264625
244.0,3.500375,1.264625
244.0,3.50025,1.2645
244.0,3.500125,1.2645
244.0,3.5005,1.2645
244.0,3.501625,1.26425
244.0,3.50225,1.264125
244.0,3.50175,1.264125
244.0,3.5005,1.264625
244.0,3.499875,1.26425
244.0,3.49975,1.2645
244.0,3.4995,1.264875
244.0,3.499125,1.264625
244.0,3.49925,1.26475
244.0,3.50025,1.265125
244.0,3.501125,1.265
244.0,3.50075,1.264625
244.0,3.50075,1.264625
244.0,3.500625,1.2645
244.0,3.500375,1.2645
244.0,3.5,1.2645
244.0,3.501375,1.2645
244.0,3.502125,1.264125
244.0,3.502,1.264125
244.0,3.5015,1.264375
244.0,3.500125,1.265
244.0,3.4995,1.264875
244.0,3.4995,1.264625
244.0,3.498875,1.264625
244.0,3.49925,1.264875
244.0,3.49975,1.265
244.0,3.500625,1.264875
244.0,3.500625,1.26475
244.0,3.499875,1.26475
244.0,3.499875,1.264375
244.0,3.499875,1.264125
244.0,3.500125,1.264375
244.0,3.500375,1.264625
244.0,3.501125,1.264375
244.0,3.501875,1.26425
244.0,3.501625,1.2645
244.0,3.501125,1.264375
244.0,3.5005,1.264375
244.0,3.500125,1.264375
244.0,3.4995,1.264625
244.0,3.49925,1.264625
244.0,3.499375,1.26475
244.0,3.5,1.265125
245.0,3.5005,1.324125
245.0,3.500875,1.324125
245.0,3.5005,1.324
245.0,3.500625,1.3235
245.0,3.500125,1.323375
245.0,3.49975,1.3235
245.0,3.500875,1.323625
245.0,3.50175,1.323375
245.0,3.50175,1.323375
245.0,3.501875,1.3235
245.0,3.501125,1.3235
245.0,3.5,1.323625
245.0,3.500125,1.323625
245.0,3.499625,1.323875
245.0,3.49925,1.323875
245.0,3.49925,1.32375
245.0,3.499875,1.324125
245.0,3.501,1.32425
245.0,3.501,1.324125
245.0,3.5005,1.32375
245.0,3.5005,1.32325
245.0,3.50025,1.323375
245.0,3.5005,1.323625
245.0,3.5015,1.323625
245.0,3.502125,1.323625
245.0,3.502125,1.32325
245.0,3.501625,1.32325
245.0,3.500375,1.3235
245.0,3.49975,1.323625
245.0,3.499625,1.323375
245.0,3.49925,1.32375
245.0,3.499,1.323875
245.0,3.499,1.324
245.0,3.499625,1.32425
245.0,3.5005,1.3245
245.0,3.501,1.324375
245.0,3.50075,1.32375
245.0,3.5005,1.32325
245.0,3.500125,1.32325
245.0,3.50075,1.3235
245.0,3.50175,1.323375
245.0,3.50175,1.323375
245.0,3.501875,1.32325
245.0,3.501125,1.323375
245.0,3.500125,1.323875
245.0,3.49975,1.32375
245.0,3.4995,1.323625
245.0,3.4995,1.323875
245.0,3.49925,1.323625
245.0,3.499375,1.324
245.0,3.50075,1.32425
245.0,3.50075,1.324375
245.0,3.500375,1.324125
245.0,3.500625,1.3235
245.0,3.500375,1.32325
245.0,3.499875,1.3235
245.0,3.501,1.3235
245.0,3.501,1.3235
245.0,3.502125,1.323375
245.0,3.502,1.32325
245.0,3.500875,1.3235
245.0,3.5,1.324
245.0,3.499875,1.323625
245.0,3.49925,1.323625
245.0,3.499125,1.32375
245.0,3.499375,1.323875
245.0,3.499875,1.324125
245.0,3.500625,1.32425
245.0,3.50125,1.323875
245.0,3.500875,1.32375
245.0,3.500625,1.323125
245.0,3.5,1.32325
245.0,3.50025,1.323625
245.0,3.50025,1.323625
245.0,3.501375,1.323625
245.0,3.502,1.323375
245.0,3.501875,1.323375
245.0,3.50075,1.323625
245.0,3.5,1.323625
245.0,3.5,1.323875
245.0,3.49975,1.323875
245.0,3.49925,1.32375
245.0,3.499375,1.323875
245.0,3.499875,1.324125
245.0,3.500875,1.32425
245.0,3.501125,1.324
245.0,3.50075,1.323625
245.0,3.500375,1.3235
245.0,3.500125,1.3235
245.0,3.500125,1.3235
245.0,3.50075,1.3235
245.0,3.50125,1.3235
245.0,3.50175,1.323375
245.0,3.50125,1.323625
245.0,3.50025,1.324
245.0,3.499625,1.323625
245.0,3.499625,1.32375
245.0,3.499875,1.323875
245.0,3.499125,1.32375
245.0,3.499125,1.323875
245.0,3.5,1.32425
245.0,3.50075,1.324375
245.0,3.501125,1.32425
245.0,3.501125,1.32375
245.0,3.500375,1.323625
245.0,3.5,1.323625
245.0,3.5,1.323625
245.0,3.500875,1.3235
245.0,3.50225,1.3235
245.0,3.5025,1.323375
245.0,3.5015,1.323375
245.0,3.499875,1.323375
245.0,3.4995,1.32325
245.0,3.4995,1.323625
245.0,3.499125,1.323625
245.0,3.498625,1.32375
245.0,3.49925,1.32375
245.0,3.500125,1.32425
245.0,3.50125,1.324125
245.0,3.500875,1.323625
245.0,3.50025,1.323375
245.0,3.49975,1.32325
245.0,3.49975,1.32325
245.0,3.50025,1.323625
245.0,3.501,1.323625
245.0,3.5015,1.3235
245.0,3.5015,1.32325
245.0,3.501,1.3235
245.0,3.50025,1.323875
245.0,3.499875,1.3235
245.0,3.49975,1.323625
245.0,3.499125,1.323875
245.0,3.49875,1.323875
245.0,3.499625,1.32425
245.0,3.500875,1.32425
245.0,3.501,1.324125
245.0,3.5005,1.324125
245.0,3.5005,1.32375
245.0,3.5005,1.32375
245.0,3.499875,1.3235
245.0,3.500125,1.3235
245.0,3.501375,1.3235
245.0,3.50225,1.323125
245.0,3.502125,1.3235
245.0,3.50075,1.323625
245.0,3.49975,1.32375
245.0,3.49975,1.323875
245.0,3.49925,1.323875
245.0,3.498625,1.323875
245.0,3.499,1.323875
245.0,3.50025,1.32425
245.0,3.501375,1.32425
245.0,3.501,1.324125
245.0,3.500625,1.323625
245.0,3.500625,1.323625
245.0,3.5005,1.323375
245.0,3.500125,1.3235
245.0,3.5005,1.323375
245.0,3.50175,1.323625
245.0,3.502,1.323375
245.0,3.501375,1.3235
245.0,3.499875,1.32375
245.0,3.49975,1.3235
245.0,3.499875,1.3235
245.0,3.499625,1.323625
245.0,3.499125,1.323875
245.0,3.4995,1.324
245.0,3.500625,1.32425
245.0,3.5005,1.32425
246.0,3.498875,1.383625
246.0,3.499375,1.38375
246.0,3.500375,1.383875
246.0,3.500625,1.38375
246.0,3.500375,1.3835
246.0,3.5,1.38325
246.0,3.499625,1.38325
246.0,3.5005,1.383375
246.0,3.5005,1.383375
246.0,3.50175,1.3835
246.0,3.502,1.383125
246.0,3.50175,1.382875
246.0,3.500875,1.38325
246.0,3.500125,1.383625
246.0,3.499875,1.38375
246.0,3.499625,1.383625
246.0,3.499125,1.383625
246.0,3.49925,1.38375
246.0,3.50025,1.383875
246.0,3.501,1.384
246.0,3.50075,1.38375
246.0,3.5005,1.38325
246.0,3.5,1.383125
246.0,3.499375,1.38325
246.0,3.499375,1.38325
246.0,3.5005,1.38325
246.0,3.502,1.38325
246.0,3.50225,1.383
246.0,3.501625,1.383125
246.0,3.50025,1.383375
246.0,3.49975,1.3835
246.0,3.4995,1.3835
246.0,3.49925,1.3835
246.0,3.499,1.3835
246.0,3.499125,1.383625
246.0,3.50025,1.384
246.0,3.501,1.38375
246.0,3.5,1.3835
246.0,3.499875,1.382875
246.0,3.49975,1.383
246.0,3.4995,1.383375
246.0,3.4995,1.383375
246.0,3.500625,1.383375
246.0,3.501875,1.383125
246.0,3.502,1.38325
246.0,3.501125,1.383375
246.0,3.499875,1.383375
246.0,3.499625,1.38325
246.0,3.499875,1.3835
246.0,3.49925,1.383625
246.0,3.49875,1.383375
246.0,3.499375,1.383625
246.0,3.500625,1.38425
246.0,3.500625,1.38425
246.0,3.500375,1.38375
246.0,3.499875,1.38325
246.0,3.49925,1.383375
246.0,3.49925,1.383375
246.0,3.499625,1.383375
246.0,3.501,1.38325
246.0,3.50175,1.383125
246.0,3.5015,1.383125
246.0,3.500875,1.38375
246.0,3.500125,1.3835
246.0,3.49975,1.383375
246.0,3.499375,1.3835
246.0,3.499,1.3835
246.0,3.499,1.38375
246.0,3.49975,1.383875
246.0,3.500875,1.383875
246.0,3.50075,1.383625
246.0,3.500375,1.383375
246.0,3.499875,1.38325
246.0,3.499875,1.38325
246.0,3.499375,1.38325
246.0,3.499875,1.383375
246.0,3.501125,1.383125
246.0,3.5015,1.383125
246.0,3.501625,1.383125
246.0,3.50075,1.383125
246.0,3.49975,1.383375
246.0,3.4995,1.383625
246.0,3.498875,1.383625
246.0,3.49875,1.38375
246.0,3.499125,1.383875
246.0,3.499875,1.384
246.0,3.50025,1.383875
246.0,3.499875,1.383375
246.0,3.499875,1.383
246.0,3.499875,1.38325
246.0,3.49975,1.38325
246.0,3.49975,1.38325
246.0,3.500875,1.383375
246.0,3.501875,1.38325
246.0,3.502,1.38325
246.0,3.501125,1.38375
246.0,3.499875,1.38375
246.0,3.4995,1.38325
246.0,3.49925,1.38325
246.0,3.498875,1.383625
246.0,3.498125,1.383625
246.0,3.498875,1.383875
246.0,3.5005,1.383875
246.0,3.501125,1.38375
246.0,3.50025,1.38375
246.0,3.50025,1.383375
246.0,3.500125,1.383375
246.0,3.499875,1.383125
246.0,3.499875,1.383375
246.0,3.500875,1.383375
246.0,3.501625,1.38325
246.0,3.501625,1.383125
246.0,3.500875,1.383625
246.0,3.5,1.384
246.0,3.49975,1.383625
246.0,3.4995,1.383375
246.0,3.499,1.383625
246.0,3.49875,1.3835
246.0,3.49975,1.38375
246.0,3.501,1.384
246.0,3.500875,1.383875
246.0,3.5005,1.3835
246.0,3.5005,1.3835
246.0,3.50025,1.38325
246.0,3.499625,1.38325
246.0,3.500375,1.383375
246.0,3.5015,1.383375
246.0,3.50125,1.383125
246.0,3.501125,1.3835
246.0,3.50075,1.383625
246.0,3.50025,1.383375
246.0,3.5,1.383375
246.0,3.499625,1.3835
246.0,3.498875,1.3835
246.0,3.499,1.383625
246.0,3.500375,1.384
246.0,3.501125,1.384
246.0,3.50075,1.384125
246.0,3.50075,1.384125
246.0,3.500625,1.3835
246.0,3.5,1.38325
246.0,3.49975,1.383375
246.0,3.500875,1.383375
246.0,3.5015,1.38325
246.0,3.50175,1.383375
246.0,3.501125,1.38325
246.0,3.500125,1.3835
246.0,3.49975,1.383375
246.0,3.4995,1.383375
246.0,3.49925,1.383625
246.0,3.499,1.383625
246.0,3.49925,1.38375
246.0,3.50025,1.384
246.0,3.500625,1.384
246.0,3.500625,1.38375
246.0,3.5,1.38375
246.0,3.499875,1.383375
246.0,3.499875,1.383375
246.0,3.4995,1.38325
246.0,3.501,1.383375
246.0,3.501875,1.383125
246.0,3.501625,1.383
246.0,3.501,1.3835
246.0,3.499875,1.3835
246.0,3.499625,1.3835
246.0,3.49925,1.383625
246.0,3.499,1.383625
246.0,3.499,1.383625
246.0,3.4995,1.38375
247.0,3.498875,1.443125
247.0,3.498625,1.443125
247.0,3.499,1.443375
247.0,3.499375,1.44375
247.0,3.50025,1.443875
247.0,3.500625,1.443875
247.0,3.50025,1.44325
247.0,3.49975,1.442875
247.0,3.49975,1.442875
247.0,3.499375,1.443125
247.0,3.500375,1.443125
247.0,3.501125,1.443125
247.0,3.50125,1.442875
247.0,3.500875,1.443375
247.0,3.49975,1.443625
247.0,3.49925,1.44325
247.0,3.499,1.443375
247.0,3.49875,1.4435
247.0,3.498375,1.443375
247.0,3.499,1.443625
247.0,3.499375,1.443875
247.0,3.49975,1.44375
247.0,3.499625,1.443375
247.0,3.49925,1.443
247.0,3.499375,1.443
247.0,3.499375,1.443
247.0,3.499375,1.44325
247.0,3.50075,1.44325
247.0,3.501375,1.443125
247.0,3.500875,1.44275
247.0,3.5005,1.443125
247.0,3.49975,1.443375
247.0,3.499625,1.443125
247.0,3.499,1.44325
247.0,3.49825,1.443375
247.0,3.4985,1.443375
247.0,3.499125,1.443625
247.0,3.499875,1.443875
247.0,3.5,1.443875
247.0,3.499875,1.44325
247.0,3.499625,1.44275
247.0,3.499625,1.44275
247.0,3.49925,1.443
247.0,3.499375,1.443125
247.0,3.500375,1.442875
247.0,3.50125,1.44275
247.0,3.500875,1.443
247.0,3.500375,1.443375
247.0,3.5,1.443375
247.0,3.4995,1.443125
247.0,3.499,1.443375
247.0,3.49875,1.4435
247.0,3.498625,1.4435
247.0,3.4995,1.443875
247.0,3.500625,1.444
247.0,3.500625,1.44375
247.0,3.50025,1.443375
247.0,3.50025,1.443375
247.0,3.50025,1.443
247.0,3.499625,1.443125
247.0,3.5,1.44325
247.0,3.50125,1.443125
247.0,3.501375,1.443125
247.0,3.501,1.443375
247.0,3.500125,1.44325
247.0,3.49925,1.443375
247.0,3.49925,1.44325
247.0,3.499125,1.443375
247.0,3.498625,1.443375
247.0,3.498875,1.4435
247.0,3.50025,1.44375
247.0,3.50075,1.443375
247.0,3.500125,1.44325
247.0,3.500125,1.44325
247.0,3.499875,1.443
247.0,3.499875,1.442875
247.0,3.49975,1.44325
247.0,3.5005,1.443
247.0,3.5015,1.443
247.0,3.501,1.443
247.0,3.50025,1.443375
247.0,3.499375,1.44375
247.0,3.49925,1.44325
247.0,3.499125,1.44325
247.0,3.49875,1.4435
247.0,3.498625,1.4435
247.0,3.49925,1.44375
247.0,3.499875,1.44375
247.0,3.500125,1.443625
247.0,3.5,1.443375
247.0,3.5,1.443375
247.0,3.5,1.443
247.0,3.499625,1.442875
247.0,3.4995,1.443125
247.0,3.5005,1.443125
247.0,3.501125,1.442875
247.0,3.50125,1.442875
247.0,3.501,1.443125
247.0,3.5,1.442875
247.0,3.499875,1.44275
247.0,3.4995,1.443125
247.0,3.499,1.443375
247.0,3.498625,1.443625
247.0,3.499125,1.44375
247.0,3.500375,1.44375
247.0,3.5,1.4435
247.0,3.5,1.4435
247.0,3.5,1.443
247.0,3.49975,1.442875
247.0,3.499,1.443125
247.0,3.499875,1.443125
247.0,3.501125,1.443125
247.0,3.50175,1.44275
247.0,3.501,1.442875
247.0,3.50025,1.44325
247.0,3.4995,1.4435
247.0,3.49925,1.443375
247.0,3.499125,1.443375
247.0,3.49875,1.4435
247.0,3.499,1.443625
247.0,3.500125,1.444
247.0,3.50075,1.44375
247.0,3.50075,1.44375
247.0,3.499875,1.443875
247.0,3.499625,1.443375
247.0,3.49975,1.443
247.0,3.499375,1.44325
247.0,3.5005,1.44325
247.0,3.501625,1.443
247.0,3.5015,1.442875
247.0,3.50075,1.443125
247.0,3.499875,1.44325
247.0,3.499375,1.443
247.0,3.498875,1.44325
247.0,3.499,1.44325
247.0,3.498875,1.443375
247.0,3.49925,1.4435
247.0,3.50025,1.444
247.0,3.50025,1.444
247.0,3.500625,1.444
247.0,3.500125,1.443625
247.0,3.5,1.44325
247.0,3.4995,1.443
247.0,3.499625,1.443125
247.0,3.500875,1.443
247.0,3.50125,1.442875
247.0,3.50125,1.44275
247.0,3.5005,1.442625
247.0,3.4995,1.44325
247.0,3.49925,1.443375
247.0,3.49875,1.4435
247.0,3.498625,1.4435
247.0,3.499,1.4435
247.0,3.49925,1.44375
247.0,3.5,1.44375
247.0,3.5,1.44375
247.0,3.5,1.443125
247.0,3.499625,1.443
247.0,3.49975,1.442875
247.0,3.499125,1.443125
247.0,3.499625,1.443125
247.0,3.500875,1.443
247.0,3.501375,1.442875
247.0,3.501125,1.443
247.0,3.50025,1.44325
247.0,3.499375,1.4435
247.0,3.498875,1.443375
247.0,3.498625,1.443375
247.0,3.4985,1.44325
248.0,3.4995,1.50275
248.0,3.499125,1.502375
248.0,3.499125,1.50275
248.0,3.498875,1.50275
248.0,3.49825,1.502875
248.0,3.499375,1.503125
248.0,3.500375,1.503625
248.0,3.50025,1.50375
248.0,3.50025,1.50375
248.0,3.49975,1.503125
248.0,3.4995,1.502625
248.0,3.499125,1.50275
248.0,3.4995,1.502625
248.0,3.50075,1.502625
248.0,3.50175,1.502375
248.0,3.50125,1.502625
248.0,3.5,1.502875
248.0,3.499125,1.502625
248.0,3.498875,1.502625
248.0,3.498875,1.50275
248.0,3.498375,1.502875
248.0,3.4985,1.503125
248.0,3.4995,1.503625
248.0,3.5005,1.5035
248.0,3.5005,1.5035
248.0,3.5005,1.503625
248.0,3.5,1.503125
248.0,3.5,1.503
248.0,3.49975,1.502875
248.0,3.5,1.50275
248.0,3.50125,1.502625
248.0,3.501375,1.502375
248.0,3.500875,1.502625
248.0,3.499875,1.503125
248.0,3.499625,1.502625
248.0,3.498875,1.50275
248.0,3.498625,1.503
248.0,3.4985,1.503
248.0,3.499,1.503125
248.0,3.50025,1.503375
248.0,3.50075,1.5035
248.0,3.50075,1.5035
248.0,3.499875,1.503375
248.0,3.49975,1.502875
248.0,3.49925,1.5025
248.0,3.49875,1.50275
248.0,3.50025,1.50275
248.0,3.501625,1.5025
248.0,3.5015,1.5025
248.0,3.500625,1.502625
248.0,3.4995,1.503125
248.0,3.498875,1.502875
248.0,3.499125,1.502875
248.0,3.498625,1.503
248.0,3.4985,1.502875
248.0,3.49925,1.50325
248.0,3.500625,1.503375
248.0,3.500625,1.503375
248.0,3.500625,1.50325
248.0,3.49975,1.503125
248.0,3.49975,1.50275
248.0,3.499375,1.502625
248.0,3.49925,1.502875
248.0,3.50025,1.50275
248.0,3.5015,1.5025
248.0,3.501625,1.5025
248.0,3.50075,1.50275
248.0,3.4995,1.503
248.0,3.4995,1.50275
248.0,3.499125,1.503125
248.0,3.498125,1.503
248.0,3.49825,1.503125
248.0,3.499375,1.503375
248.0,3.499375,1.503375
248.0,3.50025,1.5035
248.0,3.500375,1.503
248.0,3.5,1.50275
248.0,3.5,1.50275
248.0,3.499125,1.50275
248.0,3.49975,1.502875
248.0,3.50125,1.50275
248.0,3.501625,1.502375
248.0,3.500875,1.50275
248.0,3.5,1.503125
248.0,3.499625,1.503
248.0,3.499,1.503
248.0,3.498375,1.503125
248.0,3.49825,1.503
248.0,3.498625,1.503
248.0,3.4995,1.503
248.0,3.4995,1.5035
248.0,3.500375,1.503375
248.0,3.5005,1.503
248.0,3.5,1.502875
248.0,3.4995,1.50275
248.0,3.499375,1.50275
248.0,3.50025,1.50275
248.0,3.500875,1.502625
248.0,3.50075,1.502625
248.0,3.5005,1.502375
248.0,3.500125,1.50275
248.0,3.499625,1.502625
248.0,3.498875,1.502875
248.0,3.498875,1.503125
248.0,3.499,1.503125
248.0,3.4995,1.503375
248.0,3.4995,1.503375
248.0,3.500375,1.503375
248.0,3.50075,1.503375
248.0,3.500375,1.50275
248.0,3.499875,1.5025
248.0,3.499125,1.502625
248.0,3.499125,1.502875
248.0,3.5005,1.502875
248.0,3.5015,1.5025
248.0,3.50125,1.5025
248.0,3.499875,1.503125
248.0,3.499125,1.503125
248.0,3.499,1.503125
248.0,3.499125,1.503125
248.0,3.49875,1.503125
248.0,3.498625,1.503125
248.0,3.498625,1.503125
248.0,3.499125,1.503375
248.0,3.49975,1.5035
248.0,3.499875,1.503375
248.0,3.500125,1.502875
248.0,3.500125,1.50275
248.0,3.4995,1.50275
248.0,3.499625,1.502875
248.0,3.50075,1.502875
248.0,3.501,1.502625
248.0,3.50125,1.50275
248.0,3.5005,1.502875
248.0,3.4995,1.503125
248.0,3.499375,1.503125
248.0,3.49875,1.503
248.0,3.49825,1.503125
248.0,3.49825,1.503125
248.0,3.498875,1.503125
248.0,3.50025,1.50325
248.0,3.501125,1.5035
248.0,3.50025,1.503
248.0,3.499375,1.502625
248.0,3.499625,1.50275
248.0,3.498875,1.502875
248.0,3.49975,1.503
248.0,3.50125,1.502625
248.0,3.501125,1.5025
248.0,3.5005,1.502875
248.0,3.49975,1.50275
248.0,3.499375,1.50275
248.0,3.49875,1.502875
248.0,3.4985,1.502875
248.0,3.4985,1.502875
248.0,3.4985,1.503
248.0,3.498875,1.50325
248.0,3.4995,1.503375
248.0,3.500375,1.503625
248.0,3.5,1.50325
248.0,3.499625,1.503
248.0,3.499125,1.502875
248.0,3.499125,1.502875
248.0,3.500375,1.50275
248.0,3.501125,1.50275
248.0,3.501125,1.502625
248.0,3.50025,1.503125
248.0,3.499625,1.502625
248.0,3.499625,1.50275
249.0,3.498875,1.564
249.0,3.4985,1.563875
249.0,3.498875,1.564
249.0,3.49975,1.56425
249.0,3.50025,1.5645
249.0,3.5,1.564375
249.0,3.499875,1.563375
249.0,3.500125,1.563375
249.0,3.500125,1.563375
249.0,3.49975,1.563625
249.0,3.500125,1.5635
249.0,3.50125,1.563375
249.0,3.501625,1.563375
249.0,3.501,1.5635
249.0,3.5,1.563625
249.0,3.499375,1.56325
249.0,3.499,1.5635
249.0,3.49925,1.56375
249.0,3.4985,1.563875
249.0,3.499125,1.564125
249.0,3.5005,1.5645
249.0,3.501,1.564125
249.0,3.49975,1.56375
249.0,3.499375,1.563375
249.0,3.4995,1.563375
249.0,3.4995,1.563375
249.0,3.499375,1.563625
249.0,3.500625,1.563625
249.0,3.50125,1.56325
249.0,3.501625,1.56325
249.0,3.5005,1.56375
249.0,3.499625,1.563875
249.0,3.4995,1.563375
249.0,3.4995,1.56375
249.0,3.4985,1.563875
249.0,3.4985,1.563875
249.0,3.49925,1.56425
249.0,3.500375,1.564375
249.0,3.5005,1.56425
249.0,3.5,1.56375
249.0,3.499875,1.5635
249.0,3.499875,1.5635
249.0,3.4995,1.5635
249.0,3.50025,1.563625
249.0,3.50125,1.56375
249.0,3.501625,1.5635
249.0,3.50175,1.5635
249.0,3.500375,1.5635
249.0,3.4995,1.5635
249.0,3.49925,1.5635
249.0,3.499,1.56375
249.0,3.498625,1.56375
249.0,3.498375,1.564
249.0,3.49925,1.56425
249.0,3.500625,1.56425
249.0,3.5005,1.564125
249.0,3.5,1.56375
249.0,3.5,1.56375
249.0,3.5,1.563625
249.0,3.499875,1.564
249.0,3.5,1.563625
249.0,3.501125,1.563375
249.0,3.50175,1.56325
249.0,3.501125,1.563375
249.0,3.4995,1.56375
249.0,3.499,1.564
249.0,3.498875,1.56375
249.0,3.49875,1.563875
249.0,3.498625,1.56375
249.0,3.499375,1.564
249.0,3.500125,1.564375
249.0,3.500375,1.564125
249.0,3.50025,1.56375
249.0,3.50025,1.56375
249.0,3.500125,1.563625
249.0,3.499625,1.563625
249.0,3.4995,1.563625
249.0,3.500875,1.563875
249.0,3.501875,1.563625
249.0,3.501875,1.5635
249.0,3.5005,1.563875
249.0,3.499625,1.564
249.0,3.4995,1.564
249.0,3.499125,1.564
249.0,3.49875,1.564
249.0,3.49875,1.564
249.0,3.499375,1.564375
249.0,3.500375,1.5645
249.0,3.50025,1.564375
249.0,3.499625,1.56375
249.0,3.499625,1.56375
249.0,3.4995,1.56325
249.0,3.499125,1.5635
249.0,3.499625,1.56375
249.0,3.501125,1.56375
249.0,3.50175,1.5635
249.0,3.50125,1.563375
249.0,3.500125,1.563875
249.0,3.499,1.563875
249.0,3.499125,1.56375
249.0,3.499,1.563875
249.0,3.498625,1.563875
249.0,3.499,1.564
249.0,3.499625,1.56425
249.0,3.50075,1.564375
249.0,3.500375,1.564375
249.0,3.500375,1.564375
249.0,3.499875,1.56375
249.0,3.500125,1.563625
249.0,3.499375,1.5635
249.0,3.4995,1.563625
249.0,3.501,1.5635
249.0,3.501625,1.563375
249.0,3.501,1.563625
249.0,3.499625,1.564125
249.0,3.4995,1.564125
249.0,3.499125,1.564
249.0,3.498625,1.56375
249.0,3.4985,1.56375
249.0,3.498875,1.563875
249.0,3.499875,1.564375
249.0,3.5005,1.564375
249.0,3.5005,1.564375
249.0,3.500125,1.563875
249.0,3.49975,1.563625
249.0,3.4995,1.563625
249.0,3.499375,1.56375
249.0,3.500125,1.563625
249.0,3.50125,1.5635
249.0,3.501625,1.5635
249.0,3.501125,1.5635
249.0,3.5,1.563875
249.0,3.4995,1.563625
249.0,3.499125,1.563875
249.0,3.49875,1.563875
249.0,3.498375,1.564
249.0,3.498875,1.564375
249.0,3.499875,1.5645
249.0,3.499875,1.5645
249.0,3.5005,1.5645
249.0,3.49975,1.564125
249.0,3.499625,1.563625
249.0,3.499375,1.5635
249.0,3.499625,1.56375
249.0,3.50075,1.563625
249.0,3.501625,1.563375
249.0,3.501625,1.563375
249.0,3.501,1.564
249.0,3.49975,1.563875
249.0,3.499125,1.563625
249.0,3.498875,1.563875
249.0,3.498125,1.564
249.0,3.49875,1.564
249.0,3.49975,1.564375
249.0,3.5005,1.564375
249.0,3.5005,1.564375
249.0,3.5,1.56425
249.0,3.499625,1.56375
249.0,3.5,1.563375
249.0,3.499625,1.5635
249.0,3.5,1.563625
249.0,3.501125,1.563625
249.0,3.50175,1.563375
249.0,3.501125,1.563625
249.0,3.500125,1.564125
249.0,3.4995,1.56375
249.0,3.499625,1.563375
249.0,3.499125,1.56375
249.0,3.4985,1.56375
250.0,3.4995,1.624875
250.0,3.50025,1.62475
250.0,3.501625,1.624375
250.0,3.50175,1.62425
250.0,3.50125,1.6245
250.0,3.499875,1.624625
250.0,3.4995,1.624625
250.0,3.499375,1.62475
250.0,3.499375,1.62475
250.0,3.499,1.624875
250.0,3.49825,1.62475
250.0,3.498875,1.624875
250.0,3.49975,1.625375
250.0,3.5005,1.62525
250.0,3.500375,1.625
250.0,3.5005,1.62475
250.0,3.5,1.62475
250.0,3.49975,1.624625
250.0,3.500875,1.6245
250.0,3.501875,1.624625
250.0,3.501625,1.624625
250.0,3.500375,1.624625
250.0,3.499625,1.624625
250.0,3.499625,1.6245
250.0,3.499625,1.6245
250.0,3.499,1.62475
250.0,3.49875,1.625
250.0,3.498875,1.625
250.0,3.499375,1.62525
250.0,3.500125,1.6255
250.0,3.500125,1.62525
250.0,3.5005,1.62475
250.0,3.500375,1.624375
250.0,3.499625,1.624625
250.0,3.4995,1.624875
250.0,3.500625,1.62475
250.0,3.501625,1.624625
250.0,3.501625,1.624375
250.0,3.50025,1.624625
250.0,3.499625,1.625
250.0,3.4995,1.624875
250.0,3.4995,1.624875
250.0,3.499125,1.625
250.0,3.499,1.625
250.0,3.49875,1.625125
250.0,3.499375,1.625375
250.0,3.500375,1.62525
250.0,3.50025,1.625125
250.0,3.499875,1.625125
250.0,3.499625,1.62475
250.0,3.499125,1.62475
250.0,3.5,1.62475
250.0,3.501625,1.6245
250.0,3.501625,1.624375
250.0,3.5015,1.624625
250.0,3.50025,1.62475
250.0,3.499875,1.62475
250.0,3.499875,1.62475
250.0,3.49925,1.624875
250.0,3.498625,1.625
250.0,3.498375,1.624875
250.0,3.4985,1.625125
250.0,3.499625,1.6255
250.0,3.50025,1.625375
250.0,3.500375,1.62525
250.0,3.500125,1.62475
250.0,3.499875,1.6245
250.0,3.4995,1.62475
250.0,3.5005,1.624875
250.0,3.501625,1.624625
250.0,3.50175,1.6245
250.0,3.501125,1.625
250.0,3.5,1.625375
250.0,3.5,1.625375
250.0,3.49925,1.625
250.0,3.499,1.625
250.0,3.498875,1.624875
250.0,3.49875,1.625
250.0,3.49875,1.62525
250.0,3.499875,1.625625
250.0,3.500625,1.62525
250.0,3.500375,1.625
250.0,3.50025,1.6245
250.0,3.5,1.624625
250.0,3.499625,1.624875
250.0,3.501125,1.624625
250.0,3.501625,1.624375
250.0,3.501125,1.624375
250.0,3.5005,1.6245
250.0,3.5005,1.6245
250.0,3.5,1.625
250.0,3.4995,1.625
250.0,3.49925,1.625
250.0,3.498875,1.625
250.0,3.498375,1.624875
250.0,3.499375,1.625375
250.0,3.5005,1.625625
250.0,3.50075,1.6255
250.0,3.500375,1.624875
250.0,3.500125,1.624375
250.0,3.499625,1.624625
250.0,3.5,1.62475
250.0,3.50125,1.6245
250.0,3.50175,1.624375
250.0,3.501375,1.6245
250.0,3.49975,1.625125
250.0,3.49975,1.625125
250.0,3.499125,1.624875
250.0,3.4995,1.62475
250.0,3.498875,1.625
250.0,3.498125,1.624875
250.0,3.49875,1.62525
250.0,3.499875,1.6255
250.0,3.500375,1.62525
250.0,3.5,1.625125
250.0,3.500125,1.624625
250.0,3.499875,1.624375
250.0,3.499125,1.624625
250.0,3.499875,1.62475
250.0,3.501125,1.6245
250.0,3.50175,1.62425
250.0,3.501375,1.62475
250.0,3.501375,1.62475
250.0,3.49975,1.624625
250.0,3.498875,1.624375
250.0,3.499,1.624875
250.0,3.499125,1.624875
250.0,3.498625,1.625
250.0,3.49875,1.625375
250.0,3.499875,1.625375
250.0,3.500625,1.62525
250.0,3.49975,1.62475
250.0,3.49975,1.6245
250.0,3.499625,1.6245
250.0,3.49975,1.624875
250.0,3.50075,1.624875
250.0,3.50175,1.6245
250.0,3.5015,1.6245
250.0,3.5015,1.6245
250.0,3.5005,1.625
250.0,3.499375,1.62475
250.0,3.499375,1.624875
250.0,3.498875,1.624875
250.0,3.498375,1.624875
250.0,3.4985,1.624875
250.0,3.49925,1.6255
250.0,3.5005,1.625625
250.0,3.5005,1.625125
250.0,3.499875,1.62475
250.0,3.49975,1.624375
250.0,3.499375,1.624625
250.0,3.4995,1.62475
250.0,3.50075,1.62475
250.0,3.501375,1.624375
250.0,3.501375,1.624375
250.0,3.5015,1.62425
250.0,3.5005,1.6245
250.0,3.49975,1.624625
250.0,3.4995,1.624625
250.0,3.499125,1.624875
250.0,3.49875,1.62475
250.0,3.498625,1.625
250.0,3.499375,1.625375
250.0,3.500375,1.62575
250.0,3.499875,1.625125
250.0,3.499625,1.62475
250.0,3.499,1.6245
250.0,3.4995,1.624625
250.0,3.500375,1.62475
251.0,3.499625,1.686375
251.0,3.499375,1.686125
251.0,3.499375,1.68625
251.0,3.500375,1.686125
251.0,3.501875,1.685875
251.0,3.50125,1.686
251.0,3.50025,1.68675
251.0,3.499625,1.686375
251.0,3.499625,1.686375
251.0,3.4995,1.685875
251.0,3.499125,1.686
251.0,3.49825,1.686375
251.0,3.49825,1.6865
251.0,3.499375,1.687
251.0,3.500375,1.687125
251.0,3.50025,1.68675
251.0,3.499875,1.686
251.0,3.4995,1.685875
251.0,3.49925,1.68625
251.0,3.499875,1.68625
251.0,3.501,1.686
251.0,3.501375,1.685625
251.0,3.501125,1.68575
251.0,3.499875,1.6865
251.0,3.49925,1.68625
251.0,3.49925,1.68625
251.0,3.499625,1.68625
251.0,3.499125,1.6865
251.0,3.49875,1.686375
251.0,3.498625,1.686625
251.0,3.49975,1.687
251.0,3.501,1.687
251.0,3.500875,1.68675
251.0,3.500125,1.685875
251.0,3.49975,1.685875
251.0,3.4995,1.68625
251.0,3.50025,1.68625
251.0,3.50125,1.685875
251.0,3.50175,1.68575
251.0,3.50125,1.68575
251.0,3.4995,1.686
251.0,3.4995,1.686
251.0,3.499,1.685875
251.0,3.499125,1.686
251.0,3.498625,1.686375
251.0,3.4985,1.686375
251.0,3.49925,1.68675
251.0,3.500125,1.686875
251.0,3.500375,1.686875
251.0,3.499875,1.6865
251.0,3.49975,1.686
251.0,3.49925,1.686125
251.0,3.499375,1.686125
251.0,3.5005,1.68625
251.0,3.501375,1.68575
251.0,3.501625,1.685625
251.0,3.500125,1.68575
251.0,3.500125,1.68575
251.0,3.499,1.685875
251.0,3.499125,1.686
251.0,3.499,1.6865
251.0,3.499,1.6865
251.0,3.49875,1.686625
251.0,3.49925,1.686875
251.0,3.500375,1.687125
251.0,3.500375,1.687125
251.0,3.499875,1.686375
251.0,3.4995,1.685875
251.0,3.499,1.686125
251.0,3.499125,1.68625
251.0,3.500625,1.68625
251.0,3.501625,1.686
251.0,3.501125,1.686
251.0,3.501125,1.686
251.0,3.50025,1.686625
251.0,3.49975,1.6865
251.0,3.499375,1.68625
251.0,3.499125,1.686625
251.0,3.498625,1.68675
251.0,3.4985,1.68675
251.0,3.499,1.686875
251.0,3.50025,1.686875
251.0,3.5005,1.686875
251.0,3.499875,1.686125
251.0,3.499375,1.685875
251.0,3.49925,1.68625
251.0,3.499875,1.686125
251.0,3.501,1.685875
251.0,3.501625,1.685625
251.0,3.50125,1.685625
251.0,3.50125,1.68575
251.0,3.5,1.686625
251.0,3.499375,1.686375
251.0,3.499,1.68625
251.0,3.498625,1.686375
251.0,3.49825,1.6865
251.0,3.499,1.68675
251.0,3.499875,1.68675
251.0,3.500375,1.686875
251.0,3.5,1.686875
251.0,3.499875,1.686375
251.0,3.4995,1.686125
251.0,3.49925,1.68625
251.0,3.50025,1.68625
251.0,3.501375,1.686
251.0,3.501,1.685875
251.0,3.501,1.685875
251.0,3.500875,1.686125
251.0,3.5,1.6865
251.0,3.4995,1.68625
251.0,3.499,1.686375
251.0,3.498,1.686375
251.0,3.497875,1.6865
251.0,3.499125,1.686875
251.0,3.5,1.687
251.0,3.50025,1.6865
251.0,3.500125,1.6865
251.0,3.499625,1.68625
251.0,3.49925,1.686125
251.0,3.499625,1.68625
251.0,3.501,1.68625
251.0,3.501125,1.686
251.0,3.501125,1.686
251.0,3.501,1.686
251.0,3.50025,1.68625
251.0,3.499625,1.686125
251.0,3.499,1.686
251.0,3.498625,1.68625
251.0,3.498375,1.686375
251.0,3.498625,1.6865
251.0,3.4995,1.687
251.0,3.500375,1.686875
251.0,3.500125,1.686625
251.0,3.500125,1.686375
251.0,3.499625,1.686125
251.0,3.498875,1.68625
251.0,3.49975,1.686375
251.0,3.50125,1.685875
251.0,3.50125,1.685875
251.0,3.501375,1.685625
251.0,3.500875,1.68575
251.0,3.49975,1.68625
251.0,3.499125,1.68625
251.0,3.49875,1.686375
251.0,3.498375,1.6865
251.0,3.498,1.6865
251.0,3.49875,1.68675
251.0,3.5,1.686875
251.0,3.500375,1.687125
251.0,3.4995,1.686875
251.0,3.49975,1.686
251.0,3.499625,1.685875
251.0,3.499125,1.686125
251.0,3.5,1.686125
251.0,3.501375,1.686
251.0,3.501375,1.686
251.0,3.5015,1.685625
251.0,3.50075,1.686125
251.0,3.4995,1.6865
251.0,3.499375,1.686375
251.0,3.499,1.68625
251.0,3.498625,1.6865
251.0,3.4985,1.6865
251.0,3.49925,1.68675
251.0,3.5,1.687125
251.0,3.5,1.68725
251.0,3.500125,1.6865
251.0,3.499875,1.685875
251.0,3.49925,1.686
252.0,3.498375,1.747875
252.0,3.498625,1.747875
252.0,3.5,1.748375
252.0,3.501,1.748125
252.0,3.5,1.747875
252.0,3.499875,1.7475
252.0,3.49975,1.747375
252.0,3.4995,1.7475
252.0,3.4995,1.7475
252.0,3.5,1.747625
252.0,3.501,1.747375
252.0,3.50175,1.747125
252.0,3.500875,1.747625
252.0,3.4995,1.747875
252.0,3.49925,1.747875
252.0,3.4995,1.747625
252.0,3.499,1.747625
252.0,3.49825,1.74775
252.0,3.499125,1.748
252.0,3.500125,1.748375
252.0,3.50075,1.74775
252.0,3.500125,1.747625
252.0,3.499875,1.7475
252.0,3.49925,1.747875
252.0,3.4995,1.747875
252.0,3.4995,1.747625
252.0,3.5005,1.747625
252.0,3.5015,1.74725
252.0,3.501375,1.74725
252.0,3.500375,1.74775
252.0,3.499375,1.74775
252.0,3.499125,1.74775
252.0,3.499,1.747875
252.0,3.498625,1.747875
252.0,3.498,1.747875
252.0,3.49925,1.748
252.0,3.5005,1.74825
252.0,3.50025,1.74825
252.0,3.5,1.7475
252.0,3.5,1.747125
252.0,3.4995,1.747375
252.0,3.4995,1.747375
252.0,3.499375,1.7475
252.0,3.500875,1.747375
252.0,3.50175,1.747125
252.0,3.500875,1.747375
252.0,3.5,1.74775
252.0,3.499375,1.74775
252.0,3.499125,1.747625
252.0,3.498875,1.747625
252.0,3.4985,1.74775
252.0,3.498625,1.748
252.0,3.4995,1.748375
252.0,3.50025,1.74825
252.0,3.500125,1.74775
252.0,3.500125,1.747375
252.0,3.499625,1.74725
252.0,3.499625,1.74725
252.0,3.499125,1.7475
252.0,3.5,1.747625
252.0,3.501625,1.747375
252.0,3.501875,1.747
252.0,3.501,1.74725
252.0,3.499875,1.74775
252.0,3.4995,1.74775
252.0,3.499,1.747625
252.0,3.498375,1.747625
252.0,3.498375,1.747625
252.0,3.499,1.748
252.0,3.500375,1.74825
252.0,3.501125,1.748125
252.0,3.5,1.747875
252.0,3.499875,1.747375
252.0,3.499875,1.747375
252.0,3.49975,1.747375
252.0,3.4995,1.747625
252.0,3.50075,1.74775
252.0,3.50175,1.747375
252.0,3.5015,1.747375
252.0,3.50075,1.74775
252.0,3.4995,1.7475
252.0,3.499375,1.747375
252.0,3.498875,1.74775
252.0,3.498875,1.747875
252.0,3.49875,1.748125
252.0,3.499125,1.748375
252.0,3.5,1.748625
252.0,3.499875,1.748625
252.0,3.499375,1.747875
252.0,3.499875,1.74725
252.0,3.499875,1.74725
252.0,3.499625,1.747375
252.0,3.49975,1.747625
252.0,3.500875,1.7475
252.0,3.50175,1.747125
252.0,3.5015,1.747375
252.0,3.50025,1.74775
252.0,3.4995,1.747625
252.0,3.49925,1.74775
252.0,3.498875,1.747875
252.0,3.498375,1.74775
252.0,3.49875,1.747875
252.0,3.4995,1.7485
252.0,3.5005,1.748375
252.0,3.5005,1.748125
252.0,3.499875,1.74775
252.0,3.499875,1.74775
252.0,3.4995,1.747375
252.0,3.499125,1.747375
252.0,3.5,1.7475
252.0,3.501,1.747125
252.0,3.50125,1.747125
252.0,3.501375,1.7475
252.0,3.5,1.747625
252.0,3.499125,1.74725
252.0,3.499375,1.7475
252.0,3.49875,1.74775
252.0,3.4985,1.74775
252.0,3.498875,1.748
252.0,3.499875,1.74825
252.0,3.500375,1.748125
252.0,3.500125,1.74775
252.0,3.500125,1.74775
252.0,3.49975,1.74725
252.0,3.499625,1.74725
252.0,3.499625,1.7475
252.0,3.50025,1.747625
252.0,3.501375,1.74725
252.0,3.5015,1.74725
252.0,3.50075,1.74775
252.0,3.499875,1.748
252.0,3.499,1.747625
252.0,3.49875,1.747625
252.0,3.498875,1.74775
252.0,3.498875,1.748
252.0,3.498875,1.74825
252.0,3.5,1.74825
252.0,3.500625,1.74825
252.0,3.500625,1.74825
252.0,3.5,1.747875
252.0,3.499625,1.747375
252.0,3.49925,1.747375
252.0,3.4995,1.74775
252.0,3.50025,1.7475
252.0,3.501,1.747
252.0,3.501375,1.747125
252.0,3.50075,1.747875
252.0,3.49975,1.74775
252.0,3.499375,1.7475
252.0,3.498625,1.74775
252.0,3.498625,1.747625
252.0,3.49875,1.747875
252.0,3.499125,1.748375
252.0,3.500125,1.74825
252.0,3.500125,1.74775
252.0,3.500375,1.74775
252.0,3.500125,1.747375
252.0,3.4995,1.7475
252.0,3.49925,1.747625
252.0,3.5,1.7475
252.0,3.500875,1.747375
252.0,3.501375,1.74725
252.0,3.501,1.747375
252.0,3.499875,1.74775
252.0,3.49925,1.74775
252.0,3.49875,1.747625
252.0,3.4985,1.74775
252.0,3.49875,1.74775
252.0,3.499,1.748
253.0,3.498875,1.809375
253.0,3.5,1.80975
253.0,3.5,1.809375
253.0,3.499625,1.80875
253.0,3.49975,1.8085
253.0,3.499125,1.8085
253.0,3.499125,1.80875
253.0,3.50025,1.808625
253.0,3.50025,1.808625
253.0,3.500875,1.80825
253.0,3.501,1.808375
253.0,3.50025,1.80875
253.0,3.49925,1.809
253.0,3.499,1.80875
253.0,3.4985,1.809
253.0,3.49825,1.808875
253.0,3.4985,1.809
253.0,3.499125,1.8095
253.0,3.500125,1.80975
253.0,3.50025,1.8095
253.0,3.499875,1.808625
253.0,3.499875,1.808625
253.0,3.499625,1.80875
253.0,3.499875,1.80875
253.0,3.501,1.808625
253.0,3.501,1.808625
253.0,3.5015,1.80825
253.0,3.50075,1.808375
253.0,3.499625,1.808875
253.0,3.499625,1.809
253.0,3.499375,1.808875
253.0,3.49875,1.808875
253.0,3.49825,1.808875
253.0,3.4985,1.809125
253.0,3.49975,1.8095
253.0,3.50025,1.809375
253.0,3.49975,1.80875
253.0,3.4995,1.8085
253.0,3.499875,1.8085
253.0,3.4995,1.8085
253.0,3.5,1.80875
253.0,3.5,1.80875
253.0,3.501,1.8085
253.0,3.501125,1.80825
253.0,3.500125,1.808375
253.0,3.499625,1.809
253.0,3.49925,1.80875
253.0,3.4985,1.808875
253.0,3.4985,1.808875
253.0,3.498,1.808875
253.0,3.498375,1.809125
253.0,3.49975,1.8095
253.0,3.500375,1.809375
253.0,3.5,1.808875
253.0,3.499625,1.8085
253.0,3.49975,1.808375
253.0,3.4995,1.8085
253.0,3.4995,1.8085
253.0,3.5,1.8085
253.0,3.501125,1.808375
253.0,3.50125,1.808375
253.0,3.500375,1.808875
253.0,3.49925,1.808625
253.0,3.49925,1.808625
253.0,3.499,1.808875
253.0,3.49875,1.809
253.0,3.498625,1.809
253.0,3.499375,1.809375
253.0,3.500375,1.80975
253.0,3.500375,1.8095
253.0,3.499875,1.808875
253.0,3.49975,1.808375
253.0,3.499625,1.8085
253.0,3.499625,1.8085
253.0,3.499875,1.808875
253.0,3.50075,1.80875
253.0,3.5015,1.808375
253.0,3.50125,1.808125
253.0,3.500125,1.80825
253.0,3.499125,1.808375
253.0,3.499,1.8085
253.0,3.498875,1.808875
253.0,3.498625,1.808875
253.0,3.498375,1.809
253.0,3.49925,1.809375
253.0,3.500375,1.8095
253.0,3.500375,1.809125
253.0,3.5,1.808625
253.0,3.4995,1.8085
253.0,3.4995,1.808625
253.0,3.499625,1.808625
253.0,3.5005,1.808625
253.0,3.50125,1.8085
253.0,3.501125,1.80825
253.0,3.50075,1.808375
253.0,3.500125,1.80875
253.0,3.499375,1.809
253.0,3.498625,1.808875
253.0,3.49825,1.808875
253.0,3.498375,1.809
253.0,3.498875,1.809125
253.0,3.49975,1.809375
253.0,3.500375,1.809375
253.0,3.50025,1.809125
253.0,3.499875,1.80825
253.0,3.499125,1.808375
253.0,3.499125,1.808375
253.0,3.49925,1.808625
253.0,3.500625,1.80875
253.0,3.500875,1.8085
253.0,3.50075,1.8085
253.0,3.50025,1.80875
253.0,3.499625,1.808625
253.0,3.4995,1.80875
253.0,3.499,1.808875
253.0,3.49875,1.809
253.0,3.4985,1.80925
253.0,3.498875,1.8095
253.0,3.5,1.809625
253.0,3.5005,1.80975
253.0,3.5,1.80925
253.0,3.499875,1.808625
253.0,3.499875,1.808625
253.0,3.49975,1.8085
253.0,3.5,1.808875
253.0,3.50075,1.80875
253.0,3.501625,1.808375
253.0,3.50175,1.808375
253.0,3.5005,1.80925
253.0,3.4995,1.808875
253.0,3.499375,1.808625
253.0,3.499375,1.808875
253.0,3.49875,1.809
253.0,3.49875,1.809
253.0,3.499625,1.809375
253.0,3.50025,1.8095
253.0,3.500125,1.80925
253.0,3.49975,1.80875
253.0,3.49975,1.80875
253.0,3.4995,1.8085
253.0,3.499125,1.80875
253.0,3.5,1.80875
253.0,3.501125,1.8085
253.0,3.501125,1.80825
253.0,3.501,1.808375
253.0,3.50025,1.808875
253.0,3.4995,1.80875
253.0,3.49875,1.80875
253.0,3.49875,1.809
253.0,3.4985,1.808875
253.0,3.498875,1.809
253.0,3.4995,1.809375
253.0,3.500375,1.809375
253.0,3.500125,1.809375
253.0,3.500125,1.809
253.0,3.500125,1.809
253.0,3.4995,1.808625
253.0,3.499,1.80875
253.0,3.50025,1.808625
253.0,3.501125,1.808375
253.0,3.501375,1.808125
253.0,3.500625,1.808375
253.0,3.499375,1.80875
253.0,3.499125,1.80875
253.0,3.499,1.808875
253.0,3.49875,1.808875
253.0,3.49825,1.809
253.0,3.498625,1.80925
253.0,3.4995,1.80925
254.0,3.50025,1.870875
254.0,3.499875,1.870625
254.0,3.499375,1.87025
254.0,3.49875,1.870125
254.0,3.499125,1.87025
254.0,3.50025,1.870375
254.0,3.50125,1.870125
254.0,3.501375,1.869875
254.0,3.501375,1.869875
254.0,3.50075,1.87
254.0,3.49925,1.870375
254.0,3.498875,1.870625
254.0,3.49925,1.87075
254.0,3.49875,1.870625
254.0,3.49825,1.870625
254.0,3.498625,1.870875
254.0,3.499625,1.871125
254.0,3.500125,1.871125
254.0,3.499875,1.8705
254.0,3.499875,1.87
254.0,3.499875,1.870125
254.0,3.499375,1.870375
254.0,3.500125,1.87025
254.0,3.501375,1.869875
254.0,3.501375,1.87
254.0,3.501375,1.87
254.0,3.50075,1.870625
254.0,3.499625,1.87075
254.0,3.49875,1.87025
254.0,3.49875,1.8705
254.0,3.498875,1.870625
254.0,3.49875,1.87075
254.0,3.499375,1.871125
254.0,3.500125,1.87125
254.0,3.50025,1.871
254.0,3.49975,1.870375
254.0,3.499375,1.870125
254.0,3.49925,1.870125
254.0,3.499875,1.87025
254.0,3.50125,1.87
254.0,3.502,1.869875
254.0,3.502,1.869875
254.0,3.501625,1.87
254.0,3.50025,1.8705
254.0,3.4995,1.8705
254.0,3.499,1.8705
254.0,3.4985,1.870625
254.0,3.497875,1.87075
254.0,3.49875,1.87075
254.0,3.4995,1.871
254.0,3.5,1.871125
254.0,3.499625,1.87075
254.0,3.499375,1.8705
254.0,3.49925,1.870375
254.0,3.498875,1.8705
254.0,3.5005,1.87025
254.0,3.50125,1.87
254.0,3.50125,1.87
254.0,3.50125,1.87
254.0,3.50075,1.87025
254.0,3.499625,1.870625
254.0,3.49925,1.8705
254.0,3.498625,1.8705
254.0,3.49825,1.870625
254.0,3.49775,1.870625
254.0,3.498875,1.871
254.0,3.5,1.87125
254.0,3.500125,1.871125
254.0,3.499375,1.8705
254.0,3.4995,1.870125
254.0,3.499125,1.87025
254.0,3.4995,1.8705
254.0,3.50025,1.8705
254.0,3.50025,1.8705
254.0,3.501,1.87
254.0,3.5015,1.87
254.0,3.500125,1.870125
254.0,3.498875,1.870375
254.0,3.49875,1.870125
254.0,3.499125,1.870375
254.0,3.49875,1.8705
254.0,3.498125,1.870625
254.0,3.49925,1.871125
254.0,3.500625,1.871375
254.0,3.500375,1.87125
254.0,3.499375,1.8705
254.0,3.49975,1.870375
254.0,3.499625,1.87025
254.0,3.499625,1.870375
254.0,3.499625,1.87025
254.0,3.500625,1.87025
254.0,3.50175,1.869875
254.0,3.50125,1.87
254.0,3.49975,1.870625
254.0,3.499375,1.87025
254.0,3.4995,1.87025
254.0,3.49875,1.870375
254.0,3.497875,1.870625
254.0,3.498375,1.870875
254.0,3.4995,1.87125
254.0,3.50025,1.871
254.0,3.499875,1.871125
254.0,3.499875,1.870625
254.0,3.499625,1.870125
254.0,3.499125,1.87025
254.0,3.5,1.870375
254.0,3.5,1.870375
254.0,3.500875,1.87
254.0,3.50125,1.869875
254.0,3.500875,1.86975
254.0,3.4995,1.870125
254.0,3.498625,1.87025
254.0,3.498875,1.8705
254.0,3.499,1.87075
254.0,3.49825,1.87075
254.0,3.49875,1.870875
254.0,3.50025,1.871125
254.0,3.50075,1.871375
254.0,3.500125,1.871
254.0,3.499875,1.8705
254.0,3.499875,1.87025
254.0,3.49925,1.870125
254.0,3.49925,1.870125
254.0,3.500125,1.870125
254.0,3.501125,1.869875
254.0,3.500875,1.87
254.0,3.500125,1.87
254.0,3.499,1.87025
254.0,3.498875,1.87025
254.0,3.49875,1.870625
254.0,3.49875,1.870625
254.0,3.4985,1.8705
254.0,3.499,1.870875
254.0,3.500125,1.871
254.0,3.500375,1.87075
254.0,3.499625,1.8705
254.0,3.49925,1.87025
254.0,3.499,1.87025
254.0,3.499,1.87025
254.0,3.499625,1.87025
254.0,3.50125,1.870125
254.0,3.501625,1.86975
254.0,3.500875,1.870125
254.0,3.499625,1.870375
254.0,3.49925,1.87025
254.0,3.499375,1.87025
254.0,3.49925,1.8705
254.0,3.49825,1.8705
254.0,3.497875,1.87075
254.0,3.499125,1.87125
254.0,3.5,1.871375
254.0,3.50025,1.87075
254.0,3.499875,1.870375
254.0,3.499625,1.870125
254.0,3.499625,1.87025
254.0,3.499375,1.87025
254.0,3.5,1.870375
254.0,3.501125,1.87
254.0,3.50175,1.869875
254.0,3.501,1.87
254.0,3.499875,1.87025
254.0,3.49925,1.870125
254.0,3.499125,1.8705
254.0,3.498625,1.87075
254.0,3.498125,1.870625
254.0,3.49875,1.870875
254.0,3.499875,1.871125
254.0,3.500375,1.871
254.0,3.499875,1.870625
255.0,3.50025,1.93175
255.0,3.49975,1.931875
255.0,3.499375,1.93175
255.0,3.498875,1.931625
255.0,3.49825,1.93175
255.0,3.498375,1.931875
255.0,3.499625,1.9325
255.0,3.50075,1.932625
255.0,3.50075,1.932625
255.0,3.5005,1.9325
255.0,3.499625,1.9315
255.0,3.499625,1.93125
255.0,3.499625,1.931375
255.0,3.5,1.931625
255.0,3.50075,1.93125
255.0,3.501125,1.931
255.0,3.50075,1.931375
255.0,3.49975,1.93175
255.0,3.49925,1.931375
255.0,3.49925,1.931625
255.0,3.499125,1.93175
255.0,3.498625,1.93175
255.0,3.499,1.932
255.0,3.50025,1.932375
255.0,3.5005,1.932375
255.0,3.5005,1.931875
255.0,3.5,1.931625
255.0,3.500125,1.93125
255.0,3.4995,1.931375
255.0,3.499625,1.9315
255.0,3.5005,1.9315
255.0,3.501125,1.931125
255.0,3.50125,1.931125
255.0,3.499875,1.931375
255.0,3.499125,1.9315
255.0,3.499125,1.931625
255.0,3.4995,1.931625
255.0,3.499125,1.93175
255.0,3.49875,1.931875
255.0,3.4995,1.93225
255.0,3.50025,1.93225
255.0,3.50025,1.93225
255.0,3.5,1.931875
255.0,3.499625,1.9315
255.0,3.49975,1.931125
255.0,3.49925,1.93125
255.0,3.499625,1.9315
255.0,3.500625,1.931625
255.0,3.50175,1.931375
255.0,3.50175,1.931375
255.0,3.499875,1.931625
255.0,3.499125,1.9315
255.0,3.499375,1.931375
255.0,3.499,1.9315
255.0,3.498375,1.93175
255.0,3.498875,1.931875
255.0,3.499875,1.932375
255.0,3.499875,1.932375
255.0,3.5005,1.932125
255.0,3.500125,1.932
255.0,3.499875,1.932
255.0,3.49975,1.93125
255.0,3.499375,1.9315
255.0,3.500125,1.9315
255.0,3.50125,1.931375
255.0,3.501375,1.931125
255.0,3.500875,1.9315
255.0,3.499625,1.931625
255.0,3.499,1.931375
255.0,3.499,1.9315
255.0,3.499,1.93175
255.0,3.4985,1.931875
255.0,3.499,1.932125
255.0,3.499,1.932125
255.0,3.499875,1.932375
255.0,3.5005,1.93225
255.0,3.500375,1.931875
255.0,3.500125,1.931125
255.0,3.499625,1.93125
255.0,3.4995,1.9315
255.0,3.500625,1.9315
255.0,3.501375,1.93125
255.0,3.501375,1.931
255.0,3.500625,1.931125
255.0,3.499375,1.931625
255.0,3.499375,1.93125
255.0,3.499375,1.931625
255.0,3.499,1.93175
255.0,3.498625,1.931875
255.0,3.498625,1.931875
255.0,3.498875,1.93225
255.0,3.5,1.9325
255.0,3.499875,1.932375
255.0,3.4995,1.93175
255.0,3.49925,1.931125
255.0,3.499375,1.931375
255.0,3.499375,1.931625
255.0,3.501,1.931375
255.0,3.501625,1.931125
255.0,3.5015,1.931
255.0,3.50025,1.931375
255.0,3.499625,1.9315
255.0,3.4995,1.93125
255.0,3.498875,1.93175
255.0,3.498375,1.931875
255.0,3.498625,1.93175
255.0,3.498625,1.93175
255.0,3.499625,1.932125
255.0,3.50075,1.93225
255.0,3.5005,1.932
255.0,3.5,1.931375
255.0,3.499875,1.931125
255.0,3.49925,1.931375
255.0,3.49975,1.9315
255.0,3.500875,1.931375
255.0,3.501375,1.931125
255.0,3.500875,1.93125
255.0,3.499875,1.9315
255.0,3.4995,1.9315
255.0,3.499375,1.9315
255.0,3.499,1.93175
255.0,3.498125,1.931875
255.0,3.498125,1.931875
255.0,3.498875,1.932
255.0,3.499875,1.93225
255.0,3.500125,1.932375
255.0,3.49975,1.931875
255.0,3.49975,1.931125
255.0,3.499625,1.93125
255.0,3.499375,1.9315
255.0,3.500125,1.931625
255.0,3.5015,1.931375
255.0,3.501125,1.931125
255.0,3.50075,1.931375
255.0,3.499625,1.931625
255.0,3.4995,1.93175
255.0,3.499125,1.93175
255.0,3.498875,1.931625
255.0,3.498875,1.931625
255.0,3.498625,1.93175
255.0,3.499,1.932
255.0,3.499625,1.93225
255.0,3.500125,1.93225
255.0,3.499875,1.931625
255.0,3.499625,1.931
255.0,3.499625,1.931375
255.0,3.49975,1.931625
255.0,3.50075,1.9315
255.0,3.501375,1.931
255.0,3.50175,1.931125
255.0,3.50075,1.931375
255.0,3.4995,1.9315
255.0,3.499,1.931375
255.0,3.49875,1.931625
255.0,3.49875,1.931625
255.0,3.4985,1.93175
255.0,3.4985,1.93175
255.0,3.499125,1.932125
255.0,3.5,1.932375
255.0,3.50025,1.932125
255.0,3.499875,1.931125
255.0,3.49975,1.931
255.0,3.49925,1.931375
255.0,3.49975,1.9315
255.0,3.501125,1.931375
255.0,3.50175,1.931125
255.0,3.50125,1.931125
255.0,3.5,1.931625
255.0,3.49925,1.9315
256.0,3.49975,1.9935
256.0,3.4995,1.993
256.0,3.499625,1.992625
256.0,3.4995,1.993
256.0,3.499875,1.993125
256.0,3.501375,1.993
256.0,3.50175,1.99275
256.0,3.501,1.992875
256.0,3.501,1.992875
256.0,3.499625,1.993125
256.0,3.498875,1.992875
256.0,3.499125,1.993125
256.0,3.499,1.99325
256.0,3.498375,1.9935
256.0,3.498875,1.993875
256.0,3.5,1.994
256.0,3.5,1.993875
256.0,3.5,1.9935
256.0,3.5,1.993
256.0,3.4995,1.992875
256.0,3.49925,1.993
256.0,3.500625,1.993
256.0,3.5015,1.99275
256.0,3.50175,1.992625
256.0,3.500375,1.993
256.0,3.500375,1.993
256.0,3.499375,1.99325
256.0,3.499625,1.993
256.0,3.499375,1.993125
256.0,3.498875,1.99325
256.0,3.498625,1.9935
256.0,3.499,1.993875
256.0,3.5005,1.994
256.0,3.50075,1.993875
256.0,3.500125,1.993375
256.0,3.50025,1.99275
256.0,3.49975,1.993
256.0,3.4995,1.993125
256.0,3.501,1.993
256.0,3.50175,1.992625
256.0,3.501375,1.992625
256.0,3.501375,1.992625
256.0,3.500375,1.993
256.0,3.499375,1.992875
256.0,3.499,1.992875
256.0,3.499,1.993375
256.0,3.498625,1.99325
256.0,3.498375,1.9935
256.0,3.499375,1.994
256.0,3.500375,1.994125
256.0,3.500375,1.9935
256.0,3.5,1.993125
256.0,3.499625,1.993
256.0,3.499375,1.993
256.0,3.49975,1.993125
256.0,3.501125,1.99275
256.0,3.5015,1.992625
256.0,3.5015,1.992625
256.0,3.501,1.99275
256.0,3.500125,1.993
256.0,3.4995,1.993125
256.0,3.49875,1.993125
256.0,3.49875,1.993375
256.0,3.49875,1.993375
256.0,3.499125,1.9935
256.0,3.5,1.994125
256.0,3.5005,1.994
256.0,3.499875,1.99325
256.0,3.499625,1.9925
256.0,3.499625,1.992625
256.0,3.499375,1.993
256.0,3.5005,1.993
256.0,3.5015,1.992875
256.0,3.5015,1.992875
256.0,3.5015,1.99275
256.0,3.501125,1.99325
256.0,3.500125,1.99325
256.0,3.4995,1.99325
256.0,3.499125,1.993125
256.0,3.498875,1.993375
256.0,3.498375,1.9935
256.0,3.499125,1.994
256.0,3.499875,1.994125
256.0,3.500125,1.993875
256.0,3.499875,1.993375
256.0,3.5,1.993
256.0,3.4995,1.993
256.0,3.4995,1.993125
256.0,3.5005,1.993125
256.0,3.5005,1.993125
256.0,3.5015,1.99275
256.0,3.50125,1.992875
256.0,3.499875,1.99325
256.0,3.499125,1.993
256.0,3.499625,1.993125
256.0,3.499375,1.9935
256.0,3.498875,1.993375
256.0,3.4985,1.993625
256.0,3.499125,1.994
256.0,3.500125,1.994125
256.0,3.500375,1.993875
256.0,3.49975,1.99325
256.0,3.499625,1.993125
256.0,3.499625,1.993125
256.0,3.50025,1.993125
256.0,3.501,1.993
256.0,3.501,1.993
256.0,3.501625,1.99275
256.0,3.500875,1.99275
256.0,3.499375,1.993
256.0,3.4995,1.993
256.0,3.4995,1.993
256.0,3.498625,1.99325
256.0,3.49825,1.99325
256.0,3.4985,1.993625
256.0,3.49975,1.994
256.0,3.500625,1.993875
256.0,3.5,1.993625
256.0,3.49975,1.993375
256.0,3.499625,1.992875
256.0,3.499625,1.99325
256.0,3.50025,1.993
256.0,3.50025,1.993
256.0,3.50175,1.99275
256.0,3.501875,1.992625
256.0,3.50125,1.993125
256.0,3.49975,1.993375
256.0,3.499375,1.99325
256.0,3.49925,1.99325
256.0,3.49875,1.993375
256.0,3.4985,1.993375
256.0,3.4995,1.993625
256.0,3.500375,1.99375
256.0,3.500375,1.9935
256.0,3.49975,1.9935
256.0,3.5,1.99325
256.0,3.49975,1.993
256.0,3.4995,1.993
256.0,3.4995,1.993
256.0,3.50075,1.993
256.0,3.5015,1.992625
256.0,3.501,1.99275
256.0,3.500125,1.993
256.0,3.499375,1.993125
256.0,3.499125,1.993
256.0,3.499,1.993125
256.0,3.4985,1.99325
256.0,3.4985,1.993375
256.0,3.499375,1.99375
256.0,3.5005,1.993875
256.0,3.50025,1.993375
256.0,3.499875,1.993
256.0,3.49975,1.99275
256.0,3.49925,1.992875
256.0,3.49925,1.992875
256.0,3.49975,1.993125
256.0,3.50125,1.993125
256.0,3.50125,1.992875
256.0,3.5005,1.992625
256.0,3.5,1.992875
256.0,3.499375,1.993125
256.0,3.499125,1.993
256.0,3.49875,1.99325
256.0,3.498875,1.993125
256.0,3.499125,1.9935
256.0,3.49975,1.993875
256.0,3.50075,1.994
256.0,3.500125,1.99375
256.0,3.499625,1.993
257.0,3.501125,2.05375
257.0,3.499875,2.05425
257.0,3.499125,2.05425
257.0,3.499125,2.054
257.0,3.498875,2.05425
257.0,3.498125,2.05425
257.0,3.49875,2.054375
257.0,3.49975,2.054875
257.0,3.49975,2.054875
257.0,3.5005,2.055
257.0,3.500125,2.054375
257.0,3.499875,2.05375
257.0,3.499625,2.053625
257.0,3.499125,2.054
257.0,3.5,2.054125
257.0,3.50125,2.054
257.0,3.50175,2.053625
257.0,3.501125,2.05375
257.0,3.4995,2.054125
257.0,3.49925,2.054
257.0,3.4985,2.054125
257.0,3.498875,2.0545
257.0,3.49875,2.054375
257.0,3.49875,2.054625
257.0,3.49975,2.055125
257.0,3.49975,2.055125
257.0,3.500375,2.055
257.0,3.4995,2.054375
257.0,3.4995,2.053875
257.0,3.499875,2.053875
257.0,3.499625,2.054125
257.0,3.5005,2.05425
257.0,3.501125,2.053875
257.0,3.500875,2.0535
257.0,3.50025,2.05375
257.0,3.499625,2.054125
257.0,3.4995,2.054
257.0,3.49925,2.054125
257.0,3.49875,2.054375
257.0,3.4985,2.05425
257.0,3.499125,2.054625
257.0,3.499125,2.054625
257.0,3.500375,2.055
257.0,3.500625,2.055
257.0,3.500125,2.054375
257.0,3.500125,2.05375
257.0,3.499625,2.054
257.0,3.499875,2.054125
257.0,3.500625,2.054
257.0,3.501375,2.0535
257.0,3.5015,2.053625
257.0,3.50025,2.05425
257.0,3.4995,2.054375
257.0,3.499375,2.05425
257.0,3.499125,2.054625
257.0,3.498875,2.0545
257.0,3.49875,2.05425
257.0,3.49875,2.05425
257.0,3.4995,2.05475
257.0,3.500625,2.055
257.0,3.50025,2.054625
257.0,3.5,2.054375
257.0,3.499375,2.05375
257.0,3.4995,2.054
257.0,3.50025,2.054
257.0,3.50125,2.05375
257.0,3.501125,2.0535
257.0,3.501,2.05375
257.0,3.50025,2.054375
257.0,3.499375,2.054125
257.0,3.4995,2.054
257.0,3.499125,2.054375
257.0,3.4985,2.0545
257.0,3.4985,2.0545
257.0,3.49875,2.054625
257.0,3.50025,2.055
257.0,3.500625,2.054875
257.0,3.500125,2.05475
257.0,3.5,2.0545
257.0,3.4995,2.054125
257.0,3.49875,2.054125
257.0,3.500125,2.054125
257.0,3.5015,2.05375
257.0,3.5015,2.0535
257.0,3.501125,2.0535
257.0,3.499875,2.054
257.0,3.499375,2.054125
257.0,3.499,2.05425
257.0,3.498625,2.054375
257.0,3.498625,2.054375
257.0,3.498625,2.054375
257.0,3.499125,2.05475
257.0,3.49975,2.054875
257.0,3.50025,2.05475
257.0,3.5,2.054375
257.0,3.500125,2.053875
257.0,3.499875,2.053875
257.0,3.499625,2.054125
257.0,3.500875,2.054
257.0,3.501625,2.053625
257.0,3.501125,2.0535
257.0,3.50025,2.054
257.0,3.49925,2.054125
257.0,3.499375,2.054125
257.0,3.49925,2.05425
257.0,3.49875,2.054375
257.0,3.49875,2.054375
257.0,3.49875,2.054375
257.0,3.49975,2.054875
257.0,3.50075,2.055
257.0,3.500375,2.05475
257.0,3.5,2.054375
257.0,3.499875,2.05375
257.0,3.49925,2.053875
257.0,3.499625,2.054
257.0,3.501375,2.053875
257.0,3.5015,2.0535
257.0,3.5005,2.05375
257.0,3.4995,2.054375
257.0,3.499375,2.054125
257.0,3.49925,2.054125
257.0,3.498875,2.05425
257.0,3.498875,2.05425
257.0,3.49825,2.054375
257.0,3.49825,2.054375
257.0,3.49975,2.054875
257.0,3.5005,2.054875
257.0,3.500375,2.054375
257.0,3.500125,2.053875
257.0,3.49925,2.053875
257.0,3.498875,2.054
257.0,3.500375,2.054125
257.0,3.501375,2.053875
257.0,3.5015,2.053625
257.0,3.500875,2.05375
257.0,3.499625,2.05425
257.0,3.499125,2.054125
257.0,3.49925,2.054125
257.0,3.49925,2.054125
257.0,3.499,2.054375
257.0,3.49875,2.05425
257.0,3.499625,2.054625
257.0,3.5005,2.055
257.0,3.500375,2.05475
257.0,3.50025,2.054125
257.0,3.499875,2.0535
257.0,3.499375,2.053625
257.0,3.4995,2.054125
257.0,3.5005,2.053875
257.0,3.501375,2.053625
257.0,3.501625,2.053625
257.0,3.500875,2.05375
257.0,3.49975,2.053875
257.0,3.49925,2.053875
257.0,3.49925,2.053875
257.0,3.499,2.054125
257.0,3.498625,2.05425
257.0,3.498125,2.054375
257.0,3.499,2.054875
257.0,3.5,2.055
257.0,3.500125,2.0545
257.0,3.500125,2.05425
257.0,3.499875,2.054
257.0,3.499625,2.054
257.0,3.5,2.053875
257.0,3.5015,2.053875
257.0,3.501875,2.053625
257.0,3.501125,2.0535
257.0,3.49975,2.053875
258.0,3.5,2.114125
258.0,3.499625,2.113625
258.0,3.498875,2.11375
258.0,3.498875,2.114125
258.0,3.50075,2.113875
258.0,3.501875,2.1135
258.0,3.501625,2.113375
258.0,3.500375,2.113875
258.0,3.500375,2.113875
258.0,3.49925,2.114125
258.0,3.499,2.113875
258.0,3.498875,2.114125
258.0,3.498625,2.11425
258.0,3.498375,2.11425
258.0,3.499375,2.114625
258.0,3.500625,2.11475
258.0,3.500125,2.114625
258.0,3.499625,2.113875
258.0,3.499625,2.1135
258.0,3.499375,2.11375
258.0,3.49975,2.113875
258.0,3.500375,2.113625
258.0,3.500625,2.113375
258.0,3.50125,2.113625
258.0,3.500375,2.114125
258.0,3.500375,2.114125
258.0,3.49925,2.114125
258.0,3.499,2.114125
258.0,3.4985,2.114125
258.0,3.49825,2.114125
258.0,3.49875,2.114625
258.0,3.499375,2.114875
258.0,3.50025,2.115125
258.0,3.500375,2.11475
258.0,3.500125,2.114125
258.0,3.499625,2.11375
258.0,3.499375,2.113875
258.0,3.50025,2.114
258.0,3.501,2.1135
258.0,3.500875,2.1135
258.0,3.50075,2.113875
258.0,3.50075,2.113875
258.0,3.499875,2.113875
258.0,3.499375,2.11375
258.0,3.499125,2.114
258.0,3.49875,2.114375
258.0,3.4985,2.114375
258.0,3.49925,2.114375
258.0,3.50025,2.114625
258.0,3.500375,2.11475
258.0,3.499875,2.11425
258.0,3.499875,2.11375
258.0,3.4995,2.11375
258.0,3.4995,2.113875
258.0,3.500625,2.114
258.0,3.501375,2.113625
258.0,3.501625,2.1135
258.0,3.501625,2.1135
258.0,3.500625,2.114125
258.0,3.499125,2.114
258.0,3.49875,2.113625
258.0,3.499,2.114
258.0,3.4985,2.114125
258.0,3.4985,2.114125
258.0,3.49925,2.114375
258.0,3.500125,2.114875
258.0,3.500375,2.1145
258.0,3.50025,2.113875
258.0,3.5,2.1135
258.0,3.499625,2.113625
258.0,3.499875,2.114
258.0,3.50125,2.114
258.0,3.501875,2.113625
258.0,3.501875,2.113625
258.0,3.501125,2.1135
258.0,3.500125,2.11375
258.0,3.4995,2.114
258.0,3.499125,2.113875
258.0,3.499,2.114
258.0,3.498375,2.114125
258.0,3.49825,2.11425
258.0,3.499,2.114625
258.0,3.500375,2.114375
258.0,3.500375,2.11425
258.0,3.49975,2.113875
258.0,3.499375,2.113625
258.0,3.4995,2.11375
258.0,3.50025,2.114
258.0,3.5015,2.11375
258.0,3.50125,2.11375
258.0,3.50125,2.11325
258.0,3.5005,2.113625
258.0,3.4995,2.11375
258.0,3.49925,2.113625
258.0,3.499625,2.11375
258.0,3.499375,2.11425
258.0,3.4985,2.114375
258.0,3.49875,2.1145
258.0,3.5,2.115
258.0,3.50025,2.11475
258.0,3.5,2.1145
258.0,3.5005,2.11375
258.0,3.4995,2.1135
258.0,3.499,2.113875
258.0,3.5005,2.113875
258.0,3.501625,2.1135
258.0,3.501625,2.1135
258.0,3.5015,2.1135
258.0,3.500625,2.114125
258.0,3.5,2.114125
258.0,3.499625,2.11375
258.0,3.499375,2.114
258.0,3.4985,2.11425
258.0,3.497875,2.114375
258.0,3.499125,2.114625
258.0,3.500625,2.115125
258.0,3.500125,2.115
258.0,3.499625,2.11425
258.0,3.500125,2.113625
258.0,3.500125,2.11375
258.0,3.5,2.113875
258.0,3.50125,2.11375
258.0,3.50125,2.11375
258.0,3.502,2.1135
258.0,3.501375,2.113375
258.0,3.500125,2.113875
258.0,3.499625,2.114
258.0,3.4995,2.114
258.0,3.499125,2.114125
258.0,3.498375,2.114375
258.0,3.4985,2.1145
258.0,3.499625,2.114625
258.0,3.5005,2.11475
258.0,3.50025,2.114625
258.0,3.5,2.113875
258.0,3.499625,2.11375
258.0,3.499375,2.114
258.0,3.50025,2.113875
258.0,3.50025,2.113875
258.0,3.501375,2.113625
258.0,3.50175,2.113625
258.0,3.50125,2.114
258.0,3.500125,2.11425
258.0,3.49925,2.114125
258.0,3.49875,2.114125
258.0,3.4985,2.114125
258.0,3.498375,2.114125
258.0,3.498875,2.114625
258.0,3.49975,2.11475
258.0,3.5005,2.115
258.0,3.500625,2.114625
258.0,3.5005,2.113875
258.0,3.49975,2.113625
258.0,3.49975,2.11375
258.0,3.49975,2.113875
258.0,3.501,2.113875
258.0,3.5015,2.113625
258.0,3.50125,2.1135
258.0,3.5005,2.114125
258.0,3.499375,2.11425
258.0,3.49925,2.11375
258.0,3.49925,2.114125
258.0,3.498375,2.11425
258.0,3.497875,2.114125
258.0,3.49875,2.114625
258.0,3.5,2.114875
258.0,3.500625,2.1145
258.0,3.5005,2.114
258.0,3.5,2.113375
259.0,3.499875,2.175375
259.0,3.5,2.17525
259.0,3.499875,2.174625
259.0,3.49975,2.174375
259.0,3.499625,2.174625
259.0,3.500125,2.174625
259.0,3.5015,2.17425
259.0,3.501375,2.174125
259.0,3.501375,2.174125
259.0,3.5005,2.174375
259.0,3.499625,2.17475
259.0,3.499375,2.174875
259.0,3.49925,2.174875
259.0,3.498625,2.174875
259.0,3.49825,2.174875
259.0,3.49875,2.17525
259.0,3.500125,2.1755
259.0,3.500875,2.17525
259.0,3.500125,2.17475
259.0,3.499625,2.17425
259.0,3.499625,2.174375
259.0,3.499625,2.1745
259.0,3.500375,2.174375
259.0,3.50125,2.174125
259.0,3.501,2.174125
259.0,3.501,2.174125
259.0,3.50075,2.17475
259.0,3.49975,2.175
259.0,3.499125,2.1745
259.0,3.498875,2.174625
259.0,3.498375,2.175
259.0,3.498125,2.175
259.0,3.49925,2.175375
259.0,3.500375,2.1755
259.0,3.5,2.175
259.0,3.49975,2.174875
259.0,3.49975,2.174625
259.0,3.49925,2.1745
259.0,3.5,2.174625
259.0,3.50075,2.17475
259.0,3.501,2.174375
259.0,3.501,2.174375
259.0,3.50075,2.174625
259.0,3.5,2.174875
259.0,3.4995,2.17475
259.0,3.498875,2.174375
259.0,3.498875,2.174625
259.0,3.49875,2.17475
259.0,3.498625,2.175
259.0,3.49925,2.175375
259.0,3.500375,2.1755
259.0,3.49975,2.175125
259.0,3.499375,2.174375
259.0,3.499125,2.17425
259.0,3.499125,2.174375
259.0,3.500125,2.1745
259.0,3.501,2.1745
259.0,3.501,2.1745
259.0,3.501375,2.17425
259.0,3.500875,2.17425
259.0,3.499875,2.174875
259.0,3.49925,2.175
259.0,3.499125,2.174875
259.0,3.49875,2.174875
259.0,3.498625,2.174875
259.0,3.499,2.17525
259.0,3.5,2.175625
259.0,3.5005,2.175625
259.0,3.5,2.175
259.0,3.499875,2.174375
259.0,3.499625,2.17425
259.0,3.499625,2.1745
259.0,3.5005,2.174625
259.0,3.5005,2.174625
259.0,3.501625,2.174375
259.0,3.501375,2.174
259.0,3.500625,2.1745
259.0,3.4995,2.17475
259.0,3.499125,2.174625
259.0,3.498875,2.175
259.0,3.4985,2.175
259.0,3.49825,2.175125
259.0,3.499,2.175375
259.0,3.499875,2.17575
259.0,3.5,2.1755
259.0,3.499875,2.17475
259.0,3.49975,2.174375
259.0,3.4995,2.1745
259.0,3.5,2.174625
259.0,3.5,2.174625
259.0,3.501125,2.174625
259.0,3.50175,2.17425
259.0,3.501375,2.17425
259.0,3.500125,2.175
259.0,3.499125,2.174625
259.0,3.499125,2.174375
259.0,3.498875,2.174875
259.0,3.498375,2.174875
259.0,3.498375,2.175
259.0,3.49925,2.1755
259.0,3.50025,2.1755
259.0,3.500125,2.17525
259.0,3.499875,2.1745
259.0,3.4995,2.17425
259.0,3.499125,2.1745
259.0,3.499875,2.17475
259.0,3.499875,2.17475
259.0,3.50075,2.1745
259.0,3.501,2.174125
259.0,3.50075,2.17425
259.0,3.499625,2.175
259.0,3.499375,2.174875
259.0,3.49925,2.17475
259.0,3.498875,2.175
259.0,3.498375,2.175
259.0,3.49875,2.175125
259.0,3.49975,2.1755
259.0,3.500375,2.17525
259.0,3.5,2.175125
259.0,3.49975,2.174625
259.0,3.499625,2.17425
259.0,3.499375,2.174625
259.0,3.499375,2.174625
259.0,3.5005,2.174625
259.0,3.501625,2.174375
259.0,3.5015,2.174125
259.0,3.5005,2.174125
259.0,3.499875,2.1745
259.0,3.499625,2.174625
259.0,3.499125,2.174875
259.0,3.498875,2.175
259.0,3.498375,2.175
259.0,3.498875,2.175375
259.0,3.49975,2.175625
259.0,3.499875,2.175625
259.0,3.49925,2.17525
259.0,3.499625,2.174625
259.0,3.49925,2.174625
259.0,3.49925,2.174625
259.0,3.49925,2.174875
259.0,3.500875,2.174625
259.0,3.501625,2.17425
259.0,3.5015,2.174
259.0,3.50025,2.1745
259.0,3.499375,2.174625
259.0,3.499,2.17475
259.0,3.498625,2.174875
259.0,3.49825,2.174875
259.0,3.49825,2.175125
259.0,3.498875,2.175375
259.0,3.49975,2.175375
259.0,3.499875,2.175625
259.0,3.50025,2.17525
259.0,3.499875,2.174375
259.0,3.499875,2.174375
259.0,3.49875,2.1745
259.0,3.499375,2.174875
259.0,3.500625,2.174625
259.0,3.5015,2.174375
259.0,3.501125,2.17475
259.0,3.500125,2.17475
259.0,3.49975,2.174625
259.0,3.49925,2.17475
259.0,3.49875,2.174875
259.0,3.498375,2.175
259.0,3.499,2.17525
259.0,3.49975,2.1755
259.0,3.500125,2.1755
259.0,3.4995,2.175375
260.0,3.4995,2.234375
260.0,3.4995,2.23375
260.0,3.49925,2.234125
260.0,3.499375,2.2345
260.0,3.5005,2.23425
260.0,3.50075,2.234
260.0,3.501,2.234
260.0,3.499875,2.23425
260.0,3.499875,2.23425
260.0,3.49875,2.23475
260.0,3.49875,2.234625
260.0,3.498875,2.2345
260.0,3.49825,2.234625
260.0,3.49825,2.234875
260.0,3.499125,2.235375
260.0,3.500125,2.235375
260.0,3.499625,2.235125
260.0,3.499125,2.23425
260.0,3.499,2.234
260.0,3.499,2.23425
260.0,3.49925,2.234375
260.0,3.5005,2.23425
260.0,3.50125,2.233875
260.0,3.5005,2.234125
260.0,3.499,2.234625
260.0,3.499,2.234625
260.0,3.49825,2.234625
260.0,3.4985,2.234625
260.0,3.4985,2.234625
260.0,3.498375,2.234625
260.0,3.498375,2.235
260.0,3.49925,2.2355
260.0,3.50025,2.23525
260.0,3.49975,2.234875
260.0,3.499625,2.23425
260.0,3.499375,2.234
260.0,3.499125,2.234375
260.0,3.5,2.2345
260.0,3.501125,2.234
260.0,3.50125,2.234
260.0,3.5005,2.234375
260.0,3.5005,2.234375
260.0,3.499125,2.23475
260.0,3.498625,2.2345
260.0,3.49875,2.234375
260.0,3.498375,2.234625
260.0,3.498375,2.234625
260.0,3.498875,2.235125
260.0,3.500375,2.235375
260.0,3.500625,2.235375
260.0,3.499375,2.234875
260.0,3.49925,2.234
260.0,3.499125,2.234125
260.0,3.499375,2.2345
260.0,3.500625,2.234375
260.0,3.501375,2.234125
260.0,3.501,2.23425
260.0,3.501,2.23425
260.0,3.5,2.23475
260.0,3.499125,2.23475
260.0,3.498375,2.234375
260.0,3.498375,2.234625
260.0,3.498125,2.234625
260.0,3.49775,2.234625
260.0,3.49875,2.23525
260.0,3.5,2.235375
260.0,3.500125,2.234875
260.0,3.49975,2.23425
260.0,3.4995,2.234
260.0,3.498875,2.234375
260.0,3.499375,2.234375
260.0,3.50075,2.234375
260.0,3.500875,2.234
260.0,3.500875,2.234
260.0,3.50075,2.234375
260.0,3.499875,2.234875
260.0,3.49925,2.234625
260.0,3.498625,2.2345
260.0,3.498125,2.234625
260.0,3.497875,2.23475
260.0,3.498375,2.234875
260.0,3.49925,2.23525
260.0,3.5,2.23525
260.0,3.499625,2.234625
260.0,3.49925,2.234125
260.0,3.499375,2.234
260.0,3.499125,2.23425
260.0,3.49975,2.234375
260.0,3.500875,2.234125
260.0,3.501375,2.233875
260.0,3.501375,2.233875
260.0,3.500625,2.2345
260.0,3.49925,2.2345
260.0,3.498875,2.234375
260.0,3.498875,2.234625
260.0,3.4985,2.234625
260.0,3.498,2.234875
260.0,3.4985,2.235125
260.0,3.499375,2.235375
260.0,3.499625,2.23525
260.0,3.499375,2.23475
260.0,3.499375,2.23375
260.0,3.499125,2.234
260.0,3.499125,2.234375
260.0,3.500125,2.234375
260.0,3.501,2.234
260.0,3.501,2.234
260.0,3.501125,2.233875
260.0,3.50025,2.2345
260.0,3.499375,2.235
260.0,3.499,2.2345
260.0,3.49875,2.234625
260.0,3.498375,2.23475
260.0,3.498,2.23475
260.0,3.49875,2.235125
260.0,3.500375,2.235375
260.0,3.50025,2.235
260.0,3.499875,2.2345
260.0,3.4995,2.234
260.0,3.498875,2.234375
260.0,3.499375,2.2345
260.0,3.500875,2.23425
260.0,3.500875,2.23425
260.0,3.501375,2.233875
260.0,3.500625,2.234125
260.0,3.4995,2.234625
260.0,3.49875,2.234625
260.0,3.498875,2.234375
260.0,3.4985,2.234625
260.0,3.498,2.23475
260.0,3.498,2.234875
260.0,3.499,2.2355
260.0,3.5,2.2355
260.0,3.499875,2.234875
260.0,3.49975,2.234125
260.0,3.499125,2.234
260.0,3.498875,2.234375
260.0,3.49975,2.2345
260.0,3.49975,2.2345
260.0,3.501,2.234125
260.0,3.501125,2.234
260.0,3.5005,2.234375
260.0,3.49925,2.2345
260.0,3.498875,2.2345
260.0,3.498875,2.23475
260.0,3.49875,2.234875
260.0,3.49825,2.23475
260.0,3.498875,2.235125
260.0,3.49975,2.2355
260.0,3.50025,2.235375
260.0,3.499375,2.23475
260.0,3.499125,2.23425
260.0,3.498875,2.23425
260.0,3.499,2.234375
260.0,3.500125,2.2345
260.0,3.500125,2.2345
260.0,3.50075,2.234
260.0,3.50075,2.234
260.0,3.500125,2.2345
260.0,3.499125,2.234625
260.0,3.499,2.23475
260.0,3.49875,2.234625
260.0,3.49825,2.23475
260.0,3.49825,2.234875
260.0,3.498875,2.23525
260.0,3.5,2.235375
260.0,3.499875,2.23525
260.0,3.499125,2.234625
260.0,3.4995,2.234125
261.0,3.498625,2.2945
261.0,3.500125,2.29475
261.0,3.50025,2.29475
261.0,3.4995,2.294125
261.0,3.499375,2.293625
261.0,3.499125,2.2935
261.0,3.499,2.29375
261.0,3.5005,2.29375
261.0,3.5005,2.29375
261.0,3.501375,2.29325
261.0,3.501125,2.29325
261.0,3.499875,2.29375
261.0,3.499375,2.294
261.0,3.499125,2.293875
261.0,3.498625,2.294
261.0,3.4985,2.294125
261.0,3.498375,2.29425
261.0,3.49875,2.2945
261.0,3.4995,2.294875
261.0,3.49975,2.294625
261.0,3.49925,2.29375
261.0,3.49925,2.293125
261.0,3.499,2.2935
261.0,3.4995,2.293875
261.0,3.4995,2.293625
261.0,3.501,2.293625
261.0,3.5015,2.29325
261.0,3.5005,2.2935
261.0,3.49925,2.294125
261.0,3.4985,2.29375
261.0,3.49875,2.293875
261.0,3.498875,2.294
261.0,3.49825,2.294125
261.0,3.498,2.2945
261.0,3.49925,2.294875
261.0,3.50025,2.294875
261.0,3.49975,2.2945
261.0,3.49925,2.293375
261.0,3.499125,2.29325
261.0,3.499,2.29375
261.0,3.499625,2.29375
261.0,3.499625,2.29375
261.0,3.501,2.2935
261.0,3.5015,2.29325
261.0,3.500875,2.293375
261.0,3.49975,2.294125
261.0,3.499125,2.294
261.0,3.4985,2.294
261.0,3.498375,2.294125
261.0,3.49825,2.294125
261.0,3.49875,2.2945
261.0,3.499875,2.294875
261.0,3.500125,2.2945
261.0,3.49975,2.294
261.0,3.49975,2.2935
261.0,3.499375,2.293625
261.0,3.49925,2.29375
261.0,3.49925,2.29375
261.0,3.500375,2.293875
261.0,3.501,2.293625
261.0,3.501125,2.2935
261.0,3.500625,2.293875
261.0,3.4995,2.294
261.0,3.49925,2.294
261.0,3.498875,2.294125
261.0,3.498125,2.294125
261.0,3.498,2.294125
261.0,3.49875,2.2945
261.0,3.500125,2.295
261.0,3.50025,2.294875
261.0,3.499625,2.294125
261.0,3.4995,2.293375
261.0,3.499375,2.2935
261.0,3.499375,2.2935
261.0,3.4995,2.293875
261.0,3.5005,2.29375
261.0,3.501125,2.29325
261.0,3.500875,2.293625
261.0,3.49975,2.294125
261.0,3.498625,2.293875
261.0,3.499,2.29375
261.0,3.499,2.294125
261.0,3.498625,2.29425
261.0,3.4985,2.294375
261.0,3.4995,2.294875
261.0,3.500625,2.29475
261.0,3.5,2.2945
261.0,3.4995,2.294125
261.0,3.499125,2.293625
261.0,3.499125,2.293625
261.0,3.498625,2.293875
261.0,3.499125,2.294125
261.0,3.500625,2.293875
261.0,3.501375,2.29325
261.0,3.500625,2.293625
261.0,3.4995,2.294375
261.0,3.498875,2.29425
261.0,3.498875,2.29425
261.0,3.49825,2.29425
261.0,3.49775,2.294375
261.0,3.49825,2.294625
261.0,3.49925,2.29475
261.0,3.49975,2.294625
261.0,3.499125,2.294375
261.0,3.499375,2.293875
261.0,3.499375,2.2935
261.0,3.49925,2.2935
261.0,3.49925,2.294
261.0,3.499875,2.294
261.0,3.5005,2.2935
261.0,3.50075,2.2935
261.0,3.500625,2.294125
261.0,3.49925,2.29425
261.0,3.498625,2.294
261.0,3.498625,2.294
261.0,3.498125,2.294125
261.0,3.497875,2.29425
261.0,3.498375,2.29475
261.0,3.499625,2.294875
261.0,3.49975,2.29475
261.0,3.49925,2.294375
261.0,3.499375,2.293625
261.0,3.499375,2.293625
261.0,3.498625,2.293625
261.0,3.499,2.294
261.0,3.5005,2.29375
261.0,3.501125,2.29325
261.0,3.501,2.29325
261.0,3.50025,2.294
261.0,3.498875,2.294
261.0,3.498625,2.29375
261.0,3.498625,2.294
261.0,3.49825,2.294125
261.0,3.4985,2.29425
261.0,3.49875,2.294875
261.0,3.49975,2.29525
261.0,3.5,2.294625
261.0,3.499375,2.29375
261.0,3.499375,2.29375
261.0,3.499,2.293375
261.0,3.49875,2.293875
261.0,3.498875,2.294
261.0,3.499875,2.293625
261.0,3.500625,2.29325
261.0,3.500625,2.2935
261.0,3.5,2.29375
261.0,3.49925,2.293625
261.0,3.49875,2.29375
261.0,3.498625,2.294
261.0,3.498375,2.29425
261.0,3.49825,2.2945
261.0,3.499125,2.294875
261.0,3.50025,2.294625
261.0,3.499875,2.294375
261.0,3.499875,2.294375
261.0,3.499375,2.29375
261.0,3.498875,2.293875
261.0,3.498875,2.293875
261.0,3.499625,2.293875
261.0,3.5005,2.293625
261.0,3.500875,2.293375
261.0,3.500375,2.29375
261.0,3.499,2.294
261.0,3.498875,2.2935
261.0,3.498875,2.294
261.0,3.49825,2.29425
261.0,3.49775,2.294375
261.0,3.498625,2.29475
261.0,3.49975,2.295
262.0,3.497875,2.35225
262.0,3.498,2.352375
262.0,3.499,2.35275
262.0,3.4995,2.352875
262.0,3.49925,2.352375
262.0,3.4995,2.351625
262.0,3.499125,2.351125
262.0,3.498625,2.351875
262.0,3.498625,2.351875
262.0,3.499,2.352125
262.0,3.500125,2.351875
262.0,3.5005,2.351625
262.0,3.50025,2.351875
262.0,3.499625,2.352125
262.0,3.499125,2.351875
262.0,3.49875,2.352125
262.0,3.498375,2.35225
262.0,3.498,2.352125
262.0,3.49825,2.3525
262.0,3.4995,2.353
262.0,3.500375,2.352875
262.0,3.499625,2.35225
262.0,3.499375,2.35175
262.0,3.4995,2.35175
262.0,3.49925,2.35175
262.0,3.49925,2.352
262.0,3.5,2.352
262.0,3.500875,2.35175
262.0,3.501125,2.351375
262.0,3.50025,2.352125
262.0,3.498625,2.3525
262.0,3.498375,2.352
262.0,3.4985,2.352
262.0,3.498125,2.35225
262.0,3.497875,2.352375
262.0,3.4985,2.352875
262.0,3.499875,2.352875
262.0,3.500125,2.352625
262.0,3.499375,2.35225
262.0,3.49925,2.351625
262.0,3.49875,2.351875
262.0,3.49875,2.351875
262.0,3.498875,2.352
262.0,3.500125,2.351875
262.0,3.501125,2.351625
262.0,3.501125,2.351625
262.0,3.499625,2.352
262.0,3.499,2.352
262.0,3.498875,2.352
262.0,3.498625,2.352125
262.0,3.49825,2.352
262.0,3.49825,2.35225
262.0,3.498875,2.353
262.0,3.49975,2.35325
262.0,3.4995,2.35275
262.0,3.49925,2.352125
262.0,3.499125,2.351625
262.0,3.499125,2.351625
262.0,3.498875,2.352
262.0,3.499625,2.35225
262.0,3.500875,2.35175
262.0,3.50125,2.351375
262.0,3.500625,2.3515
262.0,3.4995,2.351875
262.0,3.498875,2.35175
262.0,3.498875,2.351875
262.0,3.498125,2.352375
262.0,3.498,2.3525
262.0,3.4985,2.352625
262.0,3.4995,2.353125
262.0,3.500375,2.35275
262.0,3.499625,2.352625
262.0,3.499125,2.352125
262.0,3.499125,2.352125
262.0,3.49925,2.351875
262.0,3.498875,2.352
262.0,3.499875,2.352
262.0,3.50075,2.351625
262.0,3.50075,2.3515
262.0,3.5,2.352
262.0,3.499375,2.35225
262.0,3.499,2.351875
262.0,3.498125,2.352
262.0,3.497625,2.352375
262.0,3.497375,2.352375
262.0,3.4985,2.352625
262.0,3.49975,2.353125
262.0,3.499875,2.352875
262.0,3.4995,2.35225
262.0,3.4995,2.35225
262.0,3.4995,2.351625
262.0,3.499,2.352
262.0,3.499125,2.352
262.0,3.50025,2.352
262.0,3.501125,2.3515
262.0,3.501,2.35175
262.0,3.50025,2.35225
262.0,3.4995,2.352
262.0,3.498625,2.351875
262.0,3.49825,2.352375
262.0,3.497875,2.352375
262.0,3.49775,2.3525
262.0,3.49875,2.352875
262.0,3.5005,2.352875
262.0,3.50025,2.352625
262.0,3.499625,2.352125
262.0,3.499625,2.352125
262.0,3.49925,2.351625
262.0,3.498375,2.352
262.0,3.499,2.35225
262.0,3.500375,2.352
262.0,3.501125,2.351375
262.0,3.50075,2.35175
262.0,3.49975,2.3525
262.0,3.498875,2.352375
262.0,3.4985,2.352125
262.0,3.49825,2.3525
262.0,3.498,2.3525
262.0,3.49825,2.352625
262.0,3.499125,2.353125
262.0,3.500125,2.35275
262.0,3.499625,2.35225
262.0,3.499625,2.35225
262.0,3.4995,2.35175
262.0,3.499125,2.351625
262.0,3.4985,2.351875
262.0,3.499625,2.351875
262.0,3.500875,2.35175
262.0,3.501,2.3515
262.0,3.50025,2.35175
262.0,3.499,2.351875
262.0,3.498375,2.351625
262.0,3.49825,2.352125
262.0,3.498,2.3525
262.0,3.498,2.3525
262.0,3.498375,2.35275
262.0,3.499375,2.353
262.0,3.49975,2.353
262.0,3.49975,2.353
262.0,3.49975,2.3525
262.0,3.499625,2.351875
262.0,3.49875,2.351875
262.0,3.499125,2.352
262.0,3.50075,2.352
262.0,3.501375,2.351625
262.0,3.500875,2.351625
262.0,3.49975,2.352125
262.0,3.499,2.352125
262.0,3.498875,2.352
262.0,3.4985,2.35225
262.0,3.49825,2.352375
262.0,3.498125,2.3525
262.0,3.498875,2.353
262.0,3.499875,2.353125
262.0,3.499875,2.353125
262.0,3.50025,2.353
262.0,3.499375,2.35225
262.0,3.499,2.351625
262.0,3.498375,2.35175
262.0,3.499,2.352125
262.0,3.500375,2.351875
262.0,3.500875,2.351625
262.0,3.500625,2.35125
262.0,3.499625,2.351875
262.0,3.49875,2.35225
262.0,3.49875,2.352125
262.0,3.498375,2.352125
262.0,3.498,2.352125
262.0,3.498375,2.352375
263.0,3.498625,2.409375
263.0,3.498125,2.409625
263.0,3.498125,2.409625
263.0,3.498875,2.409875
263.0,3.49975,2.41025
263.0,3.499625,2.410375
263.0,3.49925,2.409875
263.0,3.499,2.40925
263.0,3.499,2.40925
263.0,3.498625,2.409
263.0,3.49875,2.409375
263.0,3.500125,2.40925
263.0,3.50125,2.408875
263.0,3.501125,2.408625
263.0,3.5,2.4095
263.0,3.498875,2.409875
263.0,3.498625,2.40925
263.0,3.498625,2.4095
263.0,3.498125,2.409625
263.0,3.497625,2.409875
263.0,3.498875,2.410375
263.0,3.499625,2.410375
263.0,3.49925,2.409875
263.0,3.499125,2.409375
263.0,3.49925,2.409125
263.0,3.49925,2.409125
263.0,3.498875,2.409125
263.0,3.4995,2.409375
263.0,3.5005,2.40925
263.0,3.5005,2.40875
263.0,3.5005,2.40875
263.0,3.499875,2.40925
263.0,3.499,2.40925
263.0,3.498875,2.40925
263.0,3.498125,2.409625
263.0,3.497625,2.4095
263.0,3.49825,2.409875
263.0,3.49925,2.410375
263.0,3.499875,2.4105
263.0,3.5,2.410125
263.0,3.49925,2.409375
263.0,3.49925,2.409375
263.0,3.499,2.409125
263.0,3.499125,2.409375
263.0,3.499875,2.4095
263.0,3.50075,2.40925
263.0,3.501,2.40875
263.0,3.5,2.40925
263.0,3.499125,2.4095
263.0,3.498375,2.409125
263.0,3.49825,2.40925
263.0,3.497875,2.409625
263.0,3.49775,2.409875
263.0,3.498625,2.41
263.0,3.4995,2.4105
263.0,3.499875,2.41025
263.0,3.499625,2.40975
263.0,3.499625,2.40975
263.0,3.49925,2.409
263.0,3.499,2.409125
263.0,3.499,2.409375
263.0,3.5,2.409375
263.0,3.501,2.409
263.0,3.5005,2.409
263.0,3.5,2.40925
263.0,3.499375,2.40925
263.0,3.498875,2.409
263.0,3.49825,2.40925
263.0,3.498125,2.409625
263.0,3.49825,2.409875
263.0,3.498875,2.410125
263.0,3.5,2.4105
263.0,3.49975,2.41025
263.0,3.49975,2.41025
263.0,3.49925,2.4095
263.0,3.499375,2.409125
263.0,3.498875,2.40925
263.0,3.499125,2.4095
263.0,3.500375,2.409375
263.0,3.500875,2.408875
263.0,3.5005,2.408875
263.0,3.499125,2.40925
263.0,3.498625,2.40925
263.0,3.498875,2.40925
263.0,3.4985,2.4095
263.0,3.49775,2.4095
263.0,3.498125,2.409875
263.0,3.49975,2.41025
263.0,3.5005,2.41025
263.0,3.499625,2.409875
263.0,3.499625,2.409875
263.0,3.4995,2.40925
263.0,3.499375,2.409
263.0,3.499125,2.409375
263.0,3.499625,2.4095
263.0,3.50025,2.40925
263.0,3.50075,2.409
263.0,3.50075,2.4095
263.0,3.49925,2.40975
263.0,3.4985,2.4095
263.0,3.4985,2.4095
263.0,3.498125,2.409625
263.0,3.498,2.409625
263.0,3.49825,2.410125
263.0,3.4995,2.4105
263.0,3.5,2.410625
263.0,3.5,2.410625
263.0,3.499125,2.41
263.0,3.49925,2.409
263.0,3.499375,2.408875
263.0,3.499125,2.40925
263.0,3.50025,2.409375
263.0,3.501625,2.408875
263.0,3.501125,2.40875
263.0,3.49975,2.409375
263.0,3.499375,2.409875
263.0,3.499375,2.409375
263.0,3.49875,2.4095
263.0,3.49825,2.40975
263.0,3.4975,2.40975
263.0,3.498,2.41
263.0,3.5,2.41025
263.0,3.5,2.41025
263.0,3.50025,2.410375
263.0,3.499875,2.409875
263.0,3.499625,2.409
263.0,3.49875,2.409
263.0,3.498875,2.409375
263.0,3.500375,2.409125
263.0,3.500875,2.40875
263.0,3.501,2.409
263.0,3.4995,2.4095
263.0,3.498375,2.4095
263.0,3.498875,2.409625
263.0,3.49825,2.409875
263.0,3.498,2.40975
263.0,3.498625,2.409875
263.0,3.498875,2.410375
263.0,3.498875,2.410375
263.0,3.49975,2.4105
263.0,3.499875,2.41
263.0,3.4995,2.409375
263.0,3.499125,2.408875
263.0,3.498875,2.40925
263.0,3.4995,2.4095
263.0,3.500875,2.409125
263.0,3.501375,2.408875
263.0,3.500875,2.40925
263.0,3.4995,2.40975
263.0,3.499,2.409375
263.0,3.498375,2.409375
263.0,3.498125,2.40975
263.0,3.498125,2.40975
263.0,3.49875,2.409875
263.0,3.49975,2.409875
263.0,3.49975,2.41025
263.0,3.5005,2.41025
263.0,3.5,2.41
263.0,3.499375,2.40925
263.0,3.499125,2.408875
263.0,3.498875,2.409125
263.0,3.499875,2.40925
263.0,3.500875,2.408875
263.0,3.500875,2.408875
263.0,3.500375,2.40925
263.0,3.4995,2.40975
263.0,3.499,2.4095
263.0,3.49875,2.4095
263.0,3.497875,2.40975
264.0,3.501125,2.465625
264.0,3.500625,2.465875
264.0,3.499625,2.4665
264.0,3.498875,2.46675
264.0,3.498875,2.466625
264.0,3.49875,2.4665
264.0,3.498,2.4665
264.0,3.49775,2.466625
264.0,3.49775,2.466625
264.0,3.4985,2.46725
264.0,3.49975,2.46725
264.0,3.499625,2.46675
264.0,3.499375,2.466125
264.0,3.499125,2.4655
264.0,3.49875,2.466
264.0,3.499875,2.46625
264.0,3.500875,2.466125
264.0,3.50075,2.46575
264.0,3.500125,2.466
264.0,3.49925,2.4665
264.0,3.498625,2.466125
264.0,3.498375,2.46625
264.0,3.49825,2.4665
264.0,3.497875,2.466625
264.0,3.498125,2.466875
264.0,3.498125,2.466875
264.0,3.49925,2.46725
264.0,3.500125,2.467375
264.0,3.49925,2.46675
264.0,3.49875,2.466125
264.0,3.499,2.465875
264.0,3.49875,2.466375
264.0,3.499875,2.466375
264.0,3.501125,2.466
264.0,3.500875,2.466
264.0,3.5,2.46625
264.0,3.49925,2.46675
264.0,3.498625,2.466375
264.0,3.4985,2.4665
264.0,3.4985,2.46675
264.0,3.497875,2.4665
264.0,3.497875,2.4665
264.0,3.49825,2.467
264.0,3.499375,2.467375
264.0,3.5,2.467375
264.0,3.499625,2.46625
264.0,3.49925,2.46575
264.0,3.499,2.465875
264.0,3.499,2.46625
264.0,3.500375,2.46625
264.0,3.501125,2.46575
264.0,3.50075,2.465625
264.0,3.499875,2.466125
264.0,3.499125,2.4665
264.0,3.49875,2.466125
264.0,3.498625,2.4665
264.0,3.49825,2.46675
264.0,3.49825,2.46675
264.0,3.498,2.466875
264.0,3.498875,2.467125
264.0,3.49975,2.46725
264.0,3.49925,2.466875
264.0,3.499125,2.466375
264.0,3.49925,2.466
264.0,3.498875,2.466125
264.0,3.499125,2.466375
264.0,3.50025,2.46625
264.0,3.501125,2.465875
264.0,3.500875,2.466
264.0,3.499625,2.4665
264.0,3.498875,2.4665
264.0,3.499125,2.4665
264.0,3.498625,2.466625
264.0,3.498125,2.466625
264.0,3.498125,2.466625
264.0,3.498,2.467
264.0,3.49875,2.46725
264.0,3.4995,2.467375
264.0,3.499,2.466875
264.0,3.498875,2.466125
264.0,3.499,2.466
264.0,3.498875,2.466375
264.0,3.49975,2.466375
264.0,3.500375,2.466
264.0,3.500875,2.46575
264.0,3.50075,2.466125
264.0,3.4995,2.46675
264.0,3.498625,2.466375
264.0,3.498625,2.466375
264.0,3.4985,2.466625
264.0,3.4985,2.466625
264.0,3.498,2.46675
264.0,3.498375,2.467125
264.0,3.499125,2.4675
264.0,3.500125,2.46725
264.0,3.5,2.466375
264.0,3.49925,2.465875
264.0,3.4985,2.466125
264.0,3.49875,2.4665
264.0,3.5,2.466375
264.0,3.501125,2.466
264.0,3.501,2.4655
264.0,3.499625,2.465875
264.0,3.499,2.4665
264.0,3.498875,2.4665
264.0,3.4985,2.4665
264.0,3.4985,2.4665
264.0,3.498,2.46675
264.0,3.497875,2.466875
264.0,3.498625,2.46725
264.0,3.49975,2.46725
264.0,3.49975,2.467
264.0,3.49925,2.4665
264.0,3.49925,2.466
264.0,3.498875,2.466125
264.0,3.49925,2.4665
264.0,3.50025,2.4665
264.0,3.501,2.465875
264.0,3.50075,2.466
264.0,3.499625,2.46675
264.0,3.498625,2.466625
264.0,3.4985,2.4665
264.0,3.4985,2.4665
264.0,3.498,2.466625
264.0,3.49775,2.466625
264.0,3.49825,2.467
264.0,3.498375,2.467375
264.0,3.4995,2.467125
264.0,3.4995,2.467125
264.0,3.499375,2.466375
264.0,3.49925,2.465875
264.0,3.4985,2.466125
264.0,3.498875,2.466375
264.0,3.500625,2.466125
264.0,3.50125,2.465875
264.0,3.5005,2.466125
264.0,3.499375,2.4665
264.0,3.49875,2.466125
264.0,3.498625,2.466125
264.0,3.498625,2.466375
264.0,3.49825,2.4665
264.0,3.497875,2.4665
264.0,3.49775,2.467
264.0,3.499,2.46725
264.0,3.500125,2.467375
264.0,3.49975,2.467125
264.0,3.49975,2.46625
264.0,3.49925,2.466125
264.0,3.498625,2.46625
264.0,3.4995,2.466375
264.0,3.50075,2.465875
264.0,3.500875,2.46575
264.0,3.500375,2.4665
264.0,3.499125,2.4665
264.0,3.498625,2.4665
264.0,3.498625,2.466125
264.0,3.4985,2.4665
264.0,3.498,2.46675
264.0,3.49775,2.46675
264.0,3.498375,2.467125
264.0,3.499375,2.467375
264.0,3.5,2.46725
264.0,3.4995,2.466625
264.0,3.499375,2.465875
264.0,3.49875,2.466125
264.0,3.499125,2.466375
264.0,3.500375,2.46625
264.0,3.50075,2.46575
264.0,3.500625,2.46575
265.0,3.50075,2.522
265.0,3.500125,2.522375
265.0,3.499375,2.52225
265.0,3.499125,2.52225
265.0,3.49875,2.52225
265.0,3.498125,2.52225
265.0,3.497875,2.5225
265.0,3.49875,2.523125
265.0,3.49875,2.523125
265.0,3.49975,2.523375
265.0,3.499875,2.523
265.0,3.4995,2.522
265.0,3.4995,2.521375
265.0,3.49875,2.521875
265.0,3.499125,2.522
265.0,3.50075,2.52175
265.0,3.5015,2.521375
265.0,3.500875,2.5215
265.0,3.49975,2.522125
265.0,3.498625,2.52225
265.0,3.4985,2.522125
265.0,3.4985,2.522375
265.0,3.4975,2.522375
265.0,3.4975,2.522625
265.0,3.498875,2.522625
265.0,3.498875,2.523
265.0,3.499875,2.523
265.0,3.499625,2.522625
265.0,3.49925,2.521875
265.0,3.499125,2.5215
265.0,3.499125,2.522
265.0,3.49975,2.52225
265.0,3.500875,2.521875
265.0,3.501125,2.5215
265.0,3.500375,2.522125
265.0,3.499375,2.522625
265.0,3.499,2.522625
265.0,3.498625,2.522375
265.0,3.49825,2.5225
265.0,3.49775,2.522375
265.0,3.498125,2.522375
265.0,3.498125,2.522875
265.0,3.49925,2.523375
265.0,3.49975,2.52325
265.0,3.499625,2.522375
265.0,3.499875,2.521625
265.0,3.49925,2.52175
265.0,3.499125,2.52225
265.0,3.500375,2.522125
265.0,3.501375,2.521625
265.0,3.500875,2.521625
265.0,3.5,2.522
265.0,3.499,2.52225
265.0,3.49875,2.522125
265.0,3.4985,2.52225
265.0,3.498125,2.522625
265.0,3.498375,2.522625
265.0,3.498375,2.522625
265.0,3.499125,2.523
265.0,3.500375,2.523125
265.0,3.50025,2.523
265.0,3.4995,2.522
265.0,3.49925,2.521625
265.0,3.498625,2.521875
265.0,3.499,2.52225
265.0,3.500375,2.522
265.0,3.501,2.521625
265.0,3.500625,2.521625
265.0,3.50025,2.52225
265.0,3.499375,2.522125
265.0,3.499,2.522125
265.0,3.498625,2.52225
265.0,3.4985,2.522375
265.0,3.4985,2.522375
265.0,3.498375,2.5225
265.0,3.498875,2.523125
265.0,3.499875,2.523125
265.0,3.499625,2.522875
265.0,3.499,2.522375
265.0,3.499,2.521875
265.0,3.49925,2.521875
265.0,3.499875,2.522
265.0,3.50075,2.521875
265.0,3.50125,2.521375
265.0,3.501,2.52175
265.0,3.499625,2.522
265.0,3.499,2.522
265.0,3.498875,2.522
265.0,3.498625,2.5225
265.0,3.498625,2.5225
265.0,3.497875,2.5225
265.0,3.498375,2.522875
265.0,3.499375,2.52325
265.0,3.500125,2.523
265.0,3.499625,2.5225
265.0,3.49925,2.521625
265.0,3.499,2.52175
265.0,3.49925,2.522125
265.0,3.500125,2.52225
265.0,3.501125,2.52175
265.0,3.501125,2.5215
265.0,3.50025,2.522125
265.0,3.49925,2.522375
265.0,3.498875,2.522
265.0,3.499,2.522125
265.0,3.4985,2.522125
265.0,3.4985,2.522375
265.0,3.497875,2.5225
265.0,3.4985,2.523
265.0,3.49975,2.5235
265.0,3.50025,2.52325
265.0,3.500125,2.52225
265.0,3.49975,2.5215
265.0,3.499125,2.52175
265.0,3.499375,2.522125
265.0,3.500375,2.522
265.0,3.50125,2.521625
265.0,3.50125,2.521625
265.0,3.500125,2.522
265.0,3.499,2.522
265.0,3.499,2.521875
265.0,3.49875,2.52225
265.0,3.49875,2.52225
265.0,3.498,2.522375
265.0,3.498,2.522625
265.0,3.49925,2.523125
265.0,3.499875,2.523125
265.0,3.49925,2.522625
265.0,3.4995,2.52175
265.0,3.49975,2.521375
265.0,3.499,2.521875
265.0,3.499375,2.522125
265.0,3.501125,2.521875
265.0,3.501625,2.5215
265.0,3.50075,2.52175
265.0,3.499375,2.52225
265.0,3.499375,2.52225
265.0,3.49875,2.522375
265.0,3.49875,2.522375
265.0,3.497875,2.52225
265.0,3.497875,2.522375
265.0,3.49825,2.52275
265.0,3.4995,2.52325
265.0,3.500375,2.523
265.0,3.50025,2.522375
265.0,3.49975,2.52175
265.0,3.4995,2.521625
265.0,3.498875,2.522
265.0,3.499625,2.522125
265.0,3.50075,2.52175
265.0,3.501,2.521625
265.0,3.500125,2.522125
265.0,3.499,2.5225
265.0,3.498875,2.521875
265.0,3.498875,2.521875
265.0,3.49875,2.52225
265.0,3.49825,2.522375
265.0,3.498,2.522375
265.0,3.4985,2.52275
265.0,3.4995,2.523125
265.0,3.499625,2.523
265.0,3.499125,2.52225
265.0,3.499,2.52175
265.0,3.498875,2.522
265.0,3.499125,2.52225
265.0,3.50025,2.522125
265.0,3.50075,2.521625
265.0,3.50075,2.52125
265.0,3.499875,2.52175
266.0,3.49925,2.577125
266.0,3.499,2.577
266.0,3.498625,2.57725
266.0,3.499125,2.577125
266.0,3.50075,2.57675
266.0,3.501,2.57675
266.0,3.50025,2.577
266.0,3.49875,2.577375
266.0,3.49875,2.577375
266.0,3.49825,2.577
266.0,3.498,2.57725
266.0,3.497625,2.57775
266.0,3.497875,2.577625
266.0,3.49875,2.578
266.0,3.5,2.578375
266.0,3.5,2.57775
266.0,3.499625,2.57725
266.0,3.49975,2.576625
266.0,3.499375,2.57675
266.0,3.499125,2.57725
266.0,3.50025,2.57725
266.0,3.50125,2.576875
266.0,3.501375,2.576625
266.0,3.5,2.577375
266.0,3.5,2.5775
266.0,3.4985,2.5775
266.0,3.498375,2.576875
266.0,3.498375,2.577375
266.0,3.498,2.577625
266.0,3.497625,2.577625
266.0,3.4985,2.57825
266.0,3.4995,2.578375
266.0,3.5,2.577875
266.0,3.4995,2.5775
266.0,3.4995,2.577
266.0,3.499125,2.577125
266.0,3.499125,2.57725
266.0,3.50025,2.577
266.0,3.501125,2.576625
266.0,3.500625,2.577
266.0,3.499875,2.5775
266.0,3.499875,2.5775
266.0,3.499,2.5775
266.0,3.498125,2.577375
266.0,3.498125,2.5775
266.0,3.497875,2.577625
266.0,3.498125,2.577875
266.0,3.49925,2.578375
266.0,3.499875,2.5785
266.0,3.4995,2.578
266.0,3.499375,2.577125
266.0,3.49925,2.577
266.0,3.499,2.57725
266.0,3.499375,2.577375
266.0,3.50075,2.577125
266.0,3.500875,2.576625
266.0,3.500125,2.577125
266.0,3.500125,2.577125
266.0,3.499375,2.577625
266.0,3.498625,2.5775
266.0,3.498375,2.57725
266.0,3.498375,2.577625
266.0,3.497875,2.577625
266.0,3.4985,2.577875
266.0,3.499625,2.578125
266.0,3.4995,2.578
266.0,3.498875,2.577875
266.0,3.49925,2.57725
266.0,3.499125,2.577
266.0,3.49875,2.5775
266.0,3.49975,2.577375
266.0,3.5005,2.576875
266.0,3.500875,2.576875
266.0,3.500875,2.576875
266.0,3.4995,2.577625
266.0,3.4985,2.5775
266.0,3.498625,2.577
266.0,3.498375,2.577375
266.0,3.49825,2.57775
266.0,3.498,2.5775
266.0,3.4985,2.578
266.0,3.499875,2.5785
266.0,3.499875,2.57825
266.0,3.49925,2.5775
266.0,3.499,2.577125
266.0,3.498625,2.57725
266.0,3.49925,2.577375
266.0,3.5005,2.57725
266.0,3.50075,2.576875
266.0,3.500875,2.577
266.0,3.500875,2.577
266.0,3.49975,2.577375
266.0,3.4985,2.5775
266.0,3.498375,2.57725
266.0,3.49825,2.577625
266.0,3.498125,2.577625
266.0,3.49825,2.578
266.0,3.498625,2.578375
266.0,3.4995,2.5785
266.0,3.499,2.578125
266.0,3.499,2.5775
266.0,3.498875,2.577
266.0,3.498875,2.57725
266.0,3.499375,2.577375
266.0,3.500625,2.577
266.0,3.50075,2.57675
266.0,3.50075,2.57675
266.0,3.500375,2.577
266.0,3.499125,2.577375
266.0,3.498625,2.577625
266.0,3.49875,2.5775
266.0,3.498125,2.577625
266.0,3.49775,2.577625
266.0,3.498,2.578
266.0,3.499125,2.578375
266.0,3.50025,2.57825
266.0,3.49925,2.577625
266.0,3.498875,2.576625
266.0,3.499125,2.57675
266.0,3.498625,2.577375
266.0,3.49925,2.577375
266.0,3.500625,2.576875
266.0,3.500625,2.576875
266.0,3.501,2.57675
266.0,3.499875,2.577
266.0,3.49875,2.5775
266.0,3.4985,2.5775
266.0,3.4985,2.5775
266.0,3.498,2.577625
266.0,3.497625,2.57775
266.0,3.49875,2.578125
266.0,3.499625,2.57825
266.0,3.499375,2.578
266.0,3.49925,2.5775
266.0,3.499125,2.577
266.0,3.4985,2.57725
266.0,3.498625,2.577375
266.0,3.499875,2.577375
266.0,3.499875,2.577375
266.0,3.501125,2.57675
266.0,3.500875,2.576625
266.0,3.49975,2.5775
266.0,3.49875,2.577625
266.0,3.498375,2.577375
266.0,3.498375,2.5775
266.0,3.498,2.5775
266.0,3.4975,2.577625
266.0,3.49825,2.57825
266.0,3.49975,2.578375
266.0,3.4995,2.57775
266.0,3.4995,2.57725
266.0,3.499125,2.577
266.0,3.498375,2.5775
266.0,3.499,2.577375
266.0,3.500625,2.57725
266.0,3.500625,2.57725
266.0,3.500875,2.576625
266.0,3.500625,2.57675
266.0,3.49925,2.577375
266.0,3.498625,2.57725
266.0,3.49875,2.577375
266.0,3.498375,2.577625
266.0,3.498,2.577625
266.0,3.49825,2.578
266.0,3.49925,2.5785
266.0,3.5,2.578125
266.0,3.499375,2.577625
266.0,3.499,2.577
266.0,3.499,2.57675
267.0,3.498625,2.631625
267.0,3.498375,2.631875
267.0,3.497875,2.632
267.0,3.497625,2.632125
267.0,3.498625,2.632625
267.0,3.4995,2.6325
267.0,3.499625,2.632375
267.0,3.49975,2.631875
267.0,3.49975,2.631875
267.0,3.499125,2.631125
267.0,3.4985,2.6315
267.0,3.498875,2.63175
267.0,3.50025,2.6315
267.0,3.501125,2.631
267.0,3.500375,2.63125
267.0,3.498875,2.631875
267.0,3.498625,2.631625
267.0,3.4985,2.631625
267.0,3.49825,2.632
267.0,3.497875,2.631875
267.0,3.49825,2.63225
267.0,3.49925,2.632875
267.0,3.5,2.63275
267.0,3.499375,2.632125
267.0,3.49925,2.63175
267.0,3.49925,2.63175
267.0,3.499125,2.631375
267.0,3.498625,2.631375
267.0,3.49975,2.6315
267.0,3.501,2.63125
267.0,3.501,2.630875
267.0,3.500125,2.631125
267.0,3.49875,2.6315
267.0,3.498625,2.631375
267.0,3.4985,2.631625
267.0,3.49825,2.632
267.0,3.497875,2.632125
267.0,3.498375,2.632375
267.0,3.49925,2.63275
267.0,3.499875,2.633
267.0,3.49925,2.632125
267.0,3.49925,2.632125
267.0,3.49925,2.63125
267.0,3.499,2.631375
267.0,3.499125,2.6315
267.0,3.499875,2.6315
267.0,3.500875,2.631
267.0,3.501125,2.631125
267.0,3.499875,2.631625
267.0,3.499,2.631875
267.0,3.499,2.63175
267.0,3.49825,2.631625
267.0,3.497625,2.631875
267.0,3.497875,2.632
267.0,3.498625,2.632375
267.0,3.49975,2.63275
267.0,3.5,2.632625
267.0,3.5,2.632625
267.0,3.499875,2.6315
267.0,3.499625,2.631
267.0,3.499125,2.6315
267.0,3.4995,2.631625
267.0,3.50025,2.631625
267.0,3.5005,2.631125
267.0,3.500625,2.631125
267.0,3.499625,2.63175
267.0,3.49875,2.632
267.0,3.49875,2.63175
267.0,3.4985,2.631875
267.0,3.497875,2.632
267.0,3.498125,2.63225
267.0,3.499375,2.63275
267.0,3.500125,2.632875
267.0,3.500125,2.632875
267.0,3.4995,2.6325
267.0,3.4995,2.631625
267.0,3.499125,2.631375
267.0,3.498875,2.6315
267.0,3.4995,2.631625
267.0,3.5005,2.631375
267.0,3.500875,2.631125
267.0,3.500375,2.63125
267.0,3.4995,2.631875
267.0,3.49875,2.631875
267.0,3.498375,2.631875
267.0,3.498,2.632
267.0,3.497875,2.632
267.0,3.49825,2.632375
267.0,3.4995,2.632875
267.0,3.50025,2.632875
267.0,3.50025,2.63275
267.0,3.49975,2.632125
267.0,3.499,2.63175
267.0,3.49875,2.631375
267.0,3.499,2.631625
267.0,3.500125,2.63175
267.0,3.501125,2.631125
267.0,3.501125,2.631
267.0,3.500125,2.63175
267.0,3.498875,2.631625
267.0,3.49875,2.6315
267.0,3.498125,2.631875
267.0,3.497625,2.632125
267.0,3.498,2.632125
267.0,3.498375,2.632625
267.0,3.499375,2.633
267.0,3.499375,2.633
267.0,3.499875,2.632625
267.0,3.49975,2.631625
267.0,3.4995,2.631125
267.0,3.499,2.631375
267.0,3.499625,2.63175
267.0,3.5005,2.6315
267.0,3.500625,2.630875
267.0,3.500625,2.631
267.0,3.4995,2.6315
267.0,3.498875,2.631625
267.0,3.498875,2.63175
267.0,3.498375,2.632
267.0,3.497625,2.632
267.0,3.4975,2.632375
267.0,3.49825,2.632875
267.0,3.49825,2.632875
267.0,3.49975,2.632875
267.0,3.4995,2.6325
267.0,3.498875,2.631875
267.0,3.498625,2.63125
267.0,3.498625,2.6315
267.0,3.499625,2.63175
267.0,3.501125,2.6315
267.0,3.501125,2.631
267.0,3.50025,2.63125
267.0,3.4995,2.632
267.0,3.499,2.63175
267.0,3.4985,2.631875
267.0,3.498375,2.632
267.0,3.498125,2.631875
267.0,3.498625,2.63225
267.0,3.498625,2.63225
267.0,3.49975,2.632875
267.0,3.5,2.632875
267.0,3.499625,2.632125
267.0,3.499,2.631
267.0,3.49875,2.631375
267.0,3.498625,2.63175
267.0,3.49975,2.63175
267.0,3.501,2.631375
267.0,3.501375,2.63125
267.0,3.5005,2.631625
267.0,3.499375,2.63175
267.0,3.499,2.631625
267.0,3.498625,2.631875
267.0,3.498125,2.632
267.0,3.49775,2.632
267.0,3.498625,2.632
267.0,3.498625,2.6325
267.0,3.49975,2.63275
267.0,3.4995,2.63225
267.0,3.49875,2.631875
267.0,3.49925,2.6315
267.0,3.4995,2.6315
267.0,3.49925,2.63175
267.0,3.500375,2.63175
267.0,3.501,2.63125
267.0,3.500625,2.63125
267.0,3.499625,2.632125
267.0,3.499,2.63225
267.0,3.499,2.631625
267.0,3.498625,2.631875
268.0,3.498625,2.684125
268.0,3.498,2.68425
268.0,3.497875,2.684375
268.0,3.49875,2.68475
268.0,3.500125,2.685125
268.0,3.500125,2.685
268.0,3.499375,2.684125
268.0,3.499125,2.683375
268.0,3.499125,2.683375
268.0,3.499,2.68375
268.0,3.499375,2.684125
268.0,3.5005,2.683875
268.0,3.50125,2.6835
268.0,3.500875,2.6835
268.0,3.49975,2.684125
268.0,3.498875,2.684
268.0,3.4985,2.683875
268.0,3.498125,2.68425
268.0,3.498,2.68425
268.0,3.498125,2.684375
268.0,3.498875,2.685125
268.0,3.499625,2.68525
268.0,3.4995,2.684875
268.0,3.49925,2.684125
268.0,3.499375,2.6835
268.0,3.499375,2.6835
268.0,3.499125,2.68375
268.0,3.4995,2.684
268.0,3.500625,2.683625
268.0,3.50075,2.683375
268.0,3.500375,2.683875
268.0,3.499625,2.6845
268.0,3.498875,2.684625
268.0,3.4985,2.6845
268.0,3.498625,2.6845
268.0,3.498375,2.684375
268.0,3.4985,2.684625
268.0,3.4995,2.685125
268.0,3.5,2.68525
268.0,3.4995,2.684625
268.0,3.4995,2.68375
268.0,3.4995,2.68375
268.0,3.49975,2.68375
268.0,3.49925,2.683875
268.0,3.499875,2.684125
268.0,3.50075,2.683625
268.0,3.500625,2.683375
268.0,3.499875,2.684
268.0,3.499125,2.684125
268.0,3.499,2.683625
268.0,3.49875,2.684
268.0,3.497875,2.684375
268.0,3.49775,2.68425
268.0,3.498875,2.68475
268.0,3.500125,2.685125
268.0,3.499875,2.685
268.0,3.499375,2.684125
268.0,3.499375,2.684125
268.0,3.4995,2.683375
268.0,3.49875,2.68375
268.0,3.498875,2.683875
268.0,3.50025,2.68375
268.0,3.501,2.68325
268.0,3.500875,2.6835
268.0,3.499375,2.683875
268.0,3.498375,2.683875
268.0,3.49875,2.683875
268.0,3.49875,2.684125
268.0,3.497875,2.68425
268.0,3.497625,2.684375
268.0,3.4985,2.684875
268.0,3.4995,2.684875
268.0,3.499875,2.684625
268.0,3.499875,2.684625
268.0,3.4995,2.684
268.0,3.49925,2.68325
268.0,3.498875,2.683875
268.0,3.4995,2.684125
268.0,3.50075,2.68375
268.0,3.501125,2.683125
268.0,3.501,2.6835
268.0,3.49975,2.68425
268.0,3.499,2.684
268.0,3.498625,2.684
268.0,3.49825,2.68425
268.0,3.49775,2.684375
268.0,3.498375,2.6845
268.0,3.4995,2.685
268.0,3.50025,2.684875
268.0,3.499625,2.684875
268.0,3.499625,2.68475
268.0,3.499625,2.68375
268.0,3.499375,2.68375
268.0,3.498625,2.683875
268.0,3.499375,2.683875
268.0,3.5005,2.683625
268.0,3.5005,2.683375
268.0,3.5,2.68375
268.0,3.498875,2.68425
268.0,3.498375,2.684125
268.0,3.4985,2.684
268.0,3.498125,2.68425
268.0,3.49775,2.68425
268.0,3.497875,2.684625
268.0,3.49925,2.685
268.0,3.499875,2.684625
268.0,3.499875,2.684625
268.0,3.499375,2.683875
268.0,3.498875,2.683375
268.0,3.499,2.68375
268.0,3.499,2.684
268.0,3.499625,2.683875
268.0,3.5005,2.6835
268.0,3.50025,2.683375
268.0,3.499625,2.683625
268.0,3.49875,2.683875
268.0,3.49825,2.68375
268.0,3.498,2.684
268.0,3.49775,2.684125
268.0,3.49775,2.684375
268.0,3.4985,2.685
268.0,3.499375,2.685
268.0,3.499375,2.685
268.0,3.49925,2.68475
268.0,3.499,2.68425
268.0,3.498875,2.6835
268.0,3.498875,2.68375
268.0,3.499,2.684
268.0,3.500125,2.68375
268.0,3.50075,2.68325
268.0,3.5005,2.683625
268.0,3.499125,2.684125
268.0,3.498375,2.684
268.0,3.49825,2.683875
268.0,3.49825,2.684125
268.0,3.498,2.68425
268.0,3.498,2.68475
268.0,3.498625,2.685125
268.0,3.498625,2.685125
268.0,3.499375,2.684875
268.0,3.499625,2.6845
268.0,3.499375,2.68375
268.0,3.499375,2.6835
268.0,3.498875,2.683875
268.0,3.4995,2.684
268.0,3.501,2.683625
268.0,3.501,2.683375
268.0,3.500375,2.683875
268.0,3.499125,2.68425
268.0,3.4985,2.684125
268.0,3.4985,2.684125
268.0,3.498375,2.68425
268.0,3.497875,2.684375
268.0,3.498,2.68475
268.0,3.498,2.685375
268.0,3.499,2.685375
268.0,3.4995,2.685
268.0,3.49925,2.68425
268.0,3.499375,2.683625
268.0,3.499,2.683625
268.0,3.49875,2.68375
268.0,3.4995,2.683875
268.0,3.500875,2.6835
268.0,3.500875,2.68325
268.0,3.50025,2.683625
268.0,3.499,2.684
268.0,3.49875,2.683875
268.0,3.4985,2.684125
268.0,3.498125,2.68425
269.0,3.5005,2.735875
269.0,3.500875,2.735625
269.0,3.5005,2.736
269.0,3.4995,2.736625
269.0,3.498625,2.73625
269.0,3.498125,2.73625
269.0,3.497875,2.7365
269.0,3.497625,2.736625
269.0,3.497625,2.736625
269.0,3.498125,2.736875
269.0,3.499125,2.7375
269.0,3.49975,2.737625
269.0,3.4995,2.73675
269.0,3.499375,2.73575
269.0,3.499,2.735875
269.0,3.4985,2.73625
269.0,3.49975,2.73625
269.0,3.500625,2.73575
269.0,3.500875,2.7355
269.0,3.500375,2.736125
269.0,3.4995,2.736375
269.0,3.498875,2.736375
269.0,3.498625,2.7365
269.0,3.497875,2.736625
269.0,3.497625,2.736625
269.0,3.497625,2.736625
269.0,3.49825,2.737
269.0,3.49925,2.737375
269.0,3.4995,2.737375
269.0,3.498625,2.736875
269.0,3.4985,2.73575
269.0,3.498625,2.736
269.0,3.498875,2.736375
269.0,3.4995,2.73625
269.0,3.500125,2.7355
269.0,3.499875,2.735625
269.0,3.499375,2.736625
269.0,3.498625,2.736625
269.0,3.498625,2.73625
269.0,3.498375,2.736625
269.0,3.497875,2.736625
269.0,3.497875,2.736625
269.0,3.497875,2.73675
269.0,3.498625,2.73725
269.0,3.49975,2.737375
269.0,3.499875,2.736875
269.0,3.49925,2.736375
269.0,3.499125,2.735625
269.0,3.498625,2.736
269.0,3.499125,2.736375
269.0,3.500375,2.736
269.0,3.50125,2.735625
269.0,3.5005,2.73575
269.0,3.498875,2.736125
269.0,3.4985,2.736375
269.0,3.498375,2.7365
269.0,3.4985,2.736625
269.0,3.4985,2.736625
269.0,3.498,2.7365
269.0,3.49775,2.73675
269.0,3.4985,2.737375
269.0,3.49975,2.73725
269.0,3.499625,2.736875
269.0,3.4995,2.736
269.0,3.499125,2.735875
269.0,3.49825,2.73625
269.0,3.49925,2.736375
269.0,3.5005,2.736
269.0,3.501125,2.735625
269.0,3.500625,2.735875
269.0,3.499375,2.73625
269.0,3.49875,2.735875
269.0,3.498125,2.73625
269.0,3.498125,2.73625
269.0,3.4975,2.736625
269.0,3.497625,2.736625
269.0,3.498125,2.737125
269.0,3.499125,2.737375
269.0,3.499625,2.73725
269.0,3.4995,2.736375
269.0,3.49925,2.735625
269.0,3.49875,2.735875
269.0,3.49925,2.73625
269.0,3.500125,2.736375
269.0,3.500625,2.73575
269.0,3.500375,2.735625
269.0,3.49975,2.736125
269.0,3.498875,2.736375
269.0,3.4985,2.736
269.0,3.49825,2.736
269.0,3.49825,2.736375
269.0,3.497625,2.736625
269.0,3.4975,2.736625
269.0,3.498125,2.737125
269.0,3.49925,2.737375
269.0,3.4995,2.736875
269.0,3.499125,2.736375
269.0,3.49875,2.735875
269.0,3.498375,2.736
269.0,3.498875,2.73625
269.0,3.500375,2.736
269.0,3.500875,2.73575
269.0,3.500125,2.735625
269.0,3.49925,2.73625
269.0,3.4985,2.7365
269.0,3.498375,2.736125
269.0,3.498375,2.736125
269.0,3.497875,2.73625
269.0,3.4975,2.736625
269.0,3.498,2.736875
269.0,3.49875,2.737375
269.0,3.499875,2.73725
269.0,3.499375,2.736625
269.0,3.499,2.736
269.0,3.49875,2.735875
269.0,3.4985,2.73625
269.0,3.49925,2.73625
269.0,3.500125,2.735875
269.0,3.500375,2.7355
269.0,3.49975,2.73575
269.0,3.499125,2.736125
269.0,3.49875,2.735875
269.0,3.49875,2.735875
269.0,3.498875,2.73625
269.0,3.498375,2.736625
269.0,3.49775,2.736625
269.0,3.498,2.737125
269.0,3.49925,2.737375
269.0,3.499875,2.736875
269.0,3.499375,2.73675
269.0,3.49925,2.736125
269.0,3.498625,2.736125
269.0,3.498625,2.736375
269.0,3.499625,2.736375
269.0,3.500875,2.735875
269.0,3.50075,2.735875
269.0,3.500125,2.736375
269.0,3.498875,2.736625
269.0,3.498875,2.736625
269.0,3.4985,2.7365
269.0,3.498375,2.736375
269.0,3.49775,2.7365
269.0,3.497625,2.7365
269.0,3.498,2.737125
269.0,3.499375,2.737625
269.0,3.499375,2.73725
269.0,3.499,2.73625
269.0,3.499375,2.736
269.0,3.498875,2.736125
269.0,3.498625,2.736375
269.0,3.49975,2.736125
269.0,3.50075,2.73575
269.0,3.50075,2.736
269.0,3.5,2.73675
269.0,3.498875,2.73675
269.0,3.498875,2.73675
269.0,3.498625,2.736375
269.0,3.498125,2.736625
269.0,3.49775,2.736625
269.0,3.49775,2.736875
269.0,3.499125,2.737625
269.0,3.49975,2.737375
269.0,3.499625,2.73675
269.0,3.499,2.736
269.0,3.4985,2.735875
269.0,3.498125,2.736125
269.0,3.49875,2.73625
269.0,3.500125,2.735875
269.0,3.500625,2.735625
270.0,3.499,2.7865
270.0,3.49825,2.78625
270.0,3.497875,2.786375
270.0,3.49725,2.78675
270.0,3.497375,2.78675
270.0,3.49775,2.787125
270.0,3.4985,2.78775
270.0,3.4995,2.7875
270.0,3.4995,2.7875
270.0,3.4995,2.787
270.0,3.49925,2.786125
270.0,3.498375,2.786
270.0,3.49875,2.786375
270.0,3.50025,2.78625
270.0,3.50075,2.78575
270.0,3.5,2.785625
270.0,3.499625,2.78625
270.0,3.498875,2.7865
270.0,3.4985,2.786125
270.0,3.498,2.7865
270.0,3.497875,2.786875
270.0,3.4975,2.787
270.0,3.498375,2.787375
270.0,3.499625,2.7875
270.0,3.499625,2.7875
270.0,3.499625,2.787
270.0,3.499125,2.786
270.0,3.499,2.785875
270.0,3.498625,2.786375
270.0,3.498625,2.7865
270.0,3.499875,2.7865
270.0,3.500875,2.786125
270.0,3.5005,2.786
270.0,3.49925,2.7865
270.0,3.498375,2.786375
270.0,3.49775,2.7865
270.0,3.498,2.786625
270.0,3.497625,2.78675
270.0,3.4975,2.787
270.0,3.498625,2.7875
270.0,3.499625,2.787375
270.0,3.499625,2.787375
270.0,3.4995,2.786875
270.0,3.498875,2.786125
270.0,3.4985,2.786
270.0,3.498875,2.78625
270.0,3.499375,2.7865
270.0,3.50025,2.786
270.0,3.50075,2.78575
270.0,3.50025,2.786
270.0,3.498625,2.78625
270.0,3.497875,2.786375
270.0,3.498,2.7865
270.0,3.49775,2.786875
270.0,3.49725,2.78675
270.0,3.497625,2.787
270.0,3.499,2.7875
270.0,3.499,2.7875
270.0,3.49925,2.78725
270.0,3.49875,2.7865
270.0,3.498625,2.785875
270.0,3.498625,2.78625
270.0,3.499125,2.786625
270.0,3.500125,2.786375
270.0,3.50075,2.786125
270.0,3.5005,2.786
270.0,3.499375,2.786125
270.0,3.498625,2.786375
270.0,3.49825,2.7865
270.0,3.49825,2.786625
270.0,3.498125,2.78675
270.0,3.497375,2.78675
270.0,3.49825,2.78725
270.0,3.49825,2.78725
270.0,3.499375,2.7875
270.0,3.499125,2.787125
270.0,3.49875,2.7865
270.0,3.498625,2.786
270.0,3.498375,2.786125
270.0,3.498625,2.7865
270.0,3.49975,2.786375
270.0,3.5005,2.78575
270.0,3.5,2.78575
270.0,3.499375,2.786375
270.0,3.498625,2.78625
270.0,3.498,2.786
270.0,3.49775,2.7865
270.0,3.497375,2.78675
270.0,3.49775,2.787
270.0,3.4985,2.787
270.0,3.4985,2.787375
270.0,3.49925,2.7875
270.0,3.4995,2.787
270.0,3.49925,2.786125
270.0,3.499125,2.785875
270.0,3.4985,2.786125
270.0,3.499,2.78625
270.0,3.5,2.786125
270.0,3.50025,2.78575
270.0,3.49975,2.785875
270.0,3.499,2.78625
270.0,3.498625,2.786375
270.0,3.49825,2.786375
270.0,3.4975,2.7865
270.0,3.496875,2.786625
270.0,3.49775,2.787125
270.0,3.49775,2.787125
270.0,3.499,2.787625
270.0,3.499625,2.787375
270.0,3.499125,2.78675
270.0,3.498875,2.786125
270.0,3.498875,2.786
270.0,3.4985,2.786125
270.0,3.4995,2.786125
270.0,3.50025,2.78575
270.0,3.49975,2.785625
270.0,3.4995,2.786375
270.0,3.49825,2.7865
270.0,3.497875,2.785875
270.0,3.498,2.786375
270.0,3.49775,2.7865
270.0,3.497125,2.7865
270.0,3.497125,2.7865
270.0,3.49775,2.787125
270.0,3.499375,2.787375
270.0,3.4995,2.787
270.0,3.49925,2.786625
270.0,3.498875,2.785875
270.0,3.498,2.785625
270.0,3.49825,2.786
270.0,3.49975,2.786
270.0,3.5005,2.7855
270.0,3.500375,2.7855
270.0,3.4995,2.786375
270.0,3.49875,2.7865
270.0,3.498125,2.786375
270.0,3.49775,2.786375
270.0,3.497875,2.786625
270.0,3.497875,2.786625
270.0,3.497875,2.78675
270.0,3.498375,2.787125
270.0,3.499375,2.787375
270.0,3.499,2.787125
270.0,3.49875,2.786125
270.0,3.498625,2.785875
270.0,3.49875,2.786
270.0,3.499125,2.786375
270.0,3.500375,2.78625
270.0,3.50075,2.786
270.0,3.500125,2.786375
270.0,3.49925,2.786625
270.0,3.498375,2.7865
270.0,3.498375,2.786625
270.0,3.498125,2.78675
270.0,3.4975,2.78675
270.0,3.4975,2.786625
270.0,3.497875,2.787
270.0,3.498625,2.787625
270.0,3.49925,2.787375
270.0,3.498875,2.786875
270.0,3.498875,2.786125
270.0,3.49875,2.785875
270.0,3.498,2.78625
270.0,3.498875,2.786375
270.0,3.50075,2.785875
270.0,3.5005,2.785875
270.0,3.49975,2.786375
270.0,3.499125,2.786625
270.0,3.498375,2.786625
271.0,3.500125,2.835625
271.0,3.499125,2.83625
271.0,3.4985,2.836125
271.0,3.498375,2.836
271.0,3.498,2.836125
271.0,3.497625,2.836375
271.0,3.497625,2.836625
271.0,3.4985,2.83725
271.0,3.4985,2.83725
271.0,3.499625,2.837375
271.0,3.499625,2.837
271.0,3.498875,2.83575
271.0,3.498,2.835375
271.0,3.49825,2.835875
271.0,3.49975,2.835875
271.0,3.500375,2.835625
271.0,3.500625,2.83525
271.0,3.5,2.835625
271.0,3.4985,2.836125
271.0,3.497875,2.836
271.0,3.498,2.836
271.0,3.49775,2.83625
271.0,3.49775,2.83625
271.0,3.498125,2.83675
271.0,3.499,2.83725
271.0,3.499,2.83725
271.0,3.499375,2.837125
271.0,3.498875,2.836375
271.0,3.498125,2.8355
271.0,3.498125,2.835625
271.0,3.4985,2.836
271.0,3.4995,2.836
271.0,3.5,2.8355
271.0,3.500375,2.83525
271.0,3.499625,2.83575
271.0,3.49875,2.836
271.0,3.498125,2.83575
271.0,3.497875,2.836125
271.0,3.497875,2.83625
271.0,3.4975,2.8365
271.0,3.498125,2.837
271.0,3.498125,2.837
271.0,3.499375,2.8375
271.0,3.49975,2.83725
271.0,3.49925,2.83625
271.0,3.498625,2.8355
271.0,3.49825,2.835625
271.0,3.49875,2.836
271.0,3.5,2.83575
271.0,3.500375,2.83525
271.0,3.499875,2.8355
271.0,3.498875,2.83625
271.0,3.498625,2.83625
271.0,3.49825,2.836
271.0,3.498,2.836375
271.0,3.4975,2.836375
271.0,3.497625,2.8365
271.0,3.497625,2.8365
271.0,3.498625,2.837125
271.0,3.499625,2.83725
271.0,3.499125,2.83625
271.0,3.498375,2.835625
271.0,3.4985,2.8355
271.0,3.498625,2.835875
271.0,3.499625,2.836
271.0,3.500625,2.83575
271.0,3.501125,2.835375
271.0,3.5,2.835375
271.0,3.4985,2.836125
271.0,3.49825,2.836
271.0,3.49825,2.835875
271.0,3.498,2.83625
271.0,3.4975,2.836375
271.0,3.4975,2.83675
271.0,3.49825,2.83675
271.0,3.499,2.837125
271.0,3.499875,2.836875
271.0,3.4995,2.836375
271.0,3.49875,2.835625
271.0,3.498625,2.835375
271.0,3.499,2.835875
271.0,3.499875,2.835875
271.0,3.50075,2.835625
271.0,3.500625,2.83525
271.0,3.499625,2.835625
271.0,3.4985,2.836125
271.0,3.498125,2.835875
271.0,3.498125,2.836125
271.0,3.497625,2.83625
271.0,3.49725,2.8365
271.0,3.49725,2.8365
271.0,3.498125,2.837
271.0,3.499875,2.837125
271.0,3.499625,2.8365
271.0,3.499,2.83575
271.0,3.499125,2.835625
271.0,3.4985,2.835875
271.0,3.49825,2.835875
271.0,3.49975,2.83575
271.0,3.500875,2.83525
271.0,3.5005,2.8355
271.0,3.499125,2.836
271.0,3.4985,2.836
271.0,3.498375,2.835875
271.0,3.497875,2.836125
271.0,3.49725,2.836125
271.0,3.49725,2.836125
271.0,3.497625,2.8365
271.0,3.498375,2.837125
271.0,3.499,2.8375
271.0,3.49875,2.836875
271.0,3.499125,2.83575
271.0,3.499,2.835375
271.0,3.497875,2.835625
271.0,3.498875,2.835875
271.0,3.500625,2.83575
271.0,3.500625,2.83525
271.0,3.499875,2.83525
271.0,3.49925,2.835875
271.0,3.498625,2.835875
271.0,3.498125,2.836
271.0,3.497625,2.83625
271.0,3.497625,2.83625
271.0,3.49775,2.83625
271.0,3.49825,2.836625
271.0,3.498875,2.837125
271.0,3.499375,2.837125
271.0,3.499625,2.836625
271.0,3.499,2.836
271.0,3.498625,2.835625
271.0,3.498625,2.83575
271.0,3.4995,2.836
271.0,3.500125,2.835375
271.0,3.50025,2.83525
271.0,3.499375,2.835875
271.0,3.498,2.836
271.0,3.497875,2.83575
271.0,3.498125,2.836
271.0,3.498125,2.83625
271.0,3.497625,2.83625
271.0,3.4975,2.836125
271.0,3.498125,2.83675
271.0,3.499,2.83725
271.0,3.499375,2.837125
271.0,3.499375,2.836
271.0,3.499,2.835125
271.0,3.498625,2.8355
271.0,3.49875,2.836
271.0,3.499625,2.835875
271.0,3.500125,2.8355
271.0,3.500125,2.835375
271.0,3.499125,2.836
271.0,3.4985,2.836125
271.0,3.49825,2.836125
271.0,3.49825,2.836375
271.0,3.497875,2.836375
271.0,3.4975,2.836375
271.0,3.49725,2.836375
271.0,3.49825,2.836875
271.0,3.499625,2.837125
271.0,3.499125,2.836875
271.0,3.49875,2.83625
271.0,3.49875,2.835375
271.0,3.498375,2.835625
271.0,3.499125,2.835875
271.0,3.500125,2.835875
271.0,3.500125,2.835125
271.0,3.49975,2.835375
271.0,3.498875,2.836
272.0,3.49875,2.88425
272.0,3.49975,2.88425
272.0,3.500625,2.88375
272.0,3.50075,2.883875
272.0,3.499,2.884375
272.0,3.49825,2.884375
272.0,3.49825,2.88425
272.0,3.498125,2.8845
272.0,3.498125,2.8845
272.0,3.498,2.8845
272.0,3.49825,2.884875
272.0,3.49875,2.8855
272.0,3.499375,2.885375
272.0,3.499,2.88475
272.0,3.498625,2.88425
272.0,3.498625,2.883875
272.0,3.498125,2.884125
272.0,3.499,2.884375
272.0,3.500125,2.884
272.0,3.50075,2.8835
272.0,3.500375,2.884
272.0,3.49925,2.884375
272.0,3.4985,2.88425
272.0,3.49825,2.884375
272.0,3.498125,2.8845
272.0,3.498125,2.8845
272.0,3.497875,2.8845
272.0,3.49775,2.885
272.0,3.498875,2.885625
272.0,3.49975,2.885625
272.0,3.499375,2.88475
272.0,3.499125,2.883625
272.0,3.499125,2.883625
272.0,3.498875,2.884125
272.0,3.4995,2.8845
272.0,3.50075,2.88375
272.0,3.501,2.88375
272.0,3.499875,2.884125
272.0,3.4985,2.884375
272.0,3.49825,2.883875
272.0,3.498375,2.88425
272.0,3.498375,2.88425
272.0,3.497875,2.884625
272.0,3.497875,2.884625
272.0,3.498625,2.885
272.0,3.49975,2.885625
272.0,3.499875,2.885375
272.0,3.499125,2.884625
272.0,3.499,2.883875
272.0,3.498875,2.884
272.0,3.499,2.884375
272.0,3.500125,2.88425
272.0,3.500625,2.883625
272.0,3.500375,2.88375
272.0,3.4995,2.88475
272.0,3.4985,2.88475
272.0,3.49825,2.8845
272.0,3.49825,2.8845
272.0,3.498125,2.8845
272.0,3.49775,2.884625
272.0,3.49775,2.884875
272.0,3.4985,2.885375
272.0,3.499125,2.885625
272.0,3.49925,2.885125
272.0,3.499125,2.884
272.0,3.498875,2.8835
272.0,3.498375,2.884
272.0,3.498875,2.88425
272.0,3.5,2.884125
272.0,3.50075,2.88375
272.0,3.500125,2.883875
272.0,3.498875,2.88425
272.0,3.498375,2.8845
272.0,3.498375,2.8845
272.0,3.498125,2.884625
272.0,3.4975,2.884625
272.0,3.49725,2.8845
272.0,3.497875,2.885
272.0,3.49925,2.8855
272.0,3.499375,2.8855
272.0,3.499,2.885
272.0,3.499125,2.884
272.0,3.49875,2.884
272.0,3.498875,2.88425
272.0,3.5,2.88425
272.0,3.50075,2.883875
272.0,3.500875,2.883375
272.0,3.500125,2.88325
272.0,3.498875,2.884
272.0,3.498125,2.884125
272.0,3.498125,2.884125
272.0,3.498,2.884375
272.0,3.497625,2.884625
272.0,3.4975,2.88475
272.0,3.498125,2.885125
272.0,3.499125,2.885375
272.0,3.499375,2.8855
272.0,3.498875,2.884875
272.0,3.499,2.884
272.0,3.498375,2.884
272.0,3.498375,2.88425
272.0,3.499625,2.884375
272.0,3.500625,2.883875
272.0,3.50075,2.88375
272.0,3.499625,2.884375
272.0,3.498375,2.8845
272.0,3.498375,2.8845
272.0,3.49825,2.88425
272.0,3.498,2.88425
272.0,3.4975,2.8845
272.0,3.4975,2.88475
272.0,3.49875,2.8855
272.0,3.499625,2.885625
272.0,3.499,2.884875
272.0,3.499,2.884125
272.0,3.49925,2.883625
272.0,3.498375,2.884125
272.0,3.4985,2.88425
272.0,3.5,2.884
272.0,3.50075,2.8835
272.0,3.5,2.883625
272.0,3.498875,2.88425
272.0,3.498875,2.88425
272.0,3.498375,2.884
272.0,3.498125,2.884
272.0,3.49775,2.884625
272.0,3.497625,2.88475
272.0,3.497625,2.885
272.0,3.499,2.885375
272.0,3.5,2.885375
272.0,3.499625,2.88475
272.0,3.49925,2.884
272.0,3.49875,2.884
272.0,3.49825,2.884125
272.0,3.499125,2.884375
272.0,3.500125,2.884
272.0,3.50075,2.883625
272.0,3.5,2.884
272.0,3.5,2.884625
272.0,3.499,2.884625
272.0,3.49825,2.8845
272.0,3.498375,2.884625
272.0,3.498125,2.88475
272.0,3.4975,2.88475
272.0,3.498125,2.88525
272.0,3.4995,2.885625
272.0,3.499875,2.8855
272.0,3.49925,2.88475
272.0,3.499125,2.883875
272.0,3.498625,2.884
272.0,3.498625,2.884125
272.0,3.499625,2.884125
272.0,3.500625,2.88375
272.0,3.500625,2.883875
272.0,3.500625,2.8845
272.0,3.49975,2.8845
272.0,3.498875,2.88475
272.0,3.49875,2.884375
272.0,3.498125,2.8845
272.0,3.497875,2.88475
272.0,3.498,2.88475
272.0,3.4985,2.88525
272.0,3.499625,2.8855
272.0,3.499625,2.885
272.0,3.499,2.8845
272.0,3.499,2.884125
272.0,3.498375,2.88425
272.0,3.49875,2.884375
272.0,3.499875,2.884375
273.0,3.499125,2.9315
273.0,3.499125,2.930625
273.0,3.499125,2.93025
273.0,3.498875,2.9305
273.0,3.49875,2.930625
273.0,3.5,2.9305
273.0,3.5005,2.93
273.0,3.499875,2.930125
273.0,3.499875,2.930125
273.0,3.499375,2.93075
273.0,3.498875,2.930875
273.0,3.49875,2.93075
273.0,3.498,2.930875
273.0,3.4975,2.931
273.0,3.4975,2.931375
273.0,3.49825,2.932
273.0,3.49925,2.931875
273.0,3.499125,2.93125
273.0,3.49875,2.93025
273.0,3.49825,2.93
273.0,3.49825,2.930625
273.0,3.499,2.930875
273.0,3.500375,2.9305
273.0,3.501125,2.93
273.0,3.50075,2.930125
273.0,3.50075,2.930125
273.0,3.49925,2.93075
273.0,3.49825,2.930625
273.0,3.498125,2.930625
273.0,3.497375,2.931
273.0,3.497125,2.93125
273.0,3.498,2.931375
273.0,3.49925,2.93175
273.0,3.49975,2.931625
273.0,3.4995,2.930875
273.0,3.499125,2.93
273.0,3.49825,2.930375
273.0,3.49825,2.93075
273.0,3.4995,2.93075
273.0,3.500625,2.9305
273.0,3.500875,2.930375
273.0,3.500875,2.930375
273.0,3.49975,2.930875
273.0,3.4985,2.931
273.0,3.49825,2.930375
273.0,3.49825,2.93075
273.0,3.497875,2.931125
273.0,3.4975,2.931125
273.0,3.498125,2.931625
273.0,3.4995,2.932
273.0,3.499375,2.931875
273.0,3.498625,2.93125
273.0,3.499,2.93025
273.0,3.498625,2.930375
273.0,3.498875,2.93075
273.0,3.50025,2.930625
273.0,3.500625,2.930125
273.0,3.500625,2.930125
273.0,3.500375,2.930375
273.0,3.499375,2.93075
273.0,3.49875,2.930875
273.0,3.4985,2.930875
273.0,3.498,2.93125
273.0,3.4975,2.931
273.0,3.497875,2.931125
273.0,3.499,2.9315
273.0,3.499625,2.931625
273.0,3.499375,2.93125
273.0,3.498875,2.93075
273.0,3.498875,2.930375
273.0,3.4985,2.930375
273.0,3.49925,2.93075
273.0,3.500625,2.930375
273.0,3.500625,2.930375
273.0,3.5005,2.93
273.0,3.5,2.9305
273.0,3.498875,2.931125
273.0,3.498,2.930875
273.0,3.497875,2.930625
273.0,3.4975,2.930875
273.0,3.49725,2.931125
273.0,3.49725,2.931375
273.0,3.498625,2.93175
273.0,3.49975,2.931625
273.0,3.49925,2.931375
273.0,3.498625,2.930625
273.0,3.498375,2.930125
273.0,3.498125,2.9305
273.0,3.499375,2.93075
273.0,3.5005,2.93075
273.0,3.5005,2.930375
273.0,3.500875,2.930125
273.0,3.5005,2.930375
273.0,3.49875,2.93075
273.0,3.498,2.930875
273.0,3.497875,2.931125
273.0,3.497375,2.93125
273.0,3.497375,2.931125
273.0,3.4985,2.9315
273.0,3.499625,2.931875
273.0,3.49925,2.93175
273.0,3.49875,2.930875
273.0,3.498875,2.930125
273.0,3.498375,2.930375
273.0,3.49825,2.93075
273.0,3.4995,2.93075
273.0,3.4995,2.93075
273.0,3.5005,2.93025
273.0,3.50025,2.930125
273.0,3.49875,2.930625
273.0,3.498125,2.931
273.0,3.498125,2.930625
273.0,3.497875,2.930875
273.0,3.49725,2.931
273.0,3.497375,2.93125
273.0,3.498625,2.93175
273.0,3.499125,2.931875
273.0,3.49875,2.931375
273.0,3.498625,2.930875
273.0,3.498625,2.930375
273.0,3.49825,2.930625
273.0,3.49875,2.93075
273.0,3.49875,2.93075
273.0,3.499875,2.930625
273.0,3.50025,2.930125
273.0,3.500125,2.930125
273.0,3.499375,2.930625
273.0,3.4985,2.93075
273.0,3.49825,2.93075
273.0,3.498125,2.930875
273.0,3.4975,2.931
273.0,3.497625,2.931375
273.0,3.498625,2.93175
273.0,3.4995,2.931625
273.0,3.498875,2.93125
273.0,3.498625,2.930625
273.0,3.498375,2.93025
273.0,3.49825,2.930625
273.0,3.49825,2.930625
273.0,3.499125,2.93075
273.0,3.50025,2.9305
273.0,3.5005,2.929875
273.0,3.49975,2.93
273.0,3.498875,2.930625
273.0,3.498375,2.9305
273.0,3.498125,2.93075
273.0,3.49775,2.931
273.0,3.4975,2.931
273.0,3.497875,2.9315
273.0,3.498875,2.932
273.0,3.4995,2.931625
273.0,3.49925,2.931125
273.0,3.499125,2.930625
273.0,3.49825,2.9305
273.0,3.4985,2.9305
273.0,3.4985,2.93075
273.0,3.5,2.930875
273.0,3.50075,2.93025
273.0,3.50075,2.93
273.0,3.499625,2.93075
273.0,3.49825,2.93075
273.0,3.498375,2.930625
273.0,3.498625,2.93075
273.0,3.497625,2.931125
273.0,3.49775,2.93125
273.0,3.49825,2.93175
273.0,3.499625,2.931625
273.0,3.4995,2.931375
273.0,3.499,2.93075
274.0,3.49825,2.975375
274.0,3.498875,2.9755
274.0,3.500125,2.97525
274.0,3.500625,2.97475
274.0,3.50025,2.974875
274.0,3.499,2.97525
274.0,3.498125,2.975
274.0,3.498,2.975375
274.0,3.498,2.975375
274.0,3.49775,2.975625
274.0,3.497625,2.97575
274.0,3.498,2.976125
274.0,3.499125,2.97675
274.0,3.4995,2.9765
274.0,3.499125,2.976
274.0,3.499125,2.97525
274.0,3.4985,2.97525
274.0,3.4985,2.9755
274.0,3.49925,2.975375
274.0,3.499875,2.974875
274.0,3.500125,2.97475
274.0,3.499375,2.97525
274.0,3.4985,2.9755
274.0,3.498375,2.97525
274.0,3.49775,2.97525
274.0,3.49775,2.975375
274.0,3.4975,2.97575
274.0,3.497625,2.976125
274.0,3.49825,2.976625
274.0,3.499125,2.97675
274.0,3.499125,2.976375
274.0,3.4985,2.975875
274.0,3.49875,2.975125
274.0,3.4985,2.975125
274.0,3.49825,2.97525
274.0,3.499,2.975375
274.0,3.5005,2.974875
274.0,3.50075,2.974875
274.0,3.499125,2.975375
274.0,3.49825,2.975375
274.0,3.498,2.975125
274.0,3.498,2.975125
274.0,3.497875,2.9755
274.0,3.497625,2.97575
274.0,3.497625,2.975875
274.0,3.498,2.9765
274.0,3.499125,2.976625
274.0,3.499125,2.97625
274.0,3.49875,2.97525
274.0,3.49875,2.974625
274.0,3.4985,2.975
274.0,3.499,2.9755
274.0,3.5,2.97525
274.0,3.50075,2.974875
274.0,3.50025,2.975125
274.0,3.499125,2.9755
274.0,3.498375,2.975625
274.0,3.498375,2.975625
274.0,3.498125,2.975375
274.0,3.497875,2.975625
274.0,3.49725,2.975875
274.0,3.497875,2.976125
274.0,3.49875,2.976625
274.0,3.49925,2.97675
274.0,3.499,2.976375
274.0,3.498375,2.975375
274.0,3.49825,2.97525
274.0,3.498625,2.9755
274.0,3.49925,2.975375
274.0,3.500625,2.975
274.0,3.5005,2.974625
274.0,3.499875,2.975
274.0,3.49875,2.97575
274.0,3.49875,2.97575
274.0,3.498,2.9755
274.0,3.498,2.975625
274.0,3.497625,2.975875
274.0,3.49725,2.975875
274.0,3.498,2.97625
274.0,3.49925,2.97675
274.0,3.49925,2.9765
274.0,3.4985,2.975625
274.0,3.498625,2.974875
274.0,3.49825,2.975
274.0,3.498125,2.975625
274.0,3.49925,2.975625
274.0,3.500125,2.975125
274.0,3.50025,2.975125
274.0,3.4995,2.97575
274.0,3.498375,2.97575
274.0,3.498375,2.975875
274.0,3.498125,2.975625
274.0,3.498125,2.97575
274.0,3.498,2.975875
274.0,3.497875,2.976
274.0,3.49825,2.9765
274.0,3.49875,2.97675
274.0,3.499125,2.976125
274.0,3.499125,2.975625
274.0,3.499125,2.975125
274.0,3.498625,2.97525
274.0,3.498875,2.9755
274.0,3.500125,2.9755
274.0,3.5005,2.97475
274.0,3.499875,2.975
274.0,3.498625,2.975875
274.0,3.498625,2.975875
274.0,3.497875,2.97575
274.0,3.498,2.9755
274.0,3.498,2.975875
274.0,3.497125,2.975875
274.0,3.497125,2.97625
274.0,3.498875,2.97675
274.0,3.5,2.97675
274.0,3.499375,2.975875
274.0,3.499,2.975
274.0,3.498625,2.97475
274.0,3.498375,2.975375
274.0,3.498875,2.9755
274.0,3.500125,2.975125
274.0,3.500625,2.97475
274.0,3.5,2.975
274.0,3.5,2.975
274.0,3.498875,2.975625
274.0,3.49825,2.975375
274.0,3.498375,2.975375
274.0,3.498,2.97575
274.0,3.4975,2.975875
274.0,3.49775,2.976375
274.0,3.498875,2.976875
274.0,3.4995,2.97625
274.0,3.49875,2.9755
274.0,3.4985,2.97475
274.0,3.498,2.975
274.0,3.498125,2.975375
274.0,3.499375,2.975375
274.0,3.500625,2.975
274.0,3.5005,2.97475
274.0,3.5005,2.97475
274.0,3.499625,2.97575
274.0,3.498625,2.97575
274.0,3.498375,2.975125
274.0,3.498,2.975375
274.0,3.497625,2.975625
274.0,3.497625,2.97575
274.0,3.498375,2.976375
274.0,3.49975,2.9765
274.0,3.499625,2.976
274.0,3.498875,2.975125
274.0,3.49875,2.974875
274.0,3.498375,2.975375
274.0,3.499,2.9755
274.0,3.50025,2.975125
274.0,3.50075,2.9745
274.0,3.500375,2.9745
274.0,3.500375,2.9745
274.0,3.499375,2.97525
274.0,3.49875,2.9755
274.0,3.498375,2.97525
274.0,3.498,2.975375
274.0,3.497625,2.9755
274.0,3.497625,2.975625
274.0,3.4985,2.976125
274.0,3.499625,2.976125
274.0,3.499375,2.975875
274.0,3.49875,2.975
274.0,3.498625,2.9745
274.0,3.498625,2.975
274.0,3.4995,2.975125
275.0,3.49875,3.01875
275.0,3.49825,3.019125
275.0,3.49925,3.01925
275.0,3.5005,3.018875
275.0,3.50075,3.018625
275.0,3.499875,3.019
275.0,3.498875,3.019625
275.0,3.498125,3.019125
275.0,3.498125,3.019125
275.0,3.498125,3.019125
275.0,3.498125,3.0195
275.0,3.497625,3.019625
275.0,3.49825,3.02
275.0,3.49975,3.020625
275.0,3.499875,3.020125
275.0,3.499125,3.019625
275.0,3.49875,3.018875
275.0,3.498375,3.018875
275.0,3.498625,3.019375
275.0,3.499875,3.019375
275.0,3.5005,3.01875
275.0,3.50075,3.0185
275.0,3.5,3.019125
275.0,3.498875,3.0195
275.0,3.498125,3.01925
275.0,3.498125,3.01925
275.0,3.497875,3.019375
275.0,3.497625,3.019625
275.0,3.497625,3.019875
275.0,3.49825,3.020375
275.0,3.499625,3.0205
275.0,3.4995,3.02025
275.0,3.499125,3.019375
275.0,3.498625,3.018875
275.0,3.4985,3.019
275.0,3.49925,3.019375
275.0,3.500375,3.019375
275.0,3.500875,3.018875
275.0,3.5005,3.019
275.0,3.499375,3.01975
275.0,3.49825,3.019625
275.0,3.49825,3.019625
275.0,3.498125,3.019125
275.0,3.497625,3.0195
275.0,3.497625,3.01975
275.0,3.498,3.020125
275.0,3.4985,3.020625
275.0,3.49925,3.0205
275.0,3.49925,3.019875
275.0,3.499125,3.019125
275.0,3.49875,3.01875
275.0,3.49825,3.019125
275.0,3.49875,3.019375
275.0,3.5,3.019
275.0,3.50075,3.018625
275.0,3.500625,3.018875
275.0,3.499,3.019375
275.0,3.499,3.019375
275.0,3.49825,3.01925
275.0,3.49825,3.019375
275.0,3.497875,3.019625
275.0,3.4975,3.01975
275.0,3.498,3.020125
275.0,3.499375,3.020625
275.0,3.500125,3.02025
275.0,3.49925,3.01975
275.0,3.498375,3.018875
275.0,3.4985,3.01875
275.0,3.4985,3.01925
275.0,3.499625,3.01925
275.0,3.50075,3.01875
275.0,3.50025,3.018625
275.0,3.499625,3.0195
275.0,3.499,3.0195
275.0,3.499,3.019625
275.0,3.4985,3.0195
275.0,3.49825,3.019625
275.0,3.497625,3.019625
275.0,3.4975,3.019625
275.0,3.498375,3.02025
275.0,3.49925,3.020625
275.0,3.4995,3.020625
275.0,3.499,3.01975
275.0,3.499,3.018875
275.0,3.498625,3.019125
275.0,3.49875,3.0195
275.0,3.500125,3.01925
275.0,3.501125,3.0185
275.0,3.5005,3.0185
275.0,3.4995,3.0185
275.0,3.4995,3.01925
275.0,3.49875,3.0195
275.0,3.49825,3.019375
275.0,3.497875,3.019625
275.0,3.497875,3.01975
275.0,3.498125,3.019625
275.0,3.49875,3.02025
275.0,3.5,3.0205
275.0,3.500125,3.020375
275.0,3.49925,3.019375
275.0,3.498375,3.019
275.0,3.498375,3.01925
275.0,3.499375,3.019375
275.0,3.50025,3.019
275.0,3.500375,3.018375
275.0,3.5005,3.0185
275.0,3.5005,3.0185
275.0,3.4995,3.0195
275.0,3.498375,3.01925
275.0,3.498125,3.01925
275.0,3.498125,3.019625
275.0,3.49775,3.01975
275.0,3.49775,3.02
275.0,3.498625,3.0205
275.0,3.499875,3.02025
275.0,3.499375,3.01975
275.0,3.49875,3.019
275.0,3.498875,3.01875
275.0,3.499,3.019375
275.0,3.499625,3.019375
275.0,3.500375,3.018875
275.0,3.5005,3.018625
275.0,3.5005,3.018625
275.0,3.49975,3.01875
275.0,3.499125,3.0195
275.0,3.498625,3.019375
275.0,3.49775,3.0195
275.0,3.4975,3.0195
275.0,3.497875,3.019625
275.0,3.498625,3.02025
275.0,3.49925,3.02075
275.0,3.499125,3.020375
275.0,3.49875,3.019375
275.0,3.498875,3.01875
275.0,3.4985,3.019
275.0,3.49875,3.0195
275.0,3.499625,3.019375
275.0,3.50075,3.01875
275.0,3.50075,3.01875
275.0,3.500375,3.01875
275.0,3.4995,3.01925
275.0,3.498625,3.0195
275.0,3.49825,3.0195
275.0,3.49775,3.0195
275.0,3.49775,3.019375
275.0,3.49775,3.019875
275.0,3.498625,3.0205
275.0,3.4995,3.02075
275.0,3.49925,3.0205
275.0,3.4985,3.01975
275.0,3.49875,3.019125
275.0,3.49825,3.01925
275.0,3.49875,3.0195
275.0,3.5,3.019125
275.0,3.50025,3.019125
275.0,3.50025,3.018625
275.0,3.50025,3.01875
275.0,3.4995,3.0195
275.0,3.4985,3.019375
275.0,3.498375,3.019375
275.0,3.498,3.019625
275.0,3.49775,3.01975
275.0,3.49825,3.02
275.0,3.49875,3.020625
275.0,3.499625,3.0205
275.0,3.499875,3.019875
275.0,3.499375,3.01925
275.0,3.498875,3.019125
275.0,3.4985,3.01925
276.0,3.499375,3.061375
276.0,3.49875,3.061375
276.0,3.498375,3.061375
276.0,3.498,3.061875
276.0,3.497625,3.06175
276.0,3.49775,3.062125
276.0,3.498875,3.062875
276.0,3.49925,3.063
276.0,3.49925,3.063
276.0,3.499125,3.062625
276.0,3.499,3.0615
276.0,3.49875,3.061
276.0,3.498375,3.061375
276.0,3.499,3.061625
276.0,3.5005,3.061125
276.0,3.500875,3.060625
276.0,3.5,3.061
276.0,3.4985,3.061125
276.0,3.497875,3.06125
276.0,3.498,3.061375
276.0,3.4975,3.061625
276.0,3.497375,3.061875
276.0,3.498,3.062375
276.0,3.49925,3.062875
276.0,3.49925,3.062875
276.0,3.49975,3.06275
276.0,3.49875,3.06225
276.0,3.499,3.06175
276.0,3.49875,3.0615
276.0,3.4985,3.06175
276.0,3.499875,3.061625
276.0,3.50075,3.061375
276.0,3.501,3.061125
276.0,3.49975,3.0615
276.0,3.4985,3.0615
276.0,3.498375,3.061
276.0,3.498,3.0615
276.0,3.497375,3.061875
276.0,3.497375,3.061875
276.0,3.498,3.062625
276.0,3.49875,3.063
276.0,3.49875,3.063
276.0,3.499,3.062375
276.0,3.498875,3.061625
276.0,3.49875,3.060875
276.0,3.498375,3.06125
276.0,3.499,3.061625
276.0,3.5,3.061375
276.0,3.5005,3.061
276.0,3.500125,3.061125
276.0,3.499375,3.061875
276.0,3.498375,3.0615
276.0,3.498,3.061125
276.0,3.49775,3.06175
276.0,3.497375,3.061875
276.0,3.4975,3.062125
276.0,3.49825,3.06275
276.0,3.49825,3.06275
276.0,3.499125,3.062875
276.0,3.498875,3.062125
276.0,3.498625,3.0615
276.0,3.4985,3.061
276.0,3.49825,3.061375
276.0,3.498875,3.0615
276.0,3.5,3.06125
276.0,3.500875,3.060875
276.0,3.500375,3.061375
276.0,3.498875,3.062
276.0,3.4985,3.061625
276.0,3.49825,3.0615
276.0,3.4975,3.06175
276.0,3.49725,3.061875
276.0,3.497375,3.062125
276.0,3.497375,3.062125
276.0,3.49875,3.062625
276.0,3.499625,3.062125
276.0,3.499125,3.06175
276.0,3.4985,3.061125
276.0,3.498625,3.061
276.0,3.4985,3.0615
276.0,3.499375,3.0615
276.0,3.500375,3.061
276.0,3.50025,3.060875
276.0,3.499875,3.061375
276.0,3.499125,3.061375
276.0,3.498375,3.061
276.0,3.497875,3.061625
276.0,3.497375,3.061875
276.0,3.497125,3.061875
276.0,3.497125,3.061875
276.0,3.49825,3.0625
276.0,3.49975,3.062875
276.0,3.499875,3.062875
276.0,3.499,3.062
276.0,3.49875,3.061
276.0,3.49875,3.061125
276.0,3.498875,3.0615
276.0,3.499875,3.0615
276.0,3.50075,3.061125
276.0,3.5005,3.061125
276.0,3.49975,3.06175
276.0,3.49875,3.06175
276.0,3.498125,3.0615
276.0,3.4975,3.061875
276.0,3.497625,3.061625
276.0,3.497875,3.06175
276.0,3.497875,3.06175
276.0,3.49875,3.062625
276.0,3.499625,3.063
276.0,3.4995,3.062625
276.0,3.499,3.0615
276.0,3.498875,3.060875
276.0,3.4985,3.06125
276.0,3.499,3.061625
276.0,3.499875,3.06125
276.0,3.501125,3.06075
276.0,3.500625,3.06075
276.0,3.499625,3.0615
276.0,3.49875,3.061375
276.0,3.49825,3.061125
276.0,3.49775,3.061625
276.0,3.4975,3.061625
276.0,3.4975,3.061625
276.0,3.497625,3.062
276.0,3.4985,3.062875
276.0,3.49925,3.06275
276.0,3.49925,3.061875
276.0,3.499,3.061125
276.0,3.49875,3.061
276.0,3.49875,3.06125
276.0,3.5,3.0615
276.0,3.5005,3.061125
276.0,3.500375,3.060875
276.0,3.499875,3.061375
276.0,3.499,3.06175
276.0,3.498125,3.061125
276.0,3.498,3.06125
276.0,3.49825,3.06175
276.0,3.49825,3.06175
276.0,3.497875,3.06175
276.0,3.497875,3.062125
276.0,3.499125,3.0625
276.0,3.499625,3.062125
276.0,3.4985,3.06175
276.0,3.498625,3.061125
276.0,3.4985,3.061
276.0,3.4985,3.0615
276.0,3.4995,3.0615
276.0,3.500625,3.061
276.0,3.501,3.060625
276.0,3.5,3.06125
276.0,3.499125,3.061625
276.0,3.498625,3.061375
276.0,3.498375,3.061625
276.0,3.498375,3.061625
276.0,3.497875,3.06175
276.0,3.4975,3.062
276.0,3.497875,3.0625
276.0,3.499,3.062625
276.0,3.49925,3.062125
276.0,3.499,3.0615
276.0,3.499125,3.061
276.0,3.498625,3.06125
276.0,3.499125,3.061625
276.0,3.5,3.061375
276.0,3.5005,3.060875
276.0,3.5005,3.061
276.0,3.499625,3.061375
276.0,3.498875,3.0615
277.0,3.49875,3.102
277.0,3.498625,3.10225
277.0,3.499375,3.102375
277.0,3.50025,3.10225
277.0,3.5005,3.101875
277.0,3.5,3.102
277.0,3.498875,3.102625
277.0,3.498125,3.1025
277.0,3.498125,3.1025
277.0,3.497875,3.1025
277.0,3.4975,3.102625
277.0,3.49725,3.102625
277.0,3.497875,3.103125
277.0,3.499125,3.1035
277.0,3.499375,3.10325
277.0,3.49925,3.10275
277.0,3.4995,3.102
277.0,3.498625,3.101875
277.0,3.498,3.102375
277.0,3.4995,3.10225
277.0,3.5005,3.10175
277.0,3.50025,3.101625
277.0,3.499625,3.102125
277.0,3.49875,3.10225
277.0,3.498125,3.10225
277.0,3.498125,3.10225
277.0,3.498,3.1025
277.0,3.497625,3.10275
277.0,3.497125,3.10275
277.0,3.497875,3.10325
277.0,3.498875,3.1035
277.0,3.499375,3.103125
277.0,3.49925,3.1025
277.0,3.499,3.10175
277.0,3.4985,3.101875
277.0,3.49875,3.102125
277.0,3.50025,3.10225
277.0,3.5005,3.101625
277.0,3.5,3.10175
277.0,3.499375,3.102375
277.0,3.499,3.1025
277.0,3.499,3.1025
277.0,3.498625,3.10225
277.0,3.498,3.1025
277.0,3.497375,3.102625
277.0,3.497625,3.103
277.0,3.498625,3.1035
277.0,3.4995,3.10375
277.0,3.499375,3.10325
277.0,3.499125,3.102125
277.0,3.498625,3.10175
277.0,3.498625,3.102125
277.0,3.499,3.102375
277.0,3.500125,3.102125
277.0,3.500375,3.101625
277.0,3.5,3.102
277.0,3.499125,3.102625
277.0,3.499125,3.102625
277.0,3.4985,3.102375
277.0,3.4985,3.102125
277.0,3.49825,3.1025
277.0,3.4975,3.1025
277.0,3.497875,3.103
277.0,3.49875,3.1035
277.0,3.4995,3.10325
277.0,3.499,3.10275
277.0,3.499,3.101875
277.0,3.4985,3.1015
277.0,3.498375,3.102125
277.0,3.499375,3.10225
277.0,3.500125,3.101625
277.0,3.500125,3.101375
277.0,3.4995,3.102125
277.0,3.4995,3.102125
277.0,3.4985,3.1025
277.0,3.4985,3.102125
277.0,3.498375,3.102375
277.0,3.49775,3.1025
277.0,3.49775,3.1025
277.0,3.498375,3.103125
277.0,3.49925,3.1035
277.0,3.49975,3.103125
277.0,3.499125,3.102125
277.0,3.4985,3.101375
277.0,3.498375,3.101625
277.0,3.49875,3.10225
277.0,3.500375,3.10225
277.0,3.500875,3.1015
277.0,3.500625,3.1015
277.0,3.499375,3.10225
277.0,3.499375,3.10225
277.0,3.4985,3.1025
277.0,3.498125,3.102125
277.0,3.498125,3.102375
277.0,3.498125,3.102625
277.0,3.49775,3.102875
277.0,3.49875,3.103375
277.0,3.499375,3.103625
277.0,3.498875,3.103125
277.0,3.49925,3.10225
277.0,3.49925,3.10175
277.0,3.498625,3.102125
277.0,3.499375,3.1025
277.0,3.500375,3.10225
277.0,3.5005,3.10175
277.0,3.5005,3.101625
277.0,3.5005,3.101625
277.0,3.49925,3.1025
277.0,3.4985,3.102625
277.0,3.498125,3.102625
277.0,3.497875,3.10275
277.0,3.4975,3.10275
277.0,3.49775,3.103125
277.0,3.499125,3.103625
277.0,3.49975,3.10325
277.0,3.499,3.103
277.0,3.49875,3.102
277.0,3.498875,3.101875
277.0,3.498625,3.102375
277.0,3.499375,3.10225
277.0,3.5005,3.10175
277.0,3.501,3.101375
277.0,3.501,3.101375
277.0,3.499625,3.101875
277.0,3.498625,3.102375
277.0,3.49825,3.102375
277.0,3.498125,3.102375
277.0,3.4975,3.102625
277.0,3.497,3.102625
277.0,3.498125,3.10325
277.0,3.499125,3.1035
277.0,3.499625,3.103125
277.0,3.499125,3.102875
277.0,3.4985,3.10225
277.0,3.49825,3.101875
277.0,3.498625,3.10225
277.0,3.499875,3.102375
277.0,3.500625,3.10175
277.0,3.500625,3.10175
277.0,3.500625,3.101625
277.0,3.4995,3.1025
277.0,3.498625,3.1025
277.0,3.498125,3.10225
277.0,3.497875,3.10275
277.0,3.497625,3.10275
277.0,3.4975,3.103
277.0,3.498375,3.10325
277.0,3.4995,3.103625
277.0,3.499375,3.10325
277.0,3.498875,3.102375
277.0,3.49875,3.102
277.0,3.49825,3.102
277.0,3.499,3.102375
277.0,3.5005,3.102125
277.0,3.5005,3.102125
277.0,3.501375,3.101625
277.0,3.500625,3.101625
277.0,3.499625,3.102375
277.0,3.49875,3.1025
277.0,3.498,3.102375
277.0,3.497875,3.10275
277.0,3.4975,3.102875
277.0,3.4975,3.103125
277.0,3.4985,3.103625
277.0,3.499125,3.103625
277.0,3.498875,3.103125
277.0,3.49875,3.101875
277.0,3.498625,3.101625
277.0,3.498625,3.102125
278.0,3.499,3.142
278.0,3.499625,3.141875
278.0,3.499125,3.141375
278.0,3.499125,3.1405
278.0,3.498625,3.140375
278.0,3.49825,3.14075
278.0,3.499375,3.14075
278.0,3.5005,3.1405
278.0,3.5005,3.1405
278.0,3.50075,3.140125
278.0,3.50025,3.140625
278.0,3.49925,3.141
278.0,3.49875,3.140625
278.0,3.497875,3.140875
278.0,3.49775,3.14125
278.0,3.4975,3.141375
278.0,3.4975,3.14175
278.0,3.499375,3.142
278.0,3.500125,3.142
278.0,3.499375,3.141125
278.0,3.499,3.140125
278.0,3.4985,3.14025
278.0,3.498125,3.14075
278.0,3.499625,3.14075
278.0,3.501,3.14025
278.0,3.501,3.14025
278.0,3.500875,3.140375
278.0,3.499625,3.140875
278.0,3.4985,3.141
278.0,3.498375,3.140625
278.0,3.498375,3.141
278.0,3.497375,3.141125
278.0,3.497125,3.141375
278.0,3.498375,3.142
278.0,3.499375,3.1425
278.0,3.4995,3.142375
278.0,3.499,3.141375
278.0,3.4985,3.140625
278.0,3.498375,3.140625
278.0,3.498875,3.14075
278.0,3.50025,3.140625
278.0,3.50025,3.140625
278.0,3.500625,3.14025
278.0,3.500375,3.14025
278.0,3.499,3.141
278.0,3.498125,3.140875
278.0,3.49825,3.14075
278.0,3.498,3.141125
278.0,3.497625,3.14125
278.0,3.497875,3.141375
278.0,3.49925,3.142125
278.0,3.50025,3.14225
278.0,3.499,3.1415
278.0,3.49875,3.14075
278.0,3.49875,3.1405
278.0,3.498625,3.14075
278.0,3.499625,3.141
278.0,3.499625,3.141
278.0,3.501125,3.140625
278.0,3.501125,3.14025
278.0,3.5,3.140625
278.0,3.49875,3.141
278.0,3.498,3.14075
278.0,3.497875,3.141
278.0,3.497625,3.141375
278.0,3.49775,3.1415
278.0,3.498375,3.141875
278.0,3.499125,3.14225
278.0,3.499625,3.141875
278.0,3.49875,3.141125
278.0,3.498625,3.14025
278.0,3.4985,3.1405
278.0,3.49875,3.140875
278.0,3.49875,3.140875
278.0,3.499625,3.141125
278.0,3.5005,3.1405
278.0,3.50075,3.140125
278.0,3.49975,3.1405
278.0,3.499,3.14075
278.0,3.49875,3.140875
278.0,3.4985,3.141
278.0,3.497875,3.14125
278.0,3.497625,3.14125
278.0,3.498375,3.141875
278.0,3.499375,3.14225
278.0,3.499375,3.14175
278.0,3.499,3.140875
278.0,3.498875,3.1405
278.0,3.498375,3.140625
278.0,3.499,3.140625
278.0,3.499,3.140875
278.0,3.500125,3.140875
278.0,3.50075,3.14025
278.0,3.500625,3.140125
278.0,3.49925,3.14075
278.0,3.498375,3.140875
278.0,3.49825,3.14075
278.0,3.497875,3.141
278.0,3.497125,3.141125
278.0,3.497125,3.141375
278.0,3.498625,3.142
278.0,3.4995,3.142125
278.0,3.498875,3.14175
278.0,3.498875,3.14075
278.0,3.498625,3.140375
278.0,3.497875,3.140625
278.0,3.497875,3.140625
278.0,3.498625,3.140875
278.0,3.50025,3.140625
278.0,3.500125,3.140125
278.0,3.499875,3.140625
278.0,3.499375,3.141125
278.0,3.498875,3.141
278.0,3.497875,3.141125
278.0,3.49775,3.14125
278.0,3.49775,3.14125
278.0,3.49775,3.14175
278.0,3.498875,3.142375
278.0,3.4995,3.142125
278.0,3.499125,3.1415
278.0,3.499125,3.1405
278.0,3.4985,3.140375
278.0,3.4985,3.140375
278.0,3.498125,3.140875
278.0,3.49925,3.140875
278.0,3.500375,3.140375
278.0,3.500875,3.140125
278.0,3.500375,3.141
278.0,3.499,3.141125
278.0,3.49875,3.14075
278.0,3.498,3.141
278.0,3.497625,3.14125
278.0,3.497875,3.141375
278.0,3.49825,3.141875
278.0,3.499375,3.14225
278.0,3.499625,3.141875
278.0,3.499125,3.141125
278.0,3.49875,3.140375
278.0,3.49875,3.140375
278.0,3.498375,3.1405
278.0,3.499,3.141
278.0,3.5,3.140875
278.0,3.500375,3.1405
278.0,3.500375,3.140125
278.0,3.499625,3.1405
278.0,3.4985,3.14075
278.0,3.498125,3.1405
278.0,3.49825,3.141
278.0,3.498,3.14125
278.0,3.498,3.1415
278.0,3.498625,3.142125
278.0,3.499125,3.142375
278.0,3.499375,3.142125
278.0,3.49925,3.141375
278.0,3.49925,3.141375
278.0,3.49925,3.1405
278.0,3.4985,3.14075
278.0,3.499,3.141
278.0,3.50025,3.140875
278.0,3.500625,3.140375
278.0,3.5,3.14025
278.0,3.4995,3.141
278.0,3.499,3.14075
278.0,3.4985,3.14075
278.0,3.498,3.14125
278.0,3.497625,3.141375
278.0,3.49825,3.141625
278.0,3.49925,3.142125
278.0,3.499625,3.142125
279.0,3.499375,3.178625
279.0,3.49925,3.17825
279.0,3.498875,3.177875
279.0,3.49875,3.177125
279.0,3.4985,3.177625
279.0,3.49875,3.177875
279.0,3.5,3.177625
279.0,3.500875,3.17725
279.0,3.500875,3.17725
279.0,3.500375,3.177
279.0,3.49875,3.1775
279.0,3.498375,3.17775
279.0,3.498375,3.177375
279.0,3.497875,3.17775
279.0,3.497,3.178
279.0,3.497375,3.1785
279.0,3.498625,3.179
279.0,3.49925,3.178875
279.0,3.498875,3.17825
279.0,3.499125,3.177375
279.0,3.499,3.177125
279.0,3.498125,3.177625
279.0,3.49875,3.17775
279.0,3.50025,3.1775
279.0,3.50025,3.176875
279.0,3.500625,3.176875
279.0,3.5,3.17725
279.0,3.499,3.17775
279.0,3.49875,3.177375
279.0,3.498375,3.177625
279.0,3.4975,3.178125
279.0,3.497125,3.178125
279.0,3.497625,3.1785
279.0,3.499125,3.179
279.0,3.49975,3.179
279.0,3.499,3.178375
279.0,3.498625,3.177625
279.0,3.49825,3.1775
279.0,3.49825,3.17775
279.0,3.499375,3.17775
279.0,3.5005,3.177
279.0,3.5005,3.177
279.0,3.500375,3.176875
279.0,3.499625,3.17775
279.0,3.498625,3.178
279.0,3.498625,3.177875
279.0,3.49825,3.178125
279.0,3.497625,3.178125
279.0,3.4975,3.17825
279.0,3.497875,3.17875
279.0,3.499125,3.179125
279.0,3.4995,3.17875
279.0,3.499125,3.17775
279.0,3.499,3.177
279.0,3.4985,3.177375
279.0,3.498625,3.177875
279.0,3.499875,3.17775
279.0,3.499875,3.17775
279.0,3.50075,3.177125
279.0,3.50025,3.177125
279.0,3.499,3.17775
279.0,3.4985,3.177875
279.0,3.498375,3.1775
279.0,3.498,3.17775
279.0,3.497625,3.178
279.0,3.49775,3.17825
279.0,3.49875,3.178875
279.0,3.499875,3.178875
279.0,3.499375,3.178375
279.0,3.498875,3.1775
279.0,3.49875,3.17725
279.0,3.498125,3.17775
279.0,3.49875,3.178
279.0,3.49875,3.178
279.0,3.50025,3.17775
279.0,3.500625,3.177125
279.0,3.500125,3.17725
279.0,3.498875,3.177875
279.0,3.498375,3.177625
279.0,3.498375,3.177625
279.0,3.498,3.178125
279.0,3.49775,3.178125
279.0,3.497875,3.178625
279.0,3.49875,3.179125
279.0,3.499625,3.178875
279.0,3.499125,3.17825
279.0,3.498625,3.1775
279.0,3.498625,3.17725
279.0,3.498625,3.177625
279.0,3.498625,3.177625
279.0,3.499375,3.177875
279.0,3.500125,3.177375
279.0,3.50075,3.17725
279.0,3.500375,3.17775
279.0,3.499125,3.178
279.0,3.498,3.177625
279.0,3.497875,3.17775
279.0,3.498,3.178
279.0,3.49775,3.178125
279.0,3.49825,3.17875
279.0,3.4995,3.179
279.0,3.49975,3.1785
279.0,3.499125,3.178125
279.0,3.4985,3.177375
279.0,3.49825,3.1775
279.0,3.4985,3.177625
279.0,3.4985,3.177625
279.0,3.49925,3.1775
279.0,3.50025,3.177125
279.0,3.500375,3.177375
279.0,3.499625,3.178125
279.0,3.498875,3.17825
279.0,3.4985,3.17775
279.0,3.498375,3.178
279.0,3.497625,3.17825
279.0,3.4975,3.17825
279.0,3.49875,3.17875
279.0,3.49975,3.17875
279.0,3.49925,3.178875
279.0,3.4985,3.177875
279.0,3.4985,3.177
279.0,3.49875,3.177375
279.0,3.49875,3.177375
279.0,3.499,3.17775
279.0,3.49975,3.177375
279.0,3.500375,3.177
279.0,3.5005,3.177125
279.0,3.499375,3.17775
279.0,3.498375,3.1775
279.0,3.49825,3.1775
279.0,3.49825,3.178125
279.0,3.497375,3.17825
279.0,3.4975,3.178375
279.0,3.499375,3.178875
279.0,3.500125,3.179125
279.0,3.499375,3.178625
279.0,3.499125,3.177625
279.0,3.498375,3.1775
279.0,3.498375,3.1775
279.0,3.4985,3.177875
279.0,3.4995,3.17775
279.0,3.50025,3.177375
279.0,3.50025,3.177125
279.0,3.499375,3.1775
279.0,3.498375,3.177875
279.0,3.4985,3.177625
279.0,3.498,3.17775
279.0,3.49775,3.17825
279.0,3.497625,3.178125
279.0,3.49775,3.178625
279.0,3.498625,3.17925
279.0,3.4995,3.178875
279.0,3.499125,3.17775
279.0,3.498875,3.177125
279.0,3.498875,3.177125
279.0,3.4985,3.17725
279.0,3.4985,3.177875
279.0,3.499875,3.17775
279.0,3.500625,3.177125
279.0,3.500125,3.177
279.0,3.499375,3.1775
279.0,3.498375,3.17775
279.0,3.498375,3.177625
279.0,3.4985,3.178
279.0,3.497875,3.178
279.0,3.49775,3.178125
279.0,3.4985,3.17875
279.0,3.499625,3.179
279.0,3.49925,3.178875
280.0,3.49925,3.212875
280.0,3.50025,3.212375
280.0,3.500625,3.212
280.0,3.499625,3.2125
280.0,3.4985,3.213
280.0,3.49825,3.21275
280.0,3.497875,3.213
280.0,3.4975,3.213375
280.0,3.4975,3.213375
280.0,3.497375,3.213375
280.0,3.498,3.213875
280.0,3.499,3.214375
280.0,3.499,3.21375
280.0,3.49875,3.21275
280.0,3.498875,3.212125
280.0,3.498375,3.2125
280.0,3.498125,3.212875
280.0,3.499625,3.21275
280.0,3.5,3.212125
280.0,3.5,3.21225
280.0,3.499375,3.21275
280.0,3.49875,3.212875
280.0,3.498625,3.21275
280.0,3.498125,3.213
280.0,3.498125,3.213375
280.0,3.497375,3.213375
280.0,3.497375,3.2135
280.0,3.4985,3.213875
280.0,3.49925,3.214125
280.0,3.49925,3.214
280.0,3.499375,3.212875
280.0,3.498875,3.2125
280.0,3.49825,3.212875
280.0,3.499,3.21275
280.0,3.50025,3.212625
280.0,3.5005,3.21225
280.0,3.500125,3.2125
280.0,3.499375,3.213
280.0,3.49825,3.213
280.0,3.498125,3.213
280.0,3.497875,3.21325
280.0,3.497875,3.21325
280.0,3.497375,3.213375
280.0,3.498,3.213625
280.0,3.499,3.214125
280.0,3.4995,3.214
280.0,3.4995,3.21375
280.0,3.499125,3.212625
280.0,3.4985,3.2125
280.0,3.49825,3.213
280.0,3.499125,3.212875
280.0,3.500375,3.212375
280.0,3.500625,3.212125
280.0,3.499625,3.21275
280.0,3.49875,3.21325
280.0,3.498375,3.21275
280.0,3.497875,3.213
280.0,3.497875,3.213
280.0,3.49725,3.21325
280.0,3.4975,3.21325
280.0,3.498625,3.21375
280.0,3.49975,3.21425
280.0,3.499625,3.213875
280.0,3.49925,3.213125
280.0,3.499,3.212125
280.0,3.498125,3.212375
280.0,3.498375,3.212875
280.0,3.49975,3.212875
280.0,3.500625,3.212375
280.0,3.50025,3.212625
280.0,3.499375,3.213
280.0,3.49875,3.213
280.0,3.4985,3.212625
280.0,3.4985,3.212625
280.0,3.497875,3.213125
280.0,3.4975,3.213375
280.0,3.497625,3.213375
280.0,3.498625,3.214125
280.0,3.499625,3.214125
280.0,3.4995,3.213375
280.0,3.499125,3.212625
280.0,3.49875,3.21225
280.0,3.498375,3.21275
280.0,3.49875,3.21275
280.0,3.5,3.212625
280.0,3.500625,3.212125
280.0,3.5,3.212375
280.0,3.49875,3.213
280.0,3.4985,3.21275
280.0,3.4985,3.212625
280.0,3.4985,3.212625
280.0,3.498125,3.213
280.0,3.497625,3.213125
280.0,3.49775,3.2135
280.0,3.499125,3.214125
280.0,3.4995,3.214
280.0,3.499,3.21325
280.0,3.49875,3.212625
280.0,3.49875,3.2125
280.0,3.498125,3.212875
280.0,3.499,3.213
280.0,3.5005,3.2125
280.0,3.50025,3.212125
280.0,3.499875,3.212375
280.0,3.499,3.212625
280.0,3.4985,3.212875
280.0,3.4985,3.212875
280.0,3.498,3.212875
280.0,3.4975,3.213125
280.0,3.497125,3.21325
280.0,3.497625,3.21375
280.0,3.499125,3.21425
280.0,3.499875,3.214
280.0,3.499375,3.213375
280.0,3.499,3.2125
280.0,3.498875,3.2125
280.0,3.498625,3.21275
280.0,3.4995,3.21275
280.0,3.5005,3.21225
280.0,3.5005,3.212
280.0,3.499625,3.21275
280.0,3.498625,3.213
280.0,3.498625,3.213
280.0,3.498,3.212625
280.0,3.4975,3.213125
280.0,3.497125,3.213375
280.0,3.497875,3.213375
280.0,3.49875,3.213875
280.0,3.499375,3.213875
280.0,3.499,3.213375
280.0,3.49825,3.21275
280.0,3.498625,3.21225
280.0,3.4985,3.2125
280.0,3.498875,3.213
280.0,3.500125,3.21275
280.0,3.500625,3.212125
280.0,3.500375,3.21225
280.0,3.499625,3.213
280.0,3.499625,3.213
280.0,3.498625,3.212875
280.0,3.49825,3.21275
280.0,3.497875,3.213
280.0,3.49725,3.213125
280.0,3.4975,3.2135
280.0,3.49875,3.214125
280.0,3.499625,3.214125
280.0,3.49925,3.213625
280.0,3.499,3.213
280.0,3.4985,3.2125
280.0,3.498625,3.212625
280.0,3.4995,3.212875
280.0,3.500375,3.2125
280.0,3.500625,3.212125
280.0,3.499875,3.212625
280.0,3.4985,3.213125
280.0,3.4985,3.213125
280.0,3.49825,3.2125
280.0,3.49825,3.212875
280.0,3.498375,3.213125
280.0,3.4975,3.21325
280.0,3.49775,3.213625
280.0,3.498625,3.21425
280.0,3.499125,3.21425
280.0,3.498875,3.2135
280.0,3.498625,3.212375
280.0,3.49825,3.2125
280.0,3.49825,3.212875
280.0,3.499375,3.212875
280.0,3.500375,3.212375
281.0,3.497875,3.246875
281.0,3.499125,3.246625
281.0,3.500375,3.245875
281.0,3.50025,3.246
281.0,3.49925,3.24675
281.0,3.498375,3.247
281.0,3.49775,3.246875
281.0,3.49775,3.247125
281.0,3.49775,3.247125
281.0,3.497625,3.247125
281.0,3.498125,3.247125
281.0,3.499125,3.247875
281.0,3.499625,3.248125
281.0,3.499,3.247875
281.0,3.498625,3.24725
281.0,3.498625,3.2465
281.0,3.49825,3.24675
281.0,3.4985,3.246875
281.0,3.499625,3.2465
281.0,3.501125,3.24575
281.0,3.501,3.246
281.0,3.49925,3.24675
281.0,3.49825,3.246625
281.0,3.498125,3.246625
281.0,3.49775,3.247
281.0,3.49775,3.247
281.0,3.4975,3.247
281.0,3.497375,3.24725
281.0,3.498125,3.248
281.0,3.499375,3.24825
281.0,3.499,3.24775
281.0,3.499,3.24675
281.0,3.498625,3.24625
281.0,3.497875,3.246625
281.0,3.4985,3.246875
281.0,3.50025,3.2465
281.0,3.5005,3.246125
281.0,3.5,3.24675
281.0,3.499,3.247125
281.0,3.49825,3.246625
281.0,3.497625,3.246625
281.0,3.497625,3.246625
281.0,3.4975,3.247125
281.0,3.497625,3.24725
281.0,3.49825,3.247625
281.0,3.498875,3.24825
281.0,3.4995,3.248125
281.0,3.4995,3.247375
281.0,3.49925,3.246375
281.0,3.49875,3.2465
281.0,3.4985,3.247
281.0,3.499375,3.247
281.0,3.500125,3.246375
281.0,3.500625,3.246125
281.0,3.49925,3.24675
281.0,3.498,3.247
281.0,3.498875,3.246625
281.0,3.498875,3.246625
281.0,3.4985,3.247
281.0,3.4975,3.24725
281.0,3.4975,3.247375
281.0,3.4985,3.248
281.0,3.499375,3.248125
281.0,3.49925,3.24825
281.0,3.498875,3.247125
281.0,3.498875,3.246125
281.0,3.498875,3.246375
281.0,3.498625,3.246875
281.0,3.499875,3.246625
281.0,3.50025,3.246
281.0,3.500125,3.24625
281.0,3.499375,3.247
281.0,3.49825,3.247
281.0,3.49825,3.247
281.0,3.498125,3.246625
281.0,3.498,3.24725
281.0,3.49775,3.247375
281.0,3.497625,3.24775
281.0,3.4985,3.24825
281.0,3.4995,3.248625
281.0,3.4995,3.247875
281.0,3.498875,3.246625
281.0,3.498375,3.246125
281.0,3.498125,3.246625
281.0,3.499125,3.246875
281.0,3.5,3.246625
281.0,3.50025,3.24625
281.0,3.500125,3.24675
281.0,3.499625,3.247125
281.0,3.49875,3.247125
281.0,3.49875,3.247
281.0,3.49825,3.247
281.0,3.497875,3.24725
281.0,3.49775,3.247375
281.0,3.497875,3.247875
281.0,3.49875,3.24825
281.0,3.498875,3.247875
281.0,3.499125,3.24725
281.0,3.499375,3.24625
281.0,3.498625,3.246375
281.0,3.498125,3.246875
281.0,3.499625,3.246875
281.0,3.50075,3.24625
281.0,3.50025,3.245875
281.0,3.499375,3.24625
281.0,3.498875,3.24675
281.0,3.498875,3.24675
281.0,3.498125,3.246625
281.0,3.497875,3.24675
281.0,3.49775,3.247125
281.0,3.49725,3.247375
281.0,3.498,3.247875
281.0,3.499375,3.24825
281.0,3.499375,3.24825
281.0,3.499125,3.247125
281.0,3.499125,3.246125
281.0,3.498375,3.2465
281.0,3.498625,3.24675
281.0,3.499625,3.246625
281.0,3.5005,3.24625
281.0,3.500375,3.246125
281.0,3.49925,3.24675
281.0,3.49925,3.24675
281.0,3.498375,3.247125
281.0,3.4985,3.246875
281.0,3.49825,3.247125
281.0,3.497625,3.24725
281.0,3.4975,3.2475
281.0,3.49825,3.24825
281.0,3.49925,3.24825
281.0,3.499,3.247625
281.0,3.499,3.2465
281.0,3.498875,3.245875
281.0,3.49875,3.246625
281.0,3.499125,3.247
281.0,3.5005,3.246625
281.0,3.501,3.246
281.0,3.500125,3.246125
281.0,3.500125,3.246125
281.0,3.498625,3.246875
281.0,3.498,3.246625
281.0,3.498,3.246625
281.0,3.4975,3.247
281.0,3.497625,3.24725
281.0,3.49775,3.247625
281.0,3.498625,3.248375
281.0,3.4995,3.24825
281.0,3.49875,3.2475
281.0,3.4985,3.246625
281.0,3.498375,3.246375
281.0,3.49825,3.24675
281.0,3.49925,3.247
281.0,3.5,3.246625
281.0,3.50025,3.246125
281.0,3.5,3.246125
281.0,3.5,3.246625
281.0,3.4985,3.247
281.0,3.498375,3.24675
281.0,3.498375,3.247125
281.0,3.498,3.247125
281.0,3.4975,3.247375
281.0,3.497625,3.24775
281.0,3.498875,3.24825
281.0,3.499125,3.247625
281.0,3.49875,3.247
281.0,3.49825,3.246375
281.0,3.49825,3.246625
281.0,3.498375,3.246875
281.0,3.499625,3.246875
282.0,3.498125,3.278125
282.0,3.498125,3.278625
282.0,3.499375,3.278625
282.0,3.5005,3.27825
282.0,3.50025,3.278
282.0,3.498875,3.2785
282.0,3.497625,3.279
282.0,3.497875,3.278875
282.0,3.497875,3.278875
282.0,3.49775,3.279
282.0,3.496875,3.279125
282.0,3.496875,3.27925
282.0,3.4975,3.27975
282.0,3.498625,3.280125
282.0,3.499,3.27975
282.0,3.498625,3.278875
282.0,3.49825,3.278125
282.0,3.49825,3.2785
282.0,3.4985,3.278875
282.0,3.499375,3.278625
282.0,3.50025,3.278125
282.0,3.50025,3.278125
282.0,3.499375,3.278625
282.0,3.498375,3.27875
282.0,3.498375,3.278875
282.0,3.498125,3.278875
282.0,3.49775,3.279125
282.0,3.4975,3.279125
282.0,3.497375,3.279375
282.0,3.497625,3.28
282.0,3.4985,3.280125
282.0,3.499125,3.28
282.0,3.49875,3.279125
282.0,3.498375,3.278375
282.0,3.497875,3.278625
282.0,3.4985,3.278875
282.0,3.49975,3.278625
282.0,3.5005,3.278125
282.0,3.499875,3.2785
282.0,3.498625,3.279
282.0,3.498125,3.278625
282.0,3.498125,3.278625
282.0,3.497625,3.2785
282.0,3.4975,3.279
282.0,3.49725,3.279125
282.0,3.498125,3.279625
282.0,3.49925,3.28025
282.0,3.499625,3.280125
282.0,3.49875,3.279375
282.0,3.498375,3.2785
282.0,3.49825,3.278375
282.0,3.49825,3.27875
282.0,3.49925,3.278625
282.0,3.500375,3.27825
282.0,3.500125,3.278
282.0,3.4995,3.27875
282.0,3.49875,3.27925
282.0,3.49875,3.27925
282.0,3.498375,3.279
282.0,3.498125,3.279
282.0,3.49775,3.279125
282.0,3.497625,3.279125
282.0,3.49825,3.2795
282.0,3.49925,3.28
282.0,3.49925,3.27975
282.0,3.498625,3.279125
282.0,3.498875,3.278375
282.0,3.498375,3.278375
282.0,3.4985,3.27875
282.0,3.49975,3.27875
282.0,3.5005,3.278
282.0,3.500125,3.27775
282.0,3.499125,3.278625
282.0,3.499125,3.278625
282.0,3.49825,3.279
282.0,3.498,3.27875
282.0,3.498125,3.279
282.0,3.49775,3.279
282.0,3.497375,3.27925
282.0,3.498125,3.279875
282.0,3.49925,3.28025
282.0,3.499125,3.2795
282.0,3.49875,3.27875
282.0,3.498625,3.27825
282.0,3.498375,3.278625
282.0,3.498625,3.27875
282.0,3.499875,3.278375
282.0,3.500125,3.278125
282.0,3.499625,3.278375
282.0,3.498375,3.278875
282.0,3.498375,3.278875
282.0,3.498375,3.27875
282.0,3.498375,3.2785
282.0,3.49775,3.279
282.0,3.497625,3.279125
282.0,3.498125,3.2795
282.0,3.4985,3.28
282.0,3.499125,3.28
282.0,3.499,3.279625
282.0,3.49875,3.278625
282.0,3.498125,3.27825
282.0,3.497875,3.278625
282.0,3.499,3.278875
282.0,3.50025,3.278375
282.0,3.50025,3.277875
282.0,3.499625,3.27825
282.0,3.499625,3.27825
282.0,3.498625,3.279
282.0,3.498125,3.278875
282.0,3.4975,3.27875
282.0,3.49775,3.279
282.0,3.497375,3.279
282.0,3.497625,3.2795
282.0,3.49875,3.280125
282.0,3.499125,3.2795
282.0,3.4985,3.27875
282.0,3.498875,3.278125
282.0,3.498625,3.27825
282.0,3.49875,3.27875
282.0,3.499625,3.27875
282.0,3.50075,3.278125
282.0,3.500375,3.278
282.0,3.500375,3.278
282.0,3.499625,3.278875
282.0,3.499,3.279
282.0,3.498125,3.278625
282.0,3.4975,3.279
282.0,3.497625,3.279
282.0,3.497875,3.27925
282.0,3.49825,3.279875
282.0,3.49875,3.280375
282.0,3.49875,3.280125
282.0,3.49875,3.278875
282.0,3.49875,3.278
282.0,3.4985,3.278375
282.0,3.498875,3.27875
282.0,3.500375,3.2785
282.0,3.50125,3.277875
282.0,3.50125,3.277875
282.0,3.500375,3.278
282.0,3.499125,3.27875
282.0,3.49875,3.278625
282.0,3.49875,3.2785
282.0,3.498375,3.279
282.0,3.4975,3.279
282.0,3.497375,3.279375
282.0,3.49825,3.280125
282.0,3.499125,3.28
282.0,3.499,3.2795
282.0,3.499,3.278375
282.0,3.498625,3.278
282.0,3.498,3.2785
282.0,3.498875,3.278875
282.0,3.500375,3.278375
282.0,3.500625,3.277875
282.0,3.500625,3.277875
282.0,3.499875,3.278625
282.0,3.499,3.27925
282.0,3.498375,3.279
282.0,3.497375,3.27925
282.0,3.497125,3.279375
282.0,3.49675,3.279125
282.0,3.497375,3.2795
282.0,3.49825,3.28025
282.0,3.4995,3.28
282.0,3.499,3.27925
282.0,3.499,3.2785
282.0,3.49875,3.27825
282.0,3.49825,3.27875
283.0,3.499125,3.309
283.0,3.498875,3.308375
283.0,3.498625,3.3075
283.0,3.498,3.307625
283.0,3.498375,3.308
283.0,3.5,3.307625
283.0,3.500375,3.307125
283.0,3.499875,3.30725
283.0,3.499875,3.308
283.0,3.499,3.308
283.0,3.4985,3.30775
283.0,3.4985,3.30775
283.0,3.497625,3.308375
283.0,3.49725,3.3085
283.0,3.497625,3.309
283.0,3.4985,3.309625
283.0,3.499,3.30925
283.0,3.49875,3.308125
283.0,3.498625,3.307375
283.0,3.49825,3.3075
283.0,3.49825,3.308
283.0,3.499125,3.307875
283.0,3.500125,3.3075
283.0,3.5005,3.30725
283.0,3.5005,3.30775
283.0,3.4995,3.30775
283.0,3.498125,3.30825
283.0,3.497875,3.307875
283.0,3.497875,3.308
283.0,3.4975,3.308375
283.0,3.49725,3.30875
283.0,3.498,3.308875
283.0,3.498875,3.309125
283.0,3.498875,3.308875
283.0,3.49875,3.308125
283.0,3.499,3.3075
283.0,3.498625,3.307625
283.0,3.498375,3.308
283.0,3.499875,3.307875
283.0,3.500625,3.307125
283.0,3.500125,3.307375
283.0,3.500125,3.307375
283.0,3.499625,3.308
283.0,3.498375,3.308125
283.0,3.498,3.308125
283.0,3.49775,3.308375
283.0,3.49725,3.3085
283.0,3.497125,3.30875
283.0,3.498375,3.30925
283.0,3.49925,3.30925
283.0,3.49875,3.309
283.0,3.4985,3.30825
283.0,3.498875,3.307375
283.0,3.4985,3.30775
283.0,3.49875,3.308125
283.0,3.5,3.30775
283.0,3.500625,3.307125
283.0,3.500625,3.307125
283.0,3.5,3.307375
283.0,3.49875,3.308125
283.0,3.49825,3.308125
283.0,3.498125,3.307875
283.0,3.4975,3.30825
283.0,3.4975,3.308375
283.0,3.497875,3.30875
283.0,3.498,3.30925
283.0,3.498625,3.30925
283.0,3.49875,3.308625
283.0,3.498875,3.30775
283.0,3.498625,3.3075
283.0,3.4985,3.307875
283.0,3.4995,3.308
283.0,3.500375,3.3075
283.0,3.500375,3.3075
283.0,3.50075,3.306875
283.0,3.499875,3.307375
283.0,3.498375,3.3085
283.0,3.4985,3.30825
283.0,3.498375,3.30825
283.0,3.497625,3.308375
283.0,3.49725,3.3085
283.0,3.49825,3.309125
283.0,3.499,3.309625
283.0,3.499125,3.30925
283.0,3.498625,3.308625
283.0,3.4985,3.307625
283.0,3.49875,3.30775
283.0,3.499,3.308
283.0,3.499625,3.307875
283.0,3.499625,3.3075
283.0,3.5005,3.3075
283.0,3.5005,3.30725
283.0,3.49925,3.308125
283.0,3.498,3.30825
283.0,3.497875,3.307875
283.0,3.497875,3.308
283.0,3.497375,3.308375
283.0,3.4975,3.3085
283.0,3.49825,3.309125
283.0,3.49925,3.309375
283.0,3.499125,3.30925
283.0,3.499375,3.30825
283.0,3.498875,3.307375
283.0,3.498,3.3075
283.0,3.498375,3.308
283.0,3.499625,3.308
283.0,3.499625,3.308
283.0,3.50025,3.307375
283.0,3.500375,3.3075
283.0,3.499625,3.308
283.0,3.4985,3.308
283.0,3.498375,3.308
283.0,3.498,3.308375
283.0,3.49725,3.308375
283.0,3.497625,3.3085
283.0,3.499125,3.30925
283.0,3.499625,3.309125
283.0,3.49925,3.30875
283.0,3.49875,3.308
283.0,3.498875,3.3075
283.0,3.498375,3.30775
283.0,3.498875,3.308
283.0,3.498875,3.308
283.0,3.500625,3.307625
283.0,3.5005,3.307125
283.0,3.49975,3.3075
283.0,3.498625,3.307875
283.0,3.49775,3.307875
283.0,3.497875,3.308125
283.0,3.497375,3.30825
283.0,3.497125,3.30825
283.0,3.4975,3.308875
283.0,3.49875,3.30925
283.0,3.4995,3.30925
283.0,3.498875,3.30825
283.0,3.49875,3.307125
283.0,3.498625,3.307375
283.0,3.498375,3.307875
283.0,3.498375,3.307875
283.0,3.49925,3.308
283.0,3.500125,3.3075
283.0,3.500125,3.30725
283.0,3.499125,3.30775
283.0,3.498,3.30825
283.0,3.49825,3.308
283.0,3.49825,3.30825
283.0,3.497625,3.3085
283.0,3.497375,3.3085
283.0,3.498,3.309125
283.0,3.499125,3.3095
283.0,3.498875,3.309375
283.0,3.49875,3.308375
283.0,3.4985,3.3075
283.0,3.498125,3.307625
283.0,3.498125,3.308
283.0,3.498125,3.308
283.0,3.499625,3.307875
283.0,3.500875,3.3075
283.0,3.500375,3.307625
283.0,3.498875,3.308375
283.0,3.498,3.308125
283.0,3.497625,3.307875
283.0,3.49775,3.308125
283.0,3.4975,3.308375
283.0,3.497375,3.308875
283.0,3.498125,3.309375
283.0,3.498875,3.309375
283.0,3.49875,3.308875
283.0,3.498625,3.307875
284.0,3.498625,3.33775
284.0,3.49925,3.3375
284.0,3.498875,3.3365
284.0,3.49875,3.335875
284.0,3.498375,3.336
284.0,3.4985,3.336375
284.0,3.499625,3.336125
284.0,3.500375,3.3355
284.0,3.500375,3.3355
284.0,3.500375,3.335625
284.0,3.49975,3.336625
284.0,3.49825,3.336875
284.0,3.498125,3.33625
284.0,3.498375,3.336375
284.0,3.4975,3.336625
284.0,3.497375,3.336625
284.0,3.4985,3.33725
284.0,3.499875,3.337625
284.0,3.49925,3.337125
284.0,3.49875,3.336125
284.0,3.498625,3.33575
284.0,3.498,3.336125
284.0,3.499125,3.3365
284.0,3.500125,3.33625
284.0,3.500625,3.3355
284.0,3.500625,3.3355
284.0,3.5,3.335625
284.0,3.499,3.336375
284.0,3.49875,3.336375
284.0,3.49825,3.336375
284.0,3.49775,3.33675
284.0,3.49775,3.336875
284.0,3.497875,3.337125
284.0,3.498375,3.33775
284.0,3.499125,3.337625
284.0,3.498625,3.337
284.0,3.498875,3.336
284.0,3.498625,3.335875
284.0,3.49825,3.33625
284.0,3.499,3.33625
284.0,3.500375,3.336
284.0,3.500375,3.336
284.0,3.50025,3.3355
284.0,3.49975,3.335625
284.0,3.498625,3.336125
284.0,3.49825,3.336375
284.0,3.498125,3.3365
284.0,3.497375,3.33675
284.0,3.49725,3.33675
284.0,3.497625,3.33725
284.0,3.49925,3.337875
284.0,3.5,3.33775
284.0,3.49875,3.337
284.0,3.4985,3.336125
284.0,3.498375,3.33575
284.0,3.4985,3.336125
284.0,3.4995,3.336125
284.0,3.4995,3.336125
284.0,3.50025,3.33575
284.0,3.50025,3.3355
284.0,3.499625,3.336125
284.0,3.498375,3.33625
284.0,3.497875,3.336
284.0,3.49775,3.336375
284.0,3.497875,3.336625
284.0,3.4975,3.336625
284.0,3.498,3.337375
284.0,3.499375,3.337375
284.0,3.499625,3.33725
284.0,3.49925,3.336375
284.0,3.499,3.33575
284.0,3.49825,3.336125
284.0,3.498375,3.336375
284.0,3.498375,3.336375
284.0,3.500125,3.336125
284.0,3.50025,3.335625
284.0,3.49925,3.335625
284.0,3.49875,3.336125
284.0,3.498625,3.336375
284.0,3.49825,3.336375
284.0,3.49775,3.336625
284.0,3.497625,3.336625
284.0,3.497875,3.336875
284.0,3.4985,3.33775
284.0,3.49925,3.338
284.0,3.498375,3.337375
284.0,3.4985,3.335875
284.0,3.498625,3.335375
284.0,3.49825,3.335875
284.0,3.499,3.336
284.0,3.499,3.336
284.0,3.500125,3.335625
284.0,3.50075,3.33525
284.0,3.50025,3.335625
284.0,3.498875,3.336625
284.0,3.498375,3.33625
284.0,3.49825,3.3365
284.0,3.497625,3.33675
284.0,3.497125,3.33675
284.0,3.4975,3.337125
284.0,3.498625,3.337625
284.0,3.4995,3.337375
284.0,3.499125,3.33675
284.0,3.49875,3.336
284.0,3.4985,3.335875
284.0,3.498125,3.33625
284.0,3.498125,3.33625
284.0,3.49925,3.33625
284.0,3.50025,3.335625
284.0,3.499875,3.33525
284.0,3.49925,3.335875
284.0,3.498125,3.336375
284.0,3.49825,3.336125
284.0,3.49825,3.336375
284.0,3.497875,3.33675
284.0,3.49775,3.336875
284.0,3.49825,3.337375
284.0,3.49875,3.3375
284.0,3.499375,3.336875
284.0,3.499,3.336375
284.0,3.49875,3.33575
284.0,3.498125,3.335875
284.0,3.498125,3.335875
284.0,3.498375,3.336375
284.0,3.4995,3.336375
284.0,3.5005,3.33575
284.0,3.50025,3.335625
284.0,3.49925,3.336375
284.0,3.49775,3.336625
284.0,3.497875,3.336375
284.0,3.497875,3.336625
284.0,3.49775,3.3365
284.0,3.497875,3.336875
284.0,3.498125,3.33775
284.0,3.498875,3.337875
284.0,3.49925,3.33725
284.0,3.49875,3.336125
284.0,3.49875,3.335875
284.0,3.49875,3.335875
284.0,3.498,3.336125
284.0,3.498375,3.336375
284.0,3.499875,3.336
284.0,3.5005,3.335375
284.0,3.499625,3.335875
284.0,3.498375,3.3365
284.0,3.49825,3.3365
284.0,3.498375,3.3365
284.0,3.497875,3.336625
284.0,3.4975,3.336625
284.0,3.497625,3.337
284.0,3.498625,3.3375
284.0,3.499375,3.3375
284.0,3.49925,3.336875
284.0,3.499125,3.336
284.0,3.49875,3.33575
284.0,3.49875,3.33575
284.0,3.49825,3.33625
284.0,3.49925,3.336375
284.0,3.500125,3.335875
284.0,3.500125,3.335625
284.0,3.499,3.33625
284.0,3.498625,3.336375
284.0,3.4985,3.336125
284.0,3.498125,3.336375
284.0,3.49775,3.33675
284.0,3.497375,3.33675
284.0,3.497875,3.33725
284.0,3.4985,3.33775
284.0,3.498875,3.3375
285.0,3.498875,3.361375
285.0,3.49825,3.36175
285.0,3.49825,3.362125
285.0,3.4995,3.361875
285.0,3.500375,3.36125
285.0,3.500375,3.36125
285.0,3.49925,3.36225
285.0,3.4985,3.36225
285.0,3.4985,3.36225
285.0,3.498,3.36175
285.0,3.498,3.36225
285.0,3.498125,3.3625
285.0,3.4975,3.362625
285.0,3.498375,3.363125
285.0,3.49925,3.363375
285.0,3.498875,3.362875
285.0,3.499125,3.362125
285.0,3.49875,3.36175
285.0,3.498,3.362125
285.0,3.498625,3.362125
285.0,3.5,3.36175
285.0,3.500625,3.361375
285.0,3.500375,3.362
285.0,3.499,3.362625
285.0,3.499,3.36225
285.0,3.498125,3.36225
285.0,3.498,3.362
285.0,3.49775,3.362375
285.0,3.497625,3.3625
285.0,3.497875,3.362875
285.0,3.498625,3.36325
285.0,3.499375,3.363125
285.0,3.49875,3.3625
285.0,3.499,3.36175
285.0,3.499,3.3615
285.0,3.498125,3.362
285.0,3.498625,3.362
285.0,3.499875,3.361625
285.0,3.500125,3.361375
285.0,3.499875,3.36175
285.0,3.499,3.362125
285.0,3.499,3.362125
285.0,3.49825,3.361625
285.0,3.497875,3.362
285.0,3.49725,3.3625
285.0,3.497375,3.3625
285.0,3.498,3.363125
285.0,3.498875,3.3635
285.0,3.499375,3.363125
285.0,3.498875,3.362375
285.0,3.4985,3.36175
285.0,3.498625,3.36175
285.0,3.49875,3.362125
285.0,3.499375,3.362125
285.0,3.500375,3.361625
285.0,3.501,3.361375
285.0,3.49975,3.36175
285.0,3.49975,3.36175
285.0,3.498375,3.36225
285.0,3.49825,3.362
285.0,3.49825,3.36225
285.0,3.497625,3.362375
285.0,3.496875,3.362625
285.0,3.498,3.36325
285.0,3.49925,3.363625
285.0,3.49925,3.363125
285.0,3.49875,3.362
285.0,3.498875,3.36125
285.0,3.49825,3.361875
285.0,3.498625,3.36225
285.0,3.49975,3.362
285.0,3.500375,3.361375
285.0,3.500375,3.36125
285.0,3.500375,3.36125
285.0,3.49875,3.362
285.0,3.497625,3.362
285.0,3.498125,3.362
285.0,3.49775,3.362375
285.0,3.497,3.3625
285.0,3.497375,3.362875
285.0,3.498875,3.3635
285.0,3.49925,3.363625
285.0,3.498625,3.363125
285.0,3.498875,3.362
285.0,3.499125,3.3615
285.0,3.4985,3.362
285.0,3.498875,3.362125
285.0,3.50025,3.36175
285.0,3.50075,3.361125
285.0,3.50075,3.361125
285.0,3.499625,3.36175
285.0,3.4985,3.3625
285.0,3.4985,3.362375
285.0,3.498125,3.36225
285.0,3.497375,3.3625
285.0,3.496875,3.3625
285.0,3.497875,3.363
285.0,3.498875,3.363375
285.0,3.499125,3.362875
285.0,3.498625,3.362
285.0,3.499125,3.361375
285.0,3.498875,3.3615
285.0,3.49875,3.362
285.0,3.499875,3.362
285.0,3.500875,3.361375
285.0,3.500875,3.361375
285.0,3.500875,3.361375
285.0,3.4995,3.362
285.0,3.498625,3.36225
285.0,3.498125,3.36175
285.0,3.497875,3.362
285.0,3.497625,3.362375
285.0,3.497625,3.3625
285.0,3.49825,3.363125
285.0,3.49925,3.3635
285.0,3.499125,3.363
285.0,3.498625,3.362
285.0,3.49875,3.361125
285.0,3.49825,3.361625
285.0,3.49875,3.362
285.0,3.499875,3.361875
285.0,3.500625,3.361375
285.0,3.500625,3.361375
285.0,3.500625,3.36125
285.0,3.4995,3.3615
285.0,3.49825,3.361875
285.0,3.49775,3.362
285.0,3.49775,3.362375
285.0,3.49725,3.362375
285.0,3.49725,3.362875
285.0,3.498375,3.363375
285.0,3.49925,3.36325
285.0,3.498875,3.362625
285.0,3.498875,3.362
285.0,3.498375,3.3615
285.0,3.498125,3.36175
285.0,3.498875,3.362
285.0,3.499625,3.361875
285.0,3.499625,3.361875
285.0,3.500125,3.361375
285.0,3.499375,3.361625
285.0,3.4985,3.362
285.0,3.49825,3.361625
285.0,3.498,3.361875
285.0,3.497625,3.362375
285.0,3.497125,3.362375
285.0,3.497375,3.362875
285.0,3.49825,3.3635
285.0,3.499125,3.363
285.0,3.498875,3.36225
285.0,3.499125,3.3615
285.0,3.4985,3.3615
285.0,3.498125,3.362125
285.0,3.49875,3.362
285.0,3.49875,3.3615
285.0,3.499875,3.3615
285.0,3.500375,3.361125
285.0,3.5,3.36175
285.0,3.498875,3.362375
285.0,3.49825,3.362
285.0,3.498125,3.362
285.0,3.49775,3.362375
285.0,3.497125,3.362625
285.0,3.49825,3.363
285.0,3.499375,3.363375
285.0,3.49925,3.36325
285.0,3.499,3.362375
285.0,3.499,3.361375
285.0,3.498375,3.3615
286.0,3.49775,3.38625
286.0,3.499,3.386875
286.0,3.4995,3.386875
286.0,3.499,3.385875
286.0,3.499,3.385125
286.0,3.49825,3.385
286.0,3.498125,3.385375
286.0,3.499625,3.38525
286.0,3.499625,3.38525
286.0,3.500625,3.38475
286.0,3.500125,3.3845
286.0,3.49925,3.385125
286.0,3.498375,3.385625
286.0,3.498375,3.3855
286.0,3.49825,3.385625
286.0,3.497625,3.385875
286.0,3.497625,3.386125
286.0,3.498625,3.386625
286.0,3.499625,3.387
286.0,3.49925,3.386625
286.0,3.49875,3.385625
286.0,3.499,3.384875
286.0,3.498625,3.38525
286.0,3.498375,3.385625
286.0,3.498375,3.385375
286.0,3.49975,3.385375
286.0,3.500625,3.384875
286.0,3.500375,3.385
286.0,3.499,3.385625
286.0,3.498125,3.385375
286.0,3.49825,3.384875
286.0,3.498,3.3855
286.0,3.497125,3.385875
286.0,3.4975,3.386125
286.0,3.49825,3.386875
286.0,3.499125,3.387125
286.0,3.49925,3.3865
286.0,3.499,3.385375
286.0,3.498875,3.385
286.0,3.4985,3.385375
286.0,3.49875,3.3855
286.0,3.49875,3.3855
286.0,3.49975,3.385125
286.0,3.50025,3.384875
286.0,3.5,3.38525
286.0,3.498875,3.385625
286.0,3.4985,3.3855
286.0,3.498375,3.385375
286.0,3.498,3.38575
286.0,3.497375,3.386125
286.0,3.49775,3.3865
286.0,3.498625,3.387
286.0,3.49925,3.386875
286.0,3.499,3.386
286.0,3.498375,3.385
286.0,3.498125,3.385125
286.0,3.498375,3.385625
286.0,3.498375,3.385625
286.0,3.499375,3.385375
286.0,3.5005,3.384875
286.0,3.500625,3.384625
286.0,3.4995,3.385125
286.0,3.498625,3.385875
286.0,3.498125,3.385625
286.0,3.49775,3.385625
286.0,3.497875,3.385875
286.0,3.4975,3.386125
286.0,3.498125,3.386625
286.0,3.49875,3.38675
286.0,3.498875,3.3865
286.0,3.498875,3.386
286.0,3.49875,3.385
286.0,3.498,3.385125
286.0,3.498,3.385125
286.0,3.498375,3.385375
286.0,3.49975,3.385375
286.0,3.500125,3.38475
286.0,3.49975,3.384625
286.0,3.499375,3.385125
286.0,3.498625,3.385375
286.0,3.498,3.385625
286.0,3.497625,3.38575
286.0,3.497625,3.38575
286.0,3.497625,3.38625
286.0,3.49825,3.38675
286.0,3.49925,3.38675
286.0,3.499375,3.386125
286.0,3.499125,3.3855
286.0,3.498625,3.385
286.0,3.498625,3.385
286.0,3.49775,3.385375
286.0,3.4985,3.3855
286.0,3.500125,3.385
286.0,3.5005,3.3845
286.0,3.5,3.385125
286.0,3.498875,3.386
286.0,3.498625,3.385625
286.0,3.49825,3.385625
286.0,3.4975,3.386
286.0,3.49725,3.385875
286.0,3.498125,3.38625
286.0,3.499,3.386875
286.0,3.49925,3.387
286.0,3.499,3.38625
286.0,3.499125,3.385125
286.0,3.498625,3.384875
286.0,3.498625,3.384875
286.0,3.497875,3.385375
286.0,3.499125,3.3855
286.0,3.500375,3.385125
286.0,3.50025,3.384625
286.0,3.499375,3.38475
286.0,3.49875,3.385125
286.0,3.4985,3.38525
286.0,3.498,3.385625
286.0,3.497375,3.385875
286.0,3.4975,3.385875
286.0,3.49825,3.3865
286.0,3.4995,3.386875
286.0,3.499125,3.386375
286.0,3.498625,3.385625
286.0,3.498875,3.38475
286.0,3.498875,3.38475
286.0,3.498625,3.385125
286.0,3.4985,3.385625
286.0,3.4995,3.3855
286.0,3.5005,3.384875
286.0,3.50025,3.384625
286.0,3.498875,3.385125
286.0,3.497875,3.385625
286.0,3.497625,3.3855
286.0,3.498,3.38575
286.0,3.4975,3.386
286.0,3.497,3.386125
286.0,3.497625,3.38675
286.0,3.499,3.387
286.0,3.499,3.3865
286.0,3.4985,3.385625
286.0,3.4985,3.385625
286.0,3.49825,3.385
286.0,3.49825,3.38525
286.0,3.498625,3.385625
286.0,3.49975,3.38525
286.0,3.500375,3.384875
286.0,3.49975,3.385125
286.0,3.49925,3.3855
286.0,3.498625,3.385375
286.0,3.498125,3.38525
286.0,3.497625,3.38575
286.0,3.4975,3.386
286.0,3.4975,3.38625
286.0,3.498625,3.38675
286.0,3.499125,3.38675
286.0,3.498875,3.386
286.0,3.498875,3.385125
286.0,3.498625,3.385125
286.0,3.498125,3.38475
286.0,3.497875,3.385375
286.0,3.499125,3.3855
286.0,3.50025,3.385125
286.0,3.5005,3.38475
286.0,3.49975,3.385375
286.0,3.498,3.38575
286.0,3.49825,3.385625
286.0,3.49825,3.38575
286.0,3.497375,3.385875
286.0,3.497125,3.385875
286.0,3.4975,3.3865
286.0,3.49825,3.387125
287.0,3.5005,3.4065
287.0,3.5,3.40675
287.0,3.49875,3.407375
287.0,3.497875,3.40725
287.0,3.497875,3.40725
287.0,3.497875,3.407625
287.0,3.497375,3.40775
287.0,3.497875,3.408125
287.0,3.497875,3.408125
287.0,3.499125,3.40875
287.0,3.4995,3.408625
287.0,3.498625,3.408
287.0,3.49875,3.40675
287.0,3.4985,3.406875
287.0,3.498125,3.407125
287.0,3.499,3.40725
287.0,3.50025,3.406875
287.0,3.499875,3.4065
287.0,3.499125,3.40675
287.0,3.4985,3.40725
287.0,3.498375,3.40725
287.0,3.498125,3.407625
287.0,3.497875,3.40775
287.0,3.49725,3.40775
287.0,3.49775,3.40775
287.0,3.49775,3.40825
287.0,3.498875,3.408625
287.0,3.499125,3.408125
287.0,3.499125,3.407375
287.0,3.499,3.406625
287.0,3.49825,3.406875
287.0,3.498375,3.407375
287.0,3.499375,3.407375
287.0,3.500375,3.40675
287.0,3.500625,3.4065
287.0,3.49925,3.407
287.0,3.498375,3.407125
287.0,3.498125,3.407
287.0,3.4975,3.4075
287.0,3.497125,3.40775
287.0,3.4975,3.408125
287.0,3.4975,3.408125
287.0,3.498625,3.4085
287.0,3.49925,3.4085
287.0,3.499,3.40825
287.0,3.49875,3.40725
287.0,3.498875,3.4065
287.0,3.49825,3.407
287.0,3.49825,3.407375
287.0,3.49975,3.407125
287.0,3.50025,3.4065
287.0,3.49975,3.4065
287.0,3.49875,3.407375
287.0,3.49825,3.407375
287.0,3.49825,3.407375
287.0,3.497875,3.407625
287.0,3.49775,3.40775
287.0,3.49775,3.40775
287.0,3.498,3.40825
287.0,3.49875,3.409
287.0,3.4995,3.408875
287.0,3.49925,3.408
287.0,3.498625,3.407
287.0,3.498375,3.40675
287.0,3.498375,3.407125
287.0,3.49925,3.40725
287.0,3.500125,3.40675
287.0,3.5005,3.4065
287.0,3.49975,3.407125
287.0,3.4985,3.407375
287.0,3.49825,3.407
287.0,3.498125,3.407375
287.0,3.497625,3.407625
287.0,3.497625,3.407625
287.0,3.497625,3.40775
287.0,3.497875,3.40825
287.0,3.4995,3.408625
287.0,3.4995,3.4085
287.0,3.4985,3.40775
287.0,3.498375,3.40675
287.0,3.498375,3.407
287.0,3.49825,3.407125
287.0,3.49925,3.407
287.0,3.500125,3.406625
287.0,3.5,3.40675
287.0,3.49925,3.4075
287.0,3.4985,3.407625
287.0,3.497875,3.40725
287.0,3.4975,3.407625
287.0,3.497375,3.407625
287.0,3.497375,3.407625
287.0,3.497375,3.40775
287.0,3.498,3.4085
287.0,3.49925,3.4085
287.0,3.499625,3.408
287.0,3.498875,3.40725
287.0,3.498625,3.406375
287.0,3.497875,3.406875
287.0,3.4985,3.407375
287.0,3.499875,3.407
287.0,3.5005,3.406625
287.0,3.500125,3.407
287.0,3.498875,3.4075
287.0,3.498375,3.40725
287.0,3.49825,3.407375
287.0,3.498125,3.407625
287.0,3.498125,3.407625
287.0,3.49775,3.407625
287.0,3.4975,3.408
287.0,3.498375,3.408625
287.0,3.499125,3.408375
287.0,3.499,3.40825
287.0,3.498625,3.40725
287.0,3.498375,3.40675
287.0,3.498125,3.407
287.0,3.49875,3.40725
287.0,3.5,3.406875
287.0,3.500375,3.406625
287.0,3.49975,3.40725
287.0,3.4985,3.40775
287.0,3.498125,3.407
287.0,3.498,3.40725
287.0,3.498,3.40725
287.0,3.497625,3.407625
287.0,3.49725,3.407625
287.0,3.49775,3.408125
287.0,3.49925,3.40875
287.0,3.499875,3.408375
287.0,3.499125,3.407625
287.0,3.499,3.406875
287.0,3.4985,3.40675
287.0,3.498375,3.407125
287.0,3.499625,3.407375
287.0,3.500375,3.406625
287.0,3.5,3.406375
287.0,3.498875,3.407125
287.0,3.49825,3.407375
287.0,3.498375,3.40725
287.0,3.498375,3.40725
287.0,3.497875,3.4075
287.0,3.49725,3.407625
287.0,3.49775,3.407875
287.0,3.498875,3.408625
287.0,3.499875,3.408625
287.0,3.4995,3.407875
287.0,3.499,3.407
287.0,3.499,3.40625
287.0,3.498125,3.406875
287.0,3.4985,3.4075
287.0,3.500125,3.407125
287.0,3.500625,3.4065
287.0,3.50025,3.406625
287.0,3.49925,3.4075
287.0,3.498375,3.407625
287.0,3.49825,3.407625
287.0,3.49825,3.407375
287.0,3.497625,3.407625
287.0,3.49725,3.40775
287.0,3.49725,3.408125
287.0,3.498375,3.408625
287.0,3.499125,3.408625
287.0,3.49925,3.407875
287.0,3.49925,3.407
287.0,3.49875,3.406625
287.0,3.498375,3.40725
287.0,3.499125,3.4075
287.0,3.50025,3.407
287.0,3.50075,3.4065
287.0,3.500375,3.407125
288.0,3.49875,3.426625
288.0,3.498125,3.426625
288.0,3.4985,3.42675
288.0,3.499875,3.426625
288.0,3.500625,3.426
288.0,3.5,3.4265
288.0,3.49875,3.427125
288.0,3.49825,3.426875
288.0,3.49825,3.426875
288.0,3.498375,3.426875
288.0,3.497875,3.42725
288.0,3.49725,3.427375
288.0,3.4975,3.427875
288.0,3.498625,3.428375
288.0,3.49925,3.42825
288.0,3.498875,3.427625
288.0,3.498625,3.426375
288.0,3.498375,3.4265
288.0,3.49825,3.427
288.0,3.499375,3.426875
288.0,3.5005,3.426375
288.0,3.500125,3.426
288.0,3.499375,3.4265
288.0,3.498625,3.427125
288.0,3.498375,3.427125
288.0,3.498375,3.427125
288.0,3.497875,3.427125
288.0,3.497625,3.42725
288.0,3.49725,3.4275
288.0,3.498125,3.428
288.0,3.499,3.4285
288.0,3.498875,3.42825
288.0,3.498875,3.427125
288.0,3.49875,3.42625
288.0,3.498125,3.426625
288.0,3.498125,3.426875
288.0,3.49925,3.426875
288.0,3.5,3.426375
288.0,3.500125,3.426375
288.0,3.49925,3.426875
288.0,3.498125,3.427125
288.0,3.498125,3.427125
288.0,3.497625,3.426875
288.0,3.4975,3.42725
288.0,3.49725,3.427375
288.0,3.4975,3.427625
288.0,3.49875,3.428375
288.0,3.499125,3.4285
288.0,3.498375,3.42775
288.0,3.4985,3.426875
288.0,3.498625,3.426
288.0,3.497875,3.426375
288.0,3.49825,3.426875
288.0,3.499375,3.42675
288.0,3.50025,3.42625
288.0,3.500125,3.426375
288.0,3.498875,3.427
288.0,3.498875,3.427
288.0,3.49825,3.427125
288.0,3.498,3.426875
288.0,3.497875,3.427375
288.0,3.497375,3.427375
288.0,3.497125,3.427625
288.0,3.49825,3.4285
288.0,3.499375,3.42825
288.0,3.499,3.42775
288.0,3.49875,3.426875
288.0,3.49825,3.426375
288.0,3.498125,3.42675
288.0,3.499,3.427
288.0,3.50025,3.42675
288.0,3.50025,3.426375
288.0,3.49975,3.42675
288.0,3.49975,3.42675
288.0,3.49875,3.427125
288.0,3.49825,3.427125
288.0,3.498125,3.427
288.0,3.49775,3.42725
288.0,3.4975,3.42725
288.0,3.497625,3.427875
288.0,3.498375,3.42825
288.0,3.49925,3.427875
288.0,3.49925,3.427
288.0,3.499,3.426125
288.0,3.498375,3.426125
288.0,3.49825,3.42675
288.0,3.499375,3.427
288.0,3.500125,3.42625
288.0,3.5,3.425875
288.0,3.49925,3.426625
288.0,3.49925,3.426625
288.0,3.4985,3.427
288.0,3.498375,3.4265
288.0,3.498125,3.426875
288.0,3.497625,3.42725
288.0,3.497125,3.427375
288.0,3.49775,3.428125
288.0,3.499,3.4285
288.0,3.499125,3.428
288.0,3.498375,3.427125
288.0,3.49875,3.426375
288.0,3.498375,3.426625
288.0,3.498625,3.426875
288.0,3.49975,3.426625
288.0,3.50025,3.426125
288.0,3.5,3.426375
288.0,3.5,3.426375
288.0,3.498875,3.42725
288.0,3.498,3.427
288.0,3.49775,3.426875
288.0,3.497625,3.427125
288.0,3.4975,3.427375
288.0,3.49775,3.427625
288.0,3.498625,3.4285
288.0,3.499,3.428375
288.0,3.498375,3.427875
288.0,3.498625,3.426375
288.0,3.499,3.426
288.0,3.498,3.42675
288.0,3.498625,3.427
288.0,3.5,3.4265
288.0,3.500625,3.425875
288.0,3.500625,3.425875
288.0,3.5,3.4265
288.0,3.49825,3.427125
288.0,3.498,3.426875
288.0,3.4975,3.427125
288.0,3.4975,3.427375
288.0,3.4975,3.427375
288.0,3.497875,3.42775
288.0,3.498625,3.428125
288.0,3.49925,3.428125
288.0,3.499,3.427375
288.0,3.49875,3.426375
288.0,3.4985,3.42625
288.0,3.498375,3.42675
288.0,3.499375,3.427
288.0,3.500625,3.4265
288.0,3.500625,3.4265
288.0,3.500625,3.426
288.0,3.49975,3.426625
288.0,3.4985,3.42725
288.0,3.498,3.427125
288.0,3.49775,3.42725
288.0,3.4975,3.4275
288.0,3.497375,3.4275
288.0,3.49825,3.428
288.0,3.499125,3.428375
288.0,3.499375,3.427875
288.0,3.499375,3.427
288.0,3.49925,3.42625
288.0,3.49875,3.4265
288.0,3.498625,3.426875
288.0,3.499375,3.426875
288.0,3.500125,3.42625
288.0,3.500125,3.42625
288.0,3.5005,3.42625
288.0,3.499375,3.427
288.0,3.4985,3.427
288.0,3.498,3.42675
288.0,3.4975,3.427125
288.0,3.497375,3.427375
288.0,3.497625,3.427625
288.0,3.499,3.42825
288.0,3.499875,3.428375
288.0,3.499,3.42775
288.0,3.498375,3.42675
288.0,3.498875,3.426375
288.0,3.49875,3.42675
289.0,3.49875,3.44475
289.0,3.4985,3.4445
289.0,3.49775,3.44475
289.0,3.49875,3.444875
289.0,3.500125,3.4445
289.0,3.5,3.444
289.0,3.49925,3.4445
289.0,3.498625,3.44525
289.0,3.498625,3.4445
289.0,3.498125,3.4445
289.0,3.4975,3.444625
289.0,3.49725,3.44525
289.0,3.497125,3.445375
289.0,3.498125,3.445875
289.0,3.49925,3.446125
289.0,3.49925,3.446
289.0,3.498375,3.445375
289.0,3.498125,3.4445
289.0,3.498,3.444625
289.0,3.49825,3.444875
289.0,3.4995,3.444875
289.0,3.5,3.44425
289.0,3.499625,3.444125
289.0,3.499125,3.444625
289.0,3.49825,3.444875
289.0,3.49825,3.444875
289.0,3.498375,3.4445
289.0,3.49775,3.444875
289.0,3.49725,3.44525
289.0,3.49725,3.445375
289.0,3.498,3.446
289.0,3.499375,3.4465
289.0,3.499375,3.446125
289.0,3.4985,3.4455
289.0,3.49875,3.444625
289.0,3.4985,3.444625
289.0,3.498875,3.445125
289.0,3.5,3.444875
289.0,3.50025,3.44425
289.0,3.499875,3.44425
289.0,3.498625,3.445
289.0,3.498625,3.445
289.0,3.498,3.444875
289.0,3.498375,3.444625
289.0,3.498375,3.44525
289.0,3.4975,3.445375
289.0,3.4975,3.445625
289.0,3.498375,3.44625
289.0,3.49925,3.4465
289.0,3.49875,3.44575
289.0,3.499,3.44475
289.0,3.499,3.444375
289.0,3.498125,3.44475
289.0,3.4985,3.445
289.0,3.499875,3.444625
289.0,3.500125,3.443875
289.0,3.499125,3.444375
289.0,3.499125,3.444375
289.0,3.49825,3.44525
289.0,3.498,3.444875
289.0,3.498,3.44475
289.0,3.497375,3.445125
289.0,3.49725,3.4455
289.0,3.498,3.44575
289.0,3.498625,3.446375
289.0,3.499125,3.44625
289.0,3.498875,3.4455
289.0,3.49875,3.444625
289.0,3.498625,3.4445
289.0,3.4985,3.445
289.0,3.499375,3.445125
289.0,3.50025,3.4445
289.0,3.500375,3.44425
289.0,3.500375,3.44425
289.0,3.499375,3.44475
289.0,3.49825,3.44525
289.0,3.498,3.444875
289.0,3.497875,3.44525
289.0,3.49775,3.4455
289.0,3.49725,3.445625
289.0,3.498125,3.446125
289.0,3.499125,3.446375
289.0,3.49925,3.446125
289.0,3.4985,3.44525
289.0,3.498625,3.4445
289.0,3.498375,3.44475
289.0,3.498125,3.445
289.0,3.499125,3.44475
289.0,3.5005,3.444375
289.0,3.5005,3.444375
289.0,3.500625,3.444375
289.0,3.49925,3.445
289.0,3.4985,3.445
289.0,3.498375,3.44475
289.0,3.49775,3.445125
289.0,3.497,3.44525
289.0,3.497375,3.445625
289.0,3.498625,3.446375
289.0,3.4995,3.4465
289.0,3.499,3.445875
289.0,3.498875,3.444625
289.0,3.49875,3.44425
289.0,3.498625,3.444875
289.0,3.499125,3.445
289.0,3.500125,3.444625
289.0,3.50075,3.444
289.0,3.50075,3.444
289.0,3.5,3.444125
289.0,3.49875,3.445
289.0,3.498,3.445125
289.0,3.49775,3.445
289.0,3.4975,3.44525
289.0,3.497375,3.445375
289.0,3.498,3.445875
289.0,3.49875,3.4465
289.0,3.499125,3.44625
289.0,3.498625,3.4455
289.0,3.49875,3.44475
289.0,3.49875,3.444625
289.0,3.4985,3.445
289.0,3.499,3.445
289.0,3.5,3.444625
289.0,3.5,3.444625
289.0,3.500375,3.444
289.0,3.499625,3.44475
289.0,3.498875,3.4455
289.0,3.49825,3.445
289.0,3.498,3.445125
289.0,3.497625,3.4455
289.0,3.497375,3.4455
289.0,3.497625,3.44625
289.0,3.498625,3.446625
289.0,3.499375,3.446
289.0,3.498875,3.445375
289.0,3.4985,3.4445
289.0,3.498125,3.4445
289.0,3.4985,3.445
289.0,3.4995,3.444875
289.0,3.4995,3.444375
289.0,3.500125,3.444375
289.0,3.5005,3.444375
289.0,3.499125,3.445
289.0,3.498,3.445125
289.0,3.497375,3.445
289.0,3.497375,3.445125
289.0,3.497,3.445375
289.0,3.4975,3.445375
289.0,3.49825,3.446125
289.0,3.49925,3.446125
289.0,3.49925,3.445875
289.0,3.498875,3.445125
289.0,3.4985,3.444375
289.0,3.497875,3.444625
289.0,3.49875,3.445
289.0,3.49875,3.444875
289.0,3.5,3.444875
289.0,3.50025,3.444125
289.0,3.49975,3.444375
289.0,3.4985,3.444875
289.0,3.498125,3.445
289.0,3.497875,3.44475
289.0,3.4975,3.445125
289.0,3.4975,3.445375
289.0,3.497875,3.44575
289.0,3.498625,3.446375
289.0,3.498875,3.446125
289.0,3.49925,3.44575
289.0,3.498875,3.444875
289.0,3.4985,3.4445
290.0,3.498,3.459625
290.0,3.49775,3.459875
290.0,3.497125,3.459875
290.0,3.49775,3.460375
290.0,3.498875,3.461
290.0,3.499,3.460875
290.0,3.49875,3.46025
290.0,3.49875,3.459
290.0,3.49875,3.459
290.0,3.49825,3.459125
290.0,3.49825,3.459625
290.0,3.49925,3.459625
290.0,3.499875,3.459125
290.0,3.5,3.458875
290.0,3.49925,3.45975
290.0,3.49825,3.46
290.0,3.497875,3.459625
290.0,3.497375,3.459625
290.0,3.496625,3.459875
290.0,3.497375,3.460125
290.0,3.4985,3.460625
290.0,3.498875,3.461
290.0,3.499125,3.460375
290.0,3.499,3.4595
290.0,3.498875,3.459125
290.0,3.498875,3.459125
290.0,3.498,3.4595
290.0,3.498125,3.459625
290.0,3.49925,3.459375
290.0,3.49975,3.458875
290.0,3.5,3.459125
290.0,3.49875,3.459625
290.0,3.498,3.459625
290.0,3.498,3.459625
290.0,3.49775,3.459875
290.0,3.497125,3.46
290.0,3.4975,3.46025
290.0,3.4985,3.46075
290.0,3.49925,3.46075
290.0,3.499375,3.4605
290.0,3.4985,3.4595
290.0,3.4985,3.4595
290.0,3.497875,3.459
290.0,3.498125,3.459375
290.0,3.49925,3.4595
290.0,3.49975,3.45925
290.0,3.5,3.458625
290.0,3.499875,3.459
290.0,3.498375,3.4595
290.0,3.497875,3.459375
290.0,3.497875,3.459625
290.0,3.497375,3.46
290.0,3.49725,3.46
290.0,3.4975,3.460375
290.0,3.4985,3.460875
290.0,3.499,3.460625
290.0,3.498875,3.46
290.0,3.498875,3.46
290.0,3.49875,3.459125
290.0,3.49825,3.459
290.0,3.498125,3.459375
290.0,3.499375,3.4595
290.0,3.500375,3.459
290.0,3.500125,3.458625
290.0,3.4995,3.459125
290.0,3.4985,3.459375
290.0,3.497875,3.459125
290.0,3.49775,3.45975
290.0,3.497625,3.460125
290.0,3.497375,3.460125
290.0,3.497875,3.460625
290.0,3.499,3.461125
290.0,3.499125,3.460375
290.0,3.499125,3.460375
290.0,3.498625,3.45975
290.0,3.498875,3.459125
290.0,3.498625,3.459125
290.0,3.498375,3.459625
290.0,3.499625,3.459625
290.0,3.500375,3.45875
290.0,3.500375,3.458375
290.0,3.49925,3.459
290.0,3.4985,3.4595
290.0,3.49825,3.4595
290.0,3.497875,3.45975
290.0,3.497125,3.459875
290.0,3.497375,3.46025
290.0,3.498875,3.460875
290.0,3.499375,3.461125
290.0,3.498875,3.461125
290.0,3.498875,3.460625
290.0,3.49875,3.459875
290.0,3.4985,3.458875
290.0,3.497875,3.459125
290.0,3.49825,3.4595
290.0,3.49975,3.45925
290.0,3.50025,3.4585
290.0,3.4995,3.458875
290.0,3.499,3.459625
290.0,3.498375,3.4595
290.0,3.49825,3.4595
290.0,3.497875,3.45975
290.0,3.497125,3.46
290.0,3.49725,3.46025
290.0,3.498625,3.460875
290.0,3.499,3.460875
290.0,3.499,3.460875
290.0,3.498875,3.46025
290.0,3.498625,3.459
290.0,3.498,3.458875
290.0,3.498125,3.4595
290.0,3.49925,3.459625
290.0,3.500125,3.459
290.0,3.500375,3.45875
290.0,3.499375,3.459
290.0,3.498,3.45975
290.0,3.497875,3.459875
290.0,3.49775,3.459875
290.0,3.497875,3.460125
290.0,3.497375,3.460125
290.0,3.498,3.4605
290.0,3.498875,3.461
290.0,3.498875,3.461
290.0,3.499125,3.4605
290.0,3.4985,3.459625
290.0,3.498625,3.458875
290.0,3.49825,3.458875
290.0,3.498125,3.4595
290.0,3.499875,3.4595
290.0,3.500625,3.45875
290.0,3.50025,3.4585
290.0,3.499375,3.459375
290.0,3.498375,3.4595
290.0,3.498,3.459375
290.0,3.497625,3.459875
290.0,3.497375,3.460125
290.0,3.497375,3.46025
290.0,3.498125,3.461
290.0,3.498125,3.461
290.0,3.4995,3.46125
290.0,3.49925,3.46075
290.0,3.4985,3.45975
290.0,3.498375,3.459125
290.0,3.498125,3.459375
290.0,3.498375,3.45975
290.0,3.499625,3.459375
290.0,3.499875,3.45875
290.0,3.499625,3.45875
290.0,3.49825,3.4595
290.0,3.49775,3.45975
290.0,3.497875,3.459625
290.0,3.497375,3.45975
290.0,3.497,3.460125
290.0,3.497125,3.460375
290.0,3.498375,3.460375
290.0,3.498375,3.461125
290.0,3.49925,3.460875
290.0,3.49875,3.46025
290.0,3.498375,3.4595
290.0,3.49825,3.458875
290.0,3.498375,3.459375
290.0,3.498875,3.459625
290.0,3.499625,3.45925
290.0,3.500125,3.458625
290.0,3.49975,3.458875
290.0,3.4985,3.4595
290.0,3.497625,3.459125
290.0,3.4975,3.45925
290.0,3.497375,3.45975
291.0,3.499,3.471375
291.0,3.498125,3.47175
291.0,3.4975,3.471875
291.0,3.497125,3.47225
291.0,3.497125,3.47225
291.0,3.497625,3.4725
291.0,3.498625,3.47325
291.0,3.499125,3.473
291.0,3.499125,3.473
291.0,3.498875,3.4725
291.0,3.49875,3.47175
291.0,3.4985,3.47125
291.0,3.49825,3.471625
291.0,3.499,3.471875
291.0,3.499625,3.471625
291.0,3.50025,3.471
291.0,3.4995,3.471125
291.0,3.497875,3.47175
291.0,3.497625,3.471625
291.0,3.497625,3.471875
291.0,3.49775,3.47225
291.0,3.4975,3.47225
291.0,3.497375,3.472625
291.0,3.498375,3.473375
291.0,3.498375,3.47325
291.0,3.499125,3.47325
291.0,3.498125,3.472375
291.0,3.49825,3.47125
291.0,3.498375,3.471375
291.0,3.498375,3.471625
291.0,3.49925,3.471625
291.0,3.500125,3.47125
291.0,3.50025,3.471
291.0,3.499125,3.4715
291.0,3.49825,3.472125
291.0,3.497875,3.471625
291.0,3.4975,3.47175
291.0,3.497375,3.47225
291.0,3.497125,3.472375
291.0,3.497625,3.473
291.0,3.49875,3.47325
291.0,3.49875,3.47325
291.0,3.499125,3.47275
291.0,3.498375,3.471875
291.0,3.4985,3.47125
291.0,3.498125,3.4715
291.0,3.49825,3.471875
291.0,3.499375,3.47175
291.0,3.500125,3.471125
291.0,3.500375,3.471
291.0,3.499125,3.472
291.0,3.498,3.471875
291.0,3.49775,3.471625
291.0,3.497125,3.472125
291.0,3.497125,3.472125
291.0,3.4975,3.4725
291.0,3.498125,3.473125
291.0,3.498125,3.473125
291.0,3.49875,3.47325
291.0,3.498625,3.4725
291.0,3.498625,3.471625
291.0,3.4985,3.471125
291.0,3.498125,3.4715
291.0,3.49875,3.471875
291.0,3.49975,3.4715
291.0,3.5,3.470875
291.0,3.499625,3.470875
291.0,3.4985,3.4715
291.0,3.498,3.47175
291.0,3.497625,3.471625
291.0,3.497375,3.47225
291.0,3.497375,3.47225
291.0,3.4975,3.4725
291.0,3.4975,3.4725
291.0,3.49825,3.473
291.0,3.4995,3.472875
291.0,3.49875,3.472125
291.0,3.49825,3.471375
291.0,3.498,3.47125
291.0,3.498,3.47175
291.0,3.498875,3.472
291.0,3.499875,3.4715
291.0,3.5,3.471125
291.0,3.499125,3.47175
291.0,3.49825,3.47225
291.0,3.49825,3.471875
291.0,3.49775,3.471875
291.0,3.49725,3.47225
291.0,3.497,3.47225
291.0,3.497,3.47275
291.0,3.49775,3.47275
291.0,3.498625,3.47325
291.0,3.49875,3.47275
291.0,3.498375,3.472125
291.0,3.498375,3.47125
291.0,3.49775,3.471375
291.0,3.498,3.471875
291.0,3.499125,3.47175
291.0,3.50025,3.471125
291.0,3.50025,3.471
291.0,3.499,3.47175
291.0,3.49825,3.47175
291.0,3.498,3.4715
291.0,3.49775,3.472
291.0,3.49725,3.472125
291.0,3.496875,3.47225
291.0,3.496875,3.47225
291.0,3.497625,3.472875
291.0,3.499,3.473125
291.0,3.499125,3.4725
291.0,3.4985,3.47175
291.0,3.498125,3.471375
291.0,3.49825,3.47175
291.0,3.498625,3.472
291.0,3.499625,3.47175
291.0,3.50025,3.47125
291.0,3.4995,3.47125
291.0,3.498625,3.472125
291.0,3.498125,3.471875
291.0,3.497875,3.47175
291.0,3.49725,3.472
291.0,3.496875,3.472125
291.0,3.496875,3.472125
291.0,3.49725,3.4725
291.0,3.498125,3.473
291.0,3.499,3.472875
291.0,3.498875,3.47225
291.0,3.4985,3.4715
291.0,3.498,3.471
291.0,3.497625,3.471375
291.0,3.498625,3.471625
291.0,3.49975,3.47125
291.0,3.5,3.47075
291.0,3.4995,3.471125
291.0,3.498375,3.47175
291.0,3.498,3.471875
291.0,3.49775,3.472
291.0,3.4975,3.47225
291.0,3.4975,3.47225
291.0,3.49725,3.47225
291.0,3.49775,3.472875
291.0,3.499,3.473125
291.0,3.499375,3.473
291.0,3.498625,3.47225
291.0,3.49875,3.471125
291.0,3.4985,3.471125
291.0,3.498,3.47175
291.0,3.499125,3.471625
291.0,3.50025,3.471
291.0,3.500125,3.47075
291.0,3.499375,3.471375
291.0,3.49825,3.471625
291.0,3.498125,3.4715
291.0,3.497875,3.471875
291.0,3.497875,3.471875
291.0,3.4975,3.472125
291.0,3.497625,3.472375
291.0,3.498,3.473125
291.0,3.499,3.473125
291.0,3.499375,3.4725
291.0,3.498875,3.471875
291.0,3.498625,3.47125
291.0,3.498125,3.4715
291.0,3.498375,3.471875
291.0,3.499625,3.471625
291.0,3.5005,3.470875
291.0,3.49975,3.47125
291.0,3.4985,3.472125
291.0,3.4985,3.47175
292.0,3.498375,3.48325
292.0,3.499375,3.4835
292.0,3.500375,3.482875
292.0,3.500625,3.482375
292.0,3.499875,3.483
292.0,3.499,3.483875
292.0,3.498125,3.483625
292.0,3.49775,3.483625
292.0,3.49775,3.483625
292.0,3.497875,3.48375
292.0,3.497625,3.484
292.0,3.49825,3.484625
292.0,3.4995,3.484875
292.0,3.49925,3.484375
292.0,3.498625,3.4835
292.0,3.498625,3.482875
292.0,3.49825,3.483
292.0,3.4985,3.483625
292.0,3.499625,3.483375
292.0,3.500125,3.482625
292.0,3.5005,3.4825
292.0,3.499375,3.483625
292.0,3.49825,3.483875
292.0,3.498125,3.483375
292.0,3.497875,3.48375
292.0,3.497875,3.48375
292.0,3.497625,3.483875
292.0,3.498,3.48375
292.0,3.498125,3.48475
292.0,3.499125,3.485
292.0,3.499375,3.484625
292.0,3.49875,3.483625
292.0,3.49875,3.483
292.0,3.498125,3.483375
292.0,3.498625,3.483625
292.0,3.49975,3.48325
292.0,3.500375,3.482625
292.0,3.5005,3.482625
292.0,3.499375,3.4835
292.0,3.4985,3.483375
292.0,3.49825,3.48325
292.0,3.49825,3.48325
292.0,3.497875,3.483875
292.0,3.497375,3.48375
292.0,3.497625,3.48425
292.0,3.498625,3.485
292.0,3.4995,3.48475
292.0,3.49975,3.48425
292.0,3.499,3.4835
292.0,3.49825,3.482875
292.0,3.498125,3.48325
292.0,3.499,3.483625
292.0,3.5,3.483125
292.0,3.500125,3.4825
292.0,3.499875,3.483
292.0,3.49875,3.4835
292.0,3.49825,3.483125
292.0,3.49825,3.483125
292.0,3.49825,3.483375
292.0,3.497875,3.48375
292.0,3.49725,3.483875
292.0,3.497625,3.48425
292.0,3.499,3.484625
292.0,3.499375,3.484375
292.0,3.49825,3.48375
292.0,3.4985,3.482875
292.0,3.4985,3.482875
292.0,3.498375,3.48325
292.0,3.49925,3.48325
292.0,3.5005,3.48275
292.0,3.5005,3.482875
292.0,3.49975,3.483625
292.0,3.4985,3.48375
292.0,3.4985,3.48375
292.0,3.49825,3.4835
292.0,3.498125,3.483625
292.0,3.4975,3.48375
292.0,3.497375,3.48375
292.0,3.498125,3.484375
292.0,3.499125,3.485
292.0,3.499125,3.484875
292.0,3.498875,3.483875
292.0,3.499,3.482875
292.0,3.498375,3.483
292.0,3.4985,3.483375
292.0,3.499875,3.483125
292.0,3.500625,3.4825
292.0,3.50025,3.48275
292.0,3.499,3.4835
292.0,3.499,3.4835
292.0,3.498375,3.4835
292.0,3.498125,3.483375
292.0,3.497625,3.483625
292.0,3.4975,3.483625
292.0,3.497625,3.483875
292.0,3.4985,3.48475
292.0,3.499375,3.484875
292.0,3.498875,3.48425
292.0,3.4985,3.483125
292.0,3.498375,3.4825
292.0,3.498375,3.483
292.0,3.499125,3.483375
292.0,3.500125,3.48325
292.0,3.5005,3.482875
292.0,3.50025,3.48325
292.0,3.499125,3.48375
292.0,3.499125,3.48375
292.0,3.4985,3.483
292.0,3.498375,3.482875
292.0,3.498125,3.4835
292.0,3.4975,3.48375
292.0,3.497875,3.48425
292.0,3.499,3.48475
292.0,3.499375,3.48475
292.0,3.49875,3.484125
292.0,3.4985,3.482875
292.0,3.498125,3.482875
292.0,3.4985,3.48325
292.0,3.499875,3.48325
292.0,3.500625,3.48275
292.0,3.500625,3.4825
292.0,3.499375,3.48325
292.0,3.499375,3.48325
292.0,3.49825,3.483875
292.0,3.49825,3.483625
292.0,3.498,3.483625
292.0,3.49725,3.483625
292.0,3.497125,3.48375
292.0,3.497875,3.484375
292.0,3.499,3.484625
292.0,3.49925,3.48425
292.0,3.498625,3.483625
292.0,3.498375,3.482625
292.0,3.498,3.483
292.0,3.49825,3.4835
292.0,3.4995,3.483125
292.0,3.500125,3.4825
292.0,3.5,3.48275
292.0,3.5,3.48275
292.0,3.4995,3.4835
292.0,3.49875,3.483875
292.0,3.498125,3.483625
292.0,3.497875,3.48375
292.0,3.4975,3.48375
292.0,3.497,3.483875
292.0,3.497875,3.48475
292.0,3.499125,3.485
292.0,3.499625,3.48425
292.0,3.498625,3.48325
292.0,3.4985,3.48275
292.0,3.49825,3.483
292.0,3.49875,3.483375
292.0,3.499625,3.483
292.0,3.5,3.4825
292.0,3.5,3.4825
292.0,3.500125,3.482875
292.0,3.499,3.4835
292.0,3.49825,3.483
292.0,3.49825,3.48325
292.0,3.497875,3.483625
292.0,3.497375,3.48375
292.0,3.497625,3.48425
292.0,3.498875,3.484875
292.0,3.49975,3.484875
292.0,3.49875,3.48425
292.0,3.498625,3.48325
292.0,3.498875,3.483
292.0,3.49875,3.483375
292.0,3.499125,3.4835
293.0,3.498375,3.493375
293.0,3.499375,3.493625
293.0,3.4995,3.49325
293.0,3.499,3.49225
293.0,3.49875,3.491625
293.0,3.498375,3.49175
293.0,3.49875,3.492125
293.0,3.5,3.492125
293.0,3.5,3.492125
293.0,3.5005,3.491375
293.0,3.49975,3.4915
293.0,3.4985,3.49225
293.0,3.497875,3.492
293.0,3.498,3.492125
293.0,3.4975,3.4925
293.0,3.497125,3.4925
293.0,3.49775,3.492875
293.0,3.498875,3.4935
293.0,3.49975,3.4935
293.0,3.499375,3.493125
293.0,3.499125,3.491875
293.0,3.49875,3.491375
293.0,3.498375,3.491875
293.0,3.499,3.492125
293.0,3.49975,3.4915
293.0,3.49975,3.4915
293.0,3.50025,3.491125
293.0,3.499375,3.491875
293.0,3.498375,3.49225
293.0,3.49825,3.492
293.0,3.497875,3.492125
293.0,3.497875,3.49225
293.0,3.4975,3.49225
293.0,3.49775,3.493
293.0,3.498875,3.493625
293.0,3.499875,3.493625
293.0,3.499375,3.49275
293.0,3.49875,3.491625
293.0,3.498375,3.4915
293.0,3.49825,3.491875
293.0,3.49925,3.492
293.0,3.49925,3.492
293.0,3.50025,3.491375
293.0,3.5005,3.49125
293.0,3.49975,3.49175
293.0,3.498875,3.492125
293.0,3.498125,3.492
293.0,3.49775,3.492125
293.0,3.49775,3.49225
293.0,3.49725,3.4925
293.0,3.498375,3.493
293.0,3.499375,3.493625
293.0,3.499375,3.49325
293.0,3.498875,3.49225
293.0,3.498625,3.4915
293.0,3.49825,3.4915
293.0,3.498625,3.491875
293.0,3.498625,3.491875
293.0,3.499625,3.492
293.0,3.500625,3.491375
293.0,3.500375,3.491125
293.0,3.499375,3.49225
293.0,3.4985,3.492375
293.0,3.49825,3.492
293.0,3.497875,3.492375
293.0,3.49725,3.492375
293.0,3.497125,3.49275
293.0,3.49825,3.49325
293.0,3.49925,3.493125
293.0,3.499,3.49275
293.0,3.49875,3.491625
293.0,3.498375,3.491
293.0,3.498125,3.49175
293.0,3.498125,3.492
293.0,3.499,3.492
293.0,3.50025,3.491625
293.0,3.50025,3.491125
293.0,3.5,3.4915
293.0,3.498875,3.49225
293.0,3.49825,3.492125
293.0,3.498,3.492125
293.0,3.497625,3.49225
293.0,3.497125,3.492375
293.0,3.497625,3.492875
293.0,3.49875,3.493375
293.0,3.499125,3.493375
293.0,3.49875,3.4925
293.0,3.499,3.491375
293.0,3.498625,3.491625
293.0,3.498625,3.492125
293.0,3.498375,3.492125
293.0,3.499125,3.492125
293.0,3.500125,3.491625
293.0,3.5005,3.491125
293.0,3.5,3.492
293.0,3.498875,3.4925
293.0,3.498375,3.492125
293.0,3.498,3.49225
293.0,3.4975,3.492375
293.0,3.49725,3.492625
293.0,3.497875,3.493125
293.0,3.49875,3.4935
293.0,3.499125,3.49325
293.0,3.498625,3.49225
293.0,3.498375,3.491375
293.0,3.498,3.491625
293.0,3.498,3.491625
293.0,3.498125,3.49225
293.0,3.49925,3.492125
293.0,3.500125,3.49125
293.0,3.5,3.491
293.0,3.498625,3.491625
293.0,3.498125,3.492
293.0,3.4985,3.49175
293.0,3.498125,3.49225
293.0,3.4975,3.4925
293.0,3.4975,3.4925
293.0,3.49825,3.493125
293.0,3.499125,3.493375
293.0,3.49875,3.49275
293.0,3.498875,3.49175
293.0,3.4985,3.49125
293.0,3.4985,3.49125
293.0,3.497875,3.49175
293.0,3.498625,3.49225
293.0,3.50025,3.49175
293.0,3.5005,3.491
293.0,3.500125,3.491125
293.0,3.49925,3.492
293.0,3.4985,3.492
293.0,3.498,3.491875
293.0,3.49775,3.492375
293.0,3.497625,3.4925
293.0,3.497625,3.49275
293.0,3.49825,3.4935
293.0,3.499375,3.493125
293.0,3.49925,3.4925
293.0,3.49875,3.49175
293.0,3.49875,3.49175
293.0,3.4985,3.491625
293.0,3.498125,3.491875
293.0,3.49875,3.491875
293.0,3.499875,3.4915
293.0,3.50025,3.491125
293.0,3.499625,3.49175
293.0,3.498625,3.491875
293.0,3.49825,3.49175
293.0,3.49775,3.49225
293.0,3.4975,3.492625
293.0,3.497375,3.4925
293.0,3.497875,3.493125
293.0,3.499125,3.49375
293.0,3.499625,3.4935
293.0,3.498875,3.4925
293.0,3.498875,3.491625
293.0,3.498875,3.491625
293.0,3.49875,3.4915
293.0,3.49825,3.492125
293.0,3.49925,3.492125
293.0,3.5005,3.4915
293.0,3.50025,3.491125
293.0,3.4995,3.49175
293.0,3.49875,3.492125
293.0,3.498,3.492
293.0,3.498,3.4925
293.0,3.497375,3.4925
293.0,3.497125,3.492625
293.0,3.498,3.4935
293.0,3.49925,3.49375
294.0,3.499125,3.4995
294.0,3.498875,3.498625
294.0,3.498375,3.497625
294.0,3.498,3.4975
294.0,3.497875,3.49825
294.0,3.498875,3.49825
294.0,3.5,3.497625
294.0,3.500375,3.497375
294.0,3.500375,3.497375
294.0,3.499375,3.497875
294.0,3.49875,3.498125
294.0,3.4985,3.498
294.0,3.498,3.49825
294.0,3.497375,3.498625
294.0,3.496875,3.49875
294.0,3.497125,3.499125
294.0,3.498625,3.4995
294.0,3.49925,3.499
294.0,3.498375,3.49825
294.0,3.498,3.4975
294.0,3.498125,3.497625
294.0,3.498625,3.498125
294.0,3.499375,3.498125
294.0,3.500125,3.497375
294.0,3.500125,3.497625
294.0,3.500125,3.497625
294.0,3.499125,3.498375
294.0,3.498125,3.498375
294.0,3.497875,3.497875
294.0,3.497625,3.4985
294.0,3.496875,3.498625
294.0,3.49725,3.49875
294.0,3.498,3.499375
294.0,3.499,3.4995
294.0,3.49875,3.49875
294.0,3.4985,3.498125
294.0,3.498125,3.49775
294.0,3.497625,3.498
294.0,3.4985,3.49825
294.0,3.4995,3.497875
294.0,3.49975,3.497375
294.0,3.49975,3.497375
294.0,3.4995,3.4975
294.0,3.4985,3.498
294.0,3.498,3.498
294.0,3.497875,3.498125
294.0,3.497,3.49825
294.0,3.497,3.49825
294.0,3.49775,3.498875
294.0,3.498875,3.499625
294.0,3.4995,3.499375
294.0,3.499,3.498625
294.0,3.4985,3.498
294.0,3.498375,3.49775
294.0,3.498375,3.49825
294.0,3.499375,3.49825
294.0,3.500375,3.497625
294.0,3.500375,3.497625
294.0,3.499875,3.497125
294.0,3.49925,3.497875
294.0,3.498125,3.49825
294.0,3.497875,3.498
294.0,3.49775,3.49825
294.0,3.497375,3.498625
294.0,3.497125,3.498625
294.0,3.497375,3.49925
294.0,3.498375,3.49975
294.0,3.499125,3.4995
294.0,3.4985,3.498125
294.0,3.498625,3.49725
294.0,3.4985,3.49775
294.0,3.498375,3.498125
294.0,3.499375,3.498125
294.0,3.49975,3.498125
294.0,3.49975,3.497375
294.0,3.500125,3.497375
294.0,3.499625,3.498
294.0,3.498375,3.4985
294.0,3.49825,3.49825
294.0,3.497875,3.498625
294.0,3.4975,3.498875
294.0,3.497,3.49875
294.0,3.498125,3.49925
294.0,3.499375,3.4995
294.0,3.498875,3.498875
294.0,3.49825,3.49825
294.0,3.49825,3.4975
294.0,3.498125,3.497875
294.0,3.4985,3.49825
294.0,3.499625,3.49825
294.0,3.499625,3.497875
294.0,3.500375,3.497375
294.0,3.5,3.497625
294.0,3.498875,3.498125
294.0,3.498125,3.498
294.0,3.497875,3.498125
294.0,3.497625,3.498625
294.0,3.496875,3.4985
294.0,3.497125,3.498875
294.0,3.498625,3.499625
294.0,3.499625,3.49925
294.0,3.499,3.49875
294.0,3.49875,3.498
294.0,3.4985,3.497875
294.0,3.497875,3.498125
294.0,3.498625,3.498125
294.0,3.498625,3.498125
294.0,3.500125,3.497625
294.0,3.500125,3.497125
294.0,3.499375,3.498
294.0,3.498125,3.49875
294.0,3.498,3.498125
294.0,3.498125,3.498
294.0,3.497625,3.498375
294.0,3.497625,3.498625
294.0,3.497875,3.49925
294.0,3.49875,3.499625
294.0,3.499125,3.49925
294.0,3.498625,3.49875
294.0,3.498625,3.497875
294.0,3.49825,3.49775
294.0,3.498,3.49825
294.0,3.498,3.49825
294.0,3.499125,3.498125
294.0,3.499875,3.497375
294.0,3.49975,3.49725
294.0,3.499125,3.498125
294.0,3.49775,3.498125
294.0,3.497875,3.49775
294.0,3.49775,3.498375
294.0,3.497125,3.498625
294.0,3.49675,3.49875
294.0,3.498,3.499375
294.0,3.499,3.499625
294.0,3.498625,3.498875
294.0,3.49825,3.498
294.0,3.498625,3.49725
294.0,3.498125,3.497875
294.0,3.4985,3.497875
294.0,3.4985,3.498125
294.0,3.4995,3.49775
294.0,3.499875,3.49725
294.0,3.499875,3.497375
294.0,3.498875,3.498375
294.0,3.49775,3.49825
294.0,3.49775,3.498375
294.0,3.498,3.4985
294.0,3.4975,3.498625
294.0,3.4975,3.498875
294.0,3.498125,3.499375
294.0,3.499,3.499375
294.0,3.498625,3.49875
294.0,3.498625,3.498
294.0,3.498125,3.497625
294.0,3.49775,3.497625
294.0,3.49775,3.498
294.0,3.499,3.49825
294.0,3.500125,3.497875
294.0,3.4995,3.497375
294.0,3.499375,3.49775
294.0,3.498875,3.49825
294.0,3.49825,3.498125
294.0,3.49775,3.498375
294.0,3.49725,3.498625
294.0,3.497125,3.49875
294.0,3.497,3.499125
294.0,3.498,3.499625
294.0,3.499,3.4995
294.0,3.498875,3.498875
295.0,3.498625,3.502375
295.0,3.498625,3.502125
295.0,3.498125,3.501125
295.0,3.498,3.50025
295.0,3.497875,3.5005
295.0,3.4985,3.50075
295.0,3.4995,3.5005
295.0,3.499625,3.499875
295.0,3.499625,3.499875
295.0,3.5,3.49975
295.0,3.49925,3.5005
295.0,3.498,3.50075
295.0,3.49775,3.50075
295.0,3.49775,3.501
295.0,3.49725,3.50125
295.0,3.4975,3.5015
295.0,3.4985,3.502125
295.0,3.499375,3.502
295.0,3.499125,3.501375
295.0,3.499,3.500375
295.0,3.4985,3.5
295.0,3.49825,3.5005
295.0,3.499125,3.501
295.0,3.499875,3.5005
295.0,3.50025,3.5005
295.0,3.50025,3.499875
295.0,3.5,3.500125
295.0,3.499,3.50075
295.0,3.498125,3.50075
295.0,3.498,3.50075
295.0,3.49775,3.501125
295.0,3.49725,3.50125
295.0,3.497375,3.50175
295.0,3.498375,3.502375
295.0,3.49875,3.502125
295.0,3.498375,3.50125
295.0,3.498375,3.500125
295.0,3.498375,3.50025
295.0,3.497875,3.50075
295.0,3.498875,3.501
295.0,3.499875,3.50025
295.0,3.499875,3.50025
295.0,3.499875,3.499875
295.0,3.499125,3.500375
295.0,3.497875,3.501
295.0,3.49775,3.500625
295.0,3.4975,3.50125
295.0,3.497125,3.501375
295.0,3.49675,3.5015
295.0,3.497625,3.502125
295.0,3.498875,3.502375
295.0,3.498875,3.50175
295.0,3.498625,3.500875
295.0,3.499,3.500125
295.0,3.498125,3.500375
295.0,3.497875,3.500625
295.0,3.499375,3.50075
295.0,3.499375,3.50075
295.0,3.50025,3.50025
295.0,3.500125,3.499875
295.0,3.498875,3.50075
295.0,3.497875,3.501
295.0,3.497875,3.50075
295.0,3.498,3.501125
295.0,3.4975,3.501375
295.0,3.497375,3.501375
295.0,3.4985,3.502125
295.0,3.499125,3.50225
295.0,3.498875,3.501625
295.0,3.49875,3.50075
295.0,3.4985,3.5
295.0,3.497875,3.500375
295.0,3.4985,3.50075
295.0,3.4985,3.50075
295.0,3.499625,3.5005
295.0,3.49975,3.5
295.0,3.499375,3.500125
295.0,3.498125,3.500875
295.0,3.497875,3.500625
295.0,3.498125,3.500625
295.0,3.497375,3.501
295.0,3.49675,3.501375
295.0,3.497375,3.50175
295.0,3.498375,3.502125
295.0,3.4995,3.502125
295.0,3.499,3.501625
295.0,3.4985,3.5005
295.0,3.498375,3.500125
295.0,3.4985,3.500625
295.0,3.49925,3.50075
295.0,3.49925,3.50075
295.0,3.500125,3.500125
295.0,3.499875,3.499875
295.0,3.49925,3.5005
295.0,3.498375,3.501125
295.0,3.498,3.50075
295.0,3.4975,3.50075
295.0,3.49725,3.501125
295.0,3.497375,3.50125
295.0,3.4975,3.50175
295.0,3.498375,3.502125
295.0,3.499125,3.501625
295.0,3.49875,3.50075
295.0,3.498375,3.50025
295.0,3.498,3.500375
295.0,3.497875,3.50075
295.0,3.497875,3.50075
295.0,3.498875,3.500625
295.0,3.500125,3.5
295.0,3.50025,3.499875
295.0,3.499375,3.50075
295.0,3.498375,3.500875
295.0,3.498,3.5005
295.0,3.498125,3.501
295.0,3.497375,3.501375
295.0,3.497125,3.501375
295.0,3.497875,3.501875
295.0,3.498875,3.502125
295.0,3.499125,3.501875
295.0,3.498375,3.500625
295.0,3.498125,3.5
295.0,3.498,3.500625
295.0,3.498,3.500625
295.0,3.498625,3.500875
295.0,3.49975,3.5005
295.0,3.50025,3.5
295.0,3.50025,3.50025
295.0,3.499,3.500625
295.0,3.498125,3.50075
295.0,3.497875,3.5005
295.0,3.497625,3.500875
295.0,3.49725,3.500875
295.0,3.4975,3.501375
295.0,3.498375,3.502125
295.0,3.49875,3.502
295.0,3.498875,3.50125
295.0,3.498875,3.500125
295.0,3.49825,3.499875
295.0,3.49825,3.499875
295.0,3.49775,3.5005
295.0,3.499,3.50075
295.0,3.499875,3.50025
295.0,3.49975,3.499625
295.0,3.498875,3.500125
295.0,3.498,3.500875
295.0,3.498125,3.5005
295.0,3.498,3.500875
295.0,3.497375,3.501
295.0,3.49675,3.501125
295.0,3.497875,3.50175
295.0,3.499,3.502125
295.0,3.49875,3.50175
295.0,3.498375,3.501125
295.0,3.49875,3.499875
295.0,3.49875,3.499875
295.0,3.497875,3.500125
295.0,3.498,3.500625
295.0,3.499625,3.500875
295.0,3.500375,3.50025
295.0,3.499875,3.5
295.0,3.499,3.50075
295.0,3.498375,3.500875
295.0,3.49825,3.50075
295.0,3.49775,3.501
295.0,3.497625,3.501
295.0,3.497,3.50125
295.0,3.497625,3.502
295.0,3.499,3.502375
295.0,3.49925,3.502
296.0,3.49875,3.503125
296.0,3.498375,3.502125
296.0,3.498,3.502125
296.0,3.49825,3.50275
296.0,3.49925,3.502875
296.0,3.5,3.502375
296.0,3.500125,3.50225
296.0,3.499125,3.503
296.0,3.499125,3.503
296.0,3.49825,3.503125
296.0,3.49775,3.5025
296.0,3.497375,3.502875
296.0,3.49725,3.50325
296.0,3.497,3.503375
296.0,3.498125,3.504
296.0,3.499,3.504
296.0,3.498875,3.503625
296.0,3.4985,3.50275
296.0,3.498625,3.502
296.0,3.498,3.50225
296.0,3.49825,3.50275
296.0,3.49975,3.502625
296.0,3.50025,3.502125
296.0,3.49975,3.502125
296.0,3.498875,3.50275
296.0,3.498875,3.50275
296.0,3.498375,3.502875
296.0,3.498125,3.5025
296.0,3.497375,3.503125
296.0,3.497375,3.50325
296.0,3.4975,3.5035
296.0,3.4985,3.50425
296.0,3.499125,3.50425
296.0,3.49875,3.503375
296.0,3.498625,3.502375
296.0,3.49825,3.50225
296.0,3.497625,3.502875
296.0,3.49875,3.502875
296.0,3.5,3.5025
296.0,3.49975,3.502
296.0,3.499375,3.502375
296.0,3.499375,3.502375
296.0,3.498625,3.502875
296.0,3.498125,3.502875
296.0,3.497375,3.50275
296.0,3.497,3.503125
296.0,3.497,3.50325
296.0,3.49775,3.50375
296.0,3.498375,3.50425
296.0,3.49875,3.504125
296.0,3.49825,3.50325
296.0,3.49825,3.50225
296.0,3.49825,3.50225
296.0,3.49825,3.50275
296.0,3.498875,3.502875
296.0,3.49975,3.50225
296.0,3.49975,3.50175
296.0,3.49975,3.50175
296.0,3.499125,3.5025
296.0,3.498125,3.503
296.0,3.497875,3.5025
296.0,3.49775,3.502875
296.0,3.497375,3.503125
296.0,3.497375,3.503375
296.0,3.49775,3.503875
296.0,3.498625,3.504
296.0,3.499,3.503625
296.0,3.498375,3.502875
296.0,3.498,3.502375
296.0,3.498,3.5025
296.0,3.49825,3.503
296.0,3.499625,3.502875
296.0,3.500375,3.50225
296.0,3.500375,3.502125
296.0,3.4995,3.502125
296.0,3.4985,3.50275
296.0,3.497875,3.502625
296.0,3.498,3.502625
296.0,3.498125,3.503125
296.0,3.497375,3.503125
296.0,3.496875,3.50325
296.0,3.49775,3.504
296.0,3.49925,3.50425
296.0,3.499,3.50375
296.0,3.498375,3.5025
296.0,3.49825,3.502
296.0,3.498,3.502625
296.0,3.499,3.50275
296.0,3.500125,3.502375
296.0,3.500625,3.502
296.0,3.500625,3.502
296.0,3.499625,3.502625
296.0,3.4985,3.50325
296.0,3.498,3.502625
296.0,3.4975,3.502625
296.0,3.49725,3.503
296.0,3.496875,3.50325
296.0,3.497375,3.5035
296.0,3.498625,3.504125
296.0,3.499375,3.50375
296.0,3.49875,3.502875
296.0,3.498625,3.50225
296.0,3.49825,3.502125
296.0,3.497625,3.50275
296.0,3.498625,3.50275
296.0,3.5,3.50225
296.0,3.5,3.50225
296.0,3.500375,3.502125
296.0,3.499875,3.5025
296.0,3.498625,3.50325
296.0,3.49775,3.503125
296.0,3.49775,3.503125
296.0,3.49725,3.50325
296.0,3.497375,3.50325
296.0,3.498,3.503875
296.0,3.499,3.50425
296.0,3.499125,3.504125
296.0,3.49825,3.502875
296.0,3.49825,3.501875
296.0,3.498,3.50225
296.0,3.49825,3.50275
296.0,3.4995,3.502625
296.0,3.4995,3.502625
296.0,3.50025,3.502125
296.0,3.500125,3.502
296.0,3.49875,3.502375
296.0,3.498,3.502875
296.0,3.49825,3.502875
296.0,3.49775,3.503125
296.0,3.49675,3.503125
296.0,3.49725,3.503375
296.0,3.498,3.504125
296.0,3.498375,3.50425
296.0,3.4985,3.503375
296.0,3.49825,3.50275
296.0,3.49825,3.502375
296.0,3.498125,3.50275
296.0,3.498375,3.503
296.0,3.498375,3.5025
296.0,3.49925,3.5025
296.0,3.500125,3.501875
296.0,3.50025,3.502375
296.0,3.498875,3.503
296.0,3.497875,3.5025
296.0,3.497375,3.50275
296.0,3.497,3.503125
296.0,3.49675,3.503
296.0,3.496875,3.503625
296.0,3.498,3.504125
296.0,3.49875,3.503875
296.0,3.498375,3.503375
296.0,3.4985,3.50275
296.0,3.49875,3.502375
296.0,3.498125,3.502625
296.0,3.498125,3.502875
296.0,3.498875,3.502875
296.0,3.5,3.5025
296.0,3.500125,3.502
296.0,3.499125,3.502375
296.0,3.498375,3.503
296.0,3.498625,3.502875
296.0,3.498375,3.50275
296.0,3.497875,3.503125
296.0,3.49675,3.503375
296.0,3.49725,3.503875
296.0,3.4985,3.50425
296.0,3.499125,3.504
296.0,3.49875,3.503
296.0,3.49875,3.502375
297.0,3.498,3.50225
297.0,3.498,3.502875
297.0,3.499,3.502875
297.0,3.499875,3.502375
297.0,3.499875,3.502125
297.0,3.49875,3.502625
297.0,3.497875,3.503
297.0,3.49775,3.502875
297.0,3.49775,3.502875
297.0,3.49725,3.503125
297.0,3.496875,3.503375
297.0,3.496625,3.503625
297.0,3.49725,3.504125
297.0,3.498125,3.504625
297.0,3.498875,3.504125
297.0,3.499,3.50275
297.0,3.4985,3.501875
297.0,3.498,3.5025
297.0,3.49825,3.503
297.0,3.499,3.50275
297.0,3.500125,3.502375
297.0,3.5,3.502375
297.0,3.4985,3.50325
297.0,3.497875,3.503
297.0,3.497875,3.503
297.0,3.498,3.502625
297.0,3.49775,3.503
297.0,3.497375,3.503375
297.0,3.49725,3.50375
297.0,3.498,3.50425
297.0,3.498875,3.50425
297.0,3.49875,3.50375
297.0,3.498375,3.502875
297.0,3.498375,3.50225
297.0,3.498,3.50275
297.0,3.498375,3.503
297.0,3.499625,3.5025
297.0,3.5005,3.502
297.0,3.4995,3.502125
297.0,3.49825,3.502875
297.0,3.497875,3.503
297.0,3.497875,3.503
297.0,3.4975,3.502875
297.0,3.497125,3.50325
297.0,3.496625,3.503375
297.0,3.49725,3.503875
297.0,3.4985,3.504375
297.0,3.49925,3.504375
297.0,3.498625,3.503625
297.0,3.498375,3.5025
297.0,3.498,3.5025
297.0,3.497875,3.503125
297.0,3.498875,3.503125
297.0,3.5,3.502625
297.0,3.5,3.50225
297.0,3.499375,3.503
297.0,3.49775,3.50275
297.0,3.49775,3.50275
297.0,3.49775,3.502875
297.0,3.497375,3.503125
297.0,3.496875,3.503375
297.0,3.496625,3.503375
297.0,3.497375,3.504
297.0,3.49875,3.504375
297.0,3.49875,3.504375
297.0,3.4985,3.503625
297.0,3.498375,3.502625
297.0,3.4975,3.502625
297.0,3.497875,3.503
297.0,3.499375,3.503
297.0,3.49975,3.502375
297.0,3.499375,3.502
297.0,3.49875,3.50275
297.0,3.49875,3.50275
297.0,3.498,3.502875
297.0,3.497375,3.5025
297.0,3.497,3.503125
297.0,3.497125,3.50325
297.0,3.49725,3.503625
297.0,3.49775,3.504125
297.0,3.498875,3.504375
297.0,3.49925,3.503875
297.0,3.4985,3.50275
297.0,3.497875,3.502375
297.0,3.497625,3.502875
297.0,3.498,3.503125
297.0,3.499625,3.502875
297.0,3.500125,3.502375
297.0,3.4995,3.502625
297.0,3.4995,3.502625
297.0,3.49825,3.502875
297.0,3.497625,3.5025
297.0,3.497625,3.5025
297.0,3.497625,3.503125
297.0,3.49725,3.50325
297.0,3.49675,3.503875
297.0,3.497625,3.504375
297.0,3.49825,3.504125
297.0,3.498375,3.503375
297.0,3.498375,3.50225
297.0,3.497875,3.50225
297.0,3.49775,3.50275
297.0,3.49875,3.503
297.0,3.4995,3.502625
297.0,3.499375,3.50225
297.0,3.499125,3.50225
297.0,3.499125,3.5025
297.0,3.49825,3.503125
297.0,3.49775,3.50275
297.0,3.4975,3.503125
297.0,3.49725,3.5035
297.0,3.497125,3.5035
297.0,3.4975,3.504
297.0,3.498375,3.5045
297.0,3.49875,3.504
297.0,3.498625,3.50325
297.0,3.498375,3.50225
297.0,3.49825,3.502375
297.0,3.498125,3.503
297.0,3.499375,3.50275
297.0,3.5,3.502125
297.0,3.499625,3.502
297.0,3.499625,3.502
297.0,3.498875,3.5025
297.0,3.498,3.503125
297.0,3.49775,3.502875
297.0,3.497625,3.503125
297.0,3.49725,3.50325
297.0,3.497,3.503625
297.0,3.49775,3.50425
297.0,3.49875,3.5045
297.0,3.49875,3.504
297.0,3.498625,3.502875
297.0,3.498,3.50225
297.0,3.4975,3.502625
297.0,3.498125,3.502875
297.0,3.4995,3.50275
297.0,3.5,3.502
297.0,3.5,3.502
297.0,3.499875,3.502
297.0,3.499,3.50325
297.0,3.497875,3.503125
297.0,3.4975,3.502875
297.0,3.4975,3.50325
297.0,3.497,3.50325
297.0,3.497,3.50375
297.0,3.498,3.50425
297.0,3.49925,3.50425
297.0,3.499,3.503625
297.0,3.49825,3.50225
297.0,3.49825,3.502
297.0,3.497625,3.5025
297.0,3.49825,3.502875
297.0,3.499625,3.5025
297.0,3.499625,3.5025
297.0,3.49975,3.501875
297.0,3.49925,3.5025
297.0,3.4985,3.503
297.0,3.498125,3.502875
297.0,3.497875,3.502875
297.0,3.4975,3.503125
297.0,3.497,3.503125
297.0,3.497375,3.503625
297.0,3.4985,3.504125
297.0,3.499,3.504
297.0,3.498375,3.503375
297.0,3.498125,3.502125
297.0,3.498,3.502
297.0,3.497875,3.5025
298.0,3.497,3.500375
298.0,3.49675,3.5005
298.0,3.497125,3.50075
298.0,3.498375,3.501375
298.0,3.499,3.501375
298.0,3.498625,3.50075
298.0,3.49825,3.499875
298.0,3.498125,3.499625
298.0,3.498125,3.499625
298.0,3.497625,3.500125
298.0,3.498375,3.50025
298.0,3.499625,3.499625
298.0,3.49975,3.499
298.0,3.499125,3.499625
298.0,3.498125,3.50025
298.0,3.497375,3.5
298.0,3.496875,3.500125
298.0,3.496875,3.500625
298.0,3.496875,3.500625
298.0,3.497375,3.501375
298.0,3.49875,3.501625
298.0,3.49875,3.501125
298.0,3.498125,3.50025
298.0,3.498125,3.499375
298.0,3.498,3.49975
298.0,3.498,3.49975
298.0,3.498125,3.50025
298.0,3.499125,3.50025
298.0,3.499875,3.499625
298.0,3.50025,3.499875
298.0,3.499,3.500625
298.0,3.498,3.5005
298.0,3.49775,3.50025
298.0,3.497375,3.5005
298.0,3.49675,3.500375
298.0,3.496875,3.50075
298.0,3.498,3.5015
298.0,3.498875,3.5015
298.0,3.49875,3.50125
298.0,3.498375,3.500375
298.0,3.49825,3.49975
298.0,3.49825,3.49975
298.0,3.497875,3.500125
298.0,3.49825,3.50025
298.0,3.499375,3.499875
298.0,3.499625,3.4995
298.0,3.499125,3.499875
298.0,3.498375,3.500625
298.0,3.49825,3.5
298.0,3.49775,3.500125
298.0,3.497375,3.5005
298.0,3.49675,3.500625
298.0,3.497,3.500875
298.0,3.497875,3.501625
298.0,3.49875,3.501625
298.0,3.498375,3.50075
298.0,3.4985,3.499875
298.0,3.4985,3.499875
298.0,3.497875,3.499625
298.0,3.4975,3.50025
298.0,3.498875,3.500375
298.0,3.499875,3.49975
298.0,3.499625,3.49925
298.0,3.499,3.50025
298.0,3.497875,3.500625
298.0,3.497625,3.500375
298.0,3.497625,3.5005
298.0,3.497125,3.500625
298.0,3.49675,3.500625
298.0,3.497125,3.50125
298.0,3.498125,3.501625
298.0,3.498875,3.501625
298.0,3.49825,3.50075
298.0,3.498,3.50075
298.0,3.498,3.49975
298.0,3.497875,3.49975
298.0,3.49775,3.50025
298.0,3.49875,3.500125
298.0,3.499625,3.499625
298.0,3.49975,3.499625
298.0,3.498625,3.500375
298.0,3.49775,3.5005
298.0,3.497625,3.500125
298.0,3.4975,3.500375
298.0,3.497,3.5005
298.0,3.4965,3.50075
298.0,3.4975,3.501625
298.0,3.499,3.501875
298.0,3.4985,3.501375
298.0,3.498125,3.501375
298.0,3.498125,3.500125
298.0,3.49825,3.49925
298.0,3.497625,3.499875
298.0,3.498,3.50025
298.0,3.499375,3.49975
298.0,3.500125,3.49925
298.0,3.499875,3.499375
298.0,3.498125,3.50025
298.0,3.497625,3.50025
298.0,3.49775,3.500375
298.0,3.497375,3.50075
298.0,3.497125,3.50075
298.0,3.497375,3.500875
298.0,3.498375,3.501625
298.0,3.49875,3.501625
298.0,3.49825,3.501
298.0,3.49825,3.501
298.0,3.49825,3.5
298.0,3.498375,3.49975
298.0,3.498,3.500125
298.0,3.498625,3.500375
298.0,3.499625,3.49975
298.0,3.499375,3.499375
298.0,3.498875,3.50025
298.0,3.497625,3.5005
298.0,3.4975,3.500375
298.0,3.497875,3.5005
298.0,3.497125,3.500875
298.0,3.496625,3.50075
298.0,3.49725,3.50125
298.0,3.49875,3.501625
298.0,3.498875,3.501375
298.0,3.498875,3.501375
298.0,3.49825,3.500375
298.0,3.49825,3.49975
298.0,3.497875,3.5
298.0,3.497625,3.50025
298.0,3.498875,3.500125
298.0,3.5,3.49975
298.0,3.499625,3.499375
298.0,3.49875,3.500125
298.0,3.497875,3.5005
298.0,3.498,3.5
298.0,3.497625,3.500375
298.0,3.49725,3.500625
298.0,3.496375,3.50075
298.0,3.49675,3.501375
298.0,3.498875,3.50175
298.0,3.498875,3.50175
298.0,3.499125,3.501375
298.0,3.498875,3.50075
298.0,3.4985,3.4995
298.0,3.498,3.499875
298.0,3.49825,3.5005
298.0,3.499,3.500375
298.0,3.4995,3.499625
298.0,3.499375,3.499625
298.0,3.498625,3.5005
298.0,3.497625,3.500125
298.0,3.497375,3.499875
298.0,3.49725,3.5005
298.0,3.497,3.5005
298.0,3.497,3.500875
298.0,3.4975,3.50175
298.0,3.499,3.50175
298.0,3.499,3.502
298.0,3.499125,3.50125
298.0,3.49875,3.500375
298.0,3.498125,3.49975
298.0,3.49775,3.500125
298.0,3.498125,3.50025
298.0,3.498875,3.5
298.0,3.499375,3.4995
298.0,3.498875,3.49975
298.0,3.497625,3.50025
298.0,3.49725,3.49975
298.0,3.4975,3.5
298.0,3.497125,3.5005
298.0,3.496375,3.5005
299.0,3.497875,3.4945
299.0,3.497875,3.494
299.0,3.497625,3.494375
299.0,3.497125,3.4945
299.0,3.496875,3.49475
299.0,3.49775,3.4955
299.0,3.499,3.49575
299.0,3.498375,3.495125
299.0,3.498375,3.495125
299.0,3.498,3.494
299.0,3.49825,3.493625
299.0,3.497875,3.493875
299.0,3.4985,3.494125
299.0,3.499625,3.493875
299.0,3.5,3.493375
299.0,3.499375,3.493375
299.0,3.49825,3.493875
299.0,3.49775,3.493875
299.0,3.497625,3.494125
299.0,3.497625,3.494625
299.0,3.49725,3.494625
299.0,3.497125,3.495
299.0,3.498125,3.495625
299.0,3.499125,3.49525
299.0,3.49875,3.494625
299.0,3.49875,3.494625
299.0,3.49825,3.493625
299.0,3.498,3.4935
299.0,3.498,3.494125
299.0,3.498875,3.49425
299.0,3.499625,3.493625
299.0,3.499625,3.49325
299.0,3.49925,3.49375
299.0,3.498375,3.49425
299.0,3.497625,3.494
299.0,3.4975,3.494375
299.0,3.497125,3.494625
299.0,3.497125,3.494625
299.0,3.497625,3.495125
299.0,3.49875,3.495625
299.0,3.498875,3.49525
299.0,3.498875,3.49525
299.0,3.49825,3.49425
299.0,3.498375,3.493375
299.0,3.49825,3.493625
299.0,3.49825,3.494125
299.0,3.49925,3.494125
299.0,3.49975,3.4935
299.0,3.499375,3.49325
299.0,3.499,3.493625
299.0,3.498,3.493875
299.0,3.497375,3.494
299.0,3.49725,3.49425
299.0,3.49675,3.494625
299.0,3.497125,3.494875
299.0,3.497875,3.495625
299.0,3.498875,3.49575
299.0,3.498875,3.49575
299.0,3.498875,3.495125
299.0,3.498375,3.494
299.0,3.49775,3.49325
299.0,3.497375,3.493875
299.0,3.498375,3.49425
299.0,3.499875,3.494
299.0,3.50025,3.493375
299.0,3.499625,3.49375
299.0,3.49825,3.4945
299.0,3.49775,3.494
299.0,3.497375,3.49425
299.0,3.496875,3.494375
299.0,3.496875,3.4945
299.0,3.49725,3.494625
299.0,3.4985,3.4955
299.0,3.4985,3.4955
299.0,3.499125,3.4955
299.0,3.499,3.495
299.0,3.4985,3.49425
299.0,3.497875,3.493875
299.0,3.49775,3.49425
299.0,3.498625,3.494125
299.0,3.499625,3.493625
299.0,3.5,3.49325
299.0,3.499375,3.494125
299.0,3.498375,3.49475
299.0,3.497625,3.494375
299.0,3.497125,3.494375
299.0,3.49725,3.4945
299.0,3.496875,3.494625
299.0,3.49725,3.49525
299.0,3.49875,3.49575
299.0,3.49875,3.49575
299.0,3.499625,3.495125
299.0,3.49875,3.49425
299.0,3.497875,3.493625
299.0,3.497625,3.493875
299.0,3.49825,3.49425
299.0,3.499,3.49425
299.0,3.499625,3.493625
299.0,3.499875,3.493375
299.0,3.499375,3.494
299.0,3.497875,3.494375
299.0,3.497375,3.49375
299.0,3.497625,3.49425
299.0,3.49725,3.494625
299.0,3.497125,3.49475
299.0,3.497625,3.4955
299.0,3.497625,3.4955
299.0,3.498875,3.495625
299.0,3.498875,3.495375
299.0,3.498,3.494125
299.0,3.49825,3.4935
299.0,3.49825,3.494125
299.0,3.498375,3.494375
299.0,3.499375,3.494125
299.0,3.500125,3.4935
299.0,3.499875,3.4935
299.0,3.499,3.493875
299.0,3.49825,3.49425
299.0,3.497625,3.494375
299.0,3.49725,3.494375
299.0,3.496875,3.4945
299.0,3.497125,3.49475
299.0,3.497125,3.49475
299.0,3.4985,3.4955
299.0,3.4995,3.49575
299.0,3.498875,3.494875
299.0,3.498625,3.493875
299.0,3.4985,3.4935
299.0,3.497875,3.494125
299.0,3.4985,3.494375
299.0,3.49975,3.493875
299.0,3.500375,3.493625
299.0,3.4995,3.494
299.0,3.49825,3.494375
299.0,3.49775,3.493875
299.0,3.4975,3.494125
299.0,3.49725,3.494625
299.0,3.496875,3.494625
299.0,3.496875,3.494625
299.0,3.4975,3.495
299.0,3.498375,3.495625
299.0,3.498625,3.4955
299.0,3.49875,3.49475
299.0,3.4985,3.494125
299.0,3.498125,3.494125
299.0,3.498,3.494375
299.0,3.49875,3.49425
299.0,3.499625,3.493625
299.0,3.5,3.4935
299.0,3.499375,3.494375
299.0,3.4985,3.49425
299.0,3.498125,3.494
299.0,3.497375,3.494625
299.0,3.49675,3.494875
299.0,3.496875,3.494875
299.0,3.496875,3.494875
299.0,3.497875,3.4955
299.0,3.49925,3.49575
299.0,3.49875,3.495
299.0,3.497875,3.494125
299.0,3.49825,3.493375
299.0,3.49775,3.493875
299.0,3.498125,3.494125
299.0,3.4995,3.494
299.0,3.500125,3.4935
299.0,3.49975,3.493625
299.0,3.498625,3.494625
299.0,3.4975,3.494375
299.0,3.49725,3.493875
300.0,3.499125,3.48725
300.0,3.49825,3.488
300.0,3.497875,3.4875
300.0,3.497375,3.4875
300.0,3.497125,3.488125
300.0,3.496875,3.488125
300.0,3.497125,3.48875
300.0,3.498125,3.48925
300.0,3.498125,3.48925
300.0,3.4995,3.488875
300.0,3.498625,3.488
300.0,3.498,3.487125
300.0,3.498,3.48725
300.0,3.498,3.48775
300.0,3.498625,3.48775
300.0,3.499125,3.48725
300.0,3.4995,3.487125
300.0,3.49925,3.487875
300.0,3.498125,3.48825
300.0,3.4975,3.488
300.0,3.49725,3.488
300.0,3.497,3.48825
300.0,3.497,3.48825
300.0,3.4975,3.489
300.0,3.4975,3.489375
300.0,3.49875,3.489375
300.0,3.498375,3.489
300.0,3.497875,3.488125
300.0,3.497625,3.487
300.0,3.497375,3.4875
300.0,3.49775,3.487875
300.0,3.499,3.4875
300.0,3.499875,3.487
300.0,3.49975,3.487125
300.0,3.4985,3.487875
300.0,3.497875,3.488125
300.0,3.4975,3.487875
300.0,3.49675,3.48825
300.0,3.496625,3.488375
300.0,3.496375,3.4885
300.0,3.497,3.489125
300.0,3.497,3.489125
300.0,3.498125,3.48925
300.0,3.498,3.488625
300.0,3.497625,3.487625
300.0,3.497375,3.487375
300.0,3.497125,3.48775
300.0,3.49775,3.487875
300.0,3.498875,3.487625
300.0,3.499375,3.487
300.0,3.4995,3.487125
300.0,3.498125,3.487875
300.0,3.4975,3.4875
300.0,3.49725,3.487625
300.0,3.49675,3.488
300.0,3.496625,3.488125
300.0,3.497125,3.48875
300.0,3.497125,3.48875
300.0,3.497875,3.489375
300.0,3.498625,3.489125
300.0,3.498,3.4885
300.0,3.498,3.4875
300.0,3.498125,3.487
300.0,3.498125,3.48775
300.0,3.498625,3.487875
300.0,3.499875,3.487375
300.0,3.500125,3.487125
300.0,3.499,3.487625
300.0,3.49775,3.488125
300.0,3.497375,3.48775
300.0,3.497,3.488125
300.0,3.497,3.488375
300.0,3.49675,3.488375
300.0,3.49675,3.488375
300.0,3.497125,3.488875
300.0,3.49825,3.489375
300.0,3.498625,3.489125
300.0,3.49825,3.488375
300.0,3.498125,3.4875
300.0,3.49775,3.487625
300.0,3.497875,3.488
300.0,3.498625,3.487875
300.0,3.499125,3.487375
300.0,3.49975,3.487
300.0,3.498875,3.48775
300.0,3.49775,3.487875
300.0,3.4975,3.48775
300.0,3.496875,3.488125
300.0,3.496375,3.488375
300.0,3.49675,3.488625
300.0,3.49675,3.488625
300.0,3.498125,3.48925
300.0,3.499,3.48925
300.0,3.4985,3.488375
300.0,3.498125,3.48775
300.0,3.498125,3.487125
300.0,3.49775,3.487625
300.0,3.498,3.487875
300.0,3.499,3.48775
300.0,3.499875,3.487125
300.0,3.4995,3.487
300.0,3.498375,3.487625
300.0,3.4975,3.488
300.0,3.4975,3.487875
300.0,3.49725,3.488125
300.0,3.49675,3.48825
300.0,3.49675,3.48825
300.0,3.497375,3.4885
300.0,3.498375,3.489125
300.0,3.4985,3.48925
300.0,3.498125,3.488625
300.0,3.49775,3.4875
300.0,3.49775,3.487125
300.0,3.497625,3.487625
300.0,3.498375,3.487875
300.0,3.499625,3.487375
300.0,3.500125,3.487
300.0,3.499375,3.487625
300.0,3.498,3.487875
300.0,3.4975,3.4875
300.0,3.49775,3.488125
300.0,3.49725,3.48825
300.0,3.49725,3.48825
300.0,3.496875,3.48825
300.0,3.49725,3.48875
300.0,3.49825,3.48925
300.0,3.498625,3.489
300.0,3.498375,3.488
300.0,3.498125,3.486875
300.0,3.497625,3.48725
300.0,3.498,3.487875
300.0,3.499125,3.487875
300.0,3.49975,3.48725
300.0,3.499625,3.487
300.0,3.4985,3.488125
300.0,3.497875,3.488125
300.0,3.498,3.4875
300.0,3.497375,3.48775
300.0,3.497375,3.48775
300.0,3.497125,3.48825
300.0,3.497125,3.488375
300.0,3.498,3.488875
300.0,3.499,3.489125
300.0,3.49875,3.489
300.0,3.49825,3.48775
300.0,3.498375,3.487
300.0,3.49775,3.4875
300.0,3.497875,3.487875
300.0,3.499125,3.48775
300.0,3.5,3.487
300.0,3.49925,3.487
300.0,3.49825,3.488
300.0,3.497875,3.488125
300.0,3.49775,3.487875
300.0,3.497375,3.48825
300.0,3.497375,3.48825
300.0,3.496875,3.48825
300.0,3.496625,3.4885
300.0,3.497375,3.48925
300.0,3.49825,3.48925
300.0,3.4985,3.48875
300.0,3.498,3.487875
300.0,3.49825,3.487125
300.0,3.497875,3.4875
300.0,3.498375,3.487625
300.0,3.499125,3.48725
300.0,3.499875,3.487
300.0,3.49925,3.487375
300.0,3.498125,3.48775
301.0,3.499625,3.479
301.0,3.49875,3.479375
301.0,3.49775,3.479875
301.0,3.4975,3.479875
301.0,3.49725,3.480125
301.0,3.49675,3.4805
301.0,3.496375,3.480625
301.0,3.49725,3.481
301.0,3.49725,3.481
301.0,3.49875,3.481375
301.0,3.49875,3.481
301.0,3.497875,3.48025
301.0,3.497875,3.4795
301.0,3.497625,3.4795
301.0,3.4975,3.48
301.0,3.499,3.479875
301.0,3.49975,3.479375
301.0,3.49925,3.479125
301.0,3.49875,3.479875
301.0,3.497625,3.480125
301.0,3.49725,3.479875
301.0,3.497125,3.48025
301.0,3.496875,3.480375
301.0,3.496375,3.4805
301.0,3.496375,3.48125
301.0,3.49725,3.48125
301.0,3.499,3.481375
301.0,3.499125,3.48075
301.0,3.498125,3.48
301.0,3.498125,3.4795
301.0,3.498125,3.479875
301.0,3.498375,3.48
301.0,3.49925,3.479875
301.0,3.5,3.47925
301.0,3.499875,3.47925
301.0,3.4985,3.480125
301.0,3.497375,3.48
301.0,3.49725,3.4795
301.0,3.49725,3.48
301.0,3.497125,3.480125
301.0,3.496875,3.480625
301.0,3.496875,3.480625
301.0,3.497625,3.48125
301.0,3.4985,3.481
301.0,3.498125,3.4805
301.0,3.498125,3.4795
301.0,3.498,3.479125
301.0,3.497625,3.47975
301.0,3.49825,3.48
301.0,3.49925,3.479625
301.0,3.49975,3.479375
301.0,3.49925,3.4795
301.0,3.498,3.48
301.0,3.497875,3.48
301.0,3.497375,3.48
301.0,3.49725,3.480375
301.0,3.49675,3.480375
301.0,3.49675,3.480375
301.0,3.496625,3.480875
301.0,3.498125,3.481375
301.0,3.499,3.481
301.0,3.498125,3.480375
301.0,3.498,3.47925
301.0,3.498125,3.47925
301.0,3.497875,3.479875
301.0,3.499125,3.48
301.0,3.499875,3.4795
301.0,3.49975,3.47925
301.0,3.499,3.47975
301.0,3.497875,3.480125
301.0,3.4975,3.479625
301.0,3.497375,3.48025
301.0,3.49725,3.48025
301.0,3.49725,3.48025
301.0,3.497,3.48025
301.0,3.498,3.481
301.0,3.498875,3.4815
301.0,3.49875,3.481125
301.0,3.498125,3.480125
301.0,3.497875,3.4795
301.0,3.497625,3.47975
301.0,3.498125,3.48
301.0,3.49925,3.479625
301.0,3.5,3.479125
301.0,3.499375,3.479375
301.0,3.49825,3.48
301.0,3.49775,3.48
301.0,3.4975,3.479625
301.0,3.496875,3.48
301.0,3.49675,3.48
301.0,3.49675,3.48025
301.0,3.497375,3.4805
301.0,3.49825,3.48125
301.0,3.499,3.481375
301.0,3.498875,3.481
301.0,3.49825,3.480125
301.0,3.497875,3.4795
301.0,3.498,3.479625
301.0,3.4985,3.479875
301.0,3.49875,3.4795
301.0,3.49975,3.479
301.0,3.499875,3.47925
301.0,3.498375,3.479875
301.0,3.497375,3.47975
301.0,3.497,3.47975
301.0,3.496875,3.480375
301.0,3.496875,3.480375
301.0,3.4965,3.480375
301.0,3.497,3.48075
301.0,3.497625,3.481375
301.0,3.4985,3.481125
301.0,3.498375,3.480375
301.0,3.497875,3.479375
301.0,3.497375,3.47925
301.0,3.49775,3.47975
301.0,3.49875,3.48
301.0,3.499875,3.479375
301.0,3.49975,3.479125
301.0,3.49925,3.4795
301.0,3.497875,3.479875
301.0,3.497375,3.479625
301.0,3.4975,3.479875
301.0,3.4975,3.479875
301.0,3.496875,3.48025
301.0,3.49675,3.480375
301.0,3.49725,3.481
301.0,3.49825,3.48125
301.0,3.4985,3.48075
301.0,3.498,3.479875
301.0,3.497875,3.479125
301.0,3.497375,3.4795
301.0,3.49775,3.479875
301.0,3.49925,3.47975
301.0,3.499625,3.47925
301.0,3.4995,3.479125
301.0,3.498875,3.479875
301.0,3.498,3.48
301.0,3.49775,3.47975
301.0,3.49775,3.47975
301.0,3.49725,3.480125
301.0,3.49675,3.480375
301.0,3.497,3.4805
301.0,3.497625,3.481125
301.0,3.49775,3.481375
301.0,3.497875,3.480875
301.0,3.49825,3.48
301.0,3.498,3.479375
301.0,3.4975,3.47975
301.0,3.498125,3.480125
301.0,3.4995,3.47975
301.0,3.5,3.479125
301.0,3.4995,3.47925
301.0,3.49825,3.479875
301.0,3.49775,3.47975
301.0,3.49775,3.479625
301.0,3.497625,3.479625
301.0,3.497,3.480125
301.0,3.4965,3.48025
301.0,3.497,3.480625
301.0,3.497875,3.48125
301.0,3.498625,3.48125
301.0,3.498375,3.480625
301.0,3.4985,3.47975
301.0,3.498,3.47925
301.0,3.4975,3.47975
301.0,3.49825,3.479875
301.0,3.499125,3.4795
301.0,3.49975,3.479125
301.0,3.499125,3.480125
302.0,3.497625,3.46775
302.0,3.497375,3.46825
302.0,3.4985,3.46825
302.0,3.499625,3.46775
302.0,3.499625,3.467625
302.0,3.498625,3.46825
302.0,3.49725,3.468375
302.0,3.497125,3.467875
302.0,3.497125,3.467875
302.0,3.49675,3.468125
302.0,3.49625,3.468625
302.0,3.4965,3.468875
302.0,3.49725,3.469375
302.0,3.498125,3.469875
302.0,3.49825,3.469125
302.0,3.497625,3.4685
302.0,3.497625,3.46775
302.0,3.4975,3.468
302.0,3.497875,3.46825
302.0,3.499,3.46825
302.0,3.49975,3.467625
302.0,3.500125,3.4675
302.0,3.49875,3.46825
302.0,3.497125,3.4685
302.0,3.49725,3.46825
302.0,3.49725,3.46825
302.0,3.497,3.4685
302.0,3.4965,3.46875
302.0,3.4965,3.469
302.0,3.49725,3.469625
302.0,3.498375,3.469875
302.0,3.498625,3.469375
302.0,3.497875,3.468375
302.0,3.497375,3.46775
302.0,3.497375,3.468
302.0,3.498,3.468375
302.0,3.499125,3.468
302.0,3.4995,3.4675
302.0,3.498625,3.467625
302.0,3.4975,3.4685
302.0,3.497125,3.468625
302.0,3.497125,3.468625
302.0,3.49725,3.4685
302.0,3.497125,3.46875
302.0,3.4965,3.46875
302.0,3.49675,3.469
302.0,3.49775,3.46975
302.0,3.4985,3.469875
302.0,3.498375,3.46925
302.0,3.498125,3.468125
302.0,3.497625,3.4675
302.0,3.4975,3.46825
302.0,3.498625,3.4685
302.0,3.499625,3.468
302.0,3.499625,3.4675
302.0,3.49925,3.46775
302.0,3.498125,3.468125
302.0,3.498125,3.468125
302.0,3.497625,3.468
302.0,3.497,3.46825
302.0,3.496375,3.4685
302.0,3.49625,3.468625
302.0,3.49675,3.469125
302.0,3.49775,3.469875
302.0,3.497875,3.469625
302.0,3.497625,3.468625
302.0,3.497875,3.4675
302.0,3.497625,3.467625
302.0,3.49775,3.46825
302.0,3.498625,3.468375
302.0,3.4995,3.467625
302.0,3.49925,3.467375
302.0,3.498125,3.46775
302.0,3.498125,3.46775
302.0,3.497375,3.468375
302.0,3.49725,3.468125
302.0,3.49725,3.468375
302.0,3.497,3.468625
302.0,3.497,3.468625
302.0,3.497375,3.469375
302.0,3.498375,3.469625
302.0,3.4985,3.469125
302.0,3.498125,3.468375
302.0,3.498125,3.467625
302.0,3.49775,3.468
302.0,3.498,3.46825
302.0,3.499,3.46825
302.0,3.499875,3.46775
302.0,3.4995,3.467625
302.0,3.49825,3.4685
302.0,3.49825,3.4685
302.0,3.4975,3.4685
302.0,3.49725,3.468625
302.0,3.496625,3.4685
302.0,3.496625,3.468625
302.0,3.497,3.469125
302.0,3.497625,3.469625
302.0,3.498625,3.4695
302.0,3.49825,3.469125
302.0,3.497875,3.467875
302.0,3.497875,3.4675
302.0,3.497625,3.468125
302.0,3.4985,3.46825
302.0,3.499375,3.468
302.0,3.49975,3.4675
302.0,3.499125,3.46775
302.0,3.499125,3.46775
302.0,3.49825,3.468
302.0,3.497375,3.467875
302.0,3.497125,3.468125
302.0,3.497125,3.468625
302.0,3.496375,3.468625
302.0,3.4965,3.469375
302.0,3.49775,3.469875
302.0,3.49875,3.469625
302.0,3.498125,3.468625
302.0,3.49775,3.4675
302.0,3.497625,3.4675
302.0,3.4975,3.46825
302.0,3.49875,3.46825
302.0,3.499875,3.46775
302.0,3.49925,3.467375
302.0,3.49925,3.467375
302.0,3.498375,3.467875
302.0,3.49775,3.4685
302.0,3.497625,3.468375
302.0,3.49675,3.4685
302.0,3.4965,3.468625
302.0,3.496875,3.46875
302.0,3.497375,3.4695
302.0,3.498625,3.469875
302.0,3.4985,3.4695
302.0,3.497875,3.4685
302.0,3.497625,3.467625
302.0,3.497125,3.467875
302.0,3.497625,3.46825
302.0,3.499,3.467875
302.0,3.49925,3.467375
302.0,3.49925,3.467375
302.0,3.499375,3.467625
302.0,3.4985,3.468375
302.0,3.4975,3.4685
302.0,3.497,3.468375
302.0,3.497125,3.468375
302.0,3.497,3.468625
302.0,3.496625,3.469
302.0,3.497625,3.4695
302.0,3.4985,3.469625
302.0,3.4985,3.469125
302.0,3.49775,3.468125
302.0,3.497375,3.467875
302.0,3.4975,3.468125
302.0,3.498125,3.468375
302.0,3.49925,3.468
302.0,3.49925,3.467375
302.0,3.499625,3.467375
302.0,3.49925,3.46775
302.0,3.498,3.46825
302.0,3.49725,3.468125
302.0,3.497375,3.46825
302.0,3.496625,3.468625
302.0,3.496,3.46875
302.0,3.49675,3.469125
302.0,3.498125,3.4695
302.0,3.498625,3.469375
302.0,3.49825,3.468875
302.0,3.498,3.467875
302.0,3.4975,3.467625
302.0,3.49775,3.46825
303.0,3.497375,3.455125
303.0,3.496875,3.455125
303.0,3.4965,3.45525
303.0,3.49725,3.455625
303.0,3.498375,3.456
303.0,3.49875,3.456125
303.0,3.497875,3.455375
303.0,3.497625,3.45425
303.0,3.497625,3.45425
303.0,3.49725,3.45425
303.0,3.497375,3.45475
303.0,3.49825,3.45475
303.0,3.4995,3.454125
303.0,3.4995,3.454
303.0,3.49875,3.45475
303.0,3.4975,3.455
303.0,3.497125,3.4545
303.0,3.496875,3.455
303.0,3.496375,3.455125
303.0,3.496875,3.45525
303.0,3.49725,3.455875
303.0,3.498375,3.45625
303.0,3.498625,3.45575
303.0,3.498,3.454625
303.0,3.497875,3.454625
303.0,3.497875,3.453875
303.0,3.49725,3.45425
303.0,3.497625,3.45475
303.0,3.498625,3.454625
303.0,3.499625,3.454125
303.0,3.499625,3.453875
303.0,3.498625,3.455
303.0,3.4975,3.455
303.0,3.496875,3.454625
303.0,3.497,3.455
303.0,3.49675,3.455125
303.0,3.497,3.45525
303.0,3.497625,3.456125
303.0,3.49825,3.45625
303.0,3.497875,3.4555
303.0,3.498,3.454125
303.0,3.498,3.454125
303.0,3.497875,3.454
303.0,3.497625,3.4545
303.0,3.498125,3.454875
303.0,3.499375,3.454625
303.0,3.499625,3.453875
303.0,3.499125,3.45425
303.0,3.498375,3.455
303.0,3.498,3.454875
303.0,3.497125,3.45475
303.0,3.496625,3.455125
303.0,3.496625,3.455125
303.0,3.49675,3.4555
303.0,3.4975,3.456125
303.0,3.498625,3.456125
303.0,3.498375,3.455375
303.0,3.498375,3.455375
303.0,3.498,3.454125
303.0,3.497375,3.454
303.0,3.497,3.454625
303.0,3.49825,3.45475
303.0,3.49925,3.45425
303.0,3.499625,3.453625
303.0,3.498875,3.4545
303.0,3.498,3.45475
303.0,3.49775,3.4545
303.0,3.49725,3.455125
303.0,3.496625,3.455125
303.0,3.496375,3.455125
303.0,3.49725,3.455875
303.0,3.4985,3.45625
303.0,3.498375,3.45575
303.0,3.498375,3.45575
303.0,3.498,3.455
303.0,3.49825,3.45425
303.0,3.497625,3.454625
303.0,3.4975,3.454875
303.0,3.49875,3.454625
303.0,3.499875,3.454125
303.0,3.4995,3.454125
303.0,3.498125,3.454875
303.0,3.497625,3.454625
303.0,3.4975,3.454375
303.0,3.49725,3.455125
303.0,3.496625,3.455375
303.0,3.49675,3.4555
303.0,3.49725,3.456125
303.0,3.49775,3.456125
303.0,3.49775,3.456125
303.0,3.49775,3.4555
303.0,3.498375,3.4545
303.0,3.498,3.454
303.0,3.49725,3.4545
303.0,3.498125,3.454875
303.0,3.4995,3.4545
303.0,3.499875,3.45375
303.0,3.499375,3.454125
303.0,3.49825,3.454875
303.0,3.497875,3.454875
303.0,3.498,3.455
303.0,3.49725,3.455375
303.0,3.496625,3.455125
303.0,3.49625,3.455375
303.0,3.497375,3.456
303.0,3.498875,3.45575
303.0,3.498875,3.45575
303.0,3.498125,3.455
303.0,3.4975,3.454375
303.0,3.497625,3.454375
303.0,3.497625,3.45475
303.0,3.4985,3.454875
303.0,3.49925,3.45425
303.0,3.4995,3.453875
303.0,3.499125,3.454375
303.0,3.49775,3.45475
303.0,3.497375,3.45425
303.0,3.497,3.454625
303.0,3.496375,3.455
303.0,3.49625,3.455375
303.0,3.496625,3.45575
303.0,3.49775,3.456125
303.0,3.49775,3.456125
303.0,3.49825,3.455875
303.0,3.498125,3.455
303.0,3.4975,3.453875
303.0,3.49725,3.45425
303.0,3.4975,3.454625
303.0,3.498625,3.4545
303.0,3.49975,3.453875
303.0,3.499625,3.453875
303.0,3.498875,3.454375
303.0,3.497875,3.454625
303.0,3.4975,3.454375
303.0,3.496625,3.455
303.0,3.496,3.455125
303.0,3.4965,3.455125
303.0,3.497625,3.45575
303.0,3.497625,3.45575
303.0,3.498375,3.455875
303.0,3.498375,3.455375
303.0,3.49775,3.4545
303.0,3.497875,3.453875
303.0,3.497625,3.454375
303.0,3.498125,3.454875
303.0,3.499375,3.454625
303.0,3.499375,3.454
303.0,3.499125,3.454375
303.0,3.49825,3.45525
303.0,3.4975,3.4555
303.0,3.4975,3.455
303.0,3.497,3.455125
303.0,3.496625,3.455125
303.0,3.496875,3.455375
303.0,3.49775,3.455375
303.0,3.49775,3.45625
303.0,3.498625,3.456125
303.0,3.498375,3.4555
303.0,3.498125,3.454625
303.0,3.498,3.454375
303.0,3.497625,3.454625
303.0,3.498,3.454875
303.0,3.499125,3.454375
303.0,3.49925,3.453875
303.0,3.498875,3.454375
303.0,3.497625,3.454875
303.0,3.49725,3.454625
303.0,3.497,3.454625
303.0,3.4965,3.455
304.0,3.49775,3.441
304.0,3.497625,3.440125
304.0,3.49725,3.440375
304.0,3.49725,3.440875
304.0,3.4985,3.4405
304.0,3.499625,3.439875
304.0,3.49925,3.439875
304.0,3.49825,3.440375
304.0,3.49825,3.440375
304.0,3.497375,3.44075
304.0,3.497375,3.4405
304.0,3.497375,3.44075
304.0,3.496875,3.441125
304.0,3.49675,3.441375
304.0,3.49725,3.442
304.0,3.49825,3.44225
304.0,3.497875,3.441875
304.0,3.4975,3.440625
304.0,3.497375,3.44
304.0,3.49725,3.4405
304.0,3.498125,3.44075
304.0,3.499125,3.44025
304.0,3.49925,3.43975
304.0,3.499,3.440125
304.0,3.499,3.440875
304.0,3.498,3.440875
304.0,3.4975,3.44075
304.0,3.49725,3.44075
304.0,3.497125,3.441
304.0,3.496625,3.441
304.0,3.49675,3.441375
304.0,3.4975,3.442
304.0,3.4985,3.441875
304.0,3.497875,3.441125
304.0,3.4975,3.44025
304.0,3.49725,3.439875
304.0,3.497,3.440625
304.0,3.49825,3.440875
304.0,3.499375,3.440125
304.0,3.499625,3.439625
304.0,3.498875,3.440375
304.0,3.498875,3.440375
304.0,3.497875,3.441125
304.0,3.4975,3.44075
304.0,3.497375,3.44075
304.0,3.496875,3.441
304.0,3.496625,3.44125
304.0,3.497125,3.44175
304.0,3.498125,3.44225
304.0,3.4985,3.441875
304.0,3.497875,3.441125
304.0,3.49775,3.44
304.0,3.4975,3.44025
304.0,3.4975,3.44075
304.0,3.4985,3.44075
304.0,3.499625,3.440125
304.0,3.49975,3.44
304.0,3.49975,3.44
304.0,3.498625,3.440625
304.0,3.49775,3.440625
304.0,3.49775,3.440625
304.0,3.497375,3.441
304.0,3.49675,3.441125
304.0,3.49675,3.441375
304.0,3.497125,3.442
304.0,3.498125,3.442125
304.0,3.498375,3.44175
304.0,3.49825,3.440625
304.0,3.49775,3.44
304.0,3.497125,3.440375
304.0,3.497875,3.44075
304.0,3.499125,3.4405
304.0,3.499625,3.44
304.0,3.499625,3.44
304.0,3.499125,3.4405
304.0,3.497875,3.441
304.0,3.497125,3.44075
304.0,3.496875,3.440625
304.0,3.497,3.441
304.0,3.49675,3.441125
304.0,3.4965,3.4415
304.0,3.497375,3.442125
304.0,3.498125,3.442
304.0,3.498,3.441625
304.0,3.497875,3.4405
304.0,3.497375,3.44025
304.0,3.49725,3.440625
304.0,3.49825,3.440625
304.0,3.49925,3.44
304.0,3.49925,3.44
304.0,3.499,3.439875
304.0,3.498875,3.44025
304.0,3.498,3.440875
304.0,3.49725,3.440625
304.0,3.497,3.44075
304.0,3.49675,3.441
304.0,3.4965,3.441125
304.0,3.497,3.441625
304.0,3.498125,3.442125
304.0,3.49825,3.442125
304.0,3.49775,3.441125
304.0,3.497875,3.440125
304.0,3.49725,3.440375
304.0,3.497125,3.44075
304.0,3.498625,3.440625
304.0,3.49975,3.440125
304.0,3.49975,3.440125
304.0,3.499375,3.439875
304.0,3.498375,3.440625
304.0,3.4975,3.440625
304.0,3.49725,3.44025
304.0,3.496875,3.44075
304.0,3.49675,3.441
304.0,3.4965,3.44125
304.0,3.49725,3.441875
304.0,3.4985,3.44225
304.0,3.498125,3.44175
304.0,3.497875,3.440625
304.0,3.497875,3.439875
304.0,3.497125,3.44025
304.0,3.4975,3.44075
304.0,3.49875,3.440375
304.0,3.49875,3.440375
304.0,3.499375,3.439875
304.0,3.49925,3.44025
304.0,3.498,3.441
304.0,3.497,3.440875
304.0,3.497,3.4405
304.0,3.49675,3.441
304.0,3.496625,3.441125
304.0,3.49675,3.4415
304.0,3.497375,3.442125
304.0,3.4985,3.441875
304.0,3.49825,3.441125
304.0,3.498,3.44025
304.0,3.4975,3.439875
304.0,3.49725,3.440375
304.0,3.498375,3.44075
304.0,3.498375,3.44075
304.0,3.499375,3.44025
304.0,3.4995,3.439625
304.0,3.498875,3.440125
304.0,3.497375,3.44075
304.0,3.497375,3.440625
304.0,3.497125,3.440875
304.0,3.49675,3.441125
304.0,3.496,3.441125
304.0,3.496875,3.4415
304.0,3.49825,3.442125
304.0,3.498375,3.442
304.0,3.497875,3.441125
304.0,3.497875,3.440125
304.0,3.497375,3.440125
304.0,3.497,3.44075
304.0,3.497,3.44075
304.0,3.498125,3.440875
304.0,3.499375,3.44025
304.0,3.4995,3.44
304.0,3.498625,3.4405
304.0,3.49775,3.440625
304.0,3.497625,3.44075
304.0,3.497,3.440875
304.0,3.49675,3.441125
304.0,3.496125,3.441375
304.0,3.49725,3.441875
304.0,3.49825,3.442
304.0,3.49825,3.441625
304.0,3.49775,3.440625
304.0,3.4975,3.44
305.0,3.498625,3.425875
305.0,3.498125,3.42525
305.0,3.49775,3.42425
305.0,3.497375,3.423875
305.0,3.497,3.42425
305.0,3.497875,3.424375
305.0,3.499,3.42425
305.0,3.49925,3.423625
305.0,3.49925,3.423625
305.0,3.4985,3.423875
305.0,3.4975,3.4245
305.0,3.49725,3.424
305.0,3.497125,3.424375
305.0,3.496625,3.42475
305.0,3.496375,3.425
305.0,3.496875,3.4255
305.0,3.498125,3.425875
305.0,3.498375,3.425625
305.0,3.4975,3.425
305.0,3.4975,3.424125
305.0,3.497375,3.42425
305.0,3.497125,3.424625
305.0,3.4985,3.424625
305.0,3.49975,3.424
305.0,3.49975,3.424
305.0,3.49975,3.42375
305.0,3.4985,3.424625
305.0,3.497375,3.424625
305.0,3.497125,3.424125
305.0,3.49675,3.4245
305.0,3.49625,3.42475
305.0,3.496375,3.425
305.0,3.4975,3.425625
305.0,3.498375,3.42575
305.0,3.498375,3.42525
305.0,3.49775,3.4245
305.0,3.497875,3.423875
305.0,3.49725,3.424
305.0,3.497375,3.424375
305.0,3.49875,3.42425
305.0,3.499,3.423625
305.0,3.499,3.423625
305.0,3.4985,3.423875
305.0,3.497875,3.4245
305.0,3.4975,3.42425
305.0,3.497,3.42425
305.0,3.49675,3.424875
305.0,3.496625,3.425
305.0,3.496375,3.42525
305.0,3.49725,3.42575
305.0,3.498625,3.42575
305.0,3.498,3.425375
305.0,3.497625,3.424375
305.0,3.497875,3.423875
305.0,3.497625,3.424375
305.0,3.498125,3.4245
305.0,3.49925,3.424
305.0,3.49925,3.424
305.0,3.49975,3.423625
305.0,3.499375,3.42375
305.0,3.49775,3.424875
305.0,3.497625,3.4245
305.0,3.4975,3.4245
305.0,3.496625,3.424875
305.0,3.496125,3.424875
305.0,3.49625,3.425125
305.0,3.497375,3.425875
305.0,3.498375,3.425875
305.0,3.498,3.42525
305.0,3.497875,3.424125
305.0,3.4975,3.424125
305.0,3.49725,3.424375
305.0,3.498125,3.424375
305.0,3.498125,3.424375
305.0,3.4995,3.424125
305.0,3.499625,3.423625
305.0,3.49875,3.42425
305.0,3.497625,3.42475
305.0,3.49725,3.42425
305.0,3.497125,3.42475
305.0,3.497125,3.425
305.0,3.49675,3.425
305.0,3.497125,3.425375
305.0,3.498,3.425875
305.0,3.498,3.42525
305.0,3.497875,3.424375
305.0,3.497875,3.423625
305.0,3.497375,3.424125
305.0,3.497375,3.4245
305.0,3.4985,3.4245
305.0,3.4985,3.42425
305.0,3.499,3.42375
305.0,3.499375,3.423875
305.0,3.49825,3.424375
305.0,3.4975,3.424625
305.0,3.497375,3.424375
305.0,3.497,3.424625
305.0,3.4965,3.425
305.0,3.496625,3.425125
305.0,3.497375,3.42575
305.0,3.49825,3.425875
305.0,3.498375,3.42525
305.0,3.498,3.424375
305.0,3.498,3.424
305.0,3.4975,3.42425
305.0,3.497875,3.4245
305.0,3.497875,3.4245
305.0,3.499125,3.424125
305.0,3.4995,3.423875
305.0,3.499,3.42375
305.0,3.49775,3.424125
305.0,3.49725,3.424125
305.0,3.49725,3.4245
305.0,3.496875,3.425
305.0,3.4965,3.425
305.0,3.49675,3.42525
305.0,3.4975,3.42575
305.0,3.49825,3.42575
305.0,3.49775,3.425375
305.0,3.497375,3.424125
305.0,3.497375,3.424
305.0,3.497125,3.4245
305.0,3.497125,3.4245
305.0,3.4985,3.4245
305.0,3.499875,3.424
305.0,3.500125,3.423625
305.0,3.499375,3.424
305.0,3.49825,3.4245
305.0,3.497625,3.42425
305.0,3.497375,3.424625
305.0,3.49725,3.42475
305.0,3.496375,3.424875
305.0,3.496875,3.4255
305.0,3.497875,3.426
305.0,3.498625,3.425875
305.0,3.498125,3.425
305.0,3.497875,3.423875
305.0,3.49775,3.424
305.0,3.49775,3.424
305.0,3.49775,3.4245
305.0,3.498625,3.424375
305.0,3.499125,3.42375
305.0,3.49925,3.423625
305.0,3.49825,3.424375
305.0,3.497625,3.424375
305.0,3.497,3.42425
305.0,3.497,3.424625
305.0,3.49675,3.42475
305.0,3.496875,3.425
305.0,3.497625,3.425625
305.0,3.497875,3.425875
305.0,3.498,3.425375
305.0,3.497625,3.424625
305.0,3.498125,3.424125
305.0,3.498125,3.424125
305.0,3.497875,3.424375
305.0,3.498,3.424625
305.0,3.498875,3.42425
305.0,3.4995,3.423875
305.0,3.499,3.424125
305.0,3.498625,3.42475
305.0,3.497875,3.424625
305.0,3.497375,3.42475
305.0,3.497375,3.425
305.0,3.497125,3.42475
305.0,3.497,3.42525
305.0,3.497625,3.425875
305.0,3.498875,3.425625
305.0,3.498625,3.424875
306.0,3.49625,3.405625
306.0,3.496875,3.40625
306.0,3.498,3.406625
306.0,3.498,3.40625
306.0,3.497375,3.405375
306.0,3.497125,3.4045
306.0,3.497125,3.404875
306.0,3.4975,3.40525
306.0,3.4975,3.40525
306.0,3.499,3.404875
306.0,3.499375,3.4045
306.0,3.499125,3.404625
306.0,3.498125,3.405125
306.0,3.496875,3.40475
306.0,3.496625,3.404375
306.0,3.496625,3.405125
306.0,3.496625,3.405375
306.0,3.496375,3.40575
306.0,3.497125,3.4065
306.0,3.498125,3.4065
306.0,3.498,3.406125
306.0,3.497,3.405125
306.0,3.496875,3.404625
306.0,3.49725,3.404875
306.0,3.49725,3.405125
306.0,3.497875,3.405125
306.0,3.498625,3.404875
306.0,3.498875,3.40425
306.0,3.498375,3.4045
306.0,3.4975,3.404875
306.0,3.4975,3.404875
306.0,3.49675,3.405125
306.0,3.49625,3.40525
306.0,3.49625,3.4055
306.0,3.496375,3.40575
306.0,3.4975,3.406375
306.0,3.498,3.406125
306.0,3.4975,3.405375
306.0,3.497625,3.4045
306.0,3.4975,3.4045
306.0,3.497375,3.405125
306.0,3.497375,3.405125
306.0,3.49775,3.405125
306.0,3.49875,3.404625
306.0,3.49925,3.40425
306.0,3.498375,3.40475
306.0,3.49725,3.405125
306.0,3.49675,3.404875
306.0,3.496375,3.405375
306.0,3.4965,3.4055
306.0,3.49625,3.405625
306.0,3.4965,3.406125
306.0,3.497375,3.406625
306.0,3.4985,3.406375
306.0,3.497875,3.405375
306.0,3.497125,3.404375
306.0,3.496875,3.4045
306.0,3.496875,3.4045
306.0,3.4975,3.405
306.0,3.49875,3.405
306.0,3.499,3.404375
306.0,3.498875,3.404375
306.0,3.498375,3.405125
306.0,3.4975,3.405125
306.0,3.497125,3.404875
306.0,3.49675,3.4055
306.0,3.496,3.4055
306.0,3.496,3.40575
306.0,3.497375,3.406125
306.0,3.498125,3.406375
306.0,3.49775,3.406
306.0,3.497375,3.404875
306.0,3.496875,3.404375
306.0,3.496875,3.404375
306.0,3.49675,3.40475
306.0,3.497375,3.405
306.0,3.498625,3.40475
306.0,3.498875,3.404375
306.0,3.498625,3.404375
306.0,3.4975,3.404875
306.0,3.496875,3.40475
306.0,3.49675,3.40475
306.0,3.496625,3.405125
306.0,3.496,3.4055
306.0,3.496375,3.406
306.0,3.49725,3.406625
306.0,3.498125,3.40625
306.0,3.4975,3.405625
306.0,3.49725,3.404875
306.0,3.49725,3.404875
306.0,3.49725,3.404625
306.0,3.4975,3.405
306.0,3.49775,3.405125
306.0,3.498875,3.404625
306.0,3.49925,3.40425
306.0,3.498375,3.40475
306.0,3.49725,3.405375
306.0,3.49675,3.40525
306.0,3.496875,3.40525
306.0,3.496375,3.405375
306.0,3.496,3.4055
306.0,3.496875,3.406
306.0,3.498,3.406375
306.0,3.49875,3.406
306.0,3.497875,3.4055
306.0,3.497125,3.40475
306.0,3.497125,3.40475
306.0,3.49675,3.404625
306.0,3.497375,3.405
306.0,3.498625,3.405125
306.0,3.499375,3.4045
306.0,3.49925,3.404375
306.0,3.49825,3.40525
306.0,3.497,3.405
306.0,3.49675,3.40475
306.0,3.496875,3.405375
306.0,3.4965,3.4055
306.0,3.496,3.40575
306.0,3.497125,3.40625
306.0,3.498,3.40625
306.0,3.497875,3.40575
306.0,3.4975,3.4055
306.0,3.4975,3.4055
306.0,3.497,3.404875
306.0,3.496625,3.405
306.0,3.497,3.40525
306.0,3.498375,3.405
306.0,3.499125,3.404375
306.0,3.4985,3.404625
306.0,3.497375,3.405375
306.0,3.496625,3.405
306.0,3.49625,3.404875
306.0,3.4965,3.405375
306.0,3.496125,3.405625
306.0,3.495875,3.405875
306.0,3.497125,3.406375
306.0,3.49825,3.4065
306.0,3.49775,3.405875
306.0,3.49775,3.405875
306.0,3.49775,3.40525
306.0,3.497375,3.40475
306.0,3.49675,3.405125
306.0,3.49775,3.40525
306.0,3.498375,3.40475
306.0,3.498625,3.40425
306.0,3.49825,3.40475
306.0,3.497625,3.4055
306.0,3.497125,3.405125
306.0,3.496875,3.404875
306.0,3.49625,3.40525
306.0,3.49625,3.405375
306.0,3.496375,3.406
306.0,3.497,3.406625
306.0,3.49775,3.40625
306.0,3.49775,3.40625
306.0,3.497375,3.405625
306.0,3.497625,3.404625
306.0,3.497125,3.4045
306.0,3.49725,3.405
306.0,3.498625,3.405125
306.0,3.49975,3.404625
306.0,3.49925,3.404375
306.0,3.498125,3.405
306.0,3.497,3.405125
306.0,3.497125,3.405
306.0,3.49675,3.405375
306.0,3.4965,3.405375
306.0,3.496125,3.4055
306.0,3.497,3.406375
307.0,3.4975,3.3835
307.0,3.497375,3.3835
307.0,3.497375,3.384125
307.0,3.498375,3.384
307.0,3.49925,3.3835
307.0,3.499375,3.383375
307.0,3.4985,3.383625
307.0,3.49725,3.38425
307.0,3.49725,3.38425
307.0,3.4965,3.384125
307.0,3.4965,3.38425
307.0,3.496375,3.384375
307.0,3.496125,3.384625
307.0,3.497,3.38525
307.0,3.498125,3.38575
307.0,3.497875,3.38525
307.0,3.497375,3.384375
307.0,3.497125,3.383625
307.0,3.496875,3.38375
307.0,3.497,3.384125
307.0,3.498625,3.384125
307.0,3.499625,3.383375
307.0,3.49975,3.383625
307.0,3.498375,3.384125
307.0,3.498375,3.384125
307.0,3.497375,3.38425
307.0,3.497375,3.383875
307.0,3.49675,3.384125
307.0,3.4965,3.384375
307.0,3.496375,3.384625
307.0,3.497,3.38525
307.0,3.498,3.3855
307.0,3.498,3.385125
307.0,3.498,3.38425
307.0,3.498,3.3835
307.0,3.49775,3.383875
307.0,3.498,3.38425
307.0,3.499,3.383875
307.0,3.49925,3.38325
307.0,3.498875,3.383875
307.0,3.497875,3.3845
307.0,3.497875,3.3845
307.0,3.497,3.38425
307.0,3.497,3.384
307.0,3.49675,3.38425
307.0,3.496375,3.384375
307.0,3.496375,3.384875
307.0,3.497625,3.385375
307.0,3.498125,3.38525
307.0,3.497625,3.384875
307.0,3.497375,3.383875
307.0,3.497375,3.383375
307.0,3.497375,3.38375
307.0,3.498625,3.384
307.0,3.5,3.3835
307.0,3.499625,3.38325
307.0,3.498625,3.384
307.0,3.498625,3.384
307.0,3.497375,3.38425
307.0,3.4975,3.3835
307.0,3.49725,3.384
307.0,3.496625,3.384375
307.0,3.4965,3.384625
307.0,3.496625,3.385125
307.0,3.49775,3.3855
307.0,3.498375,3.385375
307.0,3.498125,3.384375
307.0,3.49825,3.3835
307.0,3.497625,3.383625
307.0,3.4975,3.384125
307.0,3.499,3.384
307.0,3.5,3.38325
307.0,3.499625,3.383375
307.0,3.499625,3.383375
307.0,3.498375,3.38425
307.0,3.497375,3.38425
307.0,3.497375,3.384
307.0,3.4975,3.384125
307.0,3.49675,3.384375
307.0,3.4965,3.38475
307.0,3.49775,3.3855
307.0,3.4985,3.3855
307.0,3.49825,3.384875
307.0,3.49775,3.383875
307.0,3.49775,3.38325
307.0,3.49775,3.383625
307.0,3.498,3.384
307.0,3.498875,3.383875
307.0,3.49975,3.38325
307.0,3.49975,3.38325
307.0,3.499,3.383625
307.0,3.49775,3.384125
307.0,3.497,3.383875
307.0,3.497125,3.383875
307.0,3.496875,3.384375
307.0,3.49625,3.3845
307.0,3.496625,3.384875
307.0,3.497875,3.3855
307.0,3.498375,3.38525
307.0,3.498125,3.384375
307.0,3.49775,3.383375
307.0,3.497875,3.38325
307.0,3.49725,3.384
307.0,3.49775,3.38425
307.0,3.499125,3.383625
307.0,3.499375,3.38325
307.0,3.499375,3.38325
307.0,3.4985,3.3835
307.0,3.49775,3.38425
307.0,3.4975,3.384
307.0,3.496875,3.384125
307.0,3.4965,3.384375
307.0,3.4965,3.3845
307.0,3.4975,3.385
307.0,3.4985,3.3855
307.0,3.498375,3.385
307.0,3.498125,3.3845
307.0,3.498375,3.3835
307.0,3.497625,3.3835
307.0,3.497125,3.384125
307.0,3.4985,3.384125
307.0,3.499375,3.383375
307.0,3.499375,3.383375
307.0,3.499375,3.383125
307.0,3.49875,3.383875
307.0,3.497875,3.38425
307.0,3.497125,3.384125
307.0,3.4965,3.384375
307.0,3.496625,3.384375
307.0,3.496875,3.384625
307.0,3.49725,3.385125
307.0,3.497875,3.38525
307.0,3.498375,3.384625
307.0,3.498125,3.383875
307.0,3.497875,3.383125
307.0,3.497375,3.383625
307.0,3.497625,3.384125
307.0,3.498625,3.383875
307.0,3.498625,3.383875
307.0,3.49925,3.38325
307.0,3.49925,3.383375
307.0,3.49825,3.384125
307.0,3.49725,3.38375
307.0,3.49725,3.383625
307.0,3.497,3.384125
307.0,3.49675,3.384375
307.0,3.496625,3.384625
307.0,3.497375,3.3855
307.0,3.4985,3.385375
307.0,3.497875,3.384875
307.0,3.497875,3.38425
307.0,3.498,3.383625
307.0,3.49725,3.384
307.0,3.498,3.384125
307.0,3.498,3.384125
307.0,3.499,3.383625
307.0,3.499125,3.383125
307.0,3.49875,3.38325
307.0,3.497625,3.384
307.0,3.497125,3.384125
307.0,3.497,3.384375
307.0,3.49675,3.384625
307.0,3.496375,3.3845
307.0,3.49725,3.385
307.0,3.498125,3.385375
307.0,3.498375,3.385125
307.0,3.498,3.384375
307.0,3.497875,3.383375
307.0,3.49775,3.383375
308.0,3.498,3.36275
308.0,3.496875,3.36325
308.0,3.49675,3.36275
308.0,3.4965,3.363
308.0,3.496,3.363375
308.0,3.4955,3.3635
308.0,3.496125,3.364125
308.0,3.49725,3.364375
308.0,3.49725,3.364375
308.0,3.49725,3.364
308.0,3.497125,3.363375
308.0,3.49725,3.362625
308.0,3.497,3.36275
308.0,3.49725,3.363
308.0,3.498375,3.362625
308.0,3.49875,3.362125
308.0,3.4985,3.362125
308.0,3.497375,3.362875
308.0,3.49675,3.363
308.0,3.496875,3.362875
308.0,3.496125,3.36325
308.0,3.4955,3.363375
308.0,3.49575,3.3635
308.0,3.497125,3.364125
308.0,3.498125,3.36425
308.0,3.498125,3.36425
308.0,3.49775,3.363625
308.0,3.497125,3.362875
308.0,3.496875,3.362375
308.0,3.496375,3.36275
308.0,3.4975,3.363
308.0,3.49875,3.36275
308.0,3.499125,3.36225
308.0,3.498625,3.3625
308.0,3.497125,3.363375
308.0,3.496875,3.362875
308.0,3.49675,3.363
308.0,3.496,3.363375
308.0,3.495625,3.3635
308.0,3.496125,3.364
308.0,3.496875,3.364375
308.0,3.496875,3.364375
308.0,3.498,3.364125
308.0,3.497625,3.363375
308.0,3.497125,3.362375
308.0,3.49675,3.362375
308.0,3.496875,3.363
308.0,3.49775,3.362875
308.0,3.498625,3.362375
308.0,3.49875,3.362125
308.0,3.498125,3.362875
308.0,3.49725,3.363
308.0,3.49675,3.362625
308.0,3.49675,3.363
308.0,3.496125,3.363125
308.0,3.496,3.363375
308.0,3.49675,3.364
308.0,3.49675,3.364
308.0,3.497625,3.364375
308.0,3.497625,3.363875
308.0,3.497375,3.36275
308.0,3.49725,3.362
308.0,3.497,3.362625
308.0,3.49725,3.363125
308.0,3.49825,3.362875
308.0,3.498875,3.36225
308.0,3.499,3.36225
308.0,3.497625,3.362625
308.0,3.496625,3.362625
308.0,3.496125,3.3625
308.0,3.496,3.363
308.0,3.495625,3.363375
308.0,3.496125,3.363625
308.0,3.496125,3.363625
308.0,3.497125,3.36425
308.0,3.49775,3.364375
308.0,3.49775,3.363625
308.0,3.4975,3.362625
308.0,3.497,3.3625
308.0,3.496625,3.362875
308.0,3.4975,3.363
308.0,3.498625,3.36275
308.0,3.498875,3.362125
308.0,3.498,3.362375
308.0,3.497125,3.362875
308.0,3.49675,3.36275
308.0,3.496375,3.363125
308.0,3.496,3.36325
308.0,3.495875,3.36325
308.0,3.496125,3.36375
308.0,3.496125,3.36375
308.0,3.49725,3.3645
308.0,3.497875,3.364125
308.0,3.496875,3.363375
308.0,3.49725,3.3625
308.0,3.49725,3.36225
308.0,3.497,3.36275
308.0,3.498125,3.362875
308.0,3.4995,3.3625
308.0,3.49925,3.36225
308.0,3.497875,3.362625
308.0,3.49725,3.36325
308.0,3.497,3.36275
308.0,3.4965,3.363125
308.0,3.496125,3.363375
308.0,3.4965,3.3635
308.0,3.4965,3.3635
308.0,3.497,3.364125
308.0,3.49775,3.3645
308.0,3.498,3.364125
308.0,3.49775,3.363375
308.0,3.497375,3.362625
308.0,3.496875,3.362625
308.0,3.497375,3.363
308.0,3.498875,3.362875
308.0,3.49925,3.362125
308.0,3.498625,3.36225
308.0,3.49775,3.363125
308.0,3.496625,3.363125
308.0,3.496375,3.362625
308.0,3.496125,3.363125
308.0,3.49625,3.363375
308.0,3.49625,3.363375
308.0,3.49625,3.363625
308.0,3.497,3.36425
308.0,3.497625,3.364375
308.0,3.497125,3.363875
308.0,3.4975,3.36325
308.0,3.497625,3.362625
308.0,3.49725,3.362875
308.0,3.49775,3.363
308.0,3.498375,3.362625
308.0,3.49875,3.36225
308.0,3.498875,3.362625
308.0,3.497625,3.363
308.0,3.497125,3.363
308.0,3.497,3.363
308.0,3.496375,3.363375
308.0,3.496375,3.363375
308.0,3.49625,3.3635
308.0,3.496875,3.363625
308.0,3.4975,3.36425
308.0,3.497875,3.364125
308.0,3.49725,3.3635
308.0,3.497,3.363125
308.0,3.497125,3.362875
308.0,3.497125,3.363
308.0,3.497875,3.363125
308.0,3.499125,3.362625
308.0,3.49925,3.362125
308.0,3.49875,3.362625
308.0,3.49725,3.363125
308.0,3.496875,3.362875
308.0,3.497,3.363
308.0,3.496375,3.363
308.0,3.496375,3.363375
308.0,3.495625,3.363375
308.0,3.4965,3.363875
308.0,3.497625,3.364625
308.0,3.498125,3.36425
308.0,3.497375,3.3635
308.0,3.49725,3.362625
308.0,3.497125,3.362375
308.0,3.497125,3.363
308.0,3.498625,3.362875
308.0,3.499375,3.362375
308.0,3.49925,3.36225
308.0,3.498,3.362875
308.0,3.4975,3.362875
309.0,3.4975,3.339
309.0,3.497,3.339625
309.0,3.497875,3.339875
309.0,3.499375,3.339375
309.0,3.500125,3.339
309.0,3.49925,3.3395
309.0,3.497875,3.34025
309.0,3.49725,3.339875
309.0,3.49725,3.339875
309.0,3.49725,3.33975
309.0,3.49675,3.339875
309.0,3.496125,3.34
309.0,3.497,3.340625
309.0,3.498125,3.341125
309.0,3.4985,3.341
309.0,3.498125,3.340125
309.0,3.498125,3.339125
309.0,3.4975,3.339
309.0,3.497,3.339625
309.0,3.498375,3.33975
309.0,3.49975,3.33925
309.0,3.499375,3.339
309.0,3.498375,3.339625
309.0,3.49725,3.34
309.0,3.49725,3.339625
309.0,3.49725,3.339625
309.0,3.49725,3.339875
309.0,3.496875,3.340125
309.0,3.49625,3.34025
309.0,3.497125,3.34075
309.0,3.498125,3.341125
309.0,3.498375,3.340625
309.0,3.49775,3.339875
309.0,3.49775,3.339125
309.0,3.49775,3.339375
309.0,3.497875,3.33975
309.0,3.498625,3.339625
309.0,3.499375,3.339
309.0,3.499125,3.338875
309.0,3.497875,3.3395
309.0,3.497125,3.339625
309.0,3.497125,3.339625
309.0,3.49725,3.3395
309.0,3.497125,3.34
309.0,3.496625,3.340125
309.0,3.496875,3.340375
309.0,3.49775,3.341
309.0,3.49825,3.34125
309.0,3.498,3.340875
309.0,3.498,3.34
309.0,3.497875,3.339375
309.0,3.49725,3.3395
309.0,3.498125,3.33975
309.0,3.499125,3.339375
309.0,3.499375,3.338875
309.0,3.499375,3.33925
309.0,3.498125,3.339625
309.0,3.498125,3.339625
309.0,3.497375,3.339375
309.0,3.497375,3.33975
309.0,3.496875,3.34025
309.0,3.4965,3.340125
309.0,3.49675,3.340375
309.0,3.498125,3.340875
309.0,3.499,3.340875
309.0,3.498625,3.340625
309.0,3.498375,3.339625
309.0,3.497875,3.33925
309.0,3.497625,3.339625
309.0,3.4985,3.339875
309.0,3.49925,3.339375
309.0,3.49925,3.33925
309.0,3.498625,3.339625
309.0,3.498625,3.339625
309.0,3.498,3.339875
309.0,3.497625,3.339375
309.0,3.49725,3.339625
309.0,3.497,3.340125
309.0,3.496375,3.340125
309.0,3.497,3.340625
309.0,3.49825,3.34125
309.0,3.49875,3.340875
309.0,3.4985,3.34025
309.0,3.498125,3.33925
309.0,3.497625,3.33925
309.0,3.4975,3.33975
309.0,3.4985,3.339875
309.0,3.49975,3.339125
309.0,3.499625,3.339
309.0,3.498375,3.33975
309.0,3.498375,3.33975
309.0,3.497375,3.33975
309.0,3.497375,3.3395
309.0,3.497,3.340125
309.0,3.4965,3.34025
309.0,3.496625,3.34025
309.0,3.497375,3.340875
309.0,3.49825,3.341125
309.0,3.49825,3.34075
309.0,3.49775,3.340125
309.0,3.497625,3.339625
309.0,3.49725,3.339625
309.0,3.497625,3.33975
309.0,3.499125,3.3395
309.0,3.49975,3.339
309.0,3.49975,3.338875
309.0,3.49975,3.338875
309.0,3.49825,3.3395
309.0,3.497625,3.339875
309.0,3.497625,3.34
309.0,3.4975,3.340375
309.0,3.496875,3.34025
309.0,3.4965,3.3405
309.0,3.497875,3.341125
309.0,3.498625,3.341
309.0,3.498125,3.340125
309.0,3.498,3.339125
309.0,3.498,3.339
309.0,3.497875,3.339625
309.0,3.498625,3.33975
309.0,3.499375,3.3395
309.0,3.49925,3.338875
309.0,3.49925,3.338875
309.0,3.49875,3.339375
309.0,3.497625,3.340125
309.0,3.49775,3.33975
309.0,3.497375,3.339875
309.0,3.497125,3.340125
309.0,3.4965,3.34
309.0,3.49675,3.340625
309.0,3.497875,3.341
309.0,3.498375,3.341
309.0,3.497875,3.340625
309.0,3.49775,3.339625
309.0,3.497375,3.3395
309.0,3.497125,3.33975
309.0,3.498375,3.33975
309.0,3.499625,3.339125
309.0,3.499625,3.339125
309.0,3.499625,3.33875
309.0,3.4985,3.34
309.0,3.4975,3.340375
309.0,3.497125,3.33975
309.0,3.496875,3.34
309.0,3.496125,3.34025
309.0,3.496,3.34025
309.0,3.49725,3.34075
309.0,3.4985,3.34125
309.0,3.498375,3.34075
309.0,3.497625,3.340125
309.0,3.497625,3.33925
309.0,3.49725,3.339375
309.0,3.4975,3.339875
309.0,3.499,3.33975
309.0,3.49975,3.33975
309.0,3.49975,3.339
309.0,3.4995,3.339
309.0,3.497875,3.339625
309.0,3.49675,3.339625
309.0,3.496625,3.3395
309.0,3.496625,3.34
309.0,3.496875,3.340125
309.0,3.496875,3.340375
309.0,3.497875,3.341
309.0,3.498375,3.341
309.0,3.498125,3.340625
309.0,3.4975,3.33975
309.0,3.497625,3.339125
309.0,3.49725,3.339625
310.0,3.497375,3.313875
310.0,3.49825,3.314125
310.0,3.498,3.314
310.0,3.497875,3.31275
310.0,3.497625,3.311875
310.0,3.497125,3.3125
310.0,3.4975,3.31275
310.0,3.49925,3.312375
310.0,3.49925,3.312375
310.0,3.499625,3.311875
310.0,3.4995,3.31225
310.0,3.49825,3.313
310.0,3.497625,3.312625
310.0,3.4975,3.31275
310.0,3.49675,3.313125
310.0,3.496625,3.313125
310.0,3.4965,3.31325
310.0,3.497375,3.314
310.0,3.498375,3.314
310.0,3.497875,3.31325
310.0,3.497625,3.31225
310.0,3.4975,3.311875
310.0,3.497125,3.312375
310.0,3.49775,3.312625
310.0,3.49775,3.31225
310.0,3.498875,3.31225
310.0,3.49925,3.311875
310.0,3.499,3.31225
310.0,3.498375,3.31275
310.0,3.49775,3.312625
310.0,3.497125,3.312625
310.0,3.4965,3.312875
310.0,3.496,3.31325
310.0,3.496875,3.313625
310.0,3.497875,3.314
310.0,3.49875,3.314125
310.0,3.49825,3.313375
310.0,3.498,3.312
310.0,3.4975,3.312
310.0,3.497875,3.312625
310.0,3.498875,3.312625
310.0,3.498875,3.312625
310.0,3.4995,3.312125
310.0,3.4995,3.31175
310.0,3.49825,3.312375
310.0,3.497,3.3125
310.0,3.49725,3.312625
310.0,3.497,3.312875
310.0,3.49675,3.313
310.0,3.496625,3.31325
310.0,3.497375,3.313875
310.0,3.498125,3.314125
310.0,3.498125,3.313625
310.0,3.49825,3.31275
310.0,3.49825,3.312125
310.0,3.497625,3.3125
310.0,3.497875,3.31275
310.0,3.497875,3.31275
310.0,3.49925,3.3125
310.0,3.49975,3.311875
310.0,3.499125,3.311875
310.0,3.497875,3.312625
310.0,3.497375,3.31275
310.0,3.497125,3.312375
310.0,3.497,3.313
310.0,3.496875,3.313
310.0,3.49675,3.31325
310.0,3.498,3.313875
310.0,3.498875,3.314125
310.0,3.498125,3.3135
310.0,3.497625,3.312625
310.0,3.497625,3.312125
310.0,3.49725,3.3125
310.0,3.49725,3.3125
310.0,3.497875,3.312625
310.0,3.4995,3.31225
310.0,3.5,3.311625
310.0,3.49925,3.31225
310.0,3.49775,3.313
310.0,3.497375,3.312375
310.0,3.497125,3.31275
310.0,3.496625,3.313
310.0,3.496625,3.313
310.0,3.496875,3.3135
310.0,3.497625,3.31375
310.0,3.49825,3.31375
310.0,3.49825,3.31325
310.0,3.49775,3.312
310.0,3.497625,3.312
310.0,3.497625,3.312
310.0,3.497375,3.312625
310.0,3.49825,3.3125
310.0,3.499375,3.312125
310.0,3.4995,3.311625
310.0,3.49925,3.312
310.0,3.497875,3.312375
310.0,3.49725,3.312625
310.0,3.497125,3.313
310.0,3.496875,3.313125
310.0,3.49625,3.313125
310.0,3.497125,3.31375
310.0,3.498625,3.314
310.0,3.498625,3.313625
310.0,3.498125,3.313125
310.0,3.49775,3.312625
310.0,3.4975,3.312625
310.0,3.4975,3.312625
310.0,3.498,3.31275
310.0,3.49925,3.3125
310.0,3.4995,3.312
310.0,3.4995,3.312125
310.0,3.49825,3.3125
310.0,3.497,3.312875
310.0,3.49675,3.312625
310.0,3.496875,3.313
310.0,3.4965,3.313125
310.0,3.496,3.31325
310.0,3.4975,3.31375
310.0,3.498625,3.314
310.0,3.49775,3.313625
310.0,3.4975,3.3125
310.0,3.49775,3.311875
310.0,3.49775,3.311875
310.0,3.497375,3.3125
310.0,3.49775,3.312625
310.0,3.499,3.31225
310.0,3.49925,3.311875
310.0,3.499125,3.312125
310.0,3.497875,3.31275
310.0,3.497,3.31275
310.0,3.496875,3.312875
310.0,3.49675,3.313125
310.0,3.4965,3.313125
310.0,3.496625,3.313625
310.0,3.498,3.314125
310.0,3.498625,3.314
310.0,3.498,3.313625
310.0,3.497625,3.312625
310.0,3.497625,3.312625
310.0,3.4975,3.31225
310.0,3.4975,3.3125
310.0,3.4985,3.31275
310.0,3.499375,3.312375
310.0,3.49925,3.312
310.0,3.49875,3.312875
310.0,3.4975,3.31325
310.0,3.4975,3.312375
310.0,3.497375,3.31275
310.0,3.4965,3.31325
310.0,3.49625,3.313125
310.0,3.497,3.313625
310.0,3.497625,3.314125
310.0,3.49825,3.313875
310.0,3.498375,3.312875
310.0,3.498375,3.31225
310.0,3.49775,3.31225
310.0,3.497375,3.312375
310.0,3.498125,3.31275
310.0,3.49875,3.312625
310.0,3.49925,3.312125
310.0,3.4995,3.311875
310.0,3.498625,3.31225
310.0,3.49725,3.312625
310.0,3.497,3.312375
310.0,3.497375,3.31275
310.0,3.496875,3.313
310.0,3.4965,3.313375
310.0,3.497375,3.31425
310.0,3.498125,3.31425
311.0,3.497625,3.285375
311.0,3.497125,3.285
311.0,3.497125,3.285
311.0,3.49675,3.28525
311.0,3.496125,3.28525
311.0,3.4965,3.285875
311.0,3.4975,3.2865
311.0,3.498,3.286
311.0,3.498,3.286
311.0,3.497625,3.285375
311.0,3.49725,3.28475
311.0,3.49725,3.284625
311.0,3.497875,3.284875
311.0,3.4985,3.285
311.0,3.499625,3.2845
311.0,3.499875,3.28425
311.0,3.498875,3.2845
311.0,3.4975,3.285
311.0,3.49675,3.284625
311.0,3.496875,3.284875
311.0,3.49625,3.28525
311.0,3.496,3.285375
311.0,3.497,3.286
311.0,3.497875,3.286375
311.0,3.497875,3.286375
311.0,3.497875,3.286125
311.0,3.497375,3.28525
311.0,3.49775,3.284375
311.0,3.497125,3.2845
311.0,3.49725,3.285
311.0,3.498375,3.285
311.0,3.499125,3.284125
311.0,3.499375,3.284
311.0,3.498375,3.285
311.0,3.497125,3.285
311.0,3.4965,3.28475
311.0,3.496875,3.28525
311.0,3.49675,3.285375
311.0,3.49625,3.285375
311.0,3.49675,3.286
311.0,3.4985,3.286125
311.0,3.4985,3.286125
311.0,3.498375,3.285875
311.0,3.497125,3.284875
311.0,3.497125,3.28425
311.0,3.497125,3.28475
311.0,3.497625,3.285125
311.0,3.498875,3.28475
311.0,3.4995,3.28425
311.0,3.499125,3.284125
311.0,3.497875,3.28525
311.0,3.497,3.285
311.0,3.497,3.285
311.0,3.496875,3.285375
311.0,3.49625,3.2855
311.0,3.4965,3.285625
311.0,3.497375,3.286375
311.0,3.497375,3.286375
311.0,3.4985,3.28625
311.0,3.49825,3.285625
311.0,3.49775,3.284875
311.0,3.497375,3.28475
311.0,3.4975,3.285
311.0,3.498,3.285
311.0,3.499,3.284625
311.0,3.499125,3.284375
311.0,3.498875,3.284875
311.0,3.4975,3.28525
311.0,3.49675,3.284875
311.0,3.496625,3.284875
311.0,3.49625,3.28525
311.0,3.496375,3.2855
311.0,3.497,3.285875
311.0,3.497,3.285875
311.0,3.49825,3.286375
311.0,3.49825,3.28625
311.0,3.49725,3.285625
311.0,3.497375,3.2845
311.0,3.497625,3.284625
311.0,3.497625,3.285125
311.0,3.49825,3.285
311.0,3.49925,3.284375
311.0,3.49925,3.28425
311.0,3.498375,3.285
311.0,3.497125,3.2855
311.0,3.497,3.285125
311.0,3.496875,3.285375
311.0,3.4965,3.285625
311.0,3.496375,3.28575
311.0,3.497125,3.286125
311.0,3.497125,3.286125
311.0,3.497875,3.286375
311.0,3.498,3.28625
311.0,3.497625,3.28525
311.0,3.497625,3.284625
311.0,3.49725,3.284875
311.0,3.49725,3.285125
311.0,3.498875,3.28475
311.0,3.49975,3.284125
311.0,3.499375,3.284125
311.0,3.497875,3.285125
311.0,3.497125,3.28525
311.0,3.497375,3.285125
311.0,3.497,3.285375
311.0,3.496125,3.285375
311.0,3.4965,3.28575
311.0,3.4965,3.28575
311.0,3.4975,3.286375
311.0,3.49825,3.286625
311.0,3.498375,3.285875
311.0,3.498,3.284875
311.0,3.49775,3.284375
311.0,3.4975,3.28475
311.0,3.49825,3.285125
311.0,3.499125,3.28475
311.0,3.499,3.284125
311.0,3.498625,3.284625
311.0,3.49725,3.285125
311.0,3.497125,3.284875
311.0,3.496875,3.285125
311.0,3.496875,3.285375
311.0,3.496625,3.2855
311.0,3.496625,3.2855
311.0,3.49675,3.286
311.0,3.4975,3.2865
311.0,3.498,3.286125
311.0,3.4975,3.2855
311.0,3.497375,3.284625
311.0,3.497375,3.2845
311.0,3.4975,3.284875
311.0,3.498625,3.285
311.0,3.4995,3.2845
311.0,3.49925,3.28425
311.0,3.498125,3.284875
311.0,3.497,3.28525
311.0,3.496625,3.284875
311.0,3.4965,3.28525
311.0,3.4965,3.285625
311.0,3.4965,3.285625
311.0,3.4965,3.285625
311.0,3.49725,3.286125
311.0,3.498375,3.2865
311.0,3.498375,3.286125
311.0,3.498,3.2855
311.0,3.497875,3.284625
311.0,3.49725,3.284875
311.0,3.497625,3.28525
311.0,3.4985,3.285
311.0,3.499125,3.2845
311.0,3.499125,3.284625
311.0,3.49775,3.28525
311.0,3.497125,3.28525
311.0,3.497125,3.28475
311.0,3.496625,3.285375
311.0,3.496625,3.285375
311.0,3.496125,3.285625
311.0,3.496125,3.285625
311.0,3.49725,3.2865
311.0,3.498375,3.286125
311.0,3.498,3.285625
311.0,3.49775,3.285125
311.0,3.49775,3.284625
311.0,3.49725,3.285
311.0,3.497875,3.285125
311.0,3.49925,3.28475
311.0,3.499875,3.284125
311.0,3.499,3.2845
311.0,3.497875,3.28525
311.0,3.497375,3.285
312.0,3.4965,3.2565
312.0,3.496,3.256625
312.0,3.49625,3.257
312.0,3.49725,3.257625
312.0,3.49825,3.2575
312.0,3.49825,3.25675
312.0,3.497625,3.255875
312.0,3.49725,3.255625
312.0,3.49725,3.255625
312.0,3.497,3.256125
312.0,3.498125,3.256
312.0,3.499125,3.255375
312.0,3.49875,3.25525
312.0,3.498375,3.255875
312.0,3.497625,3.256375
312.0,3.497,3.25625
312.0,3.4965,3.256375
312.0,3.496125,3.256375
312.0,3.496,3.2565
312.0,3.496625,3.257125
312.0,3.498125,3.2575
312.0,3.498375,3.257125
312.0,3.498,3.25625
312.0,3.497875,3.255625
312.0,3.497125,3.255625
312.0,3.497125,3.256
312.0,3.497125,3.256375
312.0,3.4985,3.256
312.0,3.499375,3.255625
312.0,3.49925,3.2555
312.0,3.498125,3.255875
312.0,3.49725,3.256125
312.0,3.49675,3.256125
312.0,3.49625,3.2565
312.0,3.496,3.2565
312.0,3.495625,3.25675
312.0,3.496875,3.257375
312.0,3.4975,3.25725
312.0,3.497875,3.256875
312.0,3.497625,3.256125
312.0,3.497375,3.255375
312.0,3.497375,3.255375
312.0,3.497375,3.256
312.0,3.498,3.25625
312.0,3.499,3.256
312.0,3.499,3.2555
312.0,3.49875,3.255625
312.0,3.497875,3.2565
312.0,3.497,3.256375
312.0,3.496625,3.256125
312.0,3.496875,3.256375
312.0,3.496375,3.2565
312.0,3.4965,3.256875
312.0,3.4975,3.257625
312.0,3.49825,3.2575
312.0,3.497625,3.256875
312.0,3.497375,3.255625
312.0,3.497375,3.255625
312.0,3.4975,3.255375
312.0,3.497375,3.256
312.0,3.498125,3.25625
312.0,3.49875,3.255875
312.0,3.499375,3.255375
312.0,3.49875,3.25575
312.0,3.49725,3.256375
312.0,3.496875,3.256
312.0,3.49675,3.256
312.0,3.496625,3.256625
312.0,3.49625,3.2565
312.0,3.49675,3.257
312.0,3.497625,3.257625
312.0,3.497875,3.25725
312.0,3.497625,3.256625
312.0,3.497625,3.256625
312.0,3.4975,3.2555
312.0,3.497375,3.25575
312.0,3.4975,3.256125
312.0,3.498375,3.256125
312.0,3.499375,3.2555
312.0,3.499375,3.25525
312.0,3.49825,3.256125
312.0,3.497375,3.256125
312.0,3.497,3.255625
312.0,3.496625,3.256375
312.0,3.49625,3.2565
312.0,3.496,3.256625
312.0,3.497,3.257125
312.0,3.498125,3.25725
312.0,3.49775,3.2565
312.0,3.497625,3.255875
312.0,3.497625,3.255875
312.0,3.4975,3.2555
312.0,3.497,3.25575
312.0,3.49725,3.25625
312.0,3.49875,3.25575
312.0,3.49925,3.25525
312.0,3.499,3.255375
312.0,3.49825,3.25625
312.0,3.497375,3.256375
312.0,3.49675,3.25625
312.0,3.496625,3.256375
312.0,3.49625,3.256625
312.0,3.496375,3.256875
312.0,3.4975,3.25725
312.0,3.498625,3.25725
312.0,3.498375,3.257125
312.0,3.498375,3.257125
312.0,3.498,3.256125
312.0,3.4975,3.2555
312.0,3.496875,3.256
312.0,3.498,3.25625
312.0,3.499625,3.25575
312.0,3.499875,3.255375
312.0,3.498625,3.256
312.0,3.4975,3.256375
312.0,3.4975,3.255875
312.0,3.497125,3.256
312.0,3.496375,3.256375
312.0,3.496125,3.2565
312.0,3.4965,3.256875
312.0,3.49775,3.257375
312.0,3.498125,3.25725
312.0,3.498125,3.25725
312.0,3.497375,3.25675
312.0,3.49725,3.255625
312.0,3.4975,3.255625
312.0,3.49725,3.256
312.0,3.498,3.256125
312.0,3.499375,3.25575
312.0,3.499625,3.25525
312.0,3.498375,3.256
312.0,3.497125,3.2565
312.0,3.497125,3.255875
312.0,3.496875,3.25625
312.0,3.49625,3.25675
312.0,3.49625,3.25675
312.0,3.49725,3.25725
312.0,3.498,3.2575
312.0,3.498,3.2575
312.0,3.497875,3.25725
312.0,3.4975,3.25625
312.0,3.497375,3.2555
312.0,3.497625,3.255625
312.0,3.497875,3.256
312.0,3.499125,3.256125
312.0,3.4995,3.255375
312.0,3.499,3.2555
312.0,3.498375,3.25625
312.0,3.4975,3.2565
312.0,3.497,3.256125
312.0,3.496625,3.2565
312.0,3.496375,3.2565
312.0,3.4965,3.25675
312.0,3.497,3.257375
312.0,3.497,3.257375
312.0,3.498,3.257375
312.0,3.498125,3.25675
312.0,3.497375,3.256
312.0,3.497,3.2555
312.0,3.497,3.255875
312.0,3.497625,3.25625
312.0,3.49925,3.255875
312.0,3.499875,3.25525
312.0,3.499375,3.255375
312.0,3.497875,3.256125
312.0,3.496875,3.25625
312.0,3.49725,3.25625
312.0,3.496875,3.2565
312.0,3.496375,3.2565
313.0,3.4985,3.226625
313.0,3.497625,3.225875
313.0,3.497375,3.22525
313.0,3.496875,3.225125
313.0,3.497,3.2255
313.0,3.498,3.22575
313.0,3.499125,3.225125
313.0,3.4995,3.22475
313.0,3.4995,3.22475
313.0,3.499125,3.22525
313.0,3.497875,3.225625
313.0,3.497125,3.22525
313.0,3.496875,3.2255
313.0,3.496625,3.225875
313.0,3.49625,3.226
313.0,3.496875,3.226375
313.0,3.498,3.22675
313.0,3.49825,3.22675
313.0,3.497875,3.225875
313.0,3.497625,3.225
313.0,3.497,3.225125
313.0,3.49725,3.225375
313.0,3.49825,3.225375
313.0,3.498625,3.224875
313.0,3.498625,3.224625
313.0,3.498625,3.224625
313.0,3.498375,3.225375
313.0,3.497375,3.225875
313.0,3.496875,3.22575
313.0,3.49675,3.225875
313.0,3.496875,3.225875
313.0,3.49625,3.226
313.0,3.4965,3.226625
313.0,3.497625,3.22675
313.0,3.49775,3.226375
313.0,3.4975,3.225875
313.0,3.497625,3.225
313.0,3.49725,3.225125
313.0,3.497375,3.2255
313.0,3.49875,3.225375
313.0,3.49925,3.22475
313.0,3.49925,3.22475
313.0,3.499125,3.2245
313.0,3.498,3.225375
313.0,3.497125,3.2255
313.0,3.496625,3.225625
313.0,3.4965,3.22575
313.0,3.496375,3.225875
313.0,3.496625,3.226375
313.0,3.4975,3.227
313.0,3.49825,3.227125
313.0,3.498125,3.22625
313.0,3.497875,3.2255
313.0,3.497375,3.225
313.0,3.497,3.2255
313.0,3.498125,3.22575
313.0,3.49925,3.22525
313.0,3.49925,3.22525
313.0,3.499125,3.224875
313.0,3.498375,3.22525
313.0,3.4975,3.226
313.0,3.497125,3.225625
313.0,3.497,3.225375
313.0,3.4965,3.225625
313.0,3.496125,3.226
313.0,3.497,3.226625
313.0,3.498125,3.227
313.0,3.49825,3.226875
313.0,3.4975,3.226
313.0,3.497625,3.22525
313.0,3.497125,3.22525
313.0,3.497625,3.225625
313.0,3.49875,3.225625
313.0,3.49875,3.225625
313.0,3.4995,3.225125
313.0,3.49925,3.224875
313.0,3.498375,3.22525
313.0,3.49725,3.225875
313.0,3.496625,3.22525
313.0,3.496375,3.225875
313.0,3.496125,3.226125
313.0,3.496125,3.22625
313.0,3.496625,3.22675
313.0,3.49825,3.226875
313.0,3.49825,3.226625
313.0,3.497875,3.225875
313.0,3.498,3.225
313.0,3.4975,3.225625
313.0,3.4975,3.226
313.0,3.498375,3.225625
313.0,3.498375,3.225625
313.0,3.499125,3.225
313.0,3.499,3.22525
313.0,3.4975,3.22575
313.0,3.49675,3.225625
313.0,3.497,3.225625
313.0,3.497,3.226
313.0,3.4965,3.226125
313.0,3.496625,3.226125
313.0,3.497625,3.22675
313.0,3.498375,3.227125
313.0,3.497625,3.22675
313.0,3.49725,3.22575
313.0,3.49725,3.225125
313.0,3.496875,3.225625
313.0,3.4975,3.22575
313.0,3.4975,3.22575
313.0,3.498875,3.225375
313.0,3.49975,3.225125
313.0,3.49925,3.225375
313.0,3.498,3.225875
313.0,3.4975,3.22575
313.0,3.497375,3.225875
313.0,3.496375,3.226
313.0,3.49575,3.22575
313.0,3.496625,3.22625
313.0,3.497875,3.226875
313.0,3.49825,3.226625
313.0,3.497875,3.2265
313.0,3.497875,3.225375
313.0,3.4975,3.22525
313.0,3.49725,3.22575
313.0,3.49725,3.22575
313.0,3.498375,3.22575
313.0,3.499625,3.225125
313.0,3.49975,3.224875
313.0,3.49825,3.2255
313.0,3.497125,3.225875
313.0,3.496875,3.2255
313.0,3.496625,3.22575
313.0,3.4965,3.226
313.0,3.496,3.226
313.0,3.496625,3.226625
313.0,3.498625,3.227125
313.0,3.498625,3.22675
313.0,3.4975,3.22575
313.0,3.497625,3.225
313.0,3.497625,3.22525
313.0,3.497625,3.225625
313.0,3.497375,3.225625
313.0,3.498375,3.225625
313.0,3.49925,3.225125
313.0,3.498625,3.22525
313.0,3.497875,3.225875
313.0,3.497375,3.225875
313.0,3.497125,3.225625
313.0,3.496625,3.226
313.0,3.496375,3.226125
313.0,3.49625,3.22625
313.0,3.497375,3.22675
313.0,3.49825,3.226875
313.0,3.497625,3.226375
313.0,3.49725,3.225375
313.0,3.497375,3.22475
313.0,3.497375,3.225375
313.0,3.497,3.225375
313.0,3.49825,3.22575
313.0,3.49925,3.2255
313.0,3.499125,3.224875
313.0,3.498875,3.225375
313.0,3.49775,3.226125
313.0,3.4975,3.22575
313.0,3.49725,3.22575
313.0,3.496625,3.226125
313.0,3.49625,3.22625
313.0,3.496875,3.2265
313.0,3.49775,3.227125
313.0,3.498,3.227
313.0,3.49775,3.22625
314.0,3.49675,3.19275
314.0,3.496625,3.193
314.0,3.49625,3.19325
314.0,3.496375,3.19375
314.0,3.497625,3.194125
314.0,3.49775,3.194
314.0,3.497375,3.19325
314.0,3.49675,3.19225
314.0,3.49675,3.19225
314.0,3.497,3.192375
314.0,3.497375,3.192875
314.0,3.498875,3.19275
314.0,3.500125,3.192125
314.0,3.499625,3.19225
314.0,3.498375,3.19275
314.0,3.497,3.192875
314.0,3.49675,3.192625
314.0,3.496625,3.192875
314.0,3.496375,3.193125
314.0,3.4965,3.193375
314.0,3.497,3.193875
314.0,3.497875,3.194
314.0,3.498,3.1935
314.0,3.4975,3.193
314.0,3.4975,3.19225
314.0,3.4975,3.19225
314.0,3.497125,3.192375
314.0,3.497125,3.19275
314.0,3.4985,3.192625
314.0,3.499,3.192125
314.0,3.49875,3.19225
314.0,3.497625,3.192875
314.0,3.497125,3.19275
314.0,3.497125,3.19275
314.0,3.496625,3.193125
314.0,3.496375,3.19325
314.0,3.4965,3.1935
314.0,3.497625,3.193875
314.0,3.49825,3.193875
314.0,3.4975,3.193625
314.0,3.497,3.1925
314.0,3.497,3.1925
314.0,3.496625,3.192125
314.0,3.496875,3.192625
314.0,3.498125,3.192875
314.0,3.4995,3.192375
314.0,3.499375,3.191875
314.0,3.498875,3.19225
314.0,3.497875,3.19275
314.0,3.496875,3.192625
314.0,3.496875,3.19275
314.0,3.497,3.193125
314.0,3.496125,3.19325
314.0,3.49625,3.193625
314.0,3.497625,3.19425
314.0,3.4985,3.194125
314.0,3.498125,3.193125
314.0,3.498125,3.193125
314.0,3.497875,3.192375
314.0,3.497125,3.192375
314.0,3.497,3.192625
314.0,3.498,3.192625
314.0,3.499125,3.192375
314.0,3.49925,3.191875
314.0,3.49825,3.19225
314.0,3.496875,3.192875
314.0,3.496875,3.192875
314.0,3.496625,3.192875
314.0,3.496625,3.193
314.0,3.49675,3.19325
314.0,3.497125,3.193875
314.0,3.497875,3.194125
314.0,3.498125,3.1935
314.0,3.498125,3.1935
314.0,3.49775,3.192625
314.0,3.49775,3.191875
314.0,3.496875,3.192375
314.0,3.497125,3.192875
314.0,3.4985,3.192625
314.0,3.499125,3.191875
314.0,3.499125,3.19175
314.0,3.497875,3.192625
314.0,3.496875,3.19275
314.0,3.4965,3.192375
314.0,3.49675,3.192875
314.0,3.49675,3.193125
314.0,3.496625,3.1935
314.0,3.49775,3.194
314.0,3.498625,3.194
314.0,3.498625,3.19375
314.0,3.498125,3.19375
314.0,3.497875,3.19275
314.0,3.4975,3.192
314.0,3.49725,3.1925
314.0,3.4975,3.192875
314.0,3.498875,3.1925
314.0,3.498875,3.192125
314.0,3.498625,3.192375
314.0,3.4975,3.192875
314.0,3.49725,3.192875
314.0,3.49725,3.192875
314.0,3.497,3.193125
314.0,3.496375,3.19325
314.0,3.49625,3.193625
314.0,3.49775,3.194125
314.0,3.498625,3.193875
314.0,3.498625,3.193875
314.0,3.49825,3.19325
314.0,3.49775,3.19225
314.0,3.49725,3.19225
314.0,3.49725,3.192625
314.0,3.49825,3.192875
314.0,3.499,3.19225
314.0,3.499,3.191875
314.0,3.498875,3.19225
314.0,3.49775,3.192875
314.0,3.497375,3.192625
314.0,3.497,3.192875
314.0,3.49625,3.193375
314.0,3.496125,3.1935
314.0,3.496875,3.194
314.0,3.498,3.19425
314.0,3.498,3.19425
314.0,3.498375,3.19375
314.0,3.497625,3.192875
314.0,3.49725,3.192
314.0,3.497,3.19225
314.0,3.497375,3.19275
314.0,3.4985,3.19275
314.0,3.49925,3.192125
314.0,3.498875,3.192125
314.0,3.49775,3.192875
314.0,3.497375,3.193
314.0,3.497,3.19275
314.0,3.496875,3.193
314.0,3.4965,3.193
314.0,3.49625,3.193375
314.0,3.49725,3.194
314.0,3.49725,3.194
314.0,3.498375,3.19425
314.0,3.498125,3.19375
314.0,3.497625,3.192625
314.0,3.4975,3.192
314.0,3.497,3.19275
314.0,3.49725,3.193
314.0,3.498625,3.1925
314.0,3.499625,3.192
314.0,3.498875,3.192
314.0,3.49725,3.19275
314.0,3.497,3.192875
314.0,3.49725,3.19275
314.0,3.4965,3.193
314.0,3.49575,3.19325
314.0,3.497,3.1935
314.0,3.497,3.194
314.0,3.498125,3.194
314.0,3.4985,3.194125
314.0,3.497875,3.1935
314.0,3.497625,3.192625
314.0,3.49725,3.192125
314.0,3.497125,3.1925
314.0,3.498,3.19275
314.0,3.49925,3.1925
314.0,3.499375,3.192
314.0,3.498625,3.1925
314.0,3.497375,3.19325
314.0,3.497125,3.19275
314.0,3.497125,3.19275
314.0,3.497,3.193125
315.0,3.496875,3.16025
315.0,3.497875,3.1605
315.0,3.49825,3.160125
315.0,3.498,3.1595
315.0,3.498,3.158625
315.0,3.497375,3.159
315.0,3.49725,3.15925
315.0,3.4985,3.1595
315.0,3.4985,3.1595
315.0,3.499,3.158875
315.0,3.49925,3.15875
315.0,3.498375,3.15925
315.0,3.497,3.1595
315.0,3.49675,3.15925
315.0,3.496375,3.159625
315.0,3.496375,3.15975
315.0,3.496375,3.16
315.0,3.49725,3.1605
315.0,3.498,3.160875
315.0,3.497875,3.160375
315.0,3.49775,3.15925
315.0,3.498,3.15875
315.0,3.497375,3.15925
315.0,3.497625,3.1595
315.0,3.498875,3.159125
315.0,3.498875,3.159125
315.0,3.499375,3.15875
315.0,3.498875,3.15875
315.0,3.49775,3.15925
315.0,3.497125,3.159375
315.0,3.497,3.15925
315.0,3.497,3.1595
315.0,3.4965,3.1595
315.0,3.496125,3.16
315.0,3.497375,3.160625
315.0,3.4985,3.16075
315.0,3.498,3.16025
315.0,3.497625,3.159375
315.0,3.4975,3.159
315.0,3.497375,3.15925
315.0,3.49825,3.1595
315.0,3.49825,3.1595
315.0,3.4995,3.159125
315.0,3.499625,3.158625
315.0,3.499,3.159
315.0,3.4975,3.159875
315.0,3.49725,3.1595
315.0,3.497,3.159375
315.0,3.4965,3.159875
315.0,3.49625,3.159875
315.0,3.497,3.160375
315.0,3.498125,3.16075
315.0,3.498375,3.160375
315.0,3.49775,3.15975
315.0,3.49775,3.159
315.0,3.4975,3.159
315.0,3.4975,3.159375
315.0,3.4975,3.159375
315.0,3.498375,3.159375
315.0,3.498875,3.15875
315.0,3.499125,3.1585
315.0,3.498375,3.159
315.0,3.497125,3.159625
315.0,3.496875,3.159375
315.0,3.497,3.1595
315.0,3.496375,3.15975
315.0,3.49625,3.16
315.0,3.496875,3.160625
315.0,3.498125,3.161
315.0,3.498375,3.160625
315.0,3.497875,3.15975
315.0,3.497625,3.15875
315.0,3.49725,3.159125
315.0,3.49725,3.159125
315.0,3.49775,3.1595
315.0,3.498875,3.15925
315.0,3.4995,3.158625
315.0,3.498875,3.158875
315.0,3.49775,3.1595
315.0,3.49725,3.159375
315.0,3.497375,3.159375
315.0,3.497,3.159875
315.0,3.495875,3.15975
315.0,3.49625,3.160125
315.0,3.497,3.160625
315.0,3.498375,3.1605
315.0,3.498125,3.159875
315.0,3.497375,3.158875
315.0,3.497,3.15875
315.0,3.49675,3.15925
315.0,3.49675,3.15925
315.0,3.497875,3.1595
315.0,3.49925,3.15925
315.0,3.4995,3.15875
315.0,3.498875,3.159
315.0,3.49775,3.159625
315.0,3.49725,3.1595
315.0,3.496625,3.1595
315.0,3.496,3.15975
315.0,3.495625,3.159875
315.0,3.49625,3.160375
315.0,3.4975,3.160875
315.0,3.498125,3.161
315.0,3.4975,3.160125
315.0,3.497375,3.159125
315.0,3.497375,3.159125
315.0,3.497375,3.159125
315.0,3.49725,3.1595
315.0,3.498125,3.1595
315.0,3.4995,3.159
315.0,3.4995,3.1585
315.0,3.4985,3.159375
315.0,3.497625,3.15975
315.0,3.497,3.159375
315.0,3.497,3.15975
315.0,3.4965,3.159875
315.0,3.496625,3.159875
315.0,3.49725,3.160625
315.0,3.498,3.161
315.0,3.498375,3.16075
315.0,3.498375,3.159875
315.0,3.49775,3.158875
315.0,3.49775,3.158875
315.0,3.497,3.159125
315.0,3.4975,3.1595
315.0,3.499,3.15925
315.0,3.49925,3.15875
315.0,3.498625,3.159125
315.0,3.49775,3.159875
315.0,3.4975,3.15975
315.0,3.497375,3.159375
315.0,3.497,3.15975
315.0,3.4965,3.15975
315.0,3.4965,3.160125
315.0,3.497625,3.16075
315.0,3.499,3.161125
315.0,3.498375,3.160625
315.0,3.49775,3.1595
315.0,3.49775,3.1595
315.0,3.498,3.159
315.0,3.497375,3.15925
315.0,3.498,3.1595
315.0,3.49925,3.159125
315.0,3.499625,3.15875
315.0,3.49925,3.159
315.0,3.49775,3.1595
315.0,3.49725,3.159125
315.0,3.497125,3.159375
315.0,3.496875,3.159625
315.0,3.49625,3.159875
315.0,3.49625,3.160125
315.0,3.497375,3.160625
315.0,3.498625,3.1605
315.0,3.49825,3.16
315.0,3.498125,3.159125
315.0,3.498125,3.159125
315.0,3.49775,3.158875
315.0,3.497125,3.15925
315.0,3.498375,3.15925
315.0,3.4995,3.158875
315.0,3.49975,3.1585
315.0,3.498875,3.158875
315.0,3.49725,3.159625
315.0,3.49675,3.159375
315.0,3.497,3.1595
315.0,3.496875,3.159875
315.0,3.496625,3.16
315.0,3.497,3.160375
315.0,3.497875,3.160875
316.0,3.497125,3.123
316.0,3.4985,3.123375
316.0,3.498625,3.123
316.0,3.497875,3.122125
316.0,3.4975,3.1215
316.0,3.497375,3.121625
316.0,3.497625,3.12175
316.0,3.49875,3.12175
316.0,3.49875,3.12175
316.0,3.499375,3.121375
316.0,3.49925,3.12125
316.0,3.498375,3.12175
316.0,3.4975,3.121875
316.0,3.497,3.121875
316.0,3.4965,3.122125
316.0,3.49625,3.12225
316.0,3.496875,3.122625
316.0,3.497625,3.123125
316.0,3.498625,3.12325
316.0,3.498,3.123
316.0,3.497875,3.122
316.0,3.498,3.1215
316.0,3.497625,3.122
316.0,3.49825,3.122125
316.0,3.49825,3.12175
316.0,3.499125,3.12175
316.0,3.499625,3.12125
316.0,3.498875,3.121625
316.0,3.497375,3.122125
316.0,3.497,3.122
316.0,3.497125,3.122
316.0,3.49675,3.12225
316.0,3.49625,3.12225
316.0,3.49625,3.12275
316.0,3.49775,3.123375
316.0,3.49875,3.123375
316.0,3.497625,3.122625
316.0,3.49725,3.12175
316.0,3.4975,3.121625
316.0,3.4975,3.121875
316.0,3.49825,3.122
316.0,3.49825,3.122
316.0,3.49925,3.121625
316.0,3.499625,3.12125
316.0,3.498625,3.121625
316.0,3.4975,3.12225
316.0,3.497375,3.122
316.0,3.49675,3.12225
316.0,3.496,3.122375
316.0,3.496125,3.1225
316.0,3.49675,3.122875
316.0,3.498,3.123375
316.0,3.498375,3.123
316.0,3.497625,3.122
316.0,3.4975,3.1215
316.0,3.49725,3.121875
316.0,3.497375,3.122125
316.0,3.497375,3.122125
316.0,3.49825,3.121875
316.0,3.499375,3.12125
316.0,3.49925,3.12125
316.0,3.4985,3.122125
316.0,3.497875,3.122125
316.0,3.49725,3.122
316.0,3.496875,3.12225
316.0,3.496875,3.1225
316.0,3.49675,3.122625
316.0,3.49775,3.123
316.0,3.4985,3.12325
316.0,3.4975,3.122875
316.0,3.497625,3.12225
316.0,3.497875,3.121625
316.0,3.4975,3.121875
316.0,3.4975,3.121875
316.0,3.497625,3.122125
316.0,3.499,3.12175
316.0,3.499875,3.121375
316.0,3.49925,3.121875
316.0,3.497625,3.122625
316.0,3.49725,3.122
316.0,3.497375,3.12175
316.0,3.496625,3.122375
316.0,3.496125,3.122625
316.0,3.4965,3.122875
316.0,3.49775,3.123125
316.0,3.49825,3.122875
316.0,3.49775,3.1225
316.0,3.4975,3.122
316.0,3.4975,3.12175
316.0,3.4975,3.122
316.0,3.4975,3.122
316.0,3.4985,3.122125
316.0,3.499625,3.121625
316.0,3.499625,3.121375
316.0,3.498625,3.122
316.0,3.49775,3.122625
316.0,3.4975,3.121875
316.0,3.497,3.122125
316.0,3.496625,3.122375
316.0,3.4965,3.1225
316.0,3.497125,3.122875
316.0,3.49775,3.123375
316.0,3.497875,3.123125
316.0,3.497625,3.122375
316.0,3.4975,3.121375
316.0,3.497375,3.121625
316.0,3.497375,3.121625
316.0,3.497625,3.12225
316.0,3.49875,3.12225
316.0,3.499625,3.1215
316.0,3.499375,3.121125
316.0,3.4985,3.121875
316.0,3.497375,3.1225
316.0,3.497,3.122
316.0,3.497,3.12225
316.0,3.496375,3.122375
316.0,3.4965,3.122625
316.0,3.49725,3.123125
316.0,3.498375,3.123375
316.0,3.497875,3.12325
316.0,3.4975,3.122375
316.0,3.497375,3.12125
316.0,3.497375,3.12125
316.0,3.497125,3.12175
316.0,3.49775,3.122125
316.0,3.498875,3.121875
316.0,3.499625,3.1215
316.0,3.499125,3.121625
316.0,3.498125,3.122125
316.0,3.497375,3.122125
316.0,3.49725,3.122125
316.0,3.496875,3.12225
316.0,3.496125,3.1225
316.0,3.496375,3.12275
316.0,3.498125,3.12325
316.0,3.498875,3.123125
316.0,3.49775,3.122375
316.0,3.497625,3.1215
316.0,3.497625,3.1215
316.0,3.4975,3.121375
316.0,3.4975,3.122
316.0,3.498625,3.122125
316.0,3.499625,3.12175
316.0,3.499875,3.121125
316.0,3.499,3.121875
316.0,3.498,3.1225
316.0,3.49775,3.122
316.0,3.497125,3.122125
316.0,3.49675,3.1225
316.0,3.49625,3.1225
316.0,3.496625,3.123
316.0,3.498,3.123375
316.0,3.498375,3.123125
316.0,3.49775,3.122375
316.0,3.4975,3.12175
316.0,3.4975,3.12175
316.0,3.497375,3.12175
316.0,3.497375,3.122125
316.0,3.498625,3.122
316.0,3.499375,3.121625
316.0,3.49925,3.121375
316.0,3.4985,3.12175
316.0,3.497625,3.122
316.0,3.4975,3.12175
316.0,3.49725,3.12225
316.0,3.49625,3.122375
316.0,3.49625,3.12275
316.0,3.49725,3.123125
316.0,3.49825,3.123375
317.0,3.49825,3.086125
317.0,3.49825,3.085875
317.0,3.497625,3.085875
317.0,3.498125,3.086125
317.0,3.499375,3.085875
317.0,3.499875,3.0855
317.0,3.499625,3.08575
317.0,3.4985,3.08625
317.0,3.4985,3.08625
317.0,3.49775,3.086125
317.0,3.497375,3.085875
317.0,3.497,3.08625
317.0,3.496875,3.086375
317.0,3.497375,3.086625
317.0,3.498125,3.08725
317.0,3.49875,3.087375
317.0,3.498625,3.086625
317.0,3.4985,3.08575
317.0,3.497875,3.085625
317.0,3.4975,3.086
317.0,3.49825,3.086
317.0,3.4995,3.085625
317.0,3.500125,3.085375
317.0,3.49925,3.086125
317.0,3.498,3.086125
317.0,3.498,3.0865
317.0,3.497625,3.086
317.0,3.49775,3.086125
317.0,3.497125,3.0865
317.0,3.4965,3.0865
317.0,3.4975,3.087125
317.0,3.498875,3.087625
317.0,3.498625,3.087625
317.0,3.498125,3.086625
317.0,3.497875,3.085625
317.0,3.49775,3.085625
317.0,3.498125,3.086125
317.0,3.499,3.086125
317.0,3.500125,3.085625
317.0,3.4995,3.0855
317.0,3.49825,3.086125
317.0,3.49825,3.086125
317.0,3.497625,3.0865
317.0,3.49775,3.086
317.0,3.497375,3.086375
317.0,3.497125,3.0865
317.0,3.496875,3.08675
317.0,3.4975,3.087375
317.0,3.49825,3.087125
317.0,3.49825,3.086625
317.0,3.498375,3.086
317.0,3.498,3.085375
317.0,3.49725,3.085875
317.0,3.49775,3.08625
317.0,3.499125,3.086
317.0,3.4995,3.0855
317.0,3.499125,3.08575
317.0,3.499125,3.08575
317.0,3.497875,3.086375
317.0,3.497375,3.086125
317.0,3.497375,3.086
317.0,3.49725,3.086625
317.0,3.497125,3.086625
317.0,3.497625,3.086875
317.0,3.49875,3.087375
317.0,3.499125,3.08725
317.0,3.498375,3.087
317.0,3.498125,3.085875
317.0,3.498,3.0855
317.0,3.4975,3.086
317.0,3.4985,3.086125
317.0,3.4995,3.085875
317.0,3.4995,3.085375
317.0,3.4995,3.085375
317.0,3.499,3.085375
317.0,3.498375,3.086125
317.0,3.498,3.086
317.0,3.498,3.086
317.0,3.49725,3.0865
317.0,3.496375,3.08675
317.0,3.496875,3.087125
317.0,3.498,3.0875
317.0,3.498625,3.08725
317.0,3.497875,3.086375
317.0,3.498,3.085875
317.0,3.498,3.085875
317.0,3.498,3.08625
317.0,3.498875,3.08625
317.0,3.499375,3.08575
317.0,3.499125,3.08575
317.0,3.499125,3.085625
317.0,3.4985,3.08625
317.0,3.49775,3.086375
317.0,3.49775,3.08625
317.0,3.4975,3.086375
317.0,3.496875,3.086625
317.0,3.496875,3.08675
317.0,3.4975,3.08725
317.0,3.4985,3.08725
317.0,3.498875,3.086875
317.0,3.4985,3.086125
317.0,3.498125,3.0855
317.0,3.49775,3.086
317.0,3.497875,3.086125
317.0,3.499,3.086
317.0,3.500125,3.085625
317.0,3.500125,3.085625
317.0,3.49975,3.085375
317.0,3.49825,3.086
317.0,3.497125,3.08625
317.0,3.497125,3.086125
317.0,3.49725,3.086375
317.0,3.496875,3.0865
317.0,3.49675,3.086875
317.0,3.49775,3.0875
317.0,3.49875,3.0875
317.0,3.498125,3.086875
317.0,3.49775,3.086
317.0,3.49775,3.085625
317.0,3.497125,3.086
317.0,3.4985,3.08625
317.0,3.49975,3.085875
317.0,3.49975,3.085875
317.0,3.499375,3.085375
317.0,3.499,3.08575
317.0,3.498125,3.08625
317.0,3.4975,3.086125
317.0,3.49725,3.086
317.0,3.497125,3.086625
317.0,3.497,3.086625
317.0,3.49725,3.087
317.0,3.498375,3.0875
317.0,3.4985,3.087375
317.0,3.498125,3.0865
317.0,3.49825,3.0855
317.0,3.497875,3.0855
317.0,3.49775,3.08625
317.0,3.498875,3.086375
317.0,3.499625,3.086375
317.0,3.499625,3.085875
317.0,3.499625,3.0855
317.0,3.4995,3.08625
317.0,3.498375,3.08675
317.0,3.497875,3.08625
317.0,3.4975,3.086375
317.0,3.497125,3.086625
317.0,3.496875,3.0865
317.0,3.4975,3.087125
317.0,3.498375,3.087625
317.0,3.4985,3.08725
317.0,3.498375,3.0865
317.0,3.498375,3.08575
317.0,3.4975,3.086
317.0,3.49775,3.086375
317.0,3.49875,3.086375
317.0,3.49875,3.08625
317.0,3.4995,3.08575
317.0,3.49975,3.085375
317.0,3.498625,3.085875
317.0,3.4975,3.086
317.0,3.497375,3.08575
317.0,3.4975,3.08625
317.0,3.496875,3.086625
317.0,3.49675,3.086625
317.0,3.497625,3.08725
317.0,3.498375,3.08725
317.0,3.4985,3.08675
317.0,3.49825,3.086125
317.0,3.497875,3.0855
318.0,3.497875,3.046125
318.0,3.499,3.04575
318.0,3.49925,3.0455
318.0,3.49875,3.045875
318.0,3.497625,3.0465
318.0,3.497,3.04625
318.0,3.497125,3.046125
318.0,3.4965,3.04625
318.0,3.4965,3.04625
318.0,3.496375,3.046375
318.0,3.496875,3.04675
318.0,3.497875,3.04725
318.0,3.4985,3.046875
318.0,3.498,3.046125
318.0,3.497375,3.04525
318.0,3.497375,3.045375
318.0,3.497375,3.04575
318.0,3.498375,3.045875
318.0,3.499125,3.045625
318.0,3.499125,3.045375
318.0,3.499,3.045875
318.0,3.497625,3.04625
318.0,3.49675,3.046125
318.0,3.497,3.046375
318.0,3.497,3.046625
318.0,3.49675,3.046625
318.0,3.496,3.046625
318.0,3.496625,3.047
318.0,3.49825,3.047125
318.0,3.498375,3.04675
318.0,3.497875,3.04625
318.0,3.49775,3.045625
318.0,3.497375,3.045875
318.0,3.497625,3.04625
318.0,3.4985,3.046
318.0,3.49875,3.04525
318.0,3.499125,3.045125
318.0,3.498625,3.045875
318.0,3.4975,3.045875
318.0,3.497,3.04575
318.0,3.497,3.046375
318.0,3.497,3.046375
318.0,3.496125,3.0465
318.0,3.495875,3.0465
318.0,3.49725,3.047125
318.0,3.498375,3.047125
318.0,3.498,3.04675
318.0,3.497375,3.046
318.0,3.497375,3.045375
318.0,3.497,3.045875
318.0,3.497875,3.046125
318.0,3.499125,3.04575
318.0,3.49925,3.04525
318.0,3.498625,3.045375
318.0,3.497375,3.046
318.0,3.496875,3.046125
318.0,3.497,3.045875
318.0,3.497,3.045875
318.0,3.4965,3.046125
318.0,3.49625,3.04625
318.0,3.49675,3.046625
318.0,3.498,3.047125
318.0,3.49825,3.047
318.0,3.4975,3.046375
318.0,3.497625,3.04575
318.0,3.49775,3.0455
318.0,3.497375,3.045875
318.0,3.49825,3.045875
318.0,3.499125,3.0455
318.0,3.49975,3.04525
318.0,3.499,3.04575
318.0,3.497875,3.046
318.0,3.497625,3.045875
318.0,3.497625,3.045875
318.0,3.497375,3.046
318.0,3.49675,3.04625
318.0,3.496,3.046125
318.0,3.496625,3.046625
318.0,3.4975,3.04725
318.0,3.498125,3.047125
318.0,3.498125,3.046
318.0,3.49775,3.045375
318.0,3.4975,3.0455
318.0,3.498125,3.045875
318.0,3.498875,3.045875
318.0,3.4995,3.0455
318.0,3.4995,3.04525
318.0,3.498125,3.045875
318.0,3.497,3.046125
318.0,3.497,3.046125
318.0,3.49675,3.04575
318.0,3.496625,3.046125
318.0,3.496625,3.046375
318.0,3.496375,3.0465
318.0,3.497375,3.047125
318.0,3.498375,3.047375
318.0,3.4985,3.046875
318.0,3.497875,3.04575
318.0,3.497875,3.045375
318.0,3.49725,3.04575
318.0,3.4975,3.046
318.0,3.49875,3.045875
318.0,3.49925,3.045375
318.0,3.498875,3.045875
318.0,3.49775,3.046375
318.0,3.497375,3.04625
318.0,3.497375,3.04625
318.0,3.497375,3.046125
318.0,3.497,3.046375
318.0,3.49625,3.046375
318.0,3.496625,3.04675
318.0,3.49775,3.047125
318.0,3.49875,3.046875
318.0,3.498125,3.0465
318.0,3.498,3.045875
318.0,3.497875,3.04575
318.0,3.497625,3.046125
318.0,3.498,3.046125
318.0,3.499625,3.0455
318.0,3.500125,3.045125
318.0,3.4995,3.046
318.0,3.498,3.04625
318.0,3.498,3.04625
318.0,3.4975,3.045625
318.0,3.497125,3.045875
318.0,3.496375,3.046375
318.0,3.496375,3.046375
318.0,3.49675,3.046875
318.0,3.498,3.047375
318.0,3.498375,3.047125
318.0,3.4975,3.046625
318.0,3.4975,3.04575
318.0,3.497375,3.04575
318.0,3.49775,3.046
318.0,3.498625,3.045875
318.0,3.4995,3.045375
318.0,3.499375,3.045125
318.0,3.49825,3.045625
318.0,3.49825,3.045625
318.0,3.49775,3.04575
318.0,3.497375,3.0455
318.0,3.496875,3.046
318.0,3.49675,3.046375
318.0,3.496625,3.046625
318.0,3.496875,3.047125
318.0,3.498125,3.0475
318.0,3.49825,3.047
318.0,3.498,3.046
318.0,3.498125,3.045375
318.0,3.497375,3.045625
318.0,3.497375,3.045875
318.0,3.499,3.045875
318.0,3.499875,3.04525
318.0,3.49925,3.045
318.0,3.49925,3.045
318.0,3.49775,3.0455
318.0,3.497625,3.046
318.0,3.497375,3.04575
318.0,3.496625,3.04625
318.0,3.49625,3.046375
318.0,3.49625,3.046625
318.0,3.4975,3.047125
318.0,3.498625,3.04725
318.0,3.498125,3.046875
318.0,3.497625,3.046
318.0,3.497625,3.045625
318.0,3.49725,3.045875
318.0,3.497875,3.046
318.0,3.498875,3.045625
319.0,3.498625,3.00475
319.0,3.4975,3.00525
319.0,3.497125,3.005125
319.0,3.496875,3.005375
319.0,3.496625,3.005625
319.0,3.496,3.00575
319.0,3.496625,3.006125
319.0,3.49775,3.00675
319.0,3.49775,3.00675
319.0,3.49825,3.006
319.0,3.49775,3.0055
319.0,3.4975,3.004625
319.0,3.49725,3.00475
319.0,3.4975,3.00525
319.0,3.498625,3.005375
319.0,3.4995,3.00475
319.0,3.499375,3.0045
319.0,3.498125,3.005
319.0,3.497125,3.0055
319.0,3.497375,3.005375
319.0,3.497,3.005625
319.0,3.4965,3.00575
319.0,3.49625,3.005875
319.0,3.497125,3.0065
319.0,3.497875,3.006875
319.0,3.497875,3.006875
319.0,3.498125,3.006375
319.0,3.4975,3.005625
319.0,3.497625,3.005
319.0,3.497375,3.00525
319.0,3.497625,3.005375
319.0,3.498625,3.005125
319.0,3.499375,3.004625
319.0,3.499375,3.0045
319.0,3.49825,3.00575
319.0,3.4975,3.00575
319.0,3.497,3.005375
319.0,3.49675,3.0055
319.0,3.496125,3.005625
319.0,3.496375,3.006
319.0,3.497375,3.0065
319.0,3.497375,3.0065
319.0,3.49825,3.006625
319.0,3.497625,3.006125
319.0,3.4975,3.005125
319.0,3.4975,3.004625
319.0,3.49725,3.005125
319.0,3.49775,3.00525
319.0,3.499125,3.005
319.0,3.499375,3.0045
319.0,3.499,3.005125
319.0,3.498125,3.00575
319.0,3.49725,3.0055
319.0,3.4965,3.00525
319.0,3.4965,3.005625
319.0,3.4965,3.00575
319.0,3.49675,3.006
319.0,3.49675,3.006
319.0,3.49775,3.006625
319.0,3.498,3.0065
319.0,3.498,3.005625
319.0,3.49825,3.004625
319.0,3.497125,3.00475
319.0,3.497,3.005125
319.0,3.49825,3.005375
319.0,3.4995,3.004875
319.0,3.499625,3.0045
319.0,3.498875,3.005125
319.0,3.49775,3.0055
319.0,3.49725,3.005125
319.0,3.496625,3.0055
319.0,3.496,3.00575
319.0,3.49625,3.00575
319.0,3.49625,3.00575
319.0,3.4975,3.00625
319.0,3.4985,3.006375
319.0,3.4985,3.006375
319.0,3.497875,3.00525
319.0,3.497375,3.00475
319.0,3.49675,3.005
319.0,3.497375,3.00525
319.0,3.498875,3.005125
319.0,3.49925,3.00475
319.0,3.499125,3.00475
319.0,3.498125,3.005375
319.0,3.4975,3.005375
319.0,3.4975,3.005
319.0,3.497,3.005375
319.0,3.496625,3.005625
319.0,3.496375,3.005875
319.0,3.496375,3.005875
319.0,3.497125,3.0065
319.0,3.49825,3.0065
319.0,3.49775,3.005875
319.0,3.497875,3.005125
319.0,3.49775,3.00475
319.0,3.49725,3.00525
319.0,3.49825,3.005375
319.0,3.499125,3.005125
319.0,3.4995,3.004625
319.0,3.499,3.004875
319.0,3.4975,3.0055
319.0,3.496875,3.00525
319.0,3.49725,3.005125
319.0,3.497,3.005375
319.0,3.49625,3.005625
319.0,3.49625,3.005625
319.0,3.4965,3.006
319.0,3.49725,3.0065
319.0,3.497875,3.00625
319.0,3.497875,3.005875
319.0,3.497875,3.005125
319.0,3.497375,3.005125
319.0,3.49725,3.00525
319.0,3.4985,3.005375
319.0,3.499125,3.004875
319.0,3.498875,3.004625
319.0,3.49825,3.00525
319.0,3.4975,3.005125
319.0,3.4975,3.00475
319.0,3.497,3.005125
319.0,3.496375,3.0055
319.0,3.496375,3.0055
319.0,3.496125,3.005625
319.0,3.496625,3.006125
319.0,3.498,3.006625
319.0,3.498625,3.0065
319.0,3.497625,3.006
319.0,3.49725,3.004875
319.0,3.4975,3.005
319.0,3.497875,3.00525
319.0,3.498625,3.005125
319.0,3.499125,3.0045
319.0,3.499125,3.004375
319.0,3.4985,3.005125
319.0,3.4975,3.005125
319.0,3.49725,3.005125
319.0,3.497125,3.005375
319.0,3.497125,3.005375
319.0,3.496375,3.005375
319.0,3.496125,3.00575
319.0,3.496875,3.006375
319.0,3.49825,3.0065
319.0,3.497875,3.006125
319.0,3.498,3.005375
319.0,3.498,3.004625
319.0,3.497125,3.005125
319.0,3.497625,3.00525
319.0,3.499,3.004875
319.0,3.499375,3.0045
319.0,3.499125,3.00475
319.0,3.498375,3.0055
319.0,3.497625,3.005375
319.0,3.497125,3.00525
319.0,3.49675,3.00525
319.0,3.49675,3.0055
319.0,3.496375,3.00575
319.0,3.496625,3.006
319.0,3.49775,3.00625
319.0,3.4985,3.006125
319.0,3.497625,3.005875
319.0,3.4975,3.005
319.0,3.497125,3.00475
319.0,3.497125,3.00525
319.0,3.497875,3.005125
319.0,3.499,3.00475
319.0,3.4995,3.00475
319.0,3.49875,3.005375
319.0,3.497625,3.0055
320.0,3.497625,2.96225
320.0,3.497125,2.9625
320.0,3.497375,2.96275
320.0,3.498625,2.9625
320.0,3.499125,2.96225
320.0,3.498625,2.962625
320.0,3.4975,2.96325
320.0,3.49675,2.96275
320.0,3.496625,2.96275
320.0,3.496625,2.9625
320.0,3.496375,2.962875
320.0,3.496,2.963
320.0,3.49575,2.963375
320.0,3.497125,2.963875
320.0,3.498125,2.963875
320.0,3.497625,2.96325
320.0,3.4975,2.9625
320.0,3.497125,2.962125
320.0,3.496375,2.9625
320.0,3.4975,2.962875
320.0,3.499125,2.9625
320.0,3.499,2.96175
320.0,3.498375,2.96225
320.0,3.496875,2.963125
320.0,3.4965,2.96275
320.0,3.4965,2.96275
320.0,3.496875,2.962625
320.0,3.4965,2.963125
320.0,3.496125,2.96325
320.0,3.4965,2.963625
320.0,3.49725,2.964125
320.0,3.498,2.964125
320.0,3.497625,2.963125
320.0,3.4975,2.962125
320.0,3.497125,2.96225
320.0,3.497,2.96275
320.0,3.497875,2.962625
320.0,3.498875,2.962
320.0,3.499125,2.961625
320.0,3.498125,2.962125
320.0,3.49675,2.962875
320.0,3.49675,2.962875
320.0,3.4965,2.962625
320.0,3.496875,2.96275
320.0,3.49625,2.963125
320.0,3.49575,2.96325
320.0,3.496625,2.963875
320.0,3.49825,2.964125
320.0,3.4985,2.96375
320.0,3.498,2.96275
320.0,3.497875,2.961875
320.0,3.496875,2.96225
320.0,3.49675,2.96275
320.0,3.498375,2.96275
320.0,3.498875,2.962375
320.0,3.4985,2.9625
320.0,3.497625,2.963
320.0,3.497625,2.963
320.0,3.497375,2.96275
320.0,3.496875,2.9625
320.0,3.496875,2.962875
320.0,3.4965,2.96325
320.0,3.496,2.9635
320.0,3.497,2.964
320.0,3.497875,2.964
320.0,3.49775,2.963625
320.0,3.4975,2.962625
320.0,3.497125,2.962125
320.0,3.496875,2.9625
320.0,3.497875,2.963
320.0,3.498875,2.962625
320.0,3.499625,2.96225
320.0,3.498875,2.9625
320.0,3.498,2.9625
320.0,3.498,2.96275
320.0,3.49725,2.96275
320.0,3.497,2.962875
320.0,3.4965,2.963125
320.0,3.496125,2.963125
320.0,3.496625,2.9635
320.0,3.4975,2.964
320.0,3.497875,2.964
320.0,3.49775,2.96325
320.0,3.498,2.96225
320.0,3.4975,2.9625
320.0,3.497,2.962875
320.0,3.497875,2.96275
320.0,3.499125,2.962375
320.0,3.4995,2.96225
320.0,3.4985,2.96225
320.0,3.4985,2.96275
320.0,3.4975,2.962875
320.0,3.49725,2.962625
320.0,3.496625,2.962875
320.0,3.496125,2.96325
320.0,3.4965,2.963375
320.0,3.49675,2.963625
320.0,3.498125,2.964125
320.0,3.4985,2.963625
320.0,3.49775,2.962875
320.0,3.497125,2.962375
320.0,3.497,2.962375
320.0,3.497375,2.962625
320.0,3.4985,2.9625
320.0,3.499375,2.962125
320.0,3.49925,2.962125
320.0,3.49925,2.962125
320.0,3.498125,2.9625
320.0,3.497125,2.96275
320.0,3.49675,2.9625
320.0,3.496875,2.963
320.0,3.496625,2.96325
320.0,3.496375,2.963375
320.0,3.4975,2.963875
320.0,3.498125,2.96425
320.0,3.497625,2.96375
320.0,3.49725,2.963
320.0,3.49725,2.9625
320.0,3.497125,2.9625
320.0,3.497375,2.96275
320.0,3.49825,2.962625
320.0,3.49925,2.962
320.0,3.49925,2.962
320.0,3.499,2.962
320.0,3.497625,2.962625
320.0,3.496875,2.962375
320.0,3.496875,2.962625
320.0,3.496625,2.963125
320.0,3.49625,2.963125
320.0,3.496375,2.9635
320.0,3.497375,2.964
320.0,3.498,2.963875
320.0,3.497375,2.963375
320.0,3.49775,2.96275
320.0,3.497375,2.962625
320.0,3.497125,2.96275
320.0,3.497875,2.96275
320.0,3.498875,2.962375
320.0,3.499125,2.962375
320.0,3.499125,2.962
320.0,3.498375,2.9625
320.0,3.49725,2.962875
320.0,3.497,2.962375
320.0,3.49675,2.962625
320.0,3.496375,2.963125
320.0,3.496375,2.963125
320.0,3.497125,2.963625
320.0,3.497875,2.96425
320.0,3.497625,2.963875
320.0,3.49775,2.962875
320.0,3.498125,2.962125
320.0,3.497375,2.96225
320.0,3.497125,2.96275
320.0,3.498875,2.962625
320.0,3.4995,2.962625
320.0,3.4995,2.96225
320.0,3.499,2.962125
320.0,3.498125,2.9625
320.0,3.497375,2.96275
320.0,3.496625,2.9625
320.0,3.49625,2.963
320.0,3.49625,2.96325
320.0,3.49675,2.96325
320.0,3.49725,2.96375
320.0,3.498,2.964
320.0,3.4985,2.96375
320.0,3.49825,2.963
320.0,3.4975,2.962375
320.0,3.496875,2.9625
321.0,3.497,2.91825
321.0,3.496875,2.918625
321.0,3.4965,2.918625
321.0,3.497,2.918875
321.0,3.49775,2.919625
321.0,3.49875,2.9195
321.0,3.498875,2.919125
321.0,3.498375,2.918125
321.0,3.498375,2.918125
321.0,3.497875,2.91775
321.0,3.4975,2.918125
321.0,3.49825,2.91825
321.0,3.49875,2.918125
321.0,3.499125,2.917875
321.0,3.499125,2.918375
321.0,3.4985,2.91875
321.0,3.497625,2.91825
321.0,3.497,2.918375
321.0,3.49725,2.91875
321.0,3.496625,2.91875
321.0,3.496625,2.91925
321.0,3.49775,2.91975
321.0,3.498375,2.9195
321.0,3.498125,2.919125
321.0,3.498,2.918125
321.0,3.498,2.918125
321.0,3.497625,2.918
321.0,3.49725,2.9185
321.0,3.498,2.9185
321.0,3.499375,2.918
321.0,3.49975,2.917875
321.0,3.498875,2.9185
321.0,3.497875,2.918875
321.0,3.497625,2.9185
321.0,3.497125,2.918625
321.0,3.49675,2.91875
321.0,3.496625,2.918875
321.0,3.49725,2.919375
321.0,3.498625,2.91975
321.0,3.498875,2.9195
321.0,3.498125,2.9185
321.0,3.498125,2.9185
321.0,3.498,2.91775
321.0,3.497375,2.918
321.0,3.497625,2.91825
321.0,3.49925,2.91825
321.0,3.5,2.918
321.0,3.4995,2.917875
321.0,3.4985,2.9185
321.0,3.497875,2.91875
321.0,3.497375,2.918625
321.0,3.49675,2.91875
321.0,3.496625,2.91875
321.0,3.4965,2.919
321.0,3.497375,2.9195
321.0,3.498375,2.919625
321.0,3.49825,2.919125
321.0,3.49825,2.919125
321.0,3.498125,2.9185
321.0,3.497875,2.918
321.0,3.49725,2.9185
321.0,3.498,2.918625
321.0,3.4995,2.918375
321.0,3.500125,2.917875
321.0,3.4995,2.918
321.0,3.49825,2.91875
321.0,3.497375,2.918375
321.0,3.497,2.918625
321.0,3.497,2.91875
321.0,3.49675,2.91875
321.0,3.49675,2.919
321.0,3.497625,2.91975
321.0,3.498625,2.9195
321.0,3.498625,2.9195
321.0,3.498375,2.91875
321.0,3.498375,2.918
321.0,3.498,2.917875
321.0,3.4975,2.918375
321.0,3.4985,2.9185
321.0,3.4995,2.918125
321.0,3.4995,2.917625
321.0,3.498625,2.918375
321.0,3.49775,2.919
321.0,3.49725,2.9185
321.0,3.49725,2.91875
321.0,3.497,2.919
321.0,3.4965,2.918875
321.0,3.49725,2.91925
321.0,3.49875,2.91975
321.0,3.498625,2.91975
321.0,3.498625,2.91925
321.0,3.49775,2.91875
321.0,3.498125,2.91825
321.0,3.49775,2.918125
321.0,3.497375,2.918375
321.0,3.4985,2.918375
321.0,3.499625,2.91775
321.0,3.49925,2.918125
321.0,3.498625,2.918625
321.0,3.49775,2.9185
321.0,3.4975,2.91825
321.0,3.4975,2.918625
321.0,3.497125,2.91875
321.0,3.496625,2.919
321.0,3.497375,2.9195
321.0,3.498875,2.9195
321.0,3.498875,2.9195
321.0,3.498625,2.918875
321.0,3.49825,2.918
321.0,3.498,2.91775
321.0,3.497375,2.91825
321.0,3.49775,2.9185
321.0,3.499375,2.918125
321.0,3.499875,2.917625
321.0,3.499,2.917875
321.0,3.497875,2.9185
321.0,3.4975,2.91825
321.0,3.497375,2.91825
321.0,3.496625,2.918625
321.0,3.496125,2.91875
321.0,3.49675,2.919125
321.0,3.498,2.9195
321.0,3.498,2.9195
321.0,3.498375,2.9195
321.0,3.49775,2.919125
321.0,3.4975,2.918375
321.0,3.49725,2.918
321.0,3.49725,2.918375
321.0,3.49825,2.9185
321.0,3.49925,2.91825
321.0,3.4995,2.91775
321.0,3.499,2.918125
321.0,3.49775,2.91875
321.0,3.497125,2.91825
321.0,3.4975,2.9185
321.0,3.496875,2.91875
321.0,3.496875,2.91875
321.0,3.497375,2.91925
321.0,3.497375,2.91925
321.0,3.498,2.91975
321.0,3.498375,2.91925
321.0,3.498375,2.918625
321.0,3.498125,2.918125
321.0,3.49725,2.91825
321.0,3.497625,2.918625
321.0,3.498625,2.918375
321.0,3.49925,2.917875
321.0,3.499375,2.918125
321.0,3.49875,2.918625
321.0,3.498,2.918625
321.0,3.4975,2.91825
321.0,3.497,2.91875
321.0,3.496625,2.919
321.0,3.496875,2.919
321.0,3.497875,2.919
321.0,3.497875,2.919375
321.0,3.49875,2.919625
321.0,3.4985,2.9195
321.0,3.497625,2.9185
321.0,3.497625,2.918
321.0,3.49725,2.918375
321.0,3.4975,2.918625
321.0,3.498875,2.9185
321.0,3.499375,2.917875
321.0,3.4995,2.918125
321.0,3.498375,2.91875
321.0,3.4975,2.9185
321.0,3.4975,2.9185
321.0,3.497125,2.918875
322.0,3.498,2.87375
322.0,3.4975,2.873375
322.0,3.49725,2.8735
322.0,3.49725,2.873625
322.0,3.498125,2.873625
322.0,3.499,2.873125
322.0,3.49875,2.872875
322.0,3.498,2.87325
322.0,3.498,2.87325
322.0,3.497875,2.87375
322.0,3.4975,2.8735
322.0,3.497,2.873625
322.0,3.4965,2.874
322.0,3.496,2.874125
322.0,3.49675,2.874625
322.0,3.497875,2.875125
322.0,3.498375,2.874875
322.0,3.498,2.87375
322.0,3.49775,2.873125
322.0,3.497375,2.8735
322.0,3.497375,2.87375
322.0,3.4985,2.8735
322.0,3.499375,2.873125
322.0,3.49925,2.873375
322.0,3.49925,2.874
322.0,3.497875,2.874
322.0,3.497,2.874
322.0,3.497125,2.873625
322.0,3.496875,2.873875
322.0,3.496125,2.87375
322.0,3.49625,2.874125
322.0,3.4975,2.874875
322.0,3.498125,2.875
322.0,3.4975,2.874375
322.0,3.497625,2.873375
322.0,3.4975,2.872875
322.0,3.497,2.8735
322.0,3.497625,2.873625
322.0,3.499,2.873125
322.0,3.499125,2.872875
322.0,3.498625,2.87325
322.0,3.498625,2.87325
322.0,3.49775,2.873625
322.0,3.497125,2.8735
322.0,3.497,2.87375
322.0,3.496375,2.87375
322.0,3.496375,2.87375
322.0,3.496875,2.87425
322.0,3.498,2.874875
322.0,3.498625,2.87475
322.0,3.49775,2.874
322.0,3.49775,2.873125
322.0,3.497375,2.873125
322.0,3.496875,2.8735
322.0,3.498,2.873375
322.0,3.49875,2.873
322.0,3.498625,2.872625
322.0,3.498625,2.872625
322.0,3.498125,2.873375
322.0,3.49775,2.87375
322.0,3.49725,2.873625
322.0,3.496625,2.873875
322.0,3.49625,2.874
322.0,3.49625,2.874
322.0,3.497,2.8745
322.0,3.497625,2.874875
322.0,3.498,2.874375
322.0,3.497625,2.873625
322.0,3.498,2.873
322.0,3.4975,2.873375
322.0,3.497375,2.87375
322.0,3.498625,2.873375
322.0,3.49925,2.873
322.0,3.49925,2.873
322.0,3.499125,2.873125
322.0,3.498375,2.873625
322.0,3.49725,2.87375
322.0,3.497125,2.8735
322.0,3.49675,2.874
322.0,3.496,2.874125
322.0,3.49625,2.87425
322.0,3.497125,2.874625
322.0,3.498625,2.874875
322.0,3.49825,2.87425
322.0,3.49775,2.873375
322.0,3.497875,2.873
322.0,3.4975,2.873375
322.0,3.497875,2.87375
322.0,3.498625,2.873625
322.0,3.498625,2.87325
322.0,3.49925,2.87325
322.0,3.499125,2.873125
322.0,3.49775,2.87375
322.0,3.49725,2.873625
322.0,3.497375,2.873625
322.0,3.49725,2.873625
322.0,3.496625,2.87375
322.0,3.49675,2.874375
322.0,3.498,2.87475
322.0,3.498625,2.87475
322.0,3.498,2.87375
322.0,3.49775,2.873
322.0,3.4975,2.873
322.0,3.497125,2.873375
322.0,3.498125,2.873375
322.0,3.5,2.873375
322.0,3.5,2.873375
322.0,3.500125,2.873125
322.0,3.498625,2.8735
322.0,3.497375,2.87375
322.0,3.497125,2.8735
322.0,3.497375,2.87375
322.0,3.49675,2.873875
322.0,3.496375,2.873875
322.0,3.496625,2.874375
322.0,3.49825,2.8745
322.0,3.498625,2.8745
322.0,3.4975,2.874
322.0,3.497375,2.873375
322.0,3.4975,2.873125
322.0,3.497625,2.8735
322.0,3.49875,2.873375
322.0,3.49875,2.873375
322.0,3.49925,2.872875
322.0,3.499125,2.872875
322.0,3.498125,2.873625
322.0,3.496875,2.87375
322.0,3.49675,2.87325
322.0,3.497125,2.873625
322.0,3.4965,2.873875
322.0,3.49625,2.873875
322.0,3.49725,2.8745
322.0,3.4985,2.8745
322.0,3.49825,2.87425
322.0,3.497625,2.87375
322.0,3.49725,2.873125
322.0,3.496875,2.87325
322.0,3.497625,2.873625
322.0,3.497625,2.873625
322.0,3.498625,2.87325
322.0,3.499125,2.87275
322.0,3.49925,2.872875
322.0,3.49825,2.8735
322.0,3.49725,2.8735
322.0,3.497125,2.873375
322.0,3.497,2.873625
322.0,3.4965,2.873625
322.0,3.496625,2.874
322.0,3.49775,2.8745
322.0,3.4985,2.874625
322.0,3.498,2.874
322.0,3.498125,2.87325
322.0,3.4975,2.873125
322.0,3.497125,2.873375
322.0,3.497125,2.8735
322.0,3.498,2.8735
322.0,3.499,2.873125
322.0,3.4995,2.872875
322.0,3.498875,2.873375
322.0,3.49775,2.87375
322.0,3.4975,2.873375
322.0,3.497375,2.8735
322.0,3.49675,2.87375
322.0,3.49575,2.873875
322.0,3.496375,2.87425
322.0,3.49775,2.8745
322.0,3.49825,2.874375
322.0,3.498125,2.87375
322.0,3.4975,2.873125
323.0,3.49925,2.824875
323.0,3.49825,2.825125
323.0,3.497375,2.8255
323.0,3.497375,2.82575
323.0,3.497125,2.826
323.0,3.4965,2.825875
323.0,3.496375,2.826125
323.0,3.497,2.826875
323.0,3.497,2.827125
323.0,3.4985,2.827125
323.0,3.4985,2.82675
323.0,3.497625,2.825875
323.0,3.497875,2.82525
323.0,3.497625,2.825375
323.0,3.49775,2.825875
323.0,3.499125,2.825625
323.0,3.499625,2.825
323.0,3.49925,2.82525
323.0,3.497875,2.826
323.0,3.497375,2.825875
323.0,3.49725,2.82575
323.0,3.49725,2.82625
323.0,3.49625,2.826125
323.0,3.496,2.826375
323.0,3.496,2.827
323.0,3.497625,2.827
323.0,3.498875,2.827125
323.0,3.49825,2.8265
323.0,3.497875,2.8255
323.0,3.497375,2.82525
323.0,3.496875,2.825625
323.0,3.49775,2.82575
323.0,3.499125,2.8255
323.0,3.499375,2.824875
323.0,3.498625,2.82525
323.0,3.49775,2.826
323.0,3.497375,2.82575
323.0,3.49725,2.825625
323.0,3.496875,2.826
323.0,3.496375,2.82625
323.0,3.496625,2.826375
323.0,3.496625,2.826375
323.0,3.497375,2.826875
323.0,3.497875,2.826875
323.0,3.4975,2.82625
323.0,3.497625,2.8255
323.0,3.4975,2.82525
323.0,3.497125,2.82575
323.0,3.498,2.825875
323.0,3.49925,2.825375
323.0,3.4995,2.825125
323.0,3.49875,2.825625
323.0,3.497375,2.825625
323.0,3.496875,2.825375
323.0,3.49675,2.826
323.0,3.496625,2.82625
323.0,3.496375,2.82625
323.0,3.496375,2.82625
323.0,3.497,2.826625
323.0,3.49825,2.827
323.0,3.498375,2.82675
323.0,3.498125,2.826
323.0,3.49775,2.82525
323.0,3.4975,2.8255
323.0,3.497625,2.82575
323.0,3.49875,2.825625
323.0,3.49975,2.825125
323.0,3.499375,2.82525
323.0,3.4985,2.82575
323.0,3.4975,2.826
323.0,3.496875,2.825875
323.0,3.4965,2.826
323.0,3.496375,2.82625
323.0,3.496375,2.826375
323.0,3.496375,2.826375
323.0,3.497625,2.82675
323.0,3.498625,2.827
323.0,3.498,2.8265
323.0,3.497875,2.825625
323.0,3.49775,2.82525
323.0,3.497375,2.825625
323.0,3.498,2.82575
323.0,3.499125,2.8255
323.0,3.499125,2.825
323.0,3.498625,2.825125
323.0,3.4975,2.825875
323.0,3.497125,2.825875
323.0,3.496875,2.825875
323.0,3.496625,2.826125
323.0,3.496625,2.826125
323.0,3.49625,2.826125
323.0,3.49675,2.8265
323.0,3.498,2.827125
323.0,3.498375,2.827125
323.0,3.498,2.826375
323.0,3.49775,2.8255
323.0,3.497375,2.8255
323.0,3.497375,2.825875
323.0,3.498375,2.82575
323.0,3.49975,2.82525
323.0,3.4995,2.825
323.0,3.49875,2.82525
323.0,3.49725,2.825875
323.0,3.4965,2.82575
323.0,3.496625,2.826
323.0,3.496375,2.82625
323.0,3.496375,2.82625
323.0,3.495625,2.82625
323.0,3.49625,2.826625
323.0,3.49775,2.827
323.0,3.498125,2.826625
323.0,3.49775,2.826
323.0,3.498125,2.825375
323.0,3.4975,2.8255
323.0,3.497375,2.82575
323.0,3.498625,2.825875
323.0,3.49925,2.825375
323.0,3.499,2.82525
323.0,3.498125,2.82575
323.0,3.49725,2.825625
323.0,3.497,2.8255
323.0,3.49675,2.826
323.0,3.49675,2.826
323.0,3.4965,2.826125
323.0,3.496375,2.82625
323.0,3.497625,2.82675
323.0,3.49875,2.82675
323.0,3.49825,2.826375
323.0,3.497625,2.826
323.0,3.49725,2.82525
323.0,3.4975,2.8255
323.0,3.498125,2.82575
323.0,3.499,2.8255
323.0,3.499125,2.82525
323.0,3.49875,2.825625
323.0,3.49775,2.826125
323.0,3.497375,2.82575
323.0,3.497125,2.82575
323.0,3.497125,2.82625
323.0,3.496625,2.82625
323.0,3.49625,2.826125
323.0,3.496375,2.82625
323.0,3.4975,2.826875
323.0,3.49825,2.826875
323.0,3.497625,2.826375
323.0,3.497375,2.82575
323.0,3.497375,2.825375
323.0,3.496875,2.825625
323.0,3.498,2.82575
323.0,3.499375,2.8255
323.0,3.499375,2.825375
323.0,3.4985,2.826
323.0,3.49725,2.8265
323.0,3.497,2.82625
323.0,3.497,2.826125
323.0,3.496875,2.826125
323.0,3.49625,2.82625
323.0,3.496,2.82625
323.0,3.496625,2.8265
323.0,3.497875,2.82675
323.0,3.4985,2.826625
323.0,3.497875,2.82625
323.0,3.497375,2.825625
323.0,3.496875,2.82575
323.0,3.49675,2.826
323.0,3.497875,2.825875
323.0,3.499375,2.8255
323.0,3.4995,2.82525
323.0,3.49825,2.825625
324.0,3.49675,2.776625
324.0,3.4965,2.776875
324.0,3.496,2.776875
324.0,3.496375,2.777375
324.0,3.498,2.778
324.0,3.498625,2.77775
324.0,3.498125,2.777125
324.0,3.497875,2.776375
324.0,3.497875,2.776375
324.0,3.497,2.77625
324.0,3.496875,2.776625
324.0,3.49875,2.7765
324.0,3.49975,2.776125
324.0,3.499375,2.776
324.0,3.49825,2.77625
324.0,3.49725,2.77675
324.0,3.497375,2.77675
324.0,3.497,2.77675
324.0,3.496875,2.777
324.0,3.49675,2.777125
324.0,3.496875,2.777625
324.0,3.498,2.777875
324.0,3.498375,2.777625
324.0,3.4975,2.777125
324.0,3.4975,2.777125
324.0,3.497625,2.77625
324.0,3.496875,2.776375
324.0,3.497,2.77675
324.0,3.499,2.77675
324.0,3.49975,2.776
324.0,3.49975,2.77625
324.0,3.4985,2.777125
324.0,3.49725,2.777
324.0,3.49675,2.776625
324.0,3.496625,2.776875
324.0,3.4965,2.777125
324.0,3.496625,2.7775
324.0,3.4975,2.77775
324.0,3.49875,2.778
324.0,3.49825,2.7775
324.0,3.497875,2.776375
324.0,3.497875,2.776375
324.0,3.497375,2.77625
324.0,3.497375,2.776625
324.0,3.498125,2.776625
324.0,3.499,2.776375
324.0,3.499375,2.776
324.0,3.499125,2.7765
324.0,3.497875,2.777
324.0,3.496875,2.776625
324.0,3.49675,2.776625
324.0,3.49675,2.776875
324.0,3.49625,2.777125
324.0,3.49625,2.7775
324.0,3.497625,2.777875
324.0,3.49825,2.777875
324.0,3.49775,2.777125
324.0,3.49775,2.777125
324.0,3.497375,2.776375
324.0,3.497375,2.776375
324.0,3.497375,2.776875
324.0,3.498,2.776875
324.0,3.49925,2.776375
324.0,3.49925,2.776125
324.0,3.498375,2.776625
324.0,3.49725,2.776875
324.0,3.497125,2.77675
324.0,3.497125,2.777125
324.0,3.49675,2.77725
324.0,3.4965,2.777
324.0,3.49725,2.7775
324.0,3.4985,2.777875
324.0,3.498375,2.777625
324.0,3.498375,2.777625
324.0,3.498,2.777125
324.0,3.49775,2.776625
324.0,3.497375,2.776625
324.0,3.497375,2.77675
324.0,3.498625,2.776625
324.0,3.49875,2.77625
324.0,3.49875,2.776125
324.0,3.498125,2.777
324.0,3.497375,2.777
324.0,3.497125,2.776625
324.0,3.4965,2.776875
324.0,3.49625,2.777
324.0,3.496625,2.777125
324.0,3.49775,2.777875
324.0,3.49825,2.778
324.0,3.49825,2.778
324.0,3.498,2.777625
324.0,3.497625,2.7765
324.0,3.4975,2.77625
324.0,3.497875,2.7765
324.0,3.498125,2.77675
324.0,3.49875,2.7765
324.0,3.499375,2.77625
324.0,3.499375,2.776375
324.0,3.498,2.776625
324.0,3.49725,2.776625
324.0,3.497,2.776625
324.0,3.496875,2.777
324.0,3.4965,2.777125
324.0,3.4965,2.777375
324.0,3.49775,2.778
324.0,3.49825,2.778
324.0,3.49825,2.778
324.0,3.49775,2.777125
324.0,3.497625,2.776375
324.0,3.497125,2.776375
324.0,3.497,2.776625
324.0,3.498,2.776625
324.0,3.499375,2.77625
324.0,3.49925,2.776125
324.0,3.498375,2.776375
324.0,3.497625,2.77675
324.0,3.497375,2.776625
324.0,3.497125,2.776875
324.0,3.49675,2.777
324.0,3.496375,2.777
324.0,3.49725,2.77725
324.0,3.498125,2.77775
324.0,3.498125,2.77775
324.0,3.498125,2.777625
324.0,3.4975,2.776875
324.0,3.498,2.7765
324.0,3.4975,2.7765
324.0,3.497875,2.776625
324.0,3.498875,2.77675
324.0,3.499625,2.77625
324.0,3.499125,2.776125
324.0,3.498375,2.776625
324.0,3.4975,2.77675
324.0,3.496875,2.77675
324.0,3.49675,2.777
324.0,3.4965,2.776875
324.0,3.496625,2.777125
324.0,3.49725,2.777375
324.0,3.49725,2.777375
324.0,3.498125,2.77775
324.0,3.498375,2.7775
324.0,3.49825,2.776625
324.0,3.498,2.77625
324.0,3.497375,2.776375
324.0,3.497875,2.776625
324.0,3.498875,2.77625
324.0,3.499375,2.775875
324.0,3.499125,2.776125
324.0,3.497875,2.776625
324.0,3.497625,2.776375
324.0,3.496875,2.7765
324.0,3.496375,2.776875
324.0,3.496375,2.776875
324.0,3.497,2.77725
324.0,3.497,2.77725
324.0,3.497625,2.77775
324.0,3.49825,2.77775
324.0,3.498125,2.776875
324.0,3.497875,2.776
324.0,3.4975,2.776
324.0,3.4975,2.776625
324.0,3.49825,2.776625
324.0,3.499375,2.776375
324.0,3.4995,2.776
324.0,3.499125,2.77625
324.0,3.49775,2.776875
324.0,3.4975,2.776375
324.0,3.497125,2.7765
324.0,3.496375,2.77675
325.0,3.498875,2.72775
325.0,3.4975,2.728125
325.0,3.497,2.728125
325.0,3.497375,2.728375
325.0,3.496875,2.7285
325.0,3.496625,2.7285
325.0,3.496375,2.729
325.0,3.49725,2.729375
325.0,3.49725,2.729375
325.0,3.49825,2.729
325.0,3.49775,2.728625
325.0,3.49775,2.728125
325.0,3.49725,2.72775
325.0,3.496875,2.727875
325.0,3.498,2.728
325.0,3.499,2.727625
325.0,3.499375,2.7275
325.0,3.498,2.728125
325.0,3.497375,2.7285
325.0,3.49725,2.728
325.0,3.496625,2.72825
325.0,3.496125,2.728625
325.0,3.496375,2.728875
325.0,3.4975,2.729125
325.0,3.4975,2.729375
325.0,3.49825,2.729375
325.0,3.49775,2.728875
325.0,3.497625,2.728125
325.0,3.497625,2.727625
325.0,3.497125,2.728125
325.0,3.497375,2.72825
325.0,3.498875,2.728
325.0,3.499375,2.727625
325.0,3.499125,2.728125
325.0,3.498125,2.728625
325.0,3.49775,2.728125
325.0,3.497125,2.728125
325.0,3.496375,2.7285
325.0,3.4965,2.7285
325.0,3.497125,2.728875
325.0,3.49775,2.7295
325.0,3.49775,2.7295
325.0,3.497875,2.72925
325.0,3.497875,2.728875
325.0,3.49775,2.727875
325.0,3.497375,2.727625
325.0,3.49725,2.728125
325.0,3.498375,2.728375
325.0,3.499,2.728125
325.0,3.499125,2.7275
325.0,3.498875,2.727875
325.0,3.4975,2.728625
325.0,3.497,2.728625
325.0,3.497,2.728375
325.0,3.49675,2.728375
325.0,3.49625,2.7285
325.0,3.496625,2.729
325.0,3.496625,2.729
325.0,3.498125,2.729375
325.0,3.498375,2.729125
325.0,3.497625,2.72875
325.0,3.49775,2.728125
325.0,3.497375,2.728
325.0,3.497375,2.728375
325.0,3.498375,2.72825
325.0,3.49925,2.72775
325.0,3.498875,2.7275
325.0,3.498125,2.728375
325.0,3.49725,2.7285
325.0,3.497,2.72825
325.0,3.497125,2.7285
325.0,3.496625,2.728625
325.0,3.49625,2.728625
325.0,3.49625,2.728625
325.0,3.496875,2.729125
325.0,3.498,2.72925
325.0,3.498625,2.72925
325.0,3.498,2.728625
325.0,3.4975,2.727875
325.0,3.497125,2.728125
325.0,3.497625,2.728375
325.0,3.499125,2.728125
325.0,3.4995,2.7275
325.0,3.498875,2.72775
325.0,3.498125,2.72875
325.0,3.497125,2.7285
325.0,3.497125,2.728125
325.0,3.497,2.728375
325.0,3.49625,2.7285
325.0,3.49625,2.72875
325.0,3.496375,2.72875
325.0,3.497125,2.7295
325.0,3.498,2.72925
325.0,3.49775,2.728625
325.0,3.497875,2.727875
325.0,3.497375,2.7275
325.0,3.496875,2.727875
325.0,3.49775,2.728125
325.0,3.499,2.727875
325.0,3.49925,2.727625
325.0,3.499,2.727875
325.0,3.497375,2.72875
325.0,3.49725,2.72825
325.0,3.497125,2.728125
325.0,3.496375,2.728625
325.0,3.495875,2.728875
325.0,3.495875,2.728875
325.0,3.495875,2.729
325.0,3.497375,2.729625
325.0,3.498625,2.729375
325.0,3.498125,2.728625
325.0,3.497375,2.727875
325.0,3.49725,2.728
325.0,3.497125,2.728125
325.0,3.4985,2.728125
325.0,3.499625,2.72775
325.0,3.499125,2.727625
325.0,3.498,2.728
325.0,3.497125,2.72825
325.0,3.496625,2.728125
325.0,3.496625,2.7285
325.0,3.49625,2.728625
325.0,3.49625,2.728625
325.0,3.496375,2.72875
325.0,3.4975,2.729125
325.0,3.49825,2.729375
325.0,3.498,2.729125
325.0,3.497625,2.7285
325.0,3.497875,2.728
325.0,3.497375,2.727875
325.0,3.49725,2.728125
325.0,3.49875,2.728
325.0,3.4995,2.727625
325.0,3.49925,2.728
325.0,3.498125,2.72875
325.0,3.4975,2.7285
325.0,3.497125,2.72825
325.0,3.49675,2.7285
325.0,3.49675,2.7285
325.0,3.4965,2.7285
325.0,3.496125,2.72875
325.0,3.49725,2.72925
325.0,3.4985,2.72925
325.0,3.498375,2.72875
325.0,3.498,2.728625
325.0,3.498,2.728
325.0,3.49725,2.72825
325.0,3.497875,2.72825
325.0,3.499,2.727875
325.0,3.499375,2.727625
325.0,3.499,2.727875
325.0,3.498,2.7285
325.0,3.497375,2.728375
325.0,3.49725,2.7285
325.0,3.49725,2.728625
325.0,3.496875,2.728625
325.0,3.4965,2.7285
325.0,3.496875,2.729
325.0,3.497875,2.7295
325.0,3.49825,2.729375
325.0,3.4975,2.72875
325.0,3.497375,2.728125
325.0,3.497375,2.728
325.0,3.49725,2.72825
325.0,3.4985,2.72825
325.0,3.499375,2.72775
325.0,3.49925,2.727625
325.0,3.498625,2.72825
325.0,3.497625,2.72825
326.0,3.49825,2.67675
326.0,3.4975,2.676
326.0,3.49725,2.6755
326.0,3.497125,2.67575
326.0,3.497875,2.676
326.0,3.49875,2.676
326.0,3.499125,2.67575
326.0,3.499,2.67575
326.0,3.499,2.67575
326.0,3.498,2.676
326.0,3.497125,2.676
326.0,3.49675,2.676
326.0,3.4965,2.67625
326.0,3.496,2.67625
326.0,3.49625,2.676375
326.0,3.49725,2.676875
326.0,3.4985,2.677
326.0,3.4985,2.677
326.0,3.498,2.67625
326.0,3.497625,2.675625
326.0,3.497,2.675875
326.0,3.497625,2.676125
326.0,3.499,2.675875
326.0,3.4995,2.6755
326.0,3.49875,2.67575
326.0,3.49875,2.67575
326.0,3.497625,2.67625
326.0,3.49675,2.67625
326.0,3.496875,2.676125
326.0,3.496875,2.6765
326.0,3.496625,2.6765
326.0,3.49675,2.67675
326.0,3.497875,2.67725
326.0,3.498625,2.67725
326.0,3.497875,2.6765
326.0,3.497625,2.675875
326.0,3.4975,2.675875
326.0,3.496875,2.676
326.0,3.497375,2.676125
326.0,3.499125,2.675625
326.0,3.49975,2.67525
326.0,3.49975,2.67525
326.0,3.498625,2.675375
326.0,3.4975,2.675875
326.0,3.49725,2.676125
326.0,3.497,2.67625
326.0,3.49625,2.676375
326.0,3.496,2.6765
326.0,3.49675,2.676875
326.0,3.49775,2.67725
326.0,3.49775,2.676875
326.0,3.4975,2.67625
326.0,3.49775,2.675375
326.0,3.497375,2.675625
326.0,3.49725,2.676
326.0,3.4985,2.676
326.0,3.499,2.675625
326.0,3.499,2.675625
326.0,3.498875,2.675625
326.0,3.49825,2.67625
326.0,3.49725,2.6765
326.0,3.497125,2.676375
326.0,3.496625,2.67625
326.0,3.49625,2.6765
326.0,3.496625,2.676625
326.0,3.49725,2.677125
326.0,3.498,2.677125
326.0,3.498,2.6765
326.0,3.49775,2.676
326.0,3.497875,2.675625
326.0,3.497125,2.675875
326.0,3.49725,2.676
326.0,3.498625,2.675875
326.0,3.498625,2.675875
326.0,3.499375,2.675625
326.0,3.49875,2.675875
326.0,3.4975,2.67625
326.0,3.497,2.676125
326.0,3.49725,2.676
326.0,3.496875,2.676375
326.0,3.49625,2.676375
326.0,3.496375,2.67675
326.0,3.4975,2.677125
326.0,3.498625,2.6775
326.0,3.497875,2.677
326.0,3.4975,2.67575
326.0,3.49725,2.6755
326.0,3.49675,2.675875
326.0,3.49775,2.676
326.0,3.498875,2.67575
326.0,3.498875,2.67575
326.0,3.498375,2.6755
326.0,3.498125,2.67575
326.0,3.497,2.676375
326.0,3.497,2.676375
326.0,3.497125,2.67625
326.0,3.496375,2.67625
326.0,3.4955,2.676375
326.0,3.496875,2.677
326.0,3.498375,2.67725
326.0,3.49825,2.67725
326.0,3.4975,2.676625
326.0,3.497625,2.67575
326.0,3.497625,2.675875
326.0,3.49725,2.676125
326.0,3.49825,2.676
326.0,3.49825,2.676
326.0,3.4995,2.675625
326.0,3.499375,2.675375
326.0,3.498375,2.676125
326.0,3.497125,2.676375
326.0,3.4965,2.676
326.0,3.496625,2.67625
326.0,3.49625,2.676375
326.0,3.496,2.676375
326.0,3.496875,2.677
326.0,3.498125,2.677375
326.0,3.498125,2.677
326.0,3.497625,2.67625
326.0,3.4975,2.675625
326.0,3.497,2.675875
326.0,3.497125,2.676125
326.0,3.497125,2.676125
326.0,3.49825,2.675875
326.0,3.499125,2.6755
326.0,3.498875,2.675625
326.0,3.498,2.676
326.0,3.49725,2.676
326.0,3.497375,2.676125
326.0,3.497,2.67625
326.0,3.4965,2.676375
326.0,3.496375,2.676625
326.0,3.4975,2.67725
326.0,3.49825,2.677125
326.0,3.4975,2.67675
326.0,3.49725,2.676125
326.0,3.497,2.675875
326.0,3.497125,2.676125
326.0,3.497125,2.676125
326.0,3.497875,2.676
326.0,3.499125,2.67575
326.0,3.499375,2.6755
326.0,3.498625,2.676
326.0,3.4975,2.676375
326.0,3.497125,2.676375
326.0,3.49725,2.676125
326.0,3.49675,2.676375
326.0,3.4965,2.676375
326.0,3.497,2.67675
326.0,3.49775,2.67725
326.0,3.49825,2.676875
326.0,3.498,2.67625
326.0,3.4975,2.67575
326.0,3.497375,2.675875
326.0,3.497375,2.676
326.0,3.497125,2.676
326.0,3.49825,2.676
326.0,3.4995,2.6755
326.0,3.499375,2.675375
326.0,3.498375,2.676125
326.0,3.497375,2.67625
326.0,3.496875,2.676
326.0,3.4965,2.67625
326.0,3.4965,2.6765
326.0,3.496,2.6765
326.0,3.49675,2.676875
326.0,3.49775,2.67725
326.0,3.49775,2.677125
326.0,3.497375,2.6765
327.0,3.497125,2.624125
327.0,3.49725,2.62425
327.0,3.49675,2.624625
327.0,3.49625,2.62475
327.0,3.496625,2.62525
327.0,3.498125,2.625375
327.0,3.498125,2.62525
327.0,3.497625,2.6245
327.0,3.497625,2.6245
327.0,3.4975,2.62425
327.0,3.497,2.624125
327.0,3.497,2.624375
327.0,3.498625,2.62425
327.0,3.4995,2.623875
327.0,3.499125,2.62375
327.0,3.498,2.624125
327.0,3.497,2.624625
327.0,3.496875,2.624375
327.0,3.49675,2.624625
327.0,3.496375,2.62475
327.0,3.496375,2.624875
327.0,3.497125,2.625375
327.0,3.49825,2.6255
327.0,3.497875,2.62525
327.0,3.497625,2.62525
327.0,3.497625,2.624375
327.0,3.497375,2.623875
327.0,3.497125,2.624125
327.0,3.497875,2.6245
327.0,3.49875,2.62425
327.0,3.499125,2.62375
327.0,3.499,2.624125
327.0,3.49825,2.6245
327.0,3.497125,2.6245
327.0,3.497,2.6245
327.0,3.4965,2.624625
327.0,3.496,2.624625
327.0,3.496625,2.625
327.0,3.497375,2.625375
327.0,3.49825,2.625375
327.0,3.498375,2.625125
327.0,3.498375,2.625125
327.0,3.497875,2.624375
327.0,3.49725,2.624
327.0,3.496875,2.624125
327.0,3.497875,2.624375
327.0,3.499,2.624
327.0,3.499625,2.62375
327.0,3.49875,2.624375
327.0,3.49725,2.624375
327.0,3.497375,2.62425
327.0,3.49725,2.624625
327.0,3.496625,2.624625
327.0,3.496,2.62475
327.0,3.4965,2.625125
327.0,3.49775,2.625625
327.0,3.498625,2.625125
327.0,3.498625,2.625125
327.0,3.498125,2.6245
327.0,3.497875,2.624
327.0,3.497625,2.624
327.0,3.4975,2.624375
327.0,3.498375,2.6245
327.0,3.49875,2.624
327.0,3.498625,2.623875
327.0,3.49775,2.624375
327.0,3.497125,2.62475
327.0,3.497375,2.62475
327.0,3.497125,2.62475
327.0,3.496625,2.62475
327.0,3.4965,2.62475
327.0,3.4975,2.625375
327.0,3.49825,2.625625
327.0,3.49825,2.625625
327.0,3.498625,2.625375
327.0,3.49825,2.62425
327.0,3.497625,2.624
327.0,3.49725,2.62425
327.0,3.498,2.6245
327.0,3.499125,2.624375
327.0,3.4995,2.62375
327.0,3.499125,2.624
327.0,3.49775,2.624375
327.0,3.497125,2.62425
327.0,3.496625,2.624375
327.0,3.497,2.62475
327.0,3.49675,2.624875
327.0,3.496875,2.625
327.0,3.498,2.6255
327.0,3.498,2.6255
327.0,3.49825,2.6255
327.0,3.49775,2.624875
327.0,3.498125,2.62425
327.0,3.49775,2.624
327.0,3.497125,2.62425
327.0,3.498,2.624375
327.0,3.499375,2.624125
327.0,3.499625,2.623875
327.0,3.498875,2.624
327.0,3.4975,2.624375
327.0,3.497,2.62425
327.0,3.497,2.624375
327.0,3.49675,2.62475
327.0,3.496375,2.62475
327.0,3.49675,2.62525
327.0,3.498,2.62575
327.0,3.498,2.62575
327.0,3.498625,2.62575
327.0,3.497875,2.62475
327.0,3.497875,2.623875
327.0,3.49775,2.624125
327.0,3.497375,2.624375
327.0,3.498,2.624375
327.0,3.49925,2.624
327.0,3.498875,2.623875
327.0,3.498375,2.624375
327.0,3.4975,2.6245
327.0,3.497,2.62425
327.0,3.496875,2.624625
327.0,3.496375,2.624625
327.0,3.4965,2.62475
327.0,3.497375,2.62525
327.0,3.497375,2.62525
327.0,3.498,2.625375
327.0,3.497625,2.625375
327.0,3.49775,2.62475
327.0,3.498,2.624125
327.0,3.497375,2.624125
327.0,3.497625,2.624375
327.0,3.498875,2.62425
327.0,3.4995,2.624
327.0,3.499125,2.624
327.0,3.498,2.62475
327.0,3.497375,2.62475
327.0,3.49725,2.62425
327.0,3.49675,2.624625
327.0,3.496625,2.62475
327.0,3.4965,2.625
327.0,3.4965,2.625
327.0,3.49725,2.625375
327.0,3.498625,2.625125
327.0,3.498375,2.624875
327.0,3.498125,2.62425
327.0,3.497625,2.624
327.0,3.49725,2.6245
327.0,3.497875,2.624625
327.0,3.499,2.62425
327.0,3.49975,2.624
327.0,3.499125,2.62425
327.0,3.498125,2.6245
327.0,3.4975,2.624625
327.0,3.497,2.6245
327.0,3.49675,2.62475
327.0,3.4965,2.624625
327.0,3.4965,2.624625
327.0,3.496625,2.625
327.0,3.49725,2.625625
327.0,3.49825,2.625375
327.0,3.498375,2.625
327.0,3.498125,2.624625
327.0,3.4975,2.62425
327.0,3.497375,2.624375
327.0,3.498375,2.624375
327.0,3.499625,2.624125
327.0,3.498875,2.624
327.0,3.4985,2.624625
327.0,3.49775,2.624375
327.0,3.49725,2.624
327.0,3.497,2.624625
328.0,3.497,2.56975
328.0,3.4965,2.570125
328.0,3.496375,2.57025
328.0,3.496875,2.5705
328.0,3.497875,2.57075
328.0,3.4985,2.570625
328.0,3.49825,2.570375
328.0,3.497875,2.569375
328.0,3.497875,2.569375
328.0,3.497875,2.5695
328.0,3.497625,2.56975
328.0,3.498125,2.56975
328.0,3.499125,2.5695
328.0,3.49875,2.56925
328.0,3.49825,2.56975
328.0,3.49775,2.57
328.0,3.497375,2.569875
328.0,3.497,2.570125
328.0,3.496875,2.57025
328.0,3.49675,2.570375
328.0,3.497125,2.57075
328.0,3.498,2.571125
328.0,3.49875,2.570875
328.0,3.49825,2.570125
328.0,3.498,2.569375
328.0,3.498,2.569375
328.0,3.497625,2.569625
328.0,3.49775,2.57
328.0,3.499375,2.569875
328.0,3.49975,2.5695
328.0,3.499125,2.5695
328.0,3.498375,2.57
328.0,3.49775,2.57025
328.0,3.4975,2.569875
328.0,3.497,2.570125
328.0,3.496625,2.57025
328.0,3.49625,2.570375
328.0,3.4975,2.57075
328.0,3.498625,2.570875
328.0,3.49825,2.5705
328.0,3.497875,2.569875
328.0,3.497875,2.569875
328.0,3.497875,2.5695
328.0,3.497375,2.57
328.0,3.497875,2.57
328.0,3.499125,2.569625
328.0,3.499625,2.569375
328.0,3.499125,2.5695
328.0,3.497875,2.57
328.0,3.497375,2.57
328.0,3.497375,2.570125
328.0,3.497,2.570125
328.0,3.49675,2.570125
328.0,3.49675,2.5705
328.0,3.49775,2.571
328.0,3.499125,2.571
328.0,3.498375,2.570375
328.0,3.498375,2.570375
328.0,3.497625,2.569375
328.0,3.497375,2.56925
328.0,3.497125,2.56975
328.0,3.498625,2.569875
328.0,3.499875,2.5695
328.0,3.499625,2.5695
328.0,3.498875,2.56975
328.0,3.498,2.57
328.0,3.497375,2.569875
328.0,3.4975,2.57
328.0,3.497,2.57025
328.0,3.49675,2.57025
328.0,3.497375,2.57075
328.0,3.498125,2.570875
328.0,3.498125,2.570875
328.0,3.498125,2.570875
328.0,3.49775,2.57025
328.0,3.497625,2.569375
328.0,3.49725,2.5695
328.0,3.497625,2.56975
328.0,3.499,2.569625
328.0,3.499625,2.56925
328.0,3.4995,2.569375
328.0,3.499125,2.569875
328.0,3.49775,2.569875
328.0,3.49775,2.569875
328.0,3.497,2.570125
328.0,3.49625,2.57
328.0,3.496625,2.570125
328.0,3.497625,2.57075
328.0,3.4985,2.571
328.0,3.4985,2.570625
328.0,3.498125,2.570625
328.0,3.498125,2.570125
328.0,3.49775,2.569625
328.0,3.497125,2.56975
328.0,3.49775,2.57
328.0,3.499125,2.56975
328.0,3.499875,2.56925
328.0,3.499375,2.569375
328.0,3.498,2.569875
328.0,3.4975,2.569875
328.0,3.49725,2.56975
328.0,3.497,2.569875
328.0,3.496375,2.57
328.0,3.4965,2.570375
328.0,3.4975,2.571
328.0,3.498625,2.571125
328.0,3.498625,2.571125
328.0,3.498375,2.570875
328.0,3.498,2.57
328.0,3.49775,2.5695
328.0,3.49775,2.569625
328.0,3.498125,2.57
328.0,3.498875,2.569625
328.0,3.49975,2.56925
328.0,3.49925,2.569625
328.0,3.498,2.57
328.0,3.4975,2.569625
328.0,3.497125,2.57
328.0,3.497,2.57025
328.0,3.4965,2.57025
328.0,3.497125,2.57075
328.0,3.498375,2.571
328.0,3.498375,2.571
328.0,3.4985,2.57075
328.0,3.498125,2.570125
328.0,3.49825,2.56925
328.0,3.497875,2.5695
328.0,3.497875,2.569875
328.0,3.49875,2.569875
328.0,3.499375,2.569375
328.0,3.4995,2.569375
328.0,3.4985,2.57
328.0,3.49775,2.57
328.0,3.497375,2.569625
328.0,3.497375,2.569875
328.0,3.496625,2.570125
328.0,3.49625,2.570375
328.0,3.497375,2.57075
328.0,3.497375,2.57075
328.0,3.498375,2.570625
328.0,3.498375,2.5705
328.0,3.497875,2.570125
328.0,3.497875,2.569375
328.0,3.4975,2.56975
328.0,3.497625,2.569875
328.0,3.49925,2.56975
328.0,3.499625,2.569375
328.0,3.499,2.5695
328.0,3.498,2.56975
328.0,3.49775,2.569875
328.0,3.497375,2.569875
328.0,3.497,2.570125
328.0,3.49675,2.570125
328.0,3.497,2.570375
328.0,3.49775,2.57075
328.0,3.49775,2.57075
328.0,3.49825,2.570875
328.0,3.498125,2.5705
328.0,3.498,2.569625
328.0,3.4975,2.569375
328.0,3.497125,2.569625
328.0,3.49825,2.56975
328.0,3.49925,2.5695
328.0,3.499625,2.56925
328.0,3.499,2.569375
328.0,3.497625,2.569875
328.0,3.497375,2.5695
328.0,3.497375,2.57
328.0,3.496625,2.57025
329.0,3.497625,2.515125
329.0,3.497375,2.515625
329.0,3.498125,2.51575
329.0,3.49875,2.515375
329.0,3.499125,2.51525
329.0,3.49825,2.515625
329.0,3.497625,2.51625
329.0,3.4975,2.515875
329.0,3.4975,2.515875
329.0,3.497125,2.515875
329.0,3.496375,2.516125
329.0,3.4965,2.516125
329.0,3.49725,2.516625
329.0,3.498,2.51675
329.0,3.498375,2.51625
329.0,3.498375,2.51575
329.0,3.498,2.515375
329.0,3.497125,2.515625
329.0,3.497875,2.51575
329.0,3.499375,2.515625
329.0,3.4995,2.515
329.0,3.499375,2.515
329.0,3.498625,2.51575
329.0,3.49775,2.516
329.0,3.49775,2.516
329.0,3.49725,2.515625
329.0,3.49725,2.515875
329.0,3.496625,2.516
329.0,3.496625,2.516125
329.0,3.4975,2.516625
329.0,3.498,2.516875
329.0,3.4975,2.516625
329.0,3.497875,2.516
329.0,3.498,2.51575
329.0,3.497375,2.515625
329.0,3.497625,2.515875
329.0,3.49925,2.515625
329.0,3.49975,2.51525
329.0,3.49875,2.5155
329.0,3.497625,2.515875
329.0,3.4975,2.51575
329.0,3.4975,2.51575
329.0,3.49725,2.515875
329.0,3.49675,2.516125
329.0,3.4965,2.51625
329.0,3.497,2.5165
329.0,3.49775,2.51675
329.0,3.4985,2.51675
329.0,3.498,2.5165
329.0,3.49775,2.516125
329.0,3.497625,2.515875
329.0,3.4975,2.515875
329.0,3.49825,2.516
329.0,3.499125,2.515625
329.0,3.499375,2.515375
329.0,3.498625,2.51575
329.0,3.4975,2.516
329.0,3.4975,2.516
329.0,3.497625,2.51575
329.0,3.49725,2.51575
329.0,3.4965,2.516125
329.0,3.496375,2.51625
329.0,3.49725,2.516625
329.0,3.497875,2.517
329.0,3.498375,2.516875
329.0,3.498375,2.51625
329.0,3.498125,2.515625
329.0,3.49775,2.515625
329.0,3.49775,2.51575
329.0,3.49875,2.51575
329.0,3.499875,2.5155
329.0,3.499875,2.5155
329.0,3.49875,2.516
329.0,3.49875,2.516
329.0,3.497625,2.516125
329.0,3.497375,2.515875
329.0,3.497,2.515875
329.0,3.496875,2.515875
329.0,3.496875,2.516
329.0,3.4975,2.5165
329.0,3.498,2.516875
329.0,3.498,2.516375
329.0,3.498,2.515625
329.0,3.49825,2.51525
329.0,3.497625,2.5155
329.0,3.497875,2.51575
329.0,3.49875,2.515625
329.0,3.49925,2.51525
329.0,3.499375,2.515375
329.0,3.499375,2.515875
329.0,3.49825,2.515875
329.0,3.497375,2.515875
329.0,3.497375,2.515875
329.0,3.497125,2.516125
329.0,3.4965,2.516125
329.0,3.49675,2.51625
329.0,3.497875,2.516625
329.0,3.49825,2.516625
329.0,3.498375,2.51625
329.0,3.498,2.515625
329.0,3.498,2.515375
329.0,3.497875,2.515625
329.0,3.498625,2.515875
329.0,3.49975,2.5155
329.0,3.499125,2.515125
329.0,3.498375,2.5155
329.0,3.498375,2.5155
329.0,3.497625,2.516
329.0,3.49725,2.515875
329.0,3.496875,2.515875
329.0,3.49675,2.515875
329.0,3.49675,2.516125
329.0,3.497,2.5165
329.0,3.498125,2.516875
329.0,3.498875,2.51675
329.0,3.498375,2.516625
329.0,3.497875,2.51575
329.0,3.497875,2.515375
329.0,3.497875,2.515875
329.0,3.498375,2.515875
329.0,3.499375,2.5155
329.0,3.5,2.51525
329.0,3.5,2.51525
329.0,3.49925,2.515875
329.0,3.49775,2.516125
329.0,3.497625,2.51575
329.0,3.4975,2.515875
329.0,3.496875,2.516125
329.0,3.496625,2.51625
329.0,3.497375,2.51675
329.0,3.498875,2.517125
329.0,3.49825,2.516875
329.0,3.4975,2.516
329.0,3.497875,2.515375
329.0,3.4975,2.5155
329.0,3.497375,2.515875
329.0,3.49875,2.51575
329.0,3.499375,2.515125
329.0,3.499375,2.515125
329.0,3.499125,2.514875
329.0,3.498375,2.5155
329.0,3.4975,2.516
329.0,3.497375,2.516125
329.0,3.49675,2.516125
329.0,3.49625,2.51625
329.0,3.49675,2.51625
329.0,3.498125,2.51675
329.0,3.498625,2.516875
329.0,3.49825,2.516375
329.0,3.498125,2.51575
329.0,3.49825,2.515375
329.0,3.498,2.51575
329.0,3.49825,2.515875
329.0,3.499375,2.5155
329.0,3.499375,2.5155
329.0,3.5,2.515125
329.0,3.499375,2.51525
329.0,3.497375,2.51575
329.0,3.496875,2.51575
329.0,3.497375,2.515875
329.0,3.497125,2.516
329.0,3.4965,2.516
329.0,3.496625,2.516375
329.0,3.497375,2.516875
329.0,3.4985,2.51675
329.0,3.49825,2.516375
329.0,3.497875,2.515625
329.0,3.497625,2.51575
329.0,3.4975,2.515875
330.0,3.496125,2.458875
330.0,3.496125,2.458875
330.0,3.497375,2.459375
330.0,3.49825,2.45975
330.0,3.498125,2.459375
330.0,3.49825,2.458625
330.0,3.497875,2.45825
330.0,3.49775,2.45825
330.0,3.49775,2.45825
330.0,3.49825,2.4585
330.0,3.49925,2.458375
330.0,3.4995,2.458125
330.0,3.4985,2.458375
330.0,3.4975,2.45875
330.0,3.497,2.45875
330.0,3.497125,2.458625
330.0,3.4965,2.45875
330.0,3.496625,2.458875
330.0,3.496875,2.459125
330.0,3.497625,2.45975
330.0,3.4985,2.45975
330.0,3.4975,2.459125
330.0,3.49725,2.45825
330.0,3.497625,2.458375
330.0,3.4975,2.458375
330.0,3.4975,2.4585
330.0,3.49875,2.458625
330.0,3.49975,2.45825
330.0,3.49975,2.458125
330.0,3.498625,2.45825
330.0,3.497375,2.458625
330.0,3.497125,2.4585
330.0,3.496875,2.458625
330.0,3.49675,2.459
330.0,3.496125,2.459
330.0,3.497125,2.45925
330.0,3.498,2.4595
330.0,3.498125,2.4595
330.0,3.498,2.458875
330.0,3.497875,2.458375
330.0,3.497375,2.458375
330.0,3.497375,2.458375
330.0,3.497125,2.458625
330.0,3.49875,2.4585
330.0,3.499375,2.45825
330.0,3.4995,2.458125
330.0,3.4985,2.45875
330.0,3.49725,2.45875
330.0,3.497125,2.45875
330.0,3.496875,2.45875
330.0,3.496375,2.45875
330.0,3.496625,2.459
330.0,3.49775,2.4595
330.0,3.498625,2.45975
330.0,3.4985,2.45925
330.0,3.497625,2.4585
330.0,3.497625,2.45825
330.0,3.497625,2.45825
330.0,3.497625,2.4585
330.0,3.49825,2.458625
330.0,3.499,2.45825
330.0,3.499625,2.458
330.0,3.499375,2.458125
330.0,3.498375,2.4585
330.0,3.4975,2.458375
330.0,3.497375,2.4585
330.0,3.49725,2.459
330.0,3.496375,2.45875
330.0,3.496875,2.45925
330.0,3.49825,2.4595
330.0,3.4985,2.4595
330.0,3.49825,2.459125
330.0,3.498,2.4585
330.0,3.498,2.4585
330.0,3.4975,2.45825
330.0,3.497625,2.458625
330.0,3.4985,2.4585
330.0,3.499625,2.45825
330.0,3.49975,2.45775
330.0,3.499,2.4585
330.0,3.49775,2.459125
330.0,3.49775,2.4585
330.0,3.497375,2.458625
330.0,3.497,2.458875
330.0,3.4965,2.459
330.0,3.49675,2.459375
330.0,3.498125,2.45975
330.0,3.49875,2.4595
330.0,3.49825,2.459
330.0,3.498,2.45825
330.0,3.498,2.45825
330.0,3.497375,2.458125
330.0,3.497375,2.4585
330.0,3.498625,2.458625
330.0,3.499375,2.458125
330.0,3.499125,2.458125
330.0,3.49825,2.458875
330.0,3.49775,2.459
330.0,3.497125,2.458625
330.0,3.496875,2.458875
330.0,3.4965,2.459
330.0,3.4965,2.459125
330.0,3.49725,2.459625
330.0,3.498125,2.45975
330.0,3.49825,2.459625
330.0,3.49775,2.459125
330.0,3.49775,2.459125
330.0,3.49775,2.45825
330.0,3.4975,2.458375
330.0,3.498,2.45875
330.0,3.49925,2.458375
330.0,3.499625,2.458125
330.0,3.4995,2.458125
330.0,3.498375,2.458625
330.0,3.4975,2.45825
330.0,3.497125,2.4585
330.0,3.497,2.458875
330.0,3.496625,2.458875
330.0,3.4965,2.459
330.0,3.49775,2.4595
330.0,3.4985,2.459625
330.0,3.498125,2.45925
330.0,3.498125,2.45925
330.0,3.498,2.45875
330.0,3.4975,2.4585
330.0,3.497375,2.4585
330.0,3.498125,2.45875
330.0,3.499375,2.458375
330.0,3.499625,2.458125
330.0,3.499125,2.458375
330.0,3.497875,2.458875
330.0,3.49725,2.45875
330.0,3.497,2.458625
330.0,3.49675,2.458875
330.0,3.496625,2.459125
330.0,3.49675,2.459375
330.0,3.497625,2.459625
330.0,3.49875,2.459375
330.0,3.49875,2.459375
330.0,3.498,2.459
330.0,3.497625,2.458625
330.0,3.497375,2.4585
330.0,3.4975,2.458625
330.0,3.499,2.458625
330.0,3.499625,2.458375
330.0,3.499625,2.458125
330.0,3.499125,2.458625
330.0,3.498125,2.458875
330.0,3.497,2.458625
330.0,3.496625,2.459
330.0,3.496875,2.458875
330.0,3.49675,2.458875
330.0,3.497,2.459375
330.0,3.498375,2.459625
330.0,3.498375,2.459625
330.0,3.4985,2.45975
330.0,3.497875,2.459
330.0,3.497375,2.45825
330.0,3.49725,2.45825
330.0,3.497875,2.458625
330.0,3.49875,2.458625
330.0,3.499375,2.458125
330.0,3.49925,2.458125
330.0,3.49825,2.458375
330.0,3.49775,2.458625
330.0,3.497125,2.458625
330.0,3.4965,2.459
330.0,3.496375,2.459125
330.0,3.496375,2.45925
331.0,3.4995,2.402125
331.0,3.4995,2.402
331.0,3.49875,2.40275
331.0,3.497625,2.402625
331.0,3.497,2.402625
331.0,3.497,2.403
331.0,3.496875,2.403125
331.0,3.496375,2.403375
331.0,3.496375,2.403375
331.0,3.497125,2.4035
331.0,3.49825,2.403875
331.0,3.498375,2.403375
331.0,3.497875,2.402625
331.0,3.49775,2.40225
331.0,3.497375,2.402625
331.0,3.4975,2.40275
331.0,3.498875,2.402625
331.0,3.499375,2.40225
331.0,3.49925,2.402375
331.0,3.498375,2.402625
331.0,3.4975,2.403
331.0,3.497125,2.402875
331.0,3.497,2.402875
331.0,3.496625,2.403
331.0,3.497125,2.403125
331.0,3.497125,2.403125
331.0,3.497875,2.403625
331.0,3.498125,2.403875
331.0,3.498,2.403375
331.0,3.49775,2.4025
331.0,3.497375,2.40225
331.0,3.497,2.402375
331.0,3.49775,2.4025
331.0,3.49925,2.4025
331.0,3.499875,2.401875
331.0,3.499,2.401875
331.0,3.497625,2.4025
331.0,3.497125,2.4025
331.0,3.497,2.402875
331.0,3.496625,2.403
331.0,3.49625,2.402875
331.0,3.49625,2.402875
331.0,3.496875,2.403375
331.0,3.497875,2.403875
331.0,3.49825,2.4035
331.0,3.497875,2.402875
331.0,3.498125,2.402375
331.0,3.497625,2.402125
331.0,3.497875,2.402375
331.0,3.498625,2.4025
331.0,3.499625,2.402375
331.0,3.49925,2.40225
331.0,3.498375,2.4025
331.0,3.49775,2.402625
331.0,3.49725,2.40275
331.0,3.497125,2.402875
331.0,3.49675,2.403
331.0,3.49675,2.403
331.0,3.496125,2.402875
331.0,3.49675,2.40325
331.0,3.497875,2.4035
331.0,3.49825,2.403375
331.0,3.498125,2.402875
331.0,3.497625,2.4025
331.0,3.49725,2.402375
331.0,3.497875,2.40275
331.0,3.499,2.402625
331.0,3.499625,2.402375
331.0,3.499375,2.402375
331.0,3.49825,2.4025
331.0,3.49725,2.4025
331.0,3.497,2.4025
331.0,3.49675,2.402875
331.0,3.49675,2.402875
331.0,3.496625,2.403125
331.0,3.496375,2.4035
331.0,3.497375,2.403625
331.0,3.498625,2.40325
331.0,3.498375,2.403
331.0,3.497875,2.40275
331.0,3.49775,2.4025
331.0,3.49725,2.402625
331.0,3.497875,2.402625
331.0,3.499375,2.40225
331.0,3.499625,2.402125
331.0,3.499,2.4025
331.0,3.498125,2.402875
331.0,3.497375,2.40275
331.0,3.496875,2.403
331.0,3.496875,2.403
331.0,3.4965,2.403
331.0,3.49625,2.403
331.0,3.4965,2.40325
331.0,3.497625,2.403625
331.0,3.49825,2.403375
331.0,3.49775,2.403
331.0,3.4975,2.40225
331.0,3.49725,2.402
331.0,3.49725,2.402625
331.0,3.498125,2.40275
331.0,3.499625,2.402375
331.0,3.499875,2.402125
331.0,3.498875,2.40275
331.0,3.497875,2.402875
331.0,3.4975,2.40225
331.0,3.497,2.402625
331.0,3.497,2.402625
331.0,3.49625,2.403
331.0,3.496375,2.402875
331.0,3.496875,2.403375
331.0,3.497875,2.403625
331.0,3.498,2.40325
331.0,3.497625,2.402875
331.0,3.497625,2.402125
331.0,3.4975,2.402375
331.0,3.4975,2.402625
331.0,3.499,2.402625
331.0,3.499875,2.402
331.0,3.499125,2.401875
331.0,3.497875,2.4025
331.0,3.49725,2.40275
331.0,3.497,2.402625
331.0,3.497,2.402625
331.0,3.496875,2.40275
331.0,3.4965,2.40275
331.0,3.495875,2.403
331.0,3.497125,2.4035
331.0,3.49825,2.403625
331.0,3.498,2.403375
331.0,3.497875,2.402875
331.0,3.497875,2.4025
331.0,3.497125,2.402375
331.0,3.497375,2.4025
331.0,3.49875,2.4025
331.0,3.49925,2.402125
331.0,3.498625,2.402
331.0,3.49775,2.4025
331.0,3.49725,2.40275
331.0,3.49725,2.40275
331.0,3.497375,2.402625
331.0,3.497,2.40275
331.0,3.496875,2.403
331.0,3.49675,2.40325
331.0,3.49775,2.4035
331.0,3.498625,2.4035
331.0,3.497875,2.403125
331.0,3.49775,2.402375
331.0,3.497875,2.40225
331.0,3.497625,2.4025
331.0,3.498125,2.40275
331.0,3.499375,2.4025
331.0,3.499625,2.402125
331.0,3.49875,2.402375
331.0,3.497875,2.402625
331.0,3.497875,2.402625
331.0,3.4975,2.4025
331.0,3.497,2.402625
331.0,3.4965,2.40275
331.0,3.496375,2.40275
331.0,3.497,2.40325
331.0,3.49825,2.4035
331.0,3.49825,2.403125
331.0,3.497625,2.402625
331.0,3.497875,2.402
331.0,3.497625,2.40225
331.0,3.497125,2.402625
331.0,3.498,2.4025
331.0,3.4995,2.402125
331.0,3.499875,2.402
332.0,3.49675,2.347125
332.0,3.4965,2.34725
332.0,3.497375,2.347625
332.0,3.498625,2.348
332.0,3.4985,2.347625
332.0,3.49775,2.347
332.0,3.4975,2.3465
332.0,3.4975,2.346625
332.0,3.4975,2.346625
332.0,3.498,2.347125
332.0,3.499,2.346875
332.0,3.499875,2.34625
332.0,3.499625,2.346375
332.0,3.498125,2.347
332.0,3.497375,2.34725
332.0,3.49725,2.347
332.0,3.496875,2.347125
332.0,3.49625,2.347125
332.0,3.496625,2.3475
332.0,3.498,2.347875
332.0,3.49875,2.348125
332.0,3.498,2.347625
332.0,3.497875,2.3465
332.0,3.49775,2.346375
332.0,3.497125,2.34675
332.0,3.497125,2.34675
332.0,3.49775,2.346875
332.0,3.499,2.3465
332.0,3.499625,2.34625
332.0,3.499125,2.3465
332.0,3.497875,2.346625
332.0,3.49725,2.346625
332.0,3.496875,2.347
332.0,3.496375,2.34725
332.0,3.49625,2.347125
332.0,3.49675,2.3475
332.0,3.497875,2.34775
332.0,3.4985,2.347625
332.0,3.498375,2.347375
332.0,3.498375,2.3465
332.0,3.49775,2.3465
332.0,3.49775,2.3465
332.0,3.4975,2.34675
332.0,3.498625,2.346875
332.0,3.49925,2.3465
332.0,3.49925,2.34625
332.0,3.498125,2.346875
332.0,3.497625,2.347
332.0,3.497375,2.347125
332.0,3.496875,2.347125
332.0,3.49625,2.347125
332.0,3.49625,2.34725
332.0,3.497375,2.347625
332.0,3.49875,2.34775
332.0,3.49825,2.347375
332.0,3.49775,2.3465
332.0,3.49775,2.346125
332.0,3.49775,2.346125
332.0,3.4975,2.346625
332.0,3.497875,2.346875
332.0,3.499375,2.34675
332.0,3.499625,2.34625
332.0,3.49875,2.3465
332.0,3.49825,2.34725
332.0,3.49775,2.346875
332.0,3.497625,2.346625
332.0,3.496875,2.346875
332.0,3.496,2.347
332.0,3.4965,2.347125
332.0,3.497625,2.3475
332.0,3.498625,2.34775
332.0,3.498625,2.34725
332.0,3.49775,2.34625
332.0,3.49775,2.34625
332.0,3.497375,2.346375
332.0,3.4975,2.34675
332.0,3.49825,2.346875
332.0,3.499,2.346625
332.0,3.49925,2.346375
332.0,3.499125,2.346625
332.0,3.49775,2.346875
332.0,3.497125,2.346625
332.0,3.497,2.346625
332.0,3.496875,2.34725
332.0,3.4965,2.347125
332.0,3.497,2.347375
332.0,3.498375,2.347875
332.0,3.49825,2.3475
332.0,3.497625,2.347
332.0,3.4975,2.347
332.0,3.4975,2.3465
332.0,3.497375,2.3465
332.0,3.497625,2.346875
332.0,3.498375,2.34675
332.0,3.499,2.346375
332.0,3.499375,2.34625
332.0,3.498625,2.346875
332.0,3.497125,2.346875
332.0,3.496625,2.346625
332.0,3.49675,2.346875
332.0,3.496375,2.347125
332.0,3.496375,2.347125
332.0,3.496875,2.347625
332.0,3.498,2.34775
332.0,3.49825,2.34725
332.0,3.49775,2.34675
332.0,3.49775,2.34675
332.0,3.497875,2.346375
332.0,3.4975,2.346625
332.0,3.497625,2.346875
332.0,3.498625,2.34675
332.0,3.4995,2.346125
332.0,3.499,2.346
332.0,3.498,2.34675
332.0,3.497375,2.347
332.0,3.49725,2.3465
332.0,3.497125,2.346875
332.0,3.49675,2.347
332.0,3.49675,2.34725
332.0,3.497875,2.347625
332.0,3.4985,2.347625
332.0,3.49775,2.347375
332.0,3.49775,2.347375
332.0,3.49725,2.3465
332.0,3.49725,2.346375
332.0,3.497125,2.34675
332.0,3.497625,2.346875
332.0,3.498875,2.346625
332.0,3.4995,2.34625
332.0,3.49925,2.346625
332.0,3.4985,2.34725
332.0,3.498,2.347
332.0,3.49775,2.347
332.0,3.497125,2.347
332.0,3.4965,2.347125
332.0,3.496875,2.347375
332.0,3.498,2.347875
332.0,3.49825,2.34775
332.0,3.49825,2.34775
332.0,3.498,2.347
332.0,3.49775,2.3465
332.0,3.497375,2.346375
332.0,3.497375,2.346625
332.0,3.499,2.34675
332.0,3.499625,2.3465
332.0,3.4995,2.346375
332.0,3.49875,2.34675
332.0,3.497625,2.346875
332.0,3.497625,2.34675
332.0,3.4975,2.346875
332.0,3.496375,2.34725
332.0,3.496125,2.34725
332.0,3.496875,2.347625
332.0,3.498125,2.348
332.0,3.498375,2.348
332.0,3.498375,2.3475
332.0,3.498,2.347125
332.0,3.497625,2.346625
332.0,3.497375,2.3465
332.0,3.498,2.346875
332.0,3.49875,2.34675
332.0,3.4995,2.346125
332.0,3.49975,2.346125
332.0,3.498125,2.34675
332.0,3.497375,2.347
332.0,3.49725,2.347125
332.0,3.49725,2.34725
332.0,3.49675,2.347125
332.0,3.49675,2.34725
333.0,3.496125,2.289125
333.0,3.497375,2.289625
333.0,3.4985,2.28975
333.0,3.498125,2.289375
333.0,3.4975,2.288625
333.0,3.497625,2.288125
333.0,3.49725,2.288375
333.0,3.498,2.28875
333.0,3.498,2.28875
333.0,3.498875,2.288625
333.0,3.49925,2.288125
333.0,3.4995,2.28825
333.0,3.498125,2.288625
333.0,3.497625,2.2885
333.0,3.49775,2.2885
333.0,3.497375,2.288875
333.0,3.497125,2.288875
333.0,3.497125,2.289125
333.0,3.497625,2.2895
333.0,3.498,2.2895
333.0,3.497875,2.28925
333.0,3.498,2.288375
333.0,3.49775,2.28825
333.0,3.497125,2.2885
333.0,3.49825,2.288625
333.0,3.49825,2.288625
333.0,3.4995,2.288375
333.0,3.4995,2.288
333.0,3.499125,2.288375
333.0,3.498,2.289125
333.0,3.49725,2.288875
333.0,3.497375,2.288875
333.0,3.497,2.289
333.0,3.496375,2.289
333.0,3.497125,2.28925
333.0,3.49825,2.28975
333.0,3.49875,2.289625
333.0,3.498375,2.289
333.0,3.498,2.288125
333.0,3.4975,2.28825
333.0,3.497625,2.28875
333.0,3.497625,2.28875
333.0,3.498875,2.28875
333.0,3.499125,2.288375
333.0,3.499125,2.28825
333.0,3.49875,2.288625
333.0,3.4975,2.288875
333.0,3.497375,2.28875
333.0,3.497125,2.28875
333.0,3.497125,2.289
333.0,3.496875,2.289125
333.0,3.497625,2.289625
333.0,3.4985,2.29
333.0,3.4985,2.28975
333.0,3.498,2.289125
333.0,3.498,2.28825
333.0,3.49775,2.288375
333.0,3.49775,2.288375
333.0,3.498,2.28875
333.0,3.49925,2.2885
333.0,3.499875,2.288125
333.0,3.4995,2.28825
333.0,3.498625,2.28875
333.0,3.497625,2.289
333.0,3.497375,2.28875
333.0,3.49675,2.289
333.0,3.496375,2.289
333.0,3.496625,2.289
333.0,3.49775,2.2895
333.0,3.498375,2.289375
333.0,3.497875,2.289
333.0,3.49775,2.28875
333.0,3.497875,2.2885
333.0,3.497875,2.2885
333.0,3.497875,2.2885
333.0,3.498375,2.28875
333.0,3.499,2.288625
333.0,3.499875,2.288375
333.0,3.4995,2.28875
333.0,3.498125,2.288875
333.0,3.497125,2.2885
333.0,3.49725,2.288625
333.0,3.497125,2.288875
333.0,3.496375,2.288875
333.0,3.4965,2.28925
333.0,3.497625,2.289625
333.0,3.498375,2.2895
333.0,3.498,2.28875
333.0,3.49775,2.288125
333.0,3.49775,2.28825
333.0,3.49725,2.28825
333.0,3.49725,2.288625
333.0,3.4985,2.28875
333.0,3.499375,2.2885
333.0,3.499625,2.288125
333.0,3.499375,2.2885
333.0,3.498125,2.28875
333.0,3.497625,2.2885
333.0,3.497125,2.288875
333.0,3.496375,2.289125
333.0,3.49625,2.289125
333.0,3.497,2.289375
333.0,3.4985,2.289625
333.0,3.498875,2.2895
333.0,3.4985,2.289125
333.0,3.498,2.288375
333.0,3.498,2.288375
333.0,3.49775,2.288375
333.0,3.497875,2.288625
333.0,3.498875,2.288625
333.0,3.4995,2.288375
333.0,3.49975,2.28825
333.0,3.499,2.288625
333.0,3.497625,2.288875
333.0,3.497375,2.288375
333.0,3.497,2.28875
333.0,3.49675,2.288875
333.0,3.496875,2.289125
333.0,3.49775,2.289625
333.0,3.498625,2.2895
333.0,3.498375,2.289
333.0,3.497875,2.289
333.0,3.497875,2.289
333.0,3.49775,2.288625
333.0,3.49725,2.288625
333.0,3.498,2.288625
333.0,3.499,2.2885
333.0,3.499625,2.28825
333.0,3.49925,2.288125
333.0,3.4975,2.288875
333.0,3.497125,2.289
333.0,3.497375,2.288875
333.0,3.497,2.289
333.0,3.49675,2.289125
333.0,3.49675,2.28925
333.0,3.497625,2.2895
333.0,3.498375,2.289375
333.0,3.498125,2.288875
333.0,3.498125,2.288875
333.0,3.4975,2.288375
333.0,3.4975,2.288375
333.0,3.4975,2.28875
333.0,3.498125,2.288875
333.0,3.499125,2.288375
333.0,3.4995,2.288125
333.0,3.499125,2.2885
333.0,3.497875,2.289
333.0,3.497125,2.289
333.0,3.497,2.289
333.0,3.496875,2.289
333.0,3.497,2.289
333.0,3.497625,2.289375
333.0,3.498625,2.28975
333.0,3.498125,2.289875
333.0,3.498125,2.289875
333.0,3.497625,2.289125
333.0,3.497625,2.28825
333.0,3.497375,2.28825
333.0,3.497625,2.288625
333.0,3.49875,2.288625
333.0,3.499375,2.28825
333.0,3.498875,2.28825
333.0,3.49825,2.288875
333.0,3.497875,2.289
333.0,3.4975,2.289125
333.0,3.497,2.289125
333.0,3.4965,2.289
333.0,3.4965,2.288875
333.0,3.497,2.289625
334.0,3.499125,2.229625
334.0,3.4985,2.230125
334.0,3.49725,2.230625
334.0,3.496875,2.230125
334.0,3.497375,2.230125
334.0,3.497125,2.230625
334.0,3.49625,2.230375
334.0,3.496625,2.23075
334.0,3.496625,2.23075
334.0,3.49775,2.23125
334.0,3.49825,2.230875
334.0,3.497875,2.2305
334.0,3.4975,2.230125
334.0,3.497,2.23
334.0,3.497625,2.23025
334.0,3.49875,2.23025
334.0,3.499625,2.22975
334.0,3.499625,2.2295
334.0,3.4985,2.23
334.0,3.49775,2.230625
334.0,3.497625,2.23025
334.0,3.497125,2.230375
334.0,3.496625,2.2305
334.0,3.496375,2.230625
334.0,3.497125,2.230625
334.0,3.497125,2.230875
334.0,3.498125,2.231
334.0,3.498125,2.23075
334.0,3.498,2.230375
334.0,3.498,2.23
334.0,3.497375,2.230125
334.0,3.497625,2.23025
334.0,3.498875,2.230375
334.0,3.4995,2.229875
334.0,3.49875,2.23
334.0,3.497875,2.23025
334.0,3.49775,2.23025
334.0,3.497375,2.23025
334.0,3.496625,2.230625
334.0,3.496375,2.2305
334.0,3.496875,2.230625
334.0,3.496875,2.230625
334.0,3.497875,2.23125
334.0,3.4985,2.231375
334.0,3.498,2.231125
334.0,3.49775,2.23025
334.0,3.49775,2.23
334.0,3.497125,2.23025
334.0,3.49825,2.23025
334.0,3.4995,2.23
334.0,3.49975,2.229625
334.0,3.499,2.23
334.0,3.4975,2.2305
334.0,3.49725,2.2305
334.0,3.4975,2.230625
334.0,3.497,2.230625
334.0,3.496375,2.230625
334.0,3.496375,2.230625
334.0,3.496875,2.230875
334.0,3.498125,2.2315
334.0,3.498125,2.231625
334.0,3.4975,2.231
334.0,3.49775,2.23025
334.0,3.49775,2.23
334.0,3.49775,2.230375
334.0,3.498625,2.230375
334.0,3.499625,2.23
334.0,3.4995,2.229875
334.0,3.498625,2.230125
334.0,3.497375,2.2305
334.0,3.4975,2.230375
334.0,3.496875,2.230625
334.0,3.49625,2.2305
334.0,3.49625,2.2305
334.0,3.49625,2.2305
334.0,3.497375,2.230875
334.0,3.49825,2.231
334.0,3.498125,2.231
334.0,3.497875,2.230625
334.0,3.498,2.229875
334.0,3.4975,2.23
334.0,3.497625,2.230125
334.0,3.499,2.230125
334.0,3.499875,2.22975
334.0,3.499375,2.229875
334.0,3.497625,2.230375
334.0,3.497375,2.2305
334.0,3.49725,2.23025
334.0,3.497125,2.230375
334.0,3.497125,2.230375
334.0,3.496875,2.2305
334.0,3.496625,2.23075
334.0,3.497625,2.23125
334.0,3.498375,2.231375
334.0,3.49825,2.231
334.0,3.497875,2.230375
334.0,3.498,2.23
334.0,3.497625,2.230125
334.0,3.498125,2.230125
334.0,3.499125,2.23
334.0,3.499625,2.229625
334.0,3.49925,2.23
334.0,3.4975,2.230625
334.0,3.497,2.23025
334.0,3.49725,2.230125
334.0,3.496875,2.2305
334.0,3.496875,2.2305
334.0,3.496625,2.230625
334.0,3.49675,2.23075
334.0,3.497875,2.231125
334.0,3.4985,2.23125
334.0,3.4975,2.23075
334.0,3.49775,2.23
334.0,3.497625,2.229875
334.0,3.497125,2.23025
334.0,3.497875,2.23025
334.0,3.499125,2.229875
334.0,3.49925,2.229625
334.0,3.498875,2.23025
334.0,3.497875,2.23075
334.0,3.497625,2.2305
334.0,3.49725,2.23025
334.0,3.49725,2.23025
334.0,3.49675,2.2305
334.0,3.49675,2.230625
334.0,3.497375,2.231125
334.0,3.4985,2.23125
334.0,3.498375,2.230875
334.0,3.497875,2.230375
334.0,3.4975,2.229875
334.0,3.497375,2.23
334.0,3.4975,2.23025
334.0,3.498625,2.230125
334.0,3.4995,2.22975
334.0,3.499625,2.22975
334.0,3.498625,2.230375
334.0,3.497625,2.2305
334.0,3.497125,2.23025
334.0,3.497125,2.23025
334.0,3.496625,2.2305
334.0,3.4965,2.230375
334.0,3.49675,2.23075
334.0,3.497625,2.23125
334.0,3.49875,2.231375
334.0,3.498125,2.230875
334.0,3.498,2.230125
334.0,3.498,2.22975
334.0,3.49725,2.230125
334.0,3.49775,2.230375
334.0,3.498875,2.230125
334.0,3.4995,2.229875
334.0,3.49925,2.23
334.0,3.498125,2.23025
334.0,3.49775,2.230375
334.0,3.49775,2.230375
334.0,3.497625,2.23025
334.0,3.496875,2.2305
334.0,3.49625,2.2305
334.0,3.497,2.230625
334.0,3.49775,2.231375
334.0,3.498375,2.231375
334.0,3.49775,2.230875
334.0,3.49775,2.23
334.0,3.49775,2.22975
334.0,3.4975,2.23025
334.0,3.498375,2.230375
334.0,3.499125,2.23
334.0,3.49925,2.229625
334.0,3.49875,2.2305
335.0,3.497125,2.17425
335.0,3.49825,2.17425
335.0,3.498125,2.173625
335.0,3.49775,2.173125
335.0,3.497375,2.173
335.0,3.497375,2.173125
335.0,3.498125,2.17325
335.0,3.499375,2.173125
335.0,3.499375,2.173125
335.0,3.49925,2.172875
335.0,3.498625,2.173
335.0,3.497375,2.173375
335.0,3.49725,2.173125
335.0,3.497125,2.17325
335.0,3.497,2.173375
335.0,3.49675,2.17375
335.0,3.497125,2.173875
335.0,3.498,2.174125
335.0,3.498625,2.17375
335.0,3.49825,2.17375
335.0,3.498,2.173125
335.0,3.49725,2.172875
335.0,3.497,2.17325
335.0,3.49825,2.173375
335.0,3.49825,2.173
335.0,3.499125,2.173
335.0,3.4995,2.172875
335.0,3.498375,2.173125
335.0,3.497375,2.173375
335.0,3.497625,2.17325
335.0,3.49725,2.173625
335.0,3.496625,2.173625
335.0,3.49625,2.173625
335.0,3.496875,2.174
335.0,3.498,2.174125
335.0,3.49825,2.17375
335.0,3.497625,2.17325
335.0,3.49775,2.172875
335.0,3.497375,2.173125
335.0,3.497625,2.1735
335.0,3.499125,2.1735
335.0,3.499125,2.1735
335.0,3.499,2.172875
335.0,3.499125,2.17275
335.0,3.498,2.17325
335.0,3.4975,2.173375
335.0,3.49725,2.173375
335.0,3.49675,2.1735
335.0,3.496,2.17375
335.0,3.49625,2.173875
335.0,3.497125,2.17425
335.0,3.49825,2.17425
335.0,3.49825,2.174
335.0,3.49775,2.17325
335.0,3.4975,2.17275
335.0,3.497375,2.173125
335.0,3.49825,2.17325
335.0,3.49825,2.17325
335.0,3.498875,2.172875
335.0,3.499375,2.172625
335.0,3.499125,2.173125
335.0,3.498,2.17375
335.0,3.496875,2.1735
335.0,3.49725,2.17325
335.0,3.497,2.1735
335.0,3.496375,2.1735
335.0,3.4965,2.173875
335.0,3.498,2.17425
335.0,3.49875,2.174125
335.0,3.498,2.17375
335.0,3.498,2.173125
335.0,3.497625,2.172875
335.0,3.49725,2.17325
335.0,3.49725,2.17325
335.0,3.498625,2.17325
335.0,3.499375,2.173
335.0,3.49925,2.172625
335.0,3.49875,2.173
335.0,3.497875,2.1735
335.0,3.497375,2.173125
335.0,3.496875,2.17325
335.0,3.497,2.1735
335.0,3.496625,2.173625
335.0,3.497125,2.173875
335.0,3.49825,2.174125
335.0,3.498125,2.174125
335.0,3.49775,2.173625
335.0,3.497625,2.173
335.0,3.4975,2.17325
335.0,3.4975,2.17325
335.0,3.4975,2.17325
335.0,3.4985,2.17325
335.0,3.499375,2.172875
335.0,3.499,2.172875
335.0,3.49825,2.173375
335.0,3.497375,2.173375
335.0,3.497125,2.17325
335.0,3.497,2.1735
335.0,3.496625,2.173375
335.0,3.49625,2.173625
335.0,3.497,2.174125
335.0,3.498625,2.17425
335.0,3.49875,2.174
335.0,3.49825,2.1735
335.0,3.497875,2.172875
335.0,3.497375,2.173125
335.0,3.497375,2.173125
335.0,3.497625,2.173375
335.0,3.498875,2.173125
335.0,3.49975,2.17275
335.0,3.499,2.17275
335.0,3.498,2.173125
335.0,3.49725,2.173375
335.0,3.496875,2.173375
335.0,3.4965,2.173625
335.0,3.495875,2.173625
335.0,3.4965,2.173875
335.0,3.497375,2.17425
335.0,3.498125,2.174125
335.0,3.49775,2.1735
335.0,3.497875,2.172875
335.0,3.49775,2.173
335.0,3.49775,2.173
335.0,3.497125,2.17325
335.0,3.497875,2.173375
335.0,3.499125,2.172875
335.0,3.499375,2.172625
335.0,3.499,2.172625
335.0,3.497875,2.173125
335.0,3.49725,2.173125
335.0,3.497125,2.173375
335.0,3.49675,2.173625
335.0,3.49625,2.1735
335.0,3.497125,2.173875
335.0,3.49825,2.17425
335.0,3.49825,2.174125
335.0,3.497625,2.173625
335.0,3.497375,2.173125
335.0,3.497375,2.173125
335.0,3.49725,2.173
335.0,3.4975,2.173125
335.0,3.4985,2.173125
335.0,3.499125,2.17275
335.0,3.499375,2.17275
335.0,3.49825,2.17325
335.0,3.497375,2.173125
335.0,3.49725,2.17325
335.0,3.497,2.173375
335.0,3.49675,2.1735
335.0,3.49675,2.173625
335.0,3.497375,2.174
335.0,3.498375,2.174375
335.0,3.4985,2.173875
335.0,3.498,2.173
335.0,3.498,2.1725
335.0,3.497875,2.1725
335.0,3.4975,2.172875
335.0,3.498,2.17325
335.0,3.498875,2.173
335.0,3.4995,2.172625
335.0,3.499125,2.17275
335.0,3.498,2.17325
335.0,3.49725,2.173375
335.0,3.497125,2.173125
335.0,3.497,2.173375
335.0,3.496625,2.1735
335.0,3.496625,2.173625
335.0,3.497625,2.174
335.0,3.498625,2.17425
336.0,3.49725,2.113625
336.0,3.49725,2.113625
336.0,3.496625,2.114
336.0,3.496125,2.114
336.0,3.496625,2.114375
336.0,3.4975,2.1145
336.0,3.49825,2.114375
336.0,3.49775,2.114125
336.0,3.49775,2.114125
336.0,3.4975,2.1135
336.0,3.49725,2.113625
336.0,3.49725,2.114
336.0,3.4985,2.113875
336.0,3.49925,2.1135
336.0,3.499625,2.11325
336.0,3.499,2.1135
336.0,3.497625,2.113625
336.0,3.49725,2.11375
336.0,3.496875,2.113875
336.0,3.496625,2.114
336.0,3.496625,2.114125
336.0,3.4975,2.114375
336.0,3.4985,2.114375
336.0,3.498375,2.11425
336.0,3.49775,2.113875
336.0,3.49775,2.113875
336.0,3.4975,2.11325
336.0,3.497125,2.1135
336.0,3.497375,2.11375
336.0,3.4985,2.11375
336.0,3.49925,2.113375
336.0,3.49925,2.1135
336.0,3.49825,2.113625
336.0,3.4975,2.11375
336.0,3.497375,2.11375
336.0,3.497,2.114125
336.0,3.49675,2.11425
336.0,3.496375,2.11425
336.0,3.497625,2.11475
336.0,3.498375,2.11475
336.0,3.49775,2.114375
336.0,3.49775,2.114375
336.0,3.4975,2.114
336.0,3.497375,2.113625
336.0,3.49725,2.113625
336.0,3.498,2.113875
336.0,3.499375,2.113625
336.0,3.49975,2.11325
336.0,3.499375,2.113625
336.0,3.49775,2.114125
336.0,3.49675,2.11375
336.0,3.496875,2.114
336.0,3.4965,2.114
336.0,3.49625,2.114
336.0,3.496625,2.114125
336.0,3.498125,2.114625
336.0,3.4985,2.11425
336.0,3.4985,2.11425
336.0,3.49775,2.113875
336.0,3.497875,2.1135
336.0,3.497875,2.1135
336.0,3.4975,2.11375
336.0,3.49825,2.11375
336.0,3.499125,2.1135
336.0,3.499,2.11325
336.0,3.49875,2.11325
336.0,3.498,2.11375
336.0,3.4975,2.113625
336.0,3.496875,2.113875
336.0,3.496875,2.113875
336.0,3.496375,2.114
336.0,3.497,2.1145
336.0,3.498375,2.114625
336.0,3.498375,2.114625
336.0,3.498375,2.1145
336.0,3.497875,2.11425
336.0,3.497625,2.113625
336.0,3.497625,2.1135
336.0,3.497375,2.113875
336.0,3.49875,2.113625
336.0,3.499625,2.113375
336.0,3.49925,2.113125
336.0,3.498125,2.113625
336.0,3.497625,2.113625
336.0,3.49725,2.1135
336.0,3.497125,2.113875
336.0,3.496625,2.114
336.0,3.496375,2.114125
336.0,3.497875,2.114375
336.0,3.497875,2.114375
336.0,3.498875,2.114375
336.0,3.49825,2.114125
336.0,3.498,2.11375
336.0,3.4975,2.113375
336.0,3.497125,2.113625
336.0,3.498375,2.113875
336.0,3.499125,2.11375
336.0,3.499625,2.11325
336.0,3.499375,2.11325
336.0,3.497875,2.1135
336.0,3.497125,2.1135
336.0,3.49675,2.1135
336.0,3.4965,2.113875
336.0,3.496,2.113875
336.0,3.496625,2.114125
336.0,3.4975,2.114625
336.0,3.4975,2.114625
336.0,3.498125,2.11475
336.0,3.498,2.114125
336.0,3.498125,2.1135
336.0,3.49775,2.113625
336.0,3.497,2.11375
336.0,3.498,2.11375
336.0,3.499125,2.113375
336.0,3.499375,2.113375
336.0,3.498625,2.1135
336.0,3.497625,2.113875
336.0,3.49725,2.113625
336.0,3.496875,2.11375
336.0,3.496625,2.114
336.0,3.496375,2.114
336.0,3.496875,2.114375
336.0,3.496875,2.114375
336.0,3.497625,2.114625
336.0,3.498125,2.114625
336.0,3.49775,2.114125
336.0,3.49775,2.113375
336.0,3.49725,2.1135
336.0,3.497375,2.11375
336.0,3.498625,2.11375
336.0,3.49925,2.1135
336.0,3.49925,2.113625
336.0,3.4985,2.11375
336.0,3.497875,2.11375
336.0,3.497375,2.1135
336.0,3.496875,2.113875
336.0,3.4965,2.114
336.0,3.49625,2.114
336.0,3.49625,2.114
336.0,3.497,2.1145
336.0,3.498125,2.114625
336.0,3.498125,2.114125
336.0,3.49775,2.114
336.0,3.49775,2.113625
336.0,3.497375,2.113625
336.0,3.497875,2.11375
336.0,3.499,2.113625
336.0,3.4995,2.113125
336.0,3.499125,2.113125
336.0,3.498125,2.113875
336.0,3.497125,2.113875
336.0,3.497125,2.113625
336.0,3.497125,2.113875
336.0,3.496625,2.114
336.0,3.496625,2.114
336.0,3.496625,2.114125
336.0,3.497625,2.114375
336.0,3.498625,2.114125
336.0,3.498125,2.114
336.0,3.49775,2.113625
336.0,3.497625,2.113625
336.0,3.4975,2.114
336.0,3.498,2.113875
336.0,3.498875,2.1135
336.0,3.49925,2.11325
336.0,3.49925,2.113625
336.0,3.498125,2.114
336.0,3.49725,2.113625
336.0,3.497,2.1135
337.0,3.497125,2.05325
337.0,3.49675,2.053125
337.0,3.496625,2.05325
337.0,3.496375,2.05325
337.0,3.4965,2.053625
337.0,3.4975,2.054125
337.0,3.498125,2.05425
337.0,3.497625,2.0535
337.0,3.497875,2.0535
337.0,3.497875,2.052875
337.0,3.4975,2.053
337.0,3.497375,2.05325
337.0,3.49825,2.05325
337.0,3.499,2.05275
337.0,3.4995,2.052625
337.0,3.498625,2.052875
337.0,3.49725,2.053
337.0,3.496875,2.052875
337.0,3.496625,2.053125
337.0,3.49625,2.053375
337.0,3.496,2.053625
337.0,3.496625,2.05375
337.0,3.49775,2.053875
337.0,3.497875,2.05375
337.0,3.49725,2.053375
337.0,3.49725,2.053375
337.0,3.49725,2.052875
337.0,3.49725,2.053
337.0,3.497375,2.053125
337.0,3.49825,2.053125
337.0,3.499125,2.052875
337.0,3.498875,2.052625
337.0,3.498,2.053125
337.0,3.4975,2.05375
337.0,3.4975,2.0535
337.0,3.497,2.053375
337.0,3.496375,2.053375
337.0,3.49625,2.0535
337.0,3.497375,2.05425
337.0,3.498375,2.05425
337.0,3.49825,2.05375
337.0,3.49825,2.05375
337.0,3.497875,2.05325
337.0,3.49775,2.053
337.0,3.49725,2.053125
337.0,3.49775,2.05325
337.0,3.49925,2.053
337.0,3.4995,2.0525
337.0,3.498875,2.052875
337.0,3.49775,2.0535
337.0,3.49725,2.053125
337.0,3.496875,2.053
337.0,3.496125,2.05325
337.0,3.49575,2.053375
337.0,3.496,2.053875
337.0,3.497125,2.054125
337.0,3.497875,2.054125
337.0,3.497875,2.054125
337.0,3.498,2.053875
337.0,3.49775,2.053
337.0,3.497625,2.053
337.0,3.497375,2.05325
337.0,3.49825,2.053375
337.0,3.49875,2.053
337.0,3.498625,2.052875
337.0,3.498375,2.05325
337.0,3.497125,2.053625
337.0,3.497125,2.053
337.0,3.496625,2.05325
337.0,3.496125,2.053375
337.0,3.4955,2.0535
337.0,3.4965,2.054
337.0,3.497625,2.054375
337.0,3.498,2.054375
337.0,3.498,2.054
337.0,3.497625,2.053375
337.0,3.497625,2.05275
337.0,3.497125,2.052875
337.0,3.497625,2.053125
337.0,3.498625,2.053
337.0,3.49925,2.052875
337.0,3.498875,2.05275
337.0,3.497625,2.053375
337.0,3.4965,2.053625
337.0,3.496625,2.053375
337.0,3.496375,2.0535
337.0,3.49575,2.053375
337.0,3.496375,2.053375
337.0,3.497125,2.054
337.0,3.498125,2.054
337.0,3.498125,2.05425
337.0,3.49825,2.054
337.0,3.49775,2.05325
337.0,3.497625,2.05275
337.0,3.49675,2.053
337.0,3.497125,2.05325
337.0,3.498125,2.053
337.0,3.499,2.05275
337.0,3.498875,2.052875
337.0,3.49775,2.05325
337.0,3.497,2.053375
337.0,3.496875,2.05325
337.0,3.496625,2.053375
337.0,3.496125,2.0535
337.0,3.49625,2.05375
337.0,3.497375,2.054125
337.0,3.497375,2.054125
337.0,3.498125,2.053875
337.0,3.497625,2.053625
337.0,3.49775,2.053125
337.0,3.49725,2.052875
337.0,3.496875,2.05325
337.0,3.49775,2.05325
337.0,3.49875,2.05325
337.0,3.499,2.052875
337.0,3.498375,2.053
337.0,3.49725,2.053125
337.0,3.496625,2.052875
337.0,3.497,2.053125
337.0,3.496625,2.053375
337.0,3.496,2.053375
337.0,3.496625,2.05375
337.0,3.496625,2.05375
337.0,3.4975,2.05425
337.0,3.498,2.054125
337.0,3.497625,2.05375
337.0,3.497625,2.053
337.0,3.497125,2.052875
337.0,3.496875,2.05325
337.0,3.498125,2.053125
337.0,3.499375,2.05275
337.0,3.499125,2.052625
337.0,3.497875,2.052875
337.0,3.49725,2.053125
337.0,3.497,2.05325
337.0,3.49675,2.053375
337.0,3.496625,2.0535
337.0,3.496125,2.0535
337.0,3.496125,2.0535
337.0,3.497,2.054
337.0,3.498125,2.054
337.0,3.498,2.0535
337.0,3.497625,2.052875
337.0,3.497125,2.05275
337.0,3.496875,2.053
337.0,3.49725,2.053
337.0,3.49825,2.052875
337.0,3.49925,2.052875
337.0,3.49925,2.053
337.0,3.498125,2.053375
337.0,3.496875,2.053125
337.0,3.497,2.053
337.0,3.497,2.053375
337.0,3.496,2.053375
337.0,3.495875,2.053375
337.0,3.495875,2.053375
337.0,3.497,2.054
337.0,3.498125,2.05425
337.0,3.497875,2.054
337.0,3.497375,2.053375
337.0,3.497125,2.053125
337.0,3.496875,2.05325
337.0,3.497625,2.05325
337.0,3.498625,2.053125
337.0,3.498875,2.052625
337.0,3.498125,2.052875
337.0,3.49775,2.053375
337.0,3.497125,2.053
337.0,3.4965,2.053125
338.0,3.498125,1.994625
338.0,3.498125,1.99425
338.0,3.4975,1.99375
338.0,3.497375,1.99325
338.0,3.49725,1.99325
338.0,3.4975,1.993375
338.0,3.498375,1.993375
338.0,3.4995,1.99325
338.0,3.4995,1.99325
338.0,3.49925,1.993125
338.0,3.497625,1.99325
338.0,3.49675,1.9935
338.0,3.497125,1.993625
338.0,3.496625,1.993625
338.0,3.495875,1.99375
338.0,3.496,1.99375
338.0,3.4975,1.99425
338.0,3.49825,1.994625
338.0,3.498,1.994375
338.0,3.49775,1.993375
338.0,3.49725,1.99325
338.0,3.4965,1.993625
338.0,3.49725,1.993625
338.0,3.498375,1.993375
338.0,3.498625,1.99325
338.0,3.498625,1.99325
338.0,3.498625,1.99325
338.0,3.497625,1.993625
338.0,3.49725,1.993625
338.0,3.49675,1.9935
338.0,3.495875,1.99375
338.0,3.496,1.993875
338.0,3.49675,1.99425
338.0,3.497625,1.9945
338.0,3.498375,1.994375
338.0,3.49775,1.994125
338.0,3.497875,1.993125
338.0,3.49775,1.993
338.0,3.497,1.9935
338.0,3.49775,1.9935
338.0,3.498875,1.99325
338.0,3.498875,1.99325
338.0,3.498875,1.99325
338.0,3.498375,1.9935
338.0,3.4975,1.9935
338.0,3.497125,1.993375
338.0,3.497,1.993625
338.0,3.4965,1.99375
338.0,3.49625,1.993875
338.0,3.496875,1.99425
338.0,3.498,1.99425
338.0,3.49825,1.99375
338.0,3.497875,1.993625
338.0,3.4975,1.99325
338.0,3.497125,1.99325
338.0,3.497375,1.9935
338.0,3.49875,1.9935
338.0,3.49875,1.9935
338.0,3.49925,1.99325
338.0,3.499125,1.99325
338.0,3.49825,1.994
338.0,3.497125,1.99375
338.0,3.496625,1.993625
338.0,3.496625,1.993875
338.0,3.496375,1.993875
338.0,3.495875,1.993875
338.0,3.497125,1.994375
338.0,3.4985,1.994375
338.0,3.498125,1.99425
338.0,3.49775,1.993625
338.0,3.4975,1.993125
338.0,3.497,1.993375
338.0,3.49725,1.9935
338.0,3.49725,1.9935
338.0,3.498375,1.99325
338.0,3.49925,1.993125
338.0,3.49875,1.993375
338.0,3.4975,1.9935
338.0,3.496875,1.993375
338.0,3.496875,1.99375
338.0,3.496625,1.993875
338.0,3.496125,1.994
338.0,3.496375,1.994125
338.0,3.497625,1.994375
338.0,3.49825,1.9945
338.0,3.497875,1.994375
338.0,3.4975,1.993375
338.0,3.497,1.993125
338.0,3.49675,1.993375
338.0,3.498125,1.993375
338.0,3.498125,1.993375
338.0,3.499375,1.99325
338.0,3.499125,1.993
338.0,3.498125,1.993375
338.0,3.49725,1.9935
338.0,3.497,1.993625
338.0,3.496625,1.993875
338.0,3.496375,1.993875
338.0,3.496125,1.993875
338.0,3.49675,1.994125
338.0,3.497875,1.994375
338.0,3.498375,1.994125
338.0,3.498125,1.99375
338.0,3.49775,1.993125
338.0,3.4975,1.9935
338.0,3.4975,1.99375
338.0,3.4975,1.99375
338.0,3.498375,1.9935
338.0,3.49925,1.99325
338.0,3.499125,1.993375
338.0,3.498125,1.994125
338.0,3.497,1.9935
338.0,3.496875,1.993125
338.0,3.496625,1.99375
338.0,3.496125,1.99375
338.0,3.495875,1.993875
338.0,3.49675,1.99425
338.0,3.498375,1.99425
338.0,3.498,1.994
338.0,3.497625,1.9935
338.0,3.497375,1.993125
338.0,3.497,1.993375
338.0,3.497,1.993375
338.0,3.498,1.993625
338.0,3.498875,1.993375
338.0,3.499125,1.993125
338.0,3.498625,1.993125
338.0,3.49775,1.993375
338.0,3.497,1.993875
338.0,3.4965,1.9935
338.0,3.496375,1.99375
338.0,3.49625,1.993875
338.0,3.496,1.994
338.0,3.497125,1.9945
338.0,3.498375,1.9945
338.0,3.49775,1.994125
338.0,3.497375,1.993375
338.0,3.497125,1.99325
338.0,3.497125,1.99325
338.0,3.497125,1.9935
338.0,3.497875,1.9935
338.0,3.498875,1.993375
338.0,3.499,1.993
338.0,3.498375,1.993125
338.0,3.497375,1.993625
338.0,3.497,1.993375
338.0,3.496875,1.9935
338.0,3.4965,1.99375
338.0,3.496,1.993875
338.0,3.49675,1.99425
338.0,3.497625,1.99475
338.0,3.498125,1.994625
338.0,3.49775,1.994
338.0,3.497625,1.99325
338.0,3.49725,1.99325
338.0,3.49725,1.9935
338.0,3.49725,1.99375
338.0,3.498375,1.9935
338.0,3.499,1.993125
338.0,3.499,1.993125
338.0,3.498,1.993625
338.0,3.496875,1.99375
338.0,3.497,1.9935
338.0,3.496875,1.9935
338.0,3.496375,1.99375
338.0,3.496,1.993875
338.0,3.496875,1.99425
338.0,3.497875,1.994375
338.0,3.498,1.994125
339.0,3.498625,1.933875
339.0,3.497625,1.934375
339.0,3.496875,1.9345
339.0,3.497125,1.9345
339.0,3.49675,1.934625
339.0,3.496375,1.934625
339.0,3.49625,1.93475
339.0,3.497375,1.93525
339.0,3.497375,1.93525
339.0,3.498625,1.935125
339.0,3.498125,1.934875
339.0,3.497625,1.934125
339.0,3.497875,1.933875
339.0,3.4975,1.934125
339.0,3.497875,1.93425
339.0,3.49875,1.934
339.0,3.499125,1.93375
339.0,3.498875,1.93425
339.0,3.497625,1.934375
339.0,3.496875,1.934375
339.0,3.4965,1.934375
339.0,3.49625,1.9345
339.0,3.496,1.9345
339.0,3.496125,1.934875
339.0,3.496875,1.934875
339.0,3.496875,1.935125
339.0,3.49725,1.935125
339.0,3.49725,1.934625
339.0,3.497625,1.93425
339.0,3.497,1.933875
339.0,3.49675,1.934125
339.0,3.497625,1.93425
339.0,3.498625,1.934125
339.0,3.4985,1.93375
339.0,3.49825,1.93425
339.0,3.497375,1.934625
339.0,3.496875,1.934375
339.0,3.496625,1.934375
339.0,3.496125,1.9345
339.0,3.49575,1.934625
339.0,3.496375,1.934875
339.0,3.496375,1.934875
339.0,3.4975,1.935
339.0,3.49825,1.93475
339.0,3.497625,1.934375
339.0,3.49725,1.934125
339.0,3.497,1.93425
339.0,3.49725,1.934375
339.0,3.498375,1.934375
339.0,3.49925,1.933875
339.0,3.498875,1.933875
339.0,3.49775,1.934375
339.0,3.49725,1.93425
339.0,3.497125,1.93425
339.0,3.4965,1.9345
339.0,3.495875,1.934625
339.0,3.49625,1.934625
339.0,3.49625,1.934625
339.0,3.497125,1.935
339.0,3.497875,1.935375
339.0,3.498,1.935125
339.0,3.49725,1.93425
339.0,3.497375,1.934
339.0,3.496875,1.934125
339.0,3.497375,1.93425
339.0,3.498375,1.934125
339.0,3.499375,1.934
339.0,3.499,1.9345
339.0,3.497625,1.934875
339.0,3.496875,1.9345
339.0,3.496625,1.934375
339.0,3.496,1.934625
339.0,3.495625,1.934625
339.0,3.495625,1.934625
339.0,3.496125,1.93475
339.0,3.497375,1.935125
339.0,3.498375,1.935
339.0,3.49825,1.9345
339.0,3.497875,1.93425
339.0,3.4975,1.934125
339.0,3.49725,1.934375
339.0,3.4975,1.934625
339.0,3.498875,1.934125
339.0,3.499375,1.933625
339.0,3.4985,1.934125
339.0,3.4975,1.934375
339.0,3.496875,1.93425
339.0,3.4965,1.934375
339.0,3.49625,1.934625
339.0,3.49625,1.934625
339.0,3.49575,1.9345
339.0,3.49625,1.93475
339.0,3.497125,1.93525
339.0,3.497875,1.935
339.0,3.498,1.9345
339.0,3.49775,1.934125
339.0,3.497125,1.934125
339.0,3.497375,1.93425
339.0,3.498,1.934375
339.0,3.498625,1.934
339.0,3.499125,1.934125
339.0,3.498125,1.93425
339.0,3.497375,1.93425
339.0,3.496875,1.93425
339.0,3.496375,1.9345
339.0,3.496125,1.9345
339.0,3.496125,1.9345
339.0,3.496,1.934625
339.0,3.49675,1.935125
339.0,3.498125,1.935125
339.0,3.498125,1.93475
339.0,3.497875,1.9345
339.0,3.49775,1.934
339.0,3.496625,1.934125
339.0,3.497,1.934375
339.0,3.498375,1.93425
339.0,3.498625,1.934
339.0,3.499,1.934125
339.0,3.498125,1.9345
339.0,3.49675,1.934625
339.0,3.496625,1.93425
339.0,3.4965,1.934375
339.0,3.4965,1.934375
339.0,3.496,1.934625
339.0,3.495875,1.93475
339.0,3.497125,1.935
339.0,3.49825,1.935
339.0,3.498125,1.93475
339.0,3.497625,1.934
339.0,3.497125,1.93375
339.0,3.496625,1.93425
339.0,3.497625,1.934375
339.0,3.49875,1.934125
339.0,3.499,1.93375
339.0,3.499125,1.93375
339.0,3.498,1.934125
339.0,3.497,1.934
339.0,3.4965,1.934375
339.0,3.4965,1.934375
339.0,3.496,1.9345
339.0,3.496,1.934375
339.0,3.49625,1.934625
339.0,3.49725,1.93525
339.0,3.497875,1.93525
339.0,3.498,1.93475
339.0,3.4975,1.934
339.0,3.496625,1.934
339.0,3.4965,1.934375
339.0,3.498125,1.934375
339.0,3.498875,1.934
339.0,3.4985,1.93375
339.0,3.498,1.934
339.0,3.497125,1.93425
339.0,3.49675,1.934375
339.0,3.49675,1.934375
339.0,3.49625,1.934625
339.0,3.495875,1.934625
339.0,3.496,1.934625
339.0,3.4965,1.935
339.0,3.497625,1.93525
339.0,3.49775,1.935125
339.0,3.4975,1.93475
339.0,3.49725,1.93425
339.0,3.496875,1.934375
339.0,3.4975,1.934375
339.0,3.498625,1.934375
339.0,3.499125,1.934125
339.0,3.49875,1.934
339.0,3.4975,1.93425
340.0,3.49725,1.875375
340.0,3.4985,1.87525
340.0,3.498,1.875
340.0,3.497375,1.874375
340.0,3.497125,1.874125
340.0,3.496375,1.8745
340.0,3.497625,1.874625
340.0,3.498875,1.87425
340.0,3.498875,1.87425
340.0,3.499375,1.874
340.0,3.4985,1.874375
340.0,3.497125,1.874625
340.0,3.496875,1.874375
340.0,3.497125,1.8745
340.0,3.49675,1.874875
340.0,3.496,1.874875
340.0,3.495875,1.875125
340.0,3.496875,1.875375
340.0,3.498,1.8755
340.0,3.49775,1.875125
340.0,3.4975,1.87475
340.0,3.497125,1.874625
340.0,3.4965,1.874625
340.0,3.497625,1.8745
340.0,3.499,1.8745
340.0,3.499,1.874375
340.0,3.499,1.87425
340.0,3.498375,1.87475
340.0,3.49725,1.875
340.0,3.497125,1.874625
340.0,3.49675,1.874625
340.0,3.495875,1.875
340.0,3.495625,1.875
340.0,3.496125,1.875375
340.0,3.497375,1.875375
340.0,3.49775,1.875
340.0,3.497625,1.87475
340.0,3.4975,1.8745
340.0,3.49725,1.8745
340.0,3.49725,1.874625
340.0,3.498625,1.874625
340.0,3.498625,1.874625
340.0,3.49925,1.874375
340.0,3.49825,1.874125
340.0,3.497625,1.87475
340.0,3.497,1.8745
340.0,3.49675,1.87425
340.0,3.496625,1.874625
340.0,3.495875,1.87475
340.0,3.49575,1.874875
340.0,3.49725,1.875375
340.0,3.498125,1.875375
340.0,3.497625,1.875125
340.0,3.497375,1.8745
340.0,3.4975,1.874125
340.0,3.497125,1.874375
340.0,3.497375,1.87475
340.0,3.497375,1.87475
340.0,3.498875,1.8745
340.0,3.499375,1.87425
340.0,3.4985,1.87425
340.0,3.497,1.874625
340.0,3.497,1.874625
340.0,3.496875,1.874625
340.0,3.496125,1.875
340.0,3.495875,1.874875
340.0,3.496625,1.875
340.0,3.497375,1.8755
340.0,3.4975,1.8755
340.0,3.497125,1.875125
340.0,3.497625,1.87425
340.0,3.497125,1.87425
340.0,3.496625,1.874625
340.0,3.496625,1.874625
340.0,3.498125,1.87475
340.0,3.499125,1.8745
340.0,3.49875,1.87425
340.0,3.498125,1.875
340.0,3.4975,1.87525
340.0,3.497,1.874875
340.0,3.496375,1.87475
340.0,3.496375,1.874875
340.0,3.49625,1.875
340.0,3.496875,1.875125
340.0,3.49825,1.875375
340.0,3.498125,1.875375
340.0,3.497,1.875
340.0,3.49725,1.8745
340.0,3.497,1.8745
340.0,3.497,1.8745
340.0,3.49725,1.8745
340.0,3.49825,1.87475
340.0,3.498625,1.874375
340.0,3.4985,1.873875
340.0,3.4975,1.8745
340.0,3.496875,1.87475
340.0,3.4965,1.87475
340.0,3.49675,1.875
340.0,3.496125,1.874875
340.0,3.49575,1.875
340.0,3.496875,1.875375
340.0,3.497875,1.875375
340.0,3.498,1.87525
340.0,3.497875,1.8745
340.0,3.497625,1.87425
340.0,3.497125,1.8745
340.0,3.497125,1.8745
340.0,3.4975,1.8745
340.0,3.49825,1.874375
340.0,3.49925,1.874125
340.0,3.499125,1.874375
340.0,3.49775,1.874625
340.0,3.49725,1.874625
340.0,3.497,1.87475
340.0,3.49625,1.87475
340.0,3.496125,1.87475
340.0,3.496375,1.875125
340.0,3.497125,1.875375
340.0,3.497875,1.875375
340.0,3.497625,1.875125
340.0,3.497625,1.874375
340.0,3.497,1.874375
340.0,3.497,1.874375
340.0,3.49675,1.8745
340.0,3.497625,1.874625
340.0,3.49875,1.87425
340.0,3.498875,1.87425
340.0,3.498125,1.874625
340.0,3.497375,1.874875
340.0,3.497125,1.874625
340.0,3.496875,1.874625
340.0,3.4965,1.87475
340.0,3.496,1.874875
340.0,3.49625,1.87525
340.0,3.4975,1.8755
340.0,3.497875,1.875375
340.0,3.4975,1.875
340.0,3.497625,1.8745
340.0,3.497625,1.8745
340.0,3.497375,1.87425
340.0,3.496875,1.874625
340.0,3.49775,1.874625
340.0,3.49875,1.874375
340.0,3.4985,1.87425
340.0,3.497125,1.8745
340.0,3.496625,1.874625
340.0,3.497,1.874375
340.0,3.496625,1.874625
340.0,3.49625,1.87475
340.0,3.496375,1.874875
340.0,3.497375,1.875375
340.0,3.497875,1.875625
340.0,3.497375,1.87525
340.0,3.496875,1.874625
340.0,3.496875,1.874625
340.0,3.497,1.874375
340.0,3.496875,1.8745
340.0,3.4975,1.87475
340.0,3.498625,1.8745
340.0,3.499375,1.87425
340.0,3.499375,1.874375
340.0,3.498,1.874875
340.0,3.497375,1.875125
340.0,3.497,1.87475
340.0,3.496375,1.874875
340.0,3.495875,1.874875
340.0,3.49575,1.875
340.0,3.497125,1.8755
340.0,3.498,1.875375
341.0,3.4965,1.813125
341.0,3.496,1.8135
341.0,3.495875,1.8135
341.0,3.496375,1.81375
341.0,3.4975,1.814
341.0,3.498125,1.814
341.0,3.497625,1.813875
341.0,3.4975,1.813375
341.0,3.4975,1.813375
341.0,3.497375,1.813
341.0,3.496875,1.813375
341.0,3.49775,1.813375
341.0,3.498875,1.81325
341.0,3.499125,1.813
341.0,3.49825,1.813125
341.0,3.497375,1.813375
341.0,3.497,1.813125
341.0,3.496625,1.81325
341.0,3.495875,1.813625
341.0,3.49575,1.813625
341.0,3.49675,1.814
341.0,3.497375,1.814
341.0,3.4975,1.813875
341.0,3.4975,1.813625
341.0,3.49775,1.813625
341.0,3.49775,1.81325
341.0,3.49675,1.813125
341.0,3.496625,1.81325
341.0,3.49825,1.813375
341.0,3.499375,1.813125
341.0,3.499125,1.813
341.0,3.497875,1.8135
341.0,3.49725,1.813625
341.0,3.497,1.81325
341.0,3.4965,1.813625
341.0,3.495875,1.81375
341.0,3.496375,1.81375
341.0,3.49725,1.814
341.0,3.497875,1.813875
341.0,3.497625,1.81375
341.0,3.4975,1.813375
341.0,3.4975,1.813375
341.0,3.497375,1.81325
341.0,3.496875,1.813375
341.0,3.497375,1.813375
341.0,3.498625,1.813375
341.0,3.499125,1.813
341.0,3.498625,1.81325
341.0,3.4975,1.813625
341.0,3.49675,1.8135
341.0,3.49675,1.81325
341.0,3.49675,1.8135
341.0,3.496,1.813625
341.0,3.495875,1.81375
341.0,3.497125,1.814125
341.0,3.498,1.81425
341.0,3.497625,1.81425
341.0,3.497625,1.81425
341.0,3.49775,1.8135
341.0,3.497625,1.813125
341.0,3.497,1.813375
341.0,3.4975,1.8135
341.0,3.499375,1.813125
341.0,3.4995,1.81275
341.0,3.4985,1.813125
341.0,3.496875,1.813625
341.0,3.49625,1.813625
341.0,3.496625,1.813625
341.0,3.49675,1.81375
341.0,3.496,1.813625
341.0,3.49625,1.813875
341.0,3.497375,1.81425
341.0,3.497875,1.814
341.0,3.497875,1.814
341.0,3.49775,1.8135
341.0,3.49775,1.813
341.0,3.497,1.81325
341.0,3.496875,1.813375
341.0,3.498125,1.813375
341.0,3.498875,1.813125
341.0,3.499375,1.81325
341.0,3.49825,1.813625
341.0,3.497,1.813625
341.0,3.49675,1.813
341.0,3.496875,1.8135
341.0,3.49625,1.813625
341.0,3.496125,1.8135
341.0,3.497125,1.814125
341.0,3.49825,1.8145
341.0,3.497625,1.8145
341.0,3.497625,1.814375
341.0,3.497125,1.81375
341.0,3.496875,1.813375
341.0,3.4965,1.813375
341.0,3.496875,1.813375
341.0,3.498375,1.813125
341.0,3.499375,1.813
341.0,3.499,1.813125
341.0,3.49825,1.81325
341.0,3.497125,1.813375
341.0,3.49675,1.8135
341.0,3.496625,1.8135
341.0,3.496375,1.813625
341.0,3.49625,1.813875
341.0,3.49675,1.814125
341.0,3.49775,1.814375
341.0,3.49775,1.814375
341.0,3.498,1.813625
341.0,3.49725,1.81325
341.0,3.497125,1.813
341.0,3.496875,1.81325
341.0,3.497625,1.813375
341.0,3.499125,1.813125
341.0,3.4995,1.812875
341.0,3.498625,1.812875
341.0,3.4975,1.8135
341.0,3.49725,1.813625
341.0,3.497,1.813625
341.0,3.49675,1.8135
341.0,3.4965,1.813625
341.0,3.496625,1.81375
341.0,3.497375,1.814125
341.0,3.497375,1.814125
341.0,3.497625,1.814125
341.0,3.497125,1.81375
341.0,3.497,1.81325
341.0,3.49725,1.813
341.0,3.49675,1.81325
341.0,3.498,1.81325
341.0,3.4995,1.813
341.0,3.499375,1.81275
341.0,3.49825,1.813125
341.0,3.49675,1.813625
341.0,3.496875,1.8135
341.0,3.4965,1.813625
341.0,3.496375,1.81375
341.0,3.496125,1.81375
341.0,3.496625,1.814
341.0,3.496625,1.814
341.0,3.497875,1.814375
341.0,3.498125,1.81425
341.0,3.497625,1.81325
341.0,3.49725,1.812875
341.0,3.497,1.813
341.0,3.49725,1.813375
341.0,3.498375,1.813375
341.0,3.4995,1.813
341.0,3.499,1.812875
341.0,3.498,1.8135
341.0,3.497375,1.813875
341.0,3.497,1.81375
341.0,3.49675,1.81375
341.0,3.496375,1.813625
341.0,3.496375,1.8135
341.0,3.496375,1.8135
341.0,3.497375,1.814
341.0,3.49825,1.814125
341.0,3.498125,1.81375
341.0,3.498125,1.8135
341.0,3.49775,1.81325
341.0,3.4975,1.813375
341.0,3.49775,1.8135
341.0,3.4985,1.81325
341.0,3.499125,1.813
341.0,3.49925,1.813125
341.0,3.498,1.813375
341.0,3.49725,1.813375
341.0,3.497,1.8135
341.0,3.49625,1.81375
342.0,3.4975,1.75325
342.0,3.4975,1.75275
342.0,3.49725,1.752375
342.0,3.49725,1.752125
342.0,3.496625,1.752375
342.0,3.497125,1.752625
342.0,3.49875,1.7525
342.0,3.49925,1.75225
342.0,3.49925,1.75225
342.0,3.498625,1.75225
342.0,3.497375,1.75275
342.0,3.496875,1.7525
342.0,3.496625,1.7525
342.0,3.496375,1.752875
342.0,3.496,1.752625
342.0,3.496375,1.753
342.0,3.4975,1.75325
342.0,3.498125,1.75325
342.0,3.49775,1.75275
342.0,3.4975,1.752375
342.0,3.496875,1.75225
342.0,3.496875,1.7525
342.0,3.497625,1.7525
342.0,3.498625,1.752125
342.0,3.498625,1.752
342.0,3.498875,1.752
342.0,3.4985,1.752375
342.0,3.497375,1.7525
342.0,3.497,1.7525
342.0,3.497,1.7525
342.0,3.4965,1.752625
342.0,3.496,1.75275
342.0,3.496375,1.753125
342.0,3.497375,1.7535
342.0,3.497625,1.7535
342.0,3.4975,1.752875
342.0,3.49725,1.752375
342.0,3.4965,1.752375
342.0,3.496625,1.7525
342.0,3.498125,1.752625
342.0,3.499,1.75225
342.0,3.499,1.75225
342.0,3.498875,1.752125
342.0,3.497625,1.752375
342.0,3.4965,1.752625
342.0,3.497,1.752625
342.0,3.497,1.75275
342.0,3.49625,1.753
342.0,3.496,1.753
342.0,3.496625,1.75325
342.0,3.4975,1.7535
342.0,3.49775,1.7535
342.0,3.49775,1.752625
342.0,3.497125,1.75225
342.0,3.49675,1.7525
342.0,3.4975,1.7525
342.0,3.498875,1.752375
342.0,3.498875,1.752375
342.0,3.49925,1.752125
342.0,3.498875,1.75225
342.0,3.498,1.75275
342.0,3.496875,1.75275
342.0,3.49675,1.752625
342.0,3.496375,1.752875
342.0,3.495875,1.752875
342.0,3.49625,1.752875
342.0,3.497375,1.75325
342.0,3.498,1.75325
342.0,3.4975,1.753125
342.0,3.497375,1.752625
342.0,3.497125,1.752625
342.0,3.496625,1.7525
342.0,3.497375,1.7525
342.0,3.497375,1.7525
342.0,3.4985,1.752375
342.0,3.49875,1.752125
342.0,3.4985,1.75225
342.0,3.49725,1.75275
342.0,3.4965,1.752875
342.0,3.49675,1.75275
342.0,3.4965,1.752625
342.0,3.4955,1.75275
342.0,3.49575,1.753
342.0,3.497125,1.75325
342.0,3.498125,1.753375
342.0,3.497375,1.75325
342.0,3.49725,1.75275
342.0,3.497125,1.752375
342.0,3.497,1.7525
342.0,3.497,1.7525
342.0,3.497625,1.752625
342.0,3.498625,1.752375
342.0,3.49925,1.75225
342.0,3.49825,1.75275
342.0,3.496375,1.75275
342.0,3.496625,1.752625
342.0,3.496875,1.752875
342.0,3.496,1.752875
342.0,3.495625,1.752875
342.0,3.496625,1.753
342.0,3.497875,1.753375
342.0,3.49775,1.75325
342.0,3.49725,1.75275
342.0,3.4975,1.752375
342.0,3.497125,1.7525
342.0,3.4975,1.7525
342.0,3.4975,1.7525
342.0,3.4985,1.752625
342.0,3.49925,1.752125
342.0,3.498875,1.75225
342.0,3.498,1.752625
342.0,3.4965,1.7525
342.0,3.496625,1.752125
342.0,3.496125,1.752625
342.0,3.496,1.75275
342.0,3.49625,1.752875
342.0,3.496625,1.753125
342.0,3.497375,1.753625
342.0,3.497875,1.753
342.0,3.497875,1.7525
342.0,3.497375,1.752375
342.0,3.497,1.7525
342.0,3.497,1.7525
342.0,3.498,1.7525
342.0,3.498875,1.75225
342.0,3.499,1.752
342.0,3.49825,1.75225
342.0,3.497375,1.75275
342.0,3.497125,1.752375
342.0,3.496875,1.752375
342.0,3.496125,1.75275
342.0,3.49575,1.75275
342.0,3.4965,1.753
342.0,3.497375,1.753375
342.0,3.497875,1.753
342.0,3.4975,1.752875
342.0,3.497375,1.7525
342.0,3.496875,1.752125
342.0,3.496875,1.752125
342.0,3.496875,1.752375
342.0,3.497875,1.7525
342.0,3.499,1.752125
342.0,3.498875,1.75225
342.0,3.498,1.752375
342.0,3.49725,1.7525
342.0,3.496875,1.75225
342.0,3.496375,1.75275
342.0,3.496125,1.75275
342.0,3.49625,1.75275
342.0,3.49675,1.753125
342.0,3.49775,1.753375
342.0,3.49825,1.753
342.0,3.497875,1.753
342.0,3.49725,1.75225
342.0,3.49725,1.75225
342.0,3.4965,1.7525
342.0,3.4965,1.75275
342.0,3.498,1.7525
342.0,3.499,1.752125
342.0,3.498375,1.752125
342.0,3.49775,1.752625
342.0,3.497,1.753
342.0,3.49675,1.752625
342.0,3.49625,1.75275
342.0,3.495875,1.75275
342.0,3.496125,1.75275
342.0,3.497375,1.753125
342.0,3.498,1.753375
342.0,3.49775,1.75325
343.0,3.498875,1.69225
343.0,3.49825,1.692625
343.0,3.497375,1.693
343.0,3.497375,1.692875
343.0,3.49675,1.69275
343.0,3.496375,1.692875
343.0,3.49575,1.692875
343.0,3.496125,1.692875
343.0,3.496125,1.692875
343.0,3.497625,1.69325
343.0,3.498125,1.69325
343.0,3.497375,1.693125
343.0,3.497375,1.6925
343.0,3.497125,1.6925
343.0,3.496875,1.69275
343.0,3.498,1.69275
343.0,3.499,1.692375
343.0,3.499125,1.692375
343.0,3.498375,1.693
343.0,3.497125,1.693125
343.0,3.496875,1.69275
343.0,3.496875,1.69275
343.0,3.496375,1.69275
343.0,3.495625,1.69275
343.0,3.496375,1.693125
343.0,3.496375,1.693125
343.0,3.497875,1.6935
343.0,3.497875,1.693375
343.0,3.496875,1.69275
343.0,3.49725,1.6925
343.0,3.49725,1.6925
343.0,3.49725,1.692625
343.0,3.498,1.692375
343.0,3.499,1.692125
343.0,3.49875,1.692125
343.0,3.497875,1.692375
343.0,3.496875,1.692625
343.0,3.496875,1.69275
343.0,3.496625,1.69275
343.0,3.495875,1.692625
343.0,3.495875,1.69275
343.0,3.495875,1.69275
343.0,3.4975,1.69325
343.0,3.498125,1.693375
343.0,3.497625,1.693
343.0,3.49725,1.6925
343.0,3.497125,1.69225
343.0,3.496875,1.692625
343.0,3.498,1.692625
343.0,3.49875,1.692375
343.0,3.49925,1.69225
343.0,3.498875,1.69225
343.0,3.49775,1.692625
343.0,3.497125,1.69275
343.0,3.496875,1.692875
343.0,3.49675,1.692875
343.0,3.496,1.693
343.0,3.496,1.693
343.0,3.496,1.692875
343.0,3.49725,1.69325
343.0,3.498125,1.69325
343.0,3.49825,1.693
343.0,3.498,1.692625
343.0,3.497125,1.692375
343.0,3.497,1.692625
343.0,3.498375,1.692625
343.0,3.499125,1.69225
343.0,3.499125,1.692125
343.0,3.498625,1.69225
343.0,3.497375,1.6925
343.0,3.496875,1.6925
343.0,3.497125,1.69275
343.0,3.4965,1.692875
343.0,3.4965,1.692875
343.0,3.496375,1.693
343.0,3.496875,1.693375
343.0,3.4975,1.693625
343.0,3.49825,1.693125
343.0,3.498125,1.692625
343.0,3.4975,1.69225
343.0,3.496875,1.6925
343.0,3.497125,1.692625
343.0,3.4985,1.6925
343.0,3.499,1.6925
343.0,3.4985,1.692375
343.0,3.498,1.692625
343.0,3.497125,1.692875
343.0,3.496375,1.69275
343.0,3.49625,1.692875
343.0,3.496375,1.692875
343.0,3.496375,1.69275
343.0,3.49625,1.692875
343.0,3.497375,1.6935
343.0,3.498375,1.6935
343.0,3.4975,1.693125
343.0,3.497125,1.692875
343.0,3.497125,1.692625
343.0,3.496875,1.6925
343.0,3.497875,1.6925
343.0,3.499,1.692375
343.0,3.499375,1.692125
343.0,3.498875,1.69225
343.0,3.4975,1.6925
343.0,3.496625,1.6925
343.0,3.49625,1.69275
343.0,3.49625,1.692875
343.0,3.49625,1.692875
343.0,3.49575,1.692875
343.0,3.496375,1.692875
343.0,3.4975,1.693375
343.0,3.49825,1.693375
343.0,3.497625,1.693
343.0,3.497,1.6925
343.0,3.497125,1.69225
343.0,3.497,1.6925
343.0,3.497875,1.6925
343.0,3.499375,1.692375
343.0,3.499375,1.692375
343.0,3.4985,1.6925
343.0,3.497375,1.692625
343.0,3.497,1.692375
343.0,3.496625,1.692625
343.0,3.496625,1.692625
343.0,3.495875,1.692875
343.0,3.49575,1.693
343.0,3.4965,1.69325
343.0,3.498125,1.69325
343.0,3.498125,1.693
343.0,3.49775,1.6925
343.0,3.497625,1.69225
343.0,3.497125,1.692375
343.0,3.49675,1.6925
343.0,3.498125,1.692625
343.0,3.499375,1.692375
343.0,3.498875,1.692375
343.0,3.497875,1.692625
343.0,3.497125,1.692875
343.0,3.496875,1.692625
343.0,3.496875,1.692625
343.0,3.496625,1.692875
343.0,3.49625,1.692875
343.0,3.496125,1.69275
343.0,3.497125,1.693125
343.0,3.497875,1.69325
343.0,3.498,1.693125
343.0,3.49725,1.6925
343.0,3.497,1.69225
343.0,3.497,1.6925
343.0,3.4975,1.692625
343.0,3.49825,1.6925
343.0,3.499,1.692125
343.0,3.499,1.692125
343.0,3.498125,1.692625
343.0,3.497375,1.692625
343.0,3.497375,1.6925
343.0,3.496875,1.6925
343.0,3.496625,1.69275
343.0,3.49625,1.692875
343.0,3.4965,1.69325
343.0,3.49775,1.6935
343.0,3.498,1.693625
343.0,3.497625,1.693125
343.0,3.4975,1.692375
343.0,3.497125,1.692125
343.0,3.497125,1.692375
343.0,3.498125,1.69275
343.0,3.498875,1.6925
343.0,3.499125,1.69225
343.0,3.4985,1.6925
344.0,3.496875,1.631875
344.0,3.49675,1.63175
344.0,3.4965,1.631875
344.0,3.495875,1.632
344.0,3.495625,1.631875
344.0,3.496875,1.632125
344.0,3.498,1.63225
344.0,3.4975,1.632125
344.0,3.4975,1.632125
344.0,3.497125,1.63175
344.0,3.49675,1.63125
344.0,3.4965,1.6315
344.0,3.496625,1.631625
344.0,3.49825,1.63175
344.0,3.498875,1.631125
344.0,3.49875,1.631125
344.0,3.497625,1.6315
344.0,3.49675,1.6315
344.0,3.49675,1.631625
344.0,3.4965,1.632
344.0,3.495875,1.632
344.0,3.495875,1.632
344.0,3.496875,1.632375
344.0,3.49775,1.632625
344.0,3.497625,1.632375
344.0,3.497625,1.632375
344.0,3.497375,1.63175
344.0,3.496375,1.6315
344.0,3.496125,1.631625
344.0,3.4975,1.631875
344.0,3.498375,1.631625
344.0,3.498375,1.63125
344.0,3.498375,1.631
344.0,3.497375,1.631625
344.0,3.49675,1.63175
344.0,3.496625,1.631875
344.0,3.496125,1.631875
344.0,3.4955,1.631875
344.0,3.496125,1.632125
344.0,3.4975,1.632375
344.0,3.497875,1.63225
344.0,3.497875,1.63225
344.0,3.49775,1.632125
344.0,3.4975,1.631625
344.0,3.49675,1.6315
344.0,3.496625,1.63175
344.0,3.497875,1.63175
344.0,3.498625,1.631375
344.0,3.498625,1.63125
344.0,3.49775,1.6315
344.0,3.496875,1.63175
344.0,3.49675,1.63175
344.0,3.496375,1.631875
344.0,3.495625,1.631875
344.0,3.495375,1.632
344.0,3.49625,1.63225
344.0,3.49775,1.63275
344.0,3.49775,1.63275
344.0,3.497625,1.632875
344.0,3.49725,1.632125
344.0,3.496875,1.631375
344.0,3.496375,1.6315
344.0,3.49675,1.631625
344.0,3.498,1.6315
344.0,3.498375,1.63125
344.0,3.49825,1.63125
344.0,3.4975,1.6315
344.0,3.496875,1.631875
344.0,3.497,1.631625
344.0,3.4965,1.63175
344.0,3.496125,1.632125
344.0,3.496,1.632
344.0,3.49675,1.632125
344.0,3.49675,1.632125
344.0,3.498,1.632125
344.0,3.4975,1.632125
344.0,3.49725,1.63175
344.0,3.497,1.631625
344.0,3.49675,1.63175
344.0,3.497125,1.631875
344.0,3.498375,1.63175
344.0,3.498875,1.6315
344.0,3.49825,1.63175
344.0,3.49725,1.632
344.0,3.496875,1.632
344.0,3.496625,1.631875
344.0,3.496,1.631875
344.0,3.49575,1.63175
344.0,3.496,1.631875
344.0,3.497,1.631875
344.0,3.497,1.63225
344.0,3.497875,1.632125
344.0,3.497625,1.631875
344.0,3.49725,1.631625
344.0,3.496875,1.6315
344.0,3.4965,1.631625
344.0,3.497375,1.6315
344.0,3.4985,1.631625
344.0,3.4985,1.63125
344.0,3.498125,1.631375
344.0,3.497,1.63175
344.0,3.49675,1.631875
344.0,3.4965,1.63175
344.0,3.495875,1.632
344.0,3.495375,1.632
344.0,3.49625,1.632125
344.0,3.49625,1.632125
344.0,3.497375,1.632375
344.0,3.49775,1.6325
344.0,3.497375,1.632125
344.0,3.497125,1.631625
344.0,3.49675,1.6315
344.0,3.496875,1.63175
344.0,3.497875,1.63175
344.0,3.49875,1.631375
344.0,3.4985,1.63125
344.0,3.49775,1.6315
344.0,3.496875,1.63175
344.0,3.49675,1.631875
344.0,3.49675,1.632
344.0,3.496375,1.632
344.0,3.49625,1.632
344.0,3.49625,1.632
344.0,3.49675,1.63225
344.0,3.49775,1.6325
344.0,3.497375,1.63225
344.0,3.496625,1.631875
344.0,3.497,1.6315
344.0,3.497,1.631625
344.0,3.497375,1.631875
344.0,3.49825,1.63175
344.0,3.49875,1.6315
344.0,3.498625,1.63175
344.0,3.49725,1.632125
344.0,3.496875,1.6315
344.0,3.496875,1.6315
344.0,3.496125,1.631875
344.0,3.49525,1.632125
344.0,3.49525,1.632125
344.0,3.49575,1.632
344.0,3.496875,1.632375
344.0,3.49775,1.632375
344.0,3.497875,1.631875
344.0,3.4975,1.6315
344.0,3.497375,1.631375
344.0,3.49675,1.631625
344.0,3.4975,1.63175
344.0,3.498625,1.6315
344.0,3.498625,1.63125
344.0,3.498125,1.631375
344.0,3.497,1.63175
344.0,3.49675,1.632125
344.0,3.496125,1.632
344.0,3.496125,1.631875
344.0,3.496125,1.631875
344.0,3.496125,1.631875
344.0,3.4965,1.632125
344.0,3.4975,1.632125
344.0,3.49775,1.632375
344.0,3.497375,1.632375
344.0,3.49725,1.63175
344.0,3.497,1.631375
344.0,3.497,1.631625
344.0,3.497875,1.63175
344.0,3.49875,1.631375
344.0,3.498625,1.63125
344.0,3.497375,1.6315
344.0,3.496125,1.63175
344.0,3.496625,1.631375
345.0,3.497,1.5725
345.0,3.498125,1.5725
345.0,3.4985,1.57225
345.0,3.4985,1.572375
345.0,3.49725,1.57275
345.0,3.496375,1.57275
345.0,3.49675,1.572875
345.0,3.49625,1.57275
345.0,3.49625,1.57275
345.0,3.495625,1.572875
345.0,3.495875,1.573
345.0,3.49725,1.573375
345.0,3.49825,1.573125
345.0,3.498125,1.572875
345.0,3.497625,1.572625
345.0,3.49725,1.572375
345.0,3.497,1.5725
345.0,3.49775,1.572625
345.0,3.499,1.572375
345.0,3.499125,1.572125
345.0,3.498375,1.5725
345.0,3.497375,1.57275
345.0,3.496875,1.57275
345.0,3.496,1.572875
345.0,3.495625,1.57275
345.0,3.495625,1.57275
345.0,3.495625,1.57275
345.0,3.496625,1.573
345.0,3.497875,1.573125
345.0,3.49775,1.57325
345.0,3.497125,1.57325
345.0,3.497125,1.57275
345.0,3.49675,1.572375
345.0,3.496625,1.572625
345.0,3.49775,1.5725
345.0,3.498875,1.57225
345.0,3.498875,1.57225
345.0,3.497375,1.57275
345.0,3.496,1.572875
345.0,3.496625,1.57275
345.0,3.4965,1.572625
345.0,3.4965,1.572625
345.0,3.49575,1.57275
345.0,3.49575,1.572875
345.0,3.496625,1.57325
345.0,3.497875,1.573375
345.0,3.497625,1.573375
345.0,3.49725,1.57275
345.0,3.4975,1.572125
345.0,3.496875,1.572
345.0,3.497375,1.572625
345.0,3.4985,1.572375
345.0,3.49875,1.572125
345.0,3.4985,1.572375
345.0,3.497875,1.5725
345.0,3.496875,1.57275
345.0,3.496375,1.57275
345.0,3.496375,1.57275
345.0,3.4965,1.572875
345.0,3.496125,1.572625
345.0,3.496,1.572875
345.0,3.497,1.57325
345.0,3.4975,1.573125
345.0,3.49775,1.573
345.0,3.497625,1.5725
345.0,3.497,1.572375
345.0,3.49675,1.572375
345.0,3.497625,1.5725
345.0,3.4985,1.5725
345.0,3.499,1.57225
345.0,3.49825,1.5725
345.0,3.49675,1.572625
345.0,3.496375,1.572625
345.0,3.496375,1.572625
345.0,3.49625,1.57275
345.0,3.495875,1.57275
345.0,3.496,1.57275
345.0,3.496375,1.572875
345.0,3.497375,1.57325
345.0,3.498,1.57325
345.0,3.4975,1.573125
345.0,3.497125,1.5725
345.0,3.49675,1.5725
345.0,3.496625,1.5725
345.0,3.4975,1.5725
345.0,3.498375,1.57225
345.0,3.498875,1.57225
345.0,3.498375,1.572375
345.0,3.497,1.57275
345.0,3.497,1.5725
345.0,3.4965,1.5725
345.0,3.4965,1.572375
345.0,3.49625,1.5725
345.0,3.49575,1.57275
345.0,3.49675,1.572875
345.0,3.497875,1.573375
345.0,3.497625,1.573125
345.0,3.497375,1.572375
345.0,3.4975,1.571875
345.0,3.497,1.57225
345.0,3.497,1.5725
345.0,3.498,1.5725
345.0,3.499,1.572125
345.0,3.498875,1.57225
345.0,3.497875,1.572875
345.0,3.497,1.572875
345.0,3.497,1.572875
345.0,3.496875,1.572625
345.0,3.496,1.57275
345.0,3.495875,1.572625
345.0,3.496,1.57275
345.0,3.496875,1.573125
345.0,3.498,1.573125
345.0,3.498,1.572875
345.0,3.497875,1.57225
345.0,3.497625,1.57225
345.0,3.49725,1.572375
345.0,3.49775,1.5725
345.0,3.498875,1.572375
345.0,3.49875,1.57225
345.0,3.497875,1.572375
345.0,3.496875,1.572625
345.0,3.496875,1.572625
345.0,3.4965,1.572375
345.0,3.4965,1.57225
345.0,3.496125,1.57275
345.0,3.495875,1.57275
345.0,3.496125,1.573
345.0,3.497125,1.57325
345.0,3.498,1.57325
345.0,3.497625,1.573
345.0,3.49725,1.57275
345.0,3.4965,1.5725
345.0,3.496375,1.572625
345.0,3.49725,1.5725
345.0,3.499,1.57225
345.0,3.4985,1.572
345.0,3.497875,1.572375
345.0,3.497875,1.572375
345.0,3.497375,1.5725
345.0,3.497125,1.572375
345.0,3.496625,1.5725
345.0,3.496125,1.572625
345.0,3.495625,1.572625
345.0,3.496125,1.573
345.0,3.4975,1.57325
345.0,3.497875,1.573375
345.0,3.49725,1.57275
345.0,3.497,1.572
345.0,3.49675,1.572
345.0,3.497125,1.572375
345.0,3.49825,1.5725
345.0,3.499,1.57225
345.0,3.499125,1.572
345.0,3.499125,1.57225
345.0,3.498125,1.57225
345.0,3.49675,1.572625
345.0,3.496625,1.5725
345.0,3.49625,1.57275
345.0,3.496,1.572625
345.0,3.49625,1.572625
345.0,3.497375,1.573125
345.0,3.498,1.5735
345.0,3.49725,1.573375
345.0,3.497125,1.572875
345.0,3.497375,1.572375
345.0,3.497,1.5725
345.0,3.4975,1.5725
345.0,3.498375,1.57225
346.0,3.497125,1.5115
346.0,3.498125,1.51125
346.0,3.498875,1.511
346.0,3.49875,1.511125
346.0,3.497625,1.5115
346.0,3.496625,1.511625
346.0,3.49675,1.5115
346.0,3.49625,1.51175
346.0,3.49625,1.51175
346.0,3.49575,1.511625
346.0,3.496,1.51175
346.0,3.497625,1.512125
346.0,3.4985,1.512125
346.0,3.498,1.51175
346.0,3.497875,1.51125
346.0,3.497375,1.511375
346.0,3.4965,1.511375
346.0,3.49725,1.5115
346.0,3.498875,1.511375
346.0,3.49925,1.51125
346.0,3.498875,1.511375
346.0,3.498,1.511625
346.0,3.496875,1.511875
346.0,3.496375,1.51175
346.0,3.496125,1.51175
346.0,3.496125,1.511625
346.0,3.4955,1.5115
346.0,3.49575,1.51175
346.0,3.496875,1.512
346.0,3.497875,1.511875
346.0,3.49725,1.511625
346.0,3.49725,1.511375
346.0,3.497,1.511125
346.0,3.496875,1.511375
346.0,3.497875,1.511375
346.0,3.499125,1.51125
346.0,3.49925,1.511125
346.0,3.498625,1.511375
346.0,3.49725,1.511375
346.0,3.4965,1.511375
346.0,3.497,1.511625
346.0,3.497,1.511625
346.0,3.4965,1.511625
346.0,3.49625,1.51175
346.0,3.496625,1.512125
346.0,3.4975,1.51225
346.0,3.49775,1.512125
346.0,3.497,1.512
346.0,3.497375,1.511625
346.0,3.496875,1.5115
346.0,3.496625,1.5115
346.0,3.498,1.5115
346.0,3.499125,1.51125
346.0,3.499125,1.511375
346.0,3.497625,1.51175
346.0,3.496625,1.512
346.0,3.4965,1.51175
346.0,3.4965,1.51175
346.0,3.496125,1.51175
346.0,3.496125,1.5115
346.0,3.496,1.51175
346.0,3.49725,1.512125
346.0,3.498125,1.512125
346.0,3.4975,1.51175
346.0,3.497375,1.5115
346.0,3.497375,1.51125
346.0,3.497,1.51125
346.0,3.49725,1.511375
346.0,3.4985,1.511375
346.0,3.499125,1.511125
346.0,3.4985,1.511375
346.0,3.4975,1.511875
346.0,3.49725,1.5115
346.0,3.49725,1.5115
346.0,3.496875,1.51125
346.0,3.4965,1.511625
346.0,3.495875,1.51175
346.0,3.495875,1.512
346.0,3.497,1.51225
346.0,3.497625,1.51225
346.0,3.497625,1.511875
346.0,3.4975,1.5115
346.0,3.496875,1.511375
346.0,3.496625,1.5115
346.0,3.497875,1.5115
346.0,3.498625,1.51125
346.0,3.4985,1.51125
346.0,3.498,1.511625
346.0,3.496875,1.511875
346.0,3.49675,1.511875
346.0,3.49675,1.51175
346.0,3.49675,1.511625
346.0,3.496,1.51175
346.0,3.49575,1.51175
346.0,3.4965,1.511875
346.0,3.4975,1.512125
346.0,3.498125,1.512
346.0,3.497625,1.511875
346.0,3.49775,1.5115
346.0,3.497125,1.511375
346.0,3.49725,1.5115
346.0,3.49825,1.511625
346.0,3.49875,1.51125
346.0,3.49875,1.51125
346.0,3.49775,1.511625
346.0,3.497,1.511375
346.0,3.497,1.511375
346.0,3.49675,1.511125
346.0,3.496375,1.511375
346.0,3.49575,1.51175
346.0,3.49575,1.51175
346.0,3.49675,1.512125
346.0,3.497875,1.512375
346.0,3.497625,1.512
346.0,3.497125,1.511625
346.0,3.49725,1.511375
346.0,3.496625,1.511625
346.0,3.497125,1.5115
346.0,3.498375,1.511375
346.0,3.499,1.51125
346.0,3.498875,1.511125
346.0,3.497625,1.51125
346.0,3.497625,1.51125
346.0,3.49625,1.511375
346.0,3.4965,1.5115
346.0,3.4965,1.51175
346.0,3.495875,1.511875
346.0,3.495625,1.511875
346.0,3.49675,1.512
346.0,3.49775,1.51225
346.0,3.49725,1.512125
346.0,3.497125,1.511375
346.0,3.49725,1.511375
346.0,3.496875,1.5115
346.0,3.49725,1.5115
346.0,3.49825,1.511375
346.0,3.498875,1.511125
346.0,3.498375,1.511875
346.0,3.498375,1.511875
346.0,3.496875,1.512125
346.0,3.49675,1.511625
346.0,3.49675,1.5115
346.0,3.496375,1.51175
346.0,3.4955,1.511875
346.0,3.496125,1.511875
346.0,3.497875,1.512125
346.0,3.498125,1.511875
346.0,3.497375,1.5115
346.0,3.496875,1.51125
346.0,3.4965,1.51125
346.0,3.497,1.5115
346.0,3.498125,1.5115
346.0,3.498875,1.5115
346.0,3.498375,1.51125
346.0,3.498375,1.51125
346.0,3.497625,1.5115
346.0,3.497,1.5115
346.0,3.496625,1.51125
346.0,3.496625,1.51175
346.0,3.496125,1.511625
346.0,3.495625,1.511875
346.0,3.49625,1.512125
346.0,3.4975,1.512125
346.0,3.497625,1.511875
346.0,3.49725,1.511625
346.0,3.497,1.511
346.0,3.49625,1.511375
346.0,3.496625,1.5115
346.0,3.49825,1.511375
347.0,3.498875,1.45225
347.0,3.4985,1.452125
347.0,3.49775,1.452125
347.0,3.497125,1.4525
347.0,3.497,1.452625
347.0,3.49675,1.4525
347.0,3.49575,1.45275
347.0,3.4955,1.452875
347.0,3.4955,1.452875
347.0,3.49625,1.452875
347.0,3.497375,1.453125
347.0,3.49725,1.453125
347.0,3.497,1.4525
347.0,3.497125,1.452125
347.0,3.496625,1.45225
347.0,3.497125,1.452625
347.0,3.49825,1.452375
347.0,3.498875,1.452125
347.0,3.499,1.45225
347.0,3.498125,1.45275
347.0,3.497,1.452625
347.0,3.49675,1.452375
347.0,3.496375,1.4525
347.0,3.495375,1.452875
347.0,3.495375,1.452875
347.0,3.4955,1.452875
347.0,3.497,1.453125
347.0,3.49775,1.4535
347.0,3.49725,1.452875
347.0,3.497125,1.4525
347.0,3.497125,1.45225
347.0,3.49675,1.452375
347.0,3.497,1.4525
347.0,3.498125,1.4525
347.0,3.498625,1.45225
347.0,3.498,1.45225
347.0,3.49725,1.4525
347.0,3.49675,1.452625
347.0,3.496625,1.452875
347.0,3.49625,1.452875
347.0,3.495375,1.45275
347.0,3.495375,1.45275
347.0,3.49575,1.45275
347.0,3.497625,1.453
347.0,3.498,1.45325
347.0,3.497375,1.453125
347.0,3.497,1.452375
347.0,3.4965,1.45225
347.0,3.496375,1.4525
347.0,3.49725,1.452625
347.0,3.49825,1.452375
347.0,3.498,1.452125
347.0,3.498125,1.452125
347.0,3.4975,1.4525
347.0,3.4965,1.452625
347.0,3.496125,1.45275
347.0,3.49575,1.45275
347.0,3.49575,1.45275
347.0,3.495375,1.45275
347.0,3.495625,1.453
347.0,3.49725,1.453125
347.0,3.49775,1.452875
347.0,3.497,1.4525
347.0,3.497,1.45225
347.0,3.497,1.452375
347.0,3.496625,1.4525
347.0,3.497625,1.45275
347.0,3.49875,1.452375
347.0,3.49875,1.45225
347.0,3.497625,1.45275
347.0,3.496625,1.45275
347.0,3.496375,1.452375
347.0,3.496125,1.45275
347.0,3.496125,1.45275
347.0,3.495875,1.452875
347.0,3.4955,1.45275
347.0,3.496625,1.453
347.0,3.49775,1.453125
347.0,3.497625,1.453
347.0,3.497125,1.4525
347.0,3.497125,1.45225
347.0,3.49675,1.4525
347.0,3.497,1.452625
347.0,3.498125,1.4525
347.0,3.498625,1.45225
347.0,3.49875,1.452125
347.0,3.498,1.4525
347.0,3.496625,1.4525
347.0,3.49625,1.4525
347.0,3.49625,1.452625
347.0,3.49625,1.452625
347.0,3.495625,1.45275
347.0,3.495875,1.452875
347.0,3.49725,1.45325
347.0,3.497875,1.453375
347.0,3.497375,1.453
347.0,3.497125,1.45225
347.0,3.497,1.45225
347.0,3.496625,1.452625
347.0,3.4975,1.452625
347.0,3.498625,1.4525
347.0,3.498875,1.452375
347.0,3.498,1.45275
347.0,3.49675,1.45275
347.0,3.4965,1.4525
347.0,3.49625,1.452625
347.0,3.49625,1.452625
347.0,3.495875,1.45275
347.0,3.4955,1.452625
347.0,3.49625,1.453
347.0,3.49725,1.45325
347.0,3.497125,1.453125
347.0,3.49675,1.45275
347.0,3.497125,1.4525
347.0,3.49675,1.452375
347.0,3.49675,1.4525
347.0,3.4975,1.4525
347.0,3.498625,1.452125
347.0,3.498875,1.452
347.0,3.497625,1.45225
347.0,3.4965,1.45275
347.0,3.496625,1.452625
347.0,3.496625,1.452625
347.0,3.49625,1.452625
347.0,3.496,1.452625
347.0,3.495875,1.45275
347.0,3.496375,1.452875
347.0,3.497,1.453
347.0,3.49775,1.453
347.0,3.497875,1.452875
347.0,3.497375,1.452375
347.0,3.497,1.452375
347.0,3.496625,1.452625
347.0,3.497875,1.452625
347.0,3.49875,1.452375
347.0,3.498625,1.4525
347.0,3.497125,1.452375
347.0,3.496125,1.452625
347.0,3.496125,1.452875
347.0,3.4965,1.452875
347.0,3.49625,1.452875
347.0,3.495625,1.45275
347.0,3.49575,1.452875
347.0,3.4965,1.453125
347.0,3.497625,1.453125
347.0,3.497625,1.453
347.0,3.497,1.4525
347.0,3.496875,1.452375
347.0,3.496625,1.4525
347.0,3.497125,1.452625
347.0,3.498125,1.452375
347.0,3.499125,1.452125
347.0,3.49875,1.452375
347.0,3.49775,1.45275
347.0,3.497375,1.45225
347.0,3.497375,1.45225
347.0,3.49675,1.452375
347.0,3.496375,1.45275
347.0,3.49575,1.45275
347.0,3.496375,1.452875
347.0,3.49775,1.45325
347.0,3.498125,1.453
347.0,3.4975,1.453
347.0,3.497125,1.45275
347.0,3.496625,1.452375
347.0,3.4965,1.4525
347.0,3.497375,1.4525
347.0,3.499,1.452375
347.0,3.499125,1.45225
348.0,3.497625,1.393125
348.0,3.49675,1.39325
348.0,3.4965,1.393
348.0,3.49625,1.39325
348.0,3.495625,1.39325
348.0,3.49575,1.393375
348.0,3.497,1.393625
348.0,3.497625,1.393625
348.0,3.497625,1.393625
348.0,3.497375,1.393375
348.0,3.49725,1.39325
348.0,3.497,1.392875
348.0,3.4965,1.393
348.0,3.496875,1.393125
348.0,3.498625,1.393
348.0,3.499125,1.392625
348.0,3.49825,1.392875
348.0,3.49725,1.393
348.0,3.4965,1.392875
348.0,3.49675,1.393
348.0,3.4965,1.393125
348.0,3.49575,1.393125
348.0,3.496,1.393375
348.0,3.496625,1.39375
348.0,3.497125,1.39375
348.0,3.497125,1.394
348.0,3.4975,1.39325
348.0,3.49725,1.392625
348.0,3.496375,1.392625
348.0,3.496375,1.39275
348.0,3.49775,1.393
348.0,3.498375,1.39275
348.0,3.4985,1.3925
348.0,3.498125,1.3925
348.0,3.496875,1.393
348.0,3.496125,1.39325
348.0,3.49625,1.393
348.0,3.49575,1.39325
348.0,3.4955,1.393125
348.0,3.496125,1.393375
348.0,3.49725,1.393625
348.0,3.49725,1.393625
348.0,3.4975,1.393375
348.0,3.49725,1.393
348.0,3.496875,1.39275
348.0,3.496125,1.392875
348.0,3.496375,1.393
348.0,3.497625,1.393
348.0,3.498875,1.39275
348.0,3.499375,1.392625
348.0,3.497875,1.392875
348.0,3.496625,1.393
348.0,3.496625,1.393
348.0,3.4965,1.393125
348.0,3.496,1.393125
348.0,3.495875,1.393375
348.0,3.497,1.3935
348.0,3.497,1.3935
348.0,3.498,1.393375
348.0,3.498,1.39325
348.0,3.497625,1.393
348.0,3.49725,1.392625
348.0,3.496375,1.392875
348.0,3.496875,1.392875
348.0,3.4985,1.393
348.0,3.49875,1.392625
348.0,3.49825,1.392625
348.0,3.497375,1.39275
348.0,3.497,1.393125
348.0,3.4965,1.392875
348.0,3.496125,1.393125
348.0,3.49575,1.393125
348.0,3.496,1.39325
348.0,3.496,1.39325
348.0,3.497125,1.3935
348.0,3.49775,1.393375
348.0,3.497125,1.39325
348.0,3.496875,1.393
348.0,3.49675,1.392875
348.0,3.4965,1.393
348.0,3.497,1.393125
348.0,3.498125,1.39275
348.0,3.499,1.392375
348.0,3.498125,1.392375
348.0,3.497,1.393
348.0,3.49675,1.392875
348.0,3.496375,1.393
348.0,3.495875,1.393125
348.0,3.4955,1.393125
348.0,3.49625,1.393125
348.0,3.49625,1.39325
348.0,3.497125,1.393625
348.0,3.49775,1.393625
348.0,3.4975,1.393125
348.0,3.49725,1.393125
348.0,3.497,1.392875
348.0,3.496875,1.393
348.0,3.4975,1.392875
348.0,3.4985,1.392875
348.0,3.4985,1.39275
348.0,3.49775,1.393
348.0,3.4965,1.39325
348.0,3.496375,1.393
348.0,3.496125,1.393125
348.0,3.495625,1.39325
348.0,3.49525,1.393125
348.0,3.49525,1.393125
348.0,3.496,1.393375
348.0,3.497125,1.39375
348.0,3.4975,1.3935
348.0,3.497,1.392875
348.0,3.4965,1.392625
348.0,3.496125,1.393
348.0,3.4965,1.393
348.0,3.497875,1.392875
348.0,3.49875,1.392625
348.0,3.498625,1.3925
348.0,3.497375,1.3925
348.0,3.496125,1.39275
348.0,3.4965,1.39275
348.0,3.4965,1.393
348.0,3.495875,1.393125
348.0,3.495875,1.393125
348.0,3.495875,1.39325
348.0,3.4965,1.3935
348.0,3.49725,1.3935
348.0,3.49725,1.39325
348.0,3.497125,1.393
348.0,3.49725,1.393
348.0,3.4965,1.393
348.0,3.49675,1.393
348.0,3.498125,1.392875
348.0,3.498625,1.392625
348.0,3.498375,1.392875
348.0,3.497125,1.39275
348.0,3.496625,1.392875
348.0,3.4965,1.392875
348.0,3.49625,1.393
348.0,3.49625,1.393
348.0,3.49575,1.393125
348.0,3.49625,1.39325
348.0,3.49725,1.39375
348.0,3.49775,1.39375
348.0,3.497375,1.3935
348.0,3.497125,1.392875
348.0,3.49675,1.39275
348.0,3.49625,1.392875
348.0,3.49725,1.393
348.0,3.49825,1.392875
348.0,3.498625,1.392875
348.0,3.497875,1.39325
348.0,3.49675,1.39325
348.0,3.4965,1.392875
348.0,3.496125,1.392875
348.0,3.496125,1.392875
348.0,3.496,1.39325
348.0,3.4955,1.393375
348.0,3.495625,1.393375
348.0,3.496625,1.3935
348.0,3.497375,1.39325
348.0,3.497,1.393
348.0,3.496875,1.39275
348.0,3.49625,1.39275
348.0,3.496625,1.392875
348.0,3.497875,1.392875
348.0,3.498875,1.39275
348.0,3.4985,1.39275
348.0,3.49725,1.39325
348.0,3.496625,1.393375
349.0,3.49575,1.333625
349.0,3.4955,1.33375
349.0,3.496125,1.333625
349.0,3.4975,1.33375
349.0,3.497875,1.333625
349.0,3.49725,1.333375
349.0,3.497,1.33325
349.0,3.496375,1.333125
349.0,3.496375,1.333125
349.0,3.496375,1.333125
349.0,3.4975,1.33325
349.0,3.498125,1.333125
349.0,3.497875,1.333
349.0,3.497375,1.333125
349.0,3.497125,1.33325
349.0,3.496625,1.333125
349.0,3.49575,1.3335
349.0,3.495625,1.333625
349.0,3.495625,1.333625
349.0,3.4965,1.333875
349.0,3.497375,1.333875
349.0,3.49775,1.333625
349.0,3.49725,1.333375
349.0,3.49675,1.333125
349.0,3.49675,1.33325
349.0,3.496375,1.33325
349.0,3.497,1.333375
349.0,3.498375,1.33325
349.0,3.49875,1.333125
349.0,3.49825,1.333125
349.0,3.496875,1.333375
349.0,3.496125,1.33325
349.0,3.496,1.33325
349.0,3.495875,1.3335
349.0,3.49575,1.333625
349.0,3.49575,1.333625
349.0,3.496375,1.334
349.0,3.49725,1.333875
349.0,3.497,1.333625
349.0,3.496625,1.332875
349.0,3.49675,1.332875
349.0,3.49675,1.332875
349.0,3.496625,1.33325
349.0,3.4975,1.33325
349.0,3.49825,1.333
349.0,3.49825,1.333
349.0,3.49775,1.333
349.0,3.496625,1.333125
349.0,3.496375,1.333375
349.0,3.496375,1.333625
349.0,3.495625,1.333625
349.0,3.495375,1.3335
349.0,3.496,1.333625
349.0,3.49675,1.33375
349.0,3.49725,1.334
349.0,3.497,1.33375
349.0,3.496875,1.333125
349.0,3.496875,1.333125
349.0,3.496625,1.333
349.0,3.49675,1.333375
349.0,3.49725,1.33325
349.0,3.4985,1.333125
349.0,3.4985,1.333
349.0,3.49775,1.3335
349.0,3.49675,1.333625
349.0,3.496375,1.33325
349.0,3.49575,1.3335
349.0,3.495875,1.333375
349.0,3.495875,1.3335
349.0,3.497,1.333875
349.0,3.498125,1.334125
349.0,3.49725,1.333875
349.0,3.4965,1.333375
349.0,3.4965,1.333375
349.0,3.496875,1.33325
349.0,3.49675,1.333375
349.0,3.49675,1.333375
349.0,3.498125,1.333125
349.0,3.4985,1.333
349.0,3.498125,1.33275
349.0,3.497125,1.333125
349.0,3.49675,1.33325
349.0,3.49675,1.33325
349.0,3.496,1.333375
349.0,3.49525,1.333375
349.0,3.495625,1.3335
349.0,3.4965,1.333875
349.0,3.4975,1.334
349.0,3.49775,1.333875
349.0,3.49775,1.333875
349.0,3.497375,1.333375
349.0,3.496875,1.33325
349.0,3.496625,1.333375
349.0,3.4975,1.33325
349.0,3.4985,1.333125
349.0,3.49875,1.333
349.0,3.49825,1.333125
349.0,3.49675,1.333625
349.0,3.496625,1.33325
349.0,3.496375,1.33325
349.0,3.496125,1.33325
349.0,3.495875,1.3335
349.0,3.495875,1.333625
349.0,3.49725,1.33425
349.0,3.49775,1.334
349.0,3.497375,1.3335
349.0,3.497375,1.3335
349.0,3.497125,1.333
349.0,3.496375,1.33325
349.0,3.49625,1.333375
349.0,3.497375,1.333375
349.0,3.498625,1.333125
349.0,3.498375,1.332875
349.0,3.49775,1.333125
349.0,3.497,1.333375
349.0,3.496625,1.333125
349.0,3.496625,1.3335
349.0,3.496125,1.3335
349.0,3.496,1.3335
349.0,3.4965,1.333875
349.0,3.4975,1.334
349.0,3.497875,1.333875
349.0,3.497875,1.333875
349.0,3.497375,1.333625
349.0,3.49675,1.33325
349.0,3.496625,1.333
349.0,3.497,1.333375
349.0,3.49825,1.3335
349.0,3.499125,1.333125
349.0,3.498875,1.333
349.0,3.497625,1.33325
349.0,3.496875,1.3335
349.0,3.4965,1.333125
349.0,3.496125,1.33325
349.0,3.495875,1.333375
349.0,3.496,1.333375
349.0,3.49725,1.33375
349.0,3.498,1.333875
349.0,3.498,1.333875
349.0,3.49725,1.334
349.0,3.497,1.3335
349.0,3.49675,1.33325
349.0,3.49625,1.333375
349.0,3.497,1.333125
349.0,3.498375,1.333125
349.0,3.49875,1.333125
349.0,3.498125,1.33325
349.0,3.497,1.333375
349.0,3.496375,1.3335
349.0,3.496375,1.333625
349.0,3.496,1.333625
349.0,3.495625,1.3335
349.0,3.496125,1.33375
349.0,3.49725,1.334
349.0,3.49725,1.334
349.0,3.49775,1.334
349.0,3.497375,1.3335
349.0,3.49725,1.333125
349.0,3.49675,1.333125
349.0,3.496375,1.33325
349.0,3.4975,1.33325
349.0,3.498625,1.333125
349.0,3.498625,1.333
349.0,3.49775,1.333
349.0,3.49675,1.333375
349.0,3.496375,1.33325
349.0,3.496375,1.333375
349.0,3.495875,1.3335
349.0,3.4955,1.333375
350.0,3.497375,1.27425
350.0,3.498375,1.274
350.0,3.49825,1.27375
350.0,3.497875,1.274125
350.0,3.49725,1.274375
350.0,3.49675,1.27425
350.0,3.49625,1.27425
350.0,3.496,1.2745
350.0,3.496,1.2745
350.0,3.495875,1.2745
350.0,3.496,1.274625
350.0,3.497,1.275
350.0,3.497375,1.27475
350.0,3.496875,1.27425
350.0,3.496875,1.273875
350.0,3.496375,1.274125
350.0,3.496625,1.27425
350.0,3.498,1.27425
350.0,3.498625,1.274125
350.0,3.498125,1.274125
350.0,3.49725,1.274375
350.0,3.496875,1.274125
350.0,3.496625,1.274125
350.0,3.496125,1.274375
350.0,3.4955,1.2745
350.0,3.4955,1.2745
350.0,3.4955,1.274625
350.0,3.496625,1.274625
350.0,3.498,1.274875
350.0,3.49725,1.2745
350.0,3.49675,1.274375
350.0,3.496625,1.274125
350.0,3.496375,1.274125
350.0,3.496875,1.27425
350.0,3.498125,1.274
350.0,3.498375,1.274
350.0,3.497625,1.274375
350.0,3.497125,1.27475
350.0,3.496625,1.2745
350.0,3.49625,1.274375
350.0,3.495875,1.27425
350.0,3.495875,1.27425
350.0,3.495375,1.274375
350.0,3.4955,1.274375
350.0,3.49675,1.27475
350.0,3.497875,1.274875
350.0,3.4975,1.274625
350.0,3.49725,1.27425
350.0,3.497375,1.274
350.0,3.496875,1.274125
350.0,3.497375,1.274125
350.0,3.4985,1.274125
350.0,3.49875,1.274
350.0,3.498125,1.274375
350.0,3.496625,1.2745
350.0,3.496,1.274125
350.0,3.49575,1.274375
350.0,3.49575,1.274375
350.0,3.49575,1.2745
350.0,3.49525,1.2745
350.0,3.496125,1.274625
350.0,3.497125,1.274875
350.0,3.49775,1.274625
350.0,3.496875,1.2745
350.0,3.497,1.27425
350.0,3.497,1.27425
350.0,3.496875,1.274125
350.0,3.49775,1.274125
350.0,3.498875,1.273875
350.0,3.498625,1.27375
350.0,3.497375,1.27425
350.0,3.496375,1.274375
350.0,3.496375,1.274375
350.0,3.496375,1.274375
350.0,3.49625,1.2745
350.0,3.496,1.274375
350.0,3.495875,1.274375
350.0,3.4965,1.274625
350.0,3.497375,1.27475
350.0,3.497125,1.274625
350.0,3.496875,1.274375
350.0,3.497,1.274375
350.0,3.496375,1.27425
350.0,3.4965,1.27425
350.0,3.497875,1.27425
350.0,3.498625,1.274
350.0,3.4985,1.274
350.0,3.497375,1.27425
350.0,3.4965,1.2745
350.0,3.4965,1.27425
350.0,3.495875,1.27425
350.0,3.495875,1.274375
350.0,3.4955,1.274375
350.0,3.49575,1.2745
350.0,3.4965,1.27475
350.0,3.49725,1.27475
350.0,3.497125,1.274375
350.0,3.496625,1.27425
350.0,3.496125,1.27425
350.0,3.496,1.27425
350.0,3.496875,1.27425
350.0,3.4985,1.274125
350.0,3.498875,1.274
350.0,3.49775,1.27425
350.0,3.4965,1.274375
350.0,3.4965,1.274375
350.0,3.4965,1.274375
350.0,3.49625,1.274375
350.0,3.495625,1.2745
350.0,3.495375,1.2745
350.0,3.49625,1.274625
350.0,3.496875,1.27475
350.0,3.497125,1.27475
350.0,3.49675,1.2745
350.0,3.4965,1.27425
350.0,3.49625,1.274
350.0,3.496,1.274375
350.0,3.49725,1.274375
350.0,3.498625,1.274125
350.0,3.498875,1.274
350.0,3.4975,1.2745
350.0,3.496125,1.274375
350.0,3.496125,1.274375
350.0,3.496125,1.274
350.0,3.496125,1.274125
350.0,3.4955,1.274375
350.0,3.4955,1.2745
350.0,3.495875,1.27475
350.0,3.496875,1.275125
350.0,3.497375,1.275
350.0,3.49725,1.2745
350.0,3.496875,1.27425
350.0,3.496625,1.27425
350.0,3.496625,1.27425
350.0,3.497875,1.27425
350.0,3.498625,1.274125
350.0,3.4985,1.27425
350.0,3.49675,1.27475
350.0,3.49675,1.27475
350.0,3.496125,1.27475
350.0,3.496375,1.274375
350.0,3.496,1.2745
350.0,3.495625,1.2745
350.0,3.495625,1.2745
350.0,3.496375,1.274625
350.0,3.497375,1.275
350.0,3.497125,1.275
350.0,3.497,1.2745
350.0,3.496625,1.274
350.0,3.49625,1.27425
350.0,3.497125,1.27425
350.0,3.49825,1.274125
350.0,3.498375,1.273875
350.0,3.49825,1.27425
350.0,3.49825,1.2745
350.0,3.497,1.2745
350.0,3.496,1.27425
350.0,3.495875,1.27425
350.0,3.4955,1.274375
350.0,3.495125,1.2745
350.0,3.495625,1.274625
350.0,3.49675,1.274875
350.0,3.497625,1.275
350.0,3.496875,1.274875
350.0,3.49675,1.274625
350.0,3.4965,1.27425
350.0,3.49625,1.274375
350.0,3.497125,1.274375
350.0,3.498375,1.27425
351.0,3.49675,1.216875
351.0,3.49625,1.21675
351.0,3.49625,1.216875
351.0,3.497625,1.216875
351.0,3.498625,1.2165
351.0,3.498375,1.216625
351.0,3.4975,1.216875
351.0,3.496125,1.217125
351.0,3.496125,1.217125
351.0,3.49575,1.216875
351.0,3.49575,1.216875
351.0,3.495375,1.217
351.0,3.4955,1.217
351.0,3.49625,1.21725
351.0,3.49775,1.21725
351.0,3.49775,1.21725
351.0,3.49725,1.21675
351.0,3.496875,1.21675
351.0,3.496,1.21675
351.0,3.496375,1.216875
351.0,3.498375,1.216625
351.0,3.49875,1.216625
351.0,3.497625,1.216875
351.0,3.496875,1.216875
351.0,3.496875,1.216875
351.0,3.4965,1.216875
351.0,3.496125,1.21725
351.0,3.4955,1.217
351.0,3.49525,1.217
351.0,3.49575,1.217
351.0,3.497,1.21725
351.0,3.4975,1.21725
351.0,3.49725,1.21675
351.0,3.49725,1.216625
351.0,3.497,1.21675
351.0,3.4965,1.21675
351.0,3.4975,1.21675
351.0,3.4985,1.216625
351.0,3.4985,1.216625
351.0,3.497625,1.216875
351.0,3.4965,1.21725
351.0,3.4965,1.21725
351.0,3.49625,1.217125
351.0,3.49575,1.21675
351.0,3.495625,1.216875
351.0,3.49525,1.217
351.0,3.495625,1.217125
351.0,3.49675,1.21725
351.0,3.49725,1.21725
351.0,3.496875,1.217
351.0,3.496875,1.21675
351.0,3.49675,1.216875
351.0,3.49675,1.216875
351.0,3.49725,1.216875
351.0,3.497875,1.216625
351.0,3.49875,1.2165
351.0,3.497875,1.216625
351.0,3.497875,1.216625
351.0,3.49625,1.21675
351.0,3.49575,1.217
351.0,3.495875,1.217125
351.0,3.495625,1.216875
351.0,3.495625,1.217
351.0,3.496375,1.21725
351.0,3.49725,1.2175
351.0,3.4975,1.217125
351.0,3.497125,1.216875
351.0,3.496875,1.217
351.0,3.4965,1.217
351.0,3.496625,1.217
351.0,3.498125,1.217
351.0,3.499,1.21675
351.0,3.49875,1.2165
351.0,3.49875,1.2165
351.0,3.49775,1.216625
351.0,3.496375,1.217125
351.0,3.496,1.21725
351.0,3.496125,1.217125
351.0,3.495625,1.217
351.0,3.495625,1.217
351.0,3.496875,1.217375
351.0,3.49775,1.2175
351.0,3.4975,1.217375
351.0,3.49725,1.21675
351.0,3.496875,1.216375
351.0,3.496375,1.216875
351.0,3.49725,1.216875
351.0,3.4985,1.21675
351.0,3.4985,1.21675
351.0,3.4985,1.216625
351.0,3.498125,1.216625
351.0,3.49725,1.21675
351.0,3.496125,1.217
351.0,3.495125,1.217125
351.0,3.49525,1.217
351.0,3.495,1.217
351.0,3.495625,1.217125
351.0,3.496875,1.217625
351.0,3.497125,1.217375
351.0,3.49625,1.217125
351.0,3.4965,1.21675
351.0,3.496375,1.216625
351.0,3.496375,1.216875
351.0,3.49725,1.216875
351.0,3.498125,1.216625
351.0,3.498125,1.216625
351.0,3.498125,1.216625
351.0,3.497375,1.217125
351.0,3.49675,1.216875
351.0,3.496375,1.216875
351.0,3.496,1.217
351.0,3.495625,1.216875
351.0,3.495375,1.217
351.0,3.496125,1.21725
351.0,3.497125,1.217625
351.0,3.497375,1.2175
351.0,3.497,1.217125
351.0,3.496625,1.217125
351.0,3.496125,1.217
351.0,3.496,1.216875
351.0,3.4975,1.21675
351.0,3.498125,1.2165
351.0,3.498125,1.2165
351.0,3.498125,1.216625
351.0,3.497125,1.216875
351.0,3.496375,1.216875
351.0,3.49625,1.216625
351.0,3.496125,1.216875
351.0,3.4955,1.217
351.0,3.495125,1.216875
351.0,3.49575,1.21725
351.0,3.4965,1.217625
351.0,3.496875,1.217375
351.0,3.49675,1.21675
351.0,3.497,1.21675
351.0,3.496625,1.21675
351.0,3.49675,1.216625
351.0,3.498,1.2165
351.0,3.498,1.2165
351.0,3.498375,1.2165
351.0,3.497875,1.217
351.0,3.496625,1.217125
351.0,3.496,1.216875
351.0,3.495625,1.217
351.0,3.495625,1.217
351.0,3.495625,1.217125
351.0,3.4955,1.21725
351.0,3.496375,1.217375
351.0,3.49725,1.217125
351.0,3.49675,1.217
351.0,3.49675,1.217125
351.0,3.496375,1.216875
351.0,3.496,1.216875
351.0,3.49725,1.21675
351.0,3.49725,1.21675
351.0,3.49825,1.21675
351.0,3.498625,1.2165
351.0,3.497625,1.216625
351.0,3.496375,1.217
351.0,3.496125,1.21725
351.0,3.495875,1.21725
351.0,3.49525,1.217
351.0,3.494875,1.216875
351.0,3.4955,1.217
351.0,3.497125,1.21725
351.0,3.4975,1.21725
351.0,3.49675,1.217125
351.0,3.4965,1.216625
351.0,3.496,1.2165
352.0,3.49775,1.15975
352.0,3.496875,1.15975
352.0,3.497,1.159625
352.0,3.496875,1.159375
352.0,3.496125,1.15925
352.0,3.496875,1.159375
352.0,3.498375,1.159375
352.0,3.498625,1.1595
352.0,3.498625,1.1595
352.0,3.498125,1.16
352.0,3.49725,1.16025
352.0,3.496375,1.159875
352.0,3.496375,1.159625
352.0,3.495875,1.15975
352.0,3.49525,1.159625
352.0,3.49625,1.159875
352.0,3.497125,1.160125
352.0,3.49725,1.160125
352.0,3.49725,1.15975
352.0,3.496875,1.15925
352.0,3.4965,1.159375
352.0,3.496625,1.1595
352.0,3.4975,1.1595
352.0,3.498125,1.1595
352.0,3.49825,1.1595
352.0,3.49825,1.1595
352.0,3.497375,1.159875
352.0,3.496375,1.15975
352.0,3.496125,1.159625
352.0,3.49575,1.1595
352.0,3.49575,1.159625
352.0,3.495625,1.159625
352.0,3.496625,1.159625
352.0,3.4975,1.160125
352.0,3.4975,1.160125
352.0,3.496875,1.16
352.0,3.497,1.1595
352.0,3.49675,1.1595
352.0,3.497125,1.1595
352.0,3.497875,1.1595
352.0,3.498375,1.15925
352.0,3.498375,1.15925
352.0,3.49825,1.15925
352.0,3.49725,1.1595
352.0,3.496375,1.1595
352.0,3.496125,1.159625
352.0,3.495625,1.15975
352.0,3.495375,1.15975
352.0,3.49525,1.15975
352.0,3.496375,1.159875
352.0,3.4975,1.16
352.0,3.497,1.16
352.0,3.497125,1.15975
352.0,3.496875,1.159375
352.0,3.496375,1.159625
352.0,3.497,1.15975
352.0,3.49825,1.1595
352.0,3.49825,1.1595
352.0,3.49875,1.15925
352.0,3.498,1.15975
352.0,3.496875,1.159875
352.0,3.496125,1.1595
352.0,3.49625,1.1595
352.0,3.496,1.15975
352.0,3.495375,1.15975
352.0,3.495625,1.15975
352.0,3.49675,1.16
352.0,3.497375,1.159875
352.0,3.49725,1.15975
352.0,3.497,1.159625
352.0,3.496375,1.159375
352.0,3.496375,1.159625
352.0,3.497375,1.1595
352.0,3.497375,1.1595
352.0,3.4985,1.159375
352.0,3.498625,1.15925
352.0,3.497625,1.1595
352.0,3.4965,1.15975
352.0,3.49625,1.159625
352.0,3.496125,1.159625
352.0,3.495875,1.15975
352.0,3.4955,1.15975
352.0,3.496375,1.159875
352.0,3.49725,1.16
352.0,3.497125,1.16
352.0,3.496875,1.15975
352.0,3.4965,1.159625
352.0,3.49625,1.1595
352.0,3.49675,1.1595
352.0,3.497875,1.159625
352.0,3.497875,1.159625
352.0,3.4985,1.159375
352.0,3.497875,1.159125
352.0,3.49725,1.15925
352.0,3.497125,1.159625
352.0,3.4965,1.1595
352.0,3.49575,1.1595
352.0,3.4955,1.159625
352.0,3.4955,1.15975
352.0,3.49625,1.159875
352.0,3.497375,1.159875
352.0,3.497375,1.15975
352.0,3.497125,1.1595
352.0,3.49675,1.15925
352.0,3.496375,1.1595
352.0,3.496875,1.159375
352.0,3.496875,1.159375
352.0,3.497875,1.1595
352.0,3.49875,1.159375
352.0,3.498125,1.159125
352.0,3.49675,1.159375
352.0,3.496125,1.1595
352.0,3.496,1.159625
352.0,3.496,1.159625
352.0,3.495625,1.1595
352.0,3.4955,1.15975
352.0,3.4965,1.16
352.0,3.497625,1.16025
352.0,3.49725,1.160125
352.0,3.49725,1.15975
352.0,3.496875,1.1595
352.0,3.496375,1.15975
352.0,3.496375,1.15975
352.0,3.497625,1.159625
352.0,3.4985,1.159625
352.0,3.498625,1.159375
352.0,3.49775,1.159625
352.0,3.4965,1.159625
352.0,3.496125,1.159375
352.0,3.495875,1.159625
352.0,3.495625,1.159875
352.0,3.4955,1.159875
352.0,3.496125,1.160125
352.0,3.49725,1.16
352.0,3.497375,1.16
352.0,3.496875,1.16
352.0,3.49675,1.15975
352.0,3.49625,1.1595
352.0,3.49625,1.1595
352.0,3.496875,1.1595
352.0,3.498,1.159375
352.0,3.4985,1.15925
352.0,3.498125,1.1595
352.0,3.497,1.159875
352.0,3.49625,1.1595
352.0,3.49625,1.1595
352.0,3.495875,1.159625
352.0,3.4955,1.15975
352.0,3.495375,1.15975
352.0,3.496125,1.160125
352.0,3.497625,1.16025
352.0,3.49725,1.159875
352.0,3.49675,1.159375
352.0,3.49725,1.15925
352.0,3.496875,1.159375
352.0,3.496875,1.159375
352.0,3.496875,1.1595
352.0,3.497875,1.159375
352.0,3.49875,1.159375
352.0,3.498125,1.159625
352.0,3.496625,1.15975
352.0,3.4965,1.1595
352.0,3.4965,1.1595
352.0,3.495625,1.15975
352.0,3.495,1.1595
352.0,3.49575,1.15975
352.0,3.496875,1.16
352.0,3.497625,1.159625
352.0,3.497125,1.159375
353.0,3.496125,1.102625
353.0,3.497,1.103
353.0,3.4975,1.102625
353.0,3.496625,1.1025
353.0,3.4965,1.1025
353.0,3.497,1.10225
353.0,3.49725,1.10225
353.0,3.498125,1.10225
353.0,3.498125,1.10225
353.0,3.498625,1.102125
353.0,3.498,1.102125
353.0,3.497625,1.10225
353.0,3.497,1.102375
353.0,3.496375,1.102375
353.0,3.496375,1.10225
353.0,3.495875,1.10225
353.0,3.49575,1.102375
353.0,3.496375,1.102625
353.0,3.49725,1.10275
353.0,3.4975,1.102625
353.0,3.496875,1.102375
353.0,3.49675,1.102
353.0,3.4965,1.102125
353.0,3.496875,1.1025
353.0,3.498375,1.1025
353.0,3.498375,1.10225
353.0,3.498625,1.102
353.0,3.49825,1.101875
353.0,3.4975,1.102375
353.0,3.49625,1.102625
353.0,3.496125,1.102375
353.0,3.496375,1.1025
353.0,3.49575,1.1025
353.0,3.495875,1.102625
353.0,3.496625,1.102875
353.0,3.497375,1.1025
353.0,3.497375,1.102625
353.0,3.49725,1.10225
353.0,3.496625,1.102125
353.0,3.496125,1.102375
353.0,3.49725,1.102375
353.0,3.49725,1.102375
353.0,3.498375,1.10225
353.0,3.49825,1.10225
353.0,3.49775,1.102125
353.0,3.49675,1.102375
353.0,3.496375,1.1025
353.0,3.4965,1.102625
353.0,3.496,1.102375
353.0,3.495625,1.1025
353.0,3.4965,1.102625
353.0,3.49775,1.102875
353.0,3.498,1.10275
353.0,3.49725,1.102375
353.0,3.497,1.102125
353.0,3.496625,1.10225
353.0,3.49675,1.102125
353.0,3.49675,1.102125
353.0,3.497625,1.10225
353.0,3.49875,1.102125
353.0,3.499,1.101875
353.0,3.49775,1.102
353.0,3.496375,1.102125
353.0,3.49625,1.102125
353.0,3.496125,1.1025
353.0,3.49575,1.102625
353.0,3.49525,1.1025
353.0,3.4965,1.102875
353.0,3.497625,1.103
353.0,3.497375,1.10275
353.0,3.497125,1.10225
353.0,3.497125,1.10225
353.0,3.4965,1.102125
353.0,3.4965,1.102125
353.0,3.49675,1.102375
353.0,3.498,1.102375
353.0,3.4985,1.10225
353.0,3.4985,1.102125
353.0,3.497625,1.102125
353.0,3.496375,1.10225
353.0,3.496,1.102125
353.0,3.495625,1.1025
353.0,3.495375,1.102625
353.0,3.495375,1.102625
353.0,3.496875,1.10275
353.0,3.497875,1.102875
353.0,3.497375,1.1025
353.0,3.497375,1.102625
353.0,3.497125,1.1025
353.0,3.496625,1.1025
353.0,3.496625,1.10225
353.0,3.496875,1.102375
353.0,3.498125,1.10225
353.0,3.498125,1.102
353.0,3.497625,1.102375
353.0,3.4965,1.10275
353.0,3.4965,1.102625
353.0,3.496375,1.1025
353.0,3.495625,1.1025
353.0,3.495625,1.1025
353.0,3.496,1.1025
353.0,3.4965,1.102625
353.0,3.496875,1.102625
353.0,3.496875,1.1025
353.0,3.497125,1.10225
353.0,3.4965,1.102125
353.0,3.4965,1.102125
353.0,3.496375,1.10225
353.0,3.497375,1.10225
353.0,3.498625,1.102125
353.0,3.498625,1.102
353.0,3.4975,1.102125
353.0,3.4965,1.1025
353.0,3.49625,1.102375
353.0,3.49575,1.102125
353.0,3.49575,1.10225
353.0,3.4955,1.1025
353.0,3.496125,1.102875
353.0,3.4975,1.102625
353.0,3.49775,1.102375
353.0,3.497125,1.1025
353.0,3.496875,1.10225
353.0,3.496875,1.10225
353.0,3.4965,1.102375
353.0,3.496625,1.10225
353.0,3.497625,1.10225
353.0,3.49825,1.102375
353.0,3.498375,1.102125
353.0,3.49725,1.101875
353.0,3.49625,1.102125
353.0,3.496375,1.10225
353.0,3.49575,1.102375
353.0,3.496,1.102375
353.0,3.496125,1.1025
353.0,3.49675,1.10275
353.0,3.497625,1.10275
353.0,3.4975,1.10275
353.0,3.497625,1.1025
353.0,3.497625,1.1025
353.0,3.49725,1.102125
353.0,3.49625,1.102375
353.0,3.496875,1.102375
353.0,3.49825,1.10225
353.0,3.498625,1.102125
353.0,3.498375,1.1025
353.0,3.497125,1.102875
353.0,3.496375,1.102625
353.0,3.49625,1.102375
353.0,3.496,1.102375
353.0,3.495375,1.102375
353.0,3.4955,1.102625
353.0,3.49725,1.102875
353.0,3.497875,1.102625
353.0,3.497375,1.102625
353.0,3.49675,1.102625
353.0,3.49675,1.102375
353.0,3.4965,1.10225
353.0,3.4965,1.102375
353.0,3.4975,1.102375
353.0,3.498375,1.10225
353.0,3.499,1.102125
353.0,3.498125,1.102375
353.0,3.4965,1.102375
353.0,3.496125,1.102125
353.0,3.496,1.102375
353.0,3.495625,1.102625
353.0,3.495625,1.1025
353.0,3.496,1.10275
353.0,3.496875,1.103
354.0,3.4955,1.046375
354.0,3.496125,1.046625
354.0,3.49725,1.046875
354.0,3.497375,1.047
354.0,3.49675,1.0465
354.0,3.497,1.046125
354.0,3.496875,1.046
354.0,3.496625,1.046125
354.0,3.496625,1.046125
354.0,3.497,1.04625
354.0,3.497875,1.046
354.0,3.49825,1.046
354.0,3.497875,1.046
354.0,3.497,1.046125
354.0,3.4965,1.046125
354.0,3.495875,1.046375
354.0,3.4955,1.046375
354.0,3.4955,1.04625
354.0,3.4965,1.04675
354.0,3.497375,1.047
354.0,3.496875,1.046875
354.0,3.4965,1.046625
354.0,3.49675,1.046375
354.0,3.496,1.04625
354.0,3.496375,1.04625
354.0,3.496375,1.04625
354.0,3.497625,1.04625
354.0,3.498375,1.046
354.0,3.498375,1.046125
354.0,3.497375,1.04625
354.0,3.49625,1.0465
354.0,3.496,1.04675
354.0,3.49575,1.0465
354.0,3.49525,1.046375
354.0,3.49525,1.0465
354.0,3.496,1.04675
354.0,3.496875,1.04675
354.0,3.497125,1.0465
354.0,3.49675,1.04625
354.0,3.496875,1.04625
354.0,3.49625,1.046125
354.0,3.49625,1.046125
354.0,3.4965,1.04625
354.0,3.498125,1.046125
354.0,3.498625,1.046
354.0,3.498,1.04625
354.0,3.496875,1.046375
354.0,3.49625,1.046625
354.0,3.49625,1.04675
354.0,3.49575,1.04675
354.0,3.495625,1.0465
354.0,3.49575,1.0465
354.0,3.497,1.046875
354.0,3.498,1.04675
354.0,3.49725,1.0465
354.0,3.496875,1.04625
354.0,3.496625,1.04625
354.0,3.496625,1.04625
354.0,3.4965,1.04625
354.0,3.497875,1.04625
354.0,3.4985,1.046125
354.0,3.49825,1.046125
354.0,3.49775,1.046375
354.0,3.496625,1.046625
354.0,3.49625,1.0465
354.0,3.49575,1.0465
354.0,3.49575,1.0465
354.0,3.496,1.046375
354.0,3.496375,1.0465
354.0,3.49725,1.04675
354.0,3.497875,1.04675
354.0,3.4975,1.0465
354.0,3.497125,1.046125
354.0,3.497125,1.046125
354.0,3.496375,1.046375
354.0,3.496375,1.046375
354.0,3.497875,1.046125
354.0,3.498875,1.046
354.0,3.49825,1.046
354.0,3.497,1.046375
354.0,3.4965,1.0465
354.0,3.496375,1.04625
354.0,3.495875,1.0465
354.0,3.49525,1.0465
354.0,3.496,1.0465
354.0,3.496875,1.04675
354.0,3.49725,1.04675
354.0,3.497125,1.046625
354.0,3.49725,1.046375
354.0,3.497125,1.046375
354.0,3.497125,1.04625
354.0,3.496625,1.046375
354.0,3.49675,1.04625
354.0,3.49825,1.04625
354.0,3.499,1.046
354.0,3.49775,1.04625
354.0,3.496875,1.0465
354.0,3.496625,1.046125
354.0,3.49625,1.046
354.0,3.495875,1.046375
354.0,3.49525,1.0465
354.0,3.495875,1.0465
354.0,3.496625,1.047
354.0,3.497125,1.046875
354.0,3.497125,1.046625
354.0,3.496875,1.046375
354.0,3.496875,1.046375
354.0,3.4965,1.046125
354.0,3.49625,1.046125
354.0,3.497125,1.046375
354.0,3.4985,1.046
354.0,3.49875,1.046125
354.0,3.497875,1.0465
354.0,3.49675,1.046625
354.0,3.49675,1.046625
354.0,3.496375,1.046375
354.0,3.496,1.0465
354.0,3.495875,1.0465
354.0,3.496375,1.04675
354.0,3.497625,1.046625
354.0,3.49775,1.046625
354.0,3.497125,1.046375
354.0,3.497125,1.046375
354.0,3.497,1.046125
354.0,3.49625,1.046125
354.0,3.496125,1.04625
354.0,3.49775,1.046125
354.0,3.4985,1.046
354.0,3.498125,1.045875
354.0,3.497375,1.046125
354.0,3.49675,1.046375
354.0,3.4965,1.04625
354.0,3.496,1.046375
354.0,3.4955,1.046625
354.0,3.495625,1.046625
354.0,3.496625,1.046875
354.0,3.497625,1.046875
354.0,3.497,1.04675
354.0,3.497,1.04675
354.0,3.496625,1.0465
354.0,3.497,1.046375
354.0,3.49625,1.046375
354.0,3.49675,1.04625
354.0,3.498,1.046125
354.0,3.498125,1.046125
354.0,3.497875,1.0465
354.0,3.49725,1.04675
354.0,3.496375,1.046625
354.0,3.49625,1.046125
354.0,3.495625,1.0465
354.0,3.495375,1.0465
354.0,3.495625,1.0465
354.0,3.4965,1.04675
354.0,3.49725,1.046875
354.0,3.497375,1.046875
354.0,3.497375,1.046625
354.0,3.497125,1.046375
354.0,3.49675,1.046125
354.0,3.4965,1.04625
354.0,3.497375,1.04625
354.0,3.49875,1.045875
354.0,3.4985,1.045875
354.0,3.4975,1.046
354.0,3.4965,1.04625
354.0,3.496375,1.046125
354.0,3.4965,1.046375
354.0,3.495875,1.0465
354.0,3.495375,1.0465
354.0,3.4955,1.04675
355.0,3.497,0.99125
355.0,3.497875,0.991125
355.0,3.49825,0.991125
355.0,3.49725,0.9915
355.0,3.495875,0.9915
355.0,3.496,0.991125
355.0,3.496125,0.99125
355.0,3.4955,0.99125
355.0,3.4955,0.99125
355.0,3.495625,0.991375
355.0,3.496375,0.991625
355.0,3.497375,0.991625
355.0,3.496875,0.991375
355.0,3.4965,0.991375
355.0,3.496375,0.991375
355.0,3.496125,0.99125
355.0,3.496375,0.99125
355.0,3.497875,0.991
355.0,3.498875,0.990875
355.0,3.498625,0.991
355.0,3.49725,0.991125
355.0,3.4965,0.9915
355.0,3.49625,0.9915
355.0,3.495625,0.991375
355.0,3.495625,0.99125
355.0,3.495375,0.99125
355.0,3.495375,0.9915
355.0,3.496,0.99175
355.0,3.497,0.991625
355.0,3.497625,0.991625
355.0,3.497125,0.99125
355.0,3.49675,0.99125
355.0,3.49625,0.991375
355.0,3.497125,0.991125
355.0,3.498,0.991125
355.0,3.4985,0.991
355.0,3.497875,0.991375
355.0,3.496625,0.991375
355.0,3.496,0.99125
355.0,3.495875,0.99125
355.0,3.495625,0.991375
355.0,3.495625,0.991375
355.0,3.495,0.99125
355.0,3.49575,0.991375
355.0,3.49675,0.991375
355.0,3.497,0.9915
355.0,3.49675,0.99125
355.0,3.49675,0.991
355.0,3.4965,0.991
355.0,3.496375,0.99125
355.0,3.497375,0.99125
355.0,3.498125,0.991
355.0,3.498,0.991125
355.0,3.497125,0.9915
355.0,3.496375,0.9915
355.0,3.496375,0.991375
355.0,3.495875,0.99125
355.0,3.495875,0.99125
355.0,3.495125,0.99125
355.0,3.495,0.991375
355.0,3.4955,0.991625
355.0,3.497125,0.991875
355.0,3.4975,0.991875
355.0,3.496625,0.991625
355.0,3.496375,0.991375
355.0,3.496,0.99125
355.0,3.496375,0.99125
355.0,3.4975,0.99125
355.0,3.498375,0.991
355.0,3.497875,0.991125
355.0,3.497,0.991625
355.0,3.496125,0.9915
355.0,3.495875,0.991125
355.0,3.495875,0.991125
355.0,3.495625,0.991375
355.0,3.495375,0.991375
355.0,3.49525,0.991375
355.0,3.49625,0.991625
355.0,3.497375,0.991625
355.0,3.49725,0.991625
355.0,3.4965,0.991625
355.0,3.496375,0.991375
355.0,3.49625,0.99125
355.0,3.496875,0.991125
355.0,3.498,0.991125
355.0,3.4985,0.991
355.0,3.49825,0.991375
355.0,3.49725,0.9915
355.0,3.496625,0.99125
355.0,3.49625,0.9915
355.0,3.49625,0.9915
355.0,3.495375,0.991375
355.0,3.495,0.99125
355.0,3.495125,0.991625
355.0,3.49625,0.991875
355.0,3.49725,0.9915
355.0,3.497125,0.9915
355.0,3.496625,0.99125
355.0,3.496375,0.991
355.0,3.49675,0.991125
355.0,3.497625,0.99125
355.0,3.49825,0.991125
355.0,3.498,0.991125
355.0,3.4975,0.991375
355.0,3.496875,0.9915
355.0,3.4965,0.99125
355.0,3.4965,0.99125
355.0,3.49625,0.991375
355.0,3.496,0.99125
355.0,3.4955,0.99125
355.0,3.49575,0.991625
355.0,3.49725,0.992
355.0,3.49775,0.992125
355.0,3.497125,0.991875
355.0,3.496625,0.991125
355.0,3.496375,0.991
355.0,3.496625,0.99125
355.0,3.49775,0.991125
355.0,3.498625,0.991125
355.0,3.498625,0.991125
355.0,3.49775,0.99125
355.0,3.4965,0.990875
355.0,3.4965,0.990875
355.0,3.496125,0.990875
355.0,3.49625,0.991375
355.0,3.4955,0.991375
355.0,3.4955,0.99125
355.0,3.49675,0.9915
355.0,3.4975,0.991625
355.0,3.496875,0.991375
355.0,3.4965,0.991
355.0,3.49675,0.991
355.0,3.4965,0.991375
355.0,3.4965,0.99125
355.0,3.498125,0.991125
355.0,3.49875,0.991
355.0,3.49825,0.991
355.0,3.497125,0.991375
355.0,3.497125,0.991375
355.0,3.497,0.99125
355.0,3.496625,0.991125
355.0,3.49575,0.991375
355.0,3.49525,0.99125
355.0,3.49525,0.9915
355.0,3.496375,0.991875
355.0,3.497125,0.992
355.0,3.49625,0.99175
355.0,3.49625,0.99125
355.0,3.496375,0.991
355.0,3.495875,0.99125
355.0,3.497375,0.99125
355.0,3.498875,0.991
355.0,3.49875,0.990875
355.0,3.497875,0.991
355.0,3.497875,0.99175
355.0,3.496875,0.99175
355.0,3.496375,0.991375
355.0,3.49625,0.991125
355.0,3.495875,0.991375
355.0,3.495125,0.991375
355.0,3.49575,0.99125
355.0,3.496625,0.99175
355.0,3.49725,0.99175
355.0,3.497,0.99125
355.0,3.496625,0.99125
355.0,3.496125,0.991125
355.0,3.496375,0.991
355.0,3.497625,0.991125
355.0,3.498375,0.991
356.0,3.49875,0.93625
356.0,3.497875,0.93625
356.0,3.49625,0.936375
356.0,3.49575,0.936375
356.0,3.49575,0.93675
356.0,3.49575,0.936625
356.0,3.49525,0.936625
356.0,3.495875,0.936625
356.0,3.495875,0.936625
356.0,3.497,0.936875
356.0,3.497125,0.936875
356.0,3.49675,0.93675
356.0,3.49625,0.93625
356.0,3.49625,0.936375
356.0,3.4965,0.9365
356.0,3.497375,0.93625
356.0,3.49825,0.93625
356.0,3.498,0.93625
356.0,3.497,0.93625
356.0,3.496125,0.9365
356.0,3.49625,0.9365
356.0,3.496,0.936375
356.0,3.495375,0.936375
356.0,3.494875,0.9365
356.0,3.494875,0.9365
356.0,3.49575,0.93675
356.0,3.496625,0.936875
356.0,3.49725,0.93675
356.0,3.496875,0.93675
356.0,3.4965,0.936625
356.0,3.496125,0.936375
356.0,3.4965,0.936375
356.0,3.497875,0.936375
356.0,3.499,0.936375
356.0,3.498375,0.93625
356.0,3.49725,0.936375
356.0,3.49625,0.936375
356.0,3.496,0.936375
356.0,3.496,0.9365
356.0,3.49575,0.936625
356.0,3.4955,0.936625
356.0,3.4955,0.936625
356.0,3.496375,0.93675
356.0,3.497125,0.93675
356.0,3.49675,0.936375
356.0,3.497,0.9365
356.0,3.496625,0.93625
356.0,3.496,0.936375
356.0,3.49675,0.936375
356.0,3.497875,0.93625
356.0,3.49825,0.936125
356.0,3.498125,0.936125
356.0,3.496875,0.936375
356.0,3.496375,0.936625
356.0,3.496375,0.936625
356.0,3.49575,0.9365
356.0,3.4955,0.9365
356.0,3.4955,0.9365
356.0,3.496125,0.93675
356.0,3.497125,0.937
356.0,3.497375,0.936625
356.0,3.49725,0.936625
356.0,3.497125,0.936375
356.0,3.496625,0.936375
356.0,3.496625,0.936375
356.0,3.497375,0.9365
356.0,3.498,0.93625
356.0,3.49825,0.936125
356.0,3.498,0.93625
356.0,3.49675,0.936625
356.0,3.496,0.93625
356.0,3.495875,0.936375
356.0,3.49575,0.9365
356.0,3.49575,0.9365
356.0,3.495125,0.9365
356.0,3.496,0.93675
356.0,3.49725,0.937
356.0,3.497,0.936875
356.0,3.496125,0.936625
356.0,3.4965,0.936375
356.0,3.4965,0.93625
356.0,3.496375,0.93625
356.0,3.497125,0.9365
356.0,3.498375,0.93625
356.0,3.4985,0.93625
356.0,3.496875,0.936375
356.0,3.495625,0.936125
356.0,3.496125,0.93625
356.0,3.495875,0.936625
356.0,3.495,0.936625
356.0,3.495,0.9365
356.0,3.49525,0.936625
356.0,3.496625,0.93675
356.0,3.497125,0.93675
356.0,3.49625,0.93675
356.0,3.49625,0.9365
356.0,3.496625,0.9365
356.0,3.496125,0.9365
356.0,3.496625,0.936375
356.0,3.498,0.93625
356.0,3.49875,0.936125
356.0,3.498,0.936375
356.0,3.496875,0.9365
356.0,3.496125,0.936625
356.0,3.49625,0.936625
356.0,3.49575,0.9365
356.0,3.49575,0.9365
356.0,3.495,0.936625
356.0,3.49525,0.936875
356.0,3.496625,0.937
356.0,3.497125,0.937
356.0,3.496625,0.93675
356.0,3.49675,0.9365
356.0,3.496625,0.9365
356.0,3.496125,0.93625
356.0,3.497,0.936375
356.0,3.498375,0.936375
356.0,3.498375,0.93625
356.0,3.4975,0.93625
356.0,3.496375,0.936375
356.0,3.495625,0.936375
356.0,3.495875,0.93625
356.0,3.495875,0.93625
356.0,3.495625,0.9365
356.0,3.495375,0.936625
356.0,3.49575,0.936875
356.0,3.49675,0.937
356.0,3.497125,0.937125
356.0,3.4965,0.937
356.0,3.496625,0.936375
356.0,3.496,0.936375
356.0,3.49625,0.9365
356.0,3.497375,0.936375
356.0,3.498625,0.93625
356.0,3.498625,0.93625
356.0,3.49725,0.93625
356.0,3.4965,0.9365
356.0,3.496125,0.936625
356.0,3.496125,0.936625
356.0,3.495875,0.936625
356.0,3.495625,0.936625
356.0,3.495375,0.9365
356.0,3.49575,0.93675
356.0,3.497,0.937125
356.0,3.4965,0.936875
356.0,3.496625,0.936625
356.0,3.496375,0.936625
356.0,3.496375,0.936625
356.0,3.49675,0.9365
356.0,3.49825,0.9365
356.0,3.498875,0.93625
356.0,3.49875,0.936375
356.0,3.4975,0.9365
356.0,3.49625,0.93625
356.0,3.49625,0.93625
356.0,3.496,0.936625
356.0,3.496,0.936625
356.0,3.4955,0.9365
356.0,3.4955,0.93675
356.0,3.496375,0.936875
356.0,3.4975,0.936625
356.0,3.497,0.9365
356.0,3.49675,0.936625
356.0,3.49675,0.936375
356.0,3.496375,0.936375
356.0,3.49725,0.936375
356.0,3.49825,0.93625
356.0,3.49825,0.936125
356.0,3.4975,0.936375
357.0,3.496625,0.883375
357.0,3.496625,0.883375
357.0,3.497875,0.883375
357.0,3.499,0.883125
357.0,3.499125,0.883125
357.0,3.498,0.88325
357.0,3.496875,0.8835
357.0,3.496375,0.883625
357.0,3.496375,0.883625
357.0,3.496125,0.883375
357.0,3.495875,0.883375
357.0,3.495625,0.883375
357.0,3.496375,0.88375
357.0,3.49725,0.884125
357.0,3.497375,0.884
357.0,3.49725,0.883375
357.0,3.496875,0.883125
357.0,3.496125,0.883375
357.0,3.497,0.88325
357.0,3.49825,0.883125
357.0,3.498625,0.88325
357.0,3.4985,0.8835
357.0,3.497375,0.883875
357.0,3.496125,0.88375
357.0,3.496375,0.88375
357.0,3.496375,0.8835
357.0,3.49625,0.8835
357.0,3.49575,0.8835
357.0,3.495875,0.883375
357.0,3.496625,0.883625
357.0,3.49725,0.8835
357.0,3.497625,0.883625
357.0,3.497125,0.8835
357.0,3.496625,0.8835
357.0,3.49625,0.883375
357.0,3.496875,0.883375
357.0,3.498375,0.883375
357.0,3.499125,0.88325
357.0,3.49825,0.883375
357.0,3.496875,0.88375
357.0,3.4965,0.883625
357.0,3.4965,0.883625
357.0,3.496625,0.8835
357.0,3.496,0.883375
357.0,3.49525,0.883375
357.0,3.496125,0.883625
357.0,3.49775,0.884
357.0,3.497375,0.884125
357.0,3.49675,0.88375
357.0,3.497,0.88325
357.0,3.49675,0.883125
357.0,3.496375,0.88325
357.0,3.4975,0.88325
357.0,3.498375,0.883125
357.0,3.498375,0.88325
357.0,3.49775,0.883625
357.0,3.496625,0.883375
357.0,3.496625,0.883375
357.0,3.495625,0.883125
357.0,3.495875,0.883375
357.0,3.495875,0.8835
357.0,3.4955,0.883375
357.0,3.495875,0.8835
357.0,3.497,0.88375
357.0,3.497625,0.883625
357.0,3.49675,0.8835
357.0,3.496625,0.88325
357.0,3.496375,0.883375
357.0,3.496375,0.883375
357.0,3.498,0.883375
357.0,3.498375,0.883125
357.0,3.498,0.88325
357.0,3.49725,0.88325
357.0,3.49725,0.88325
357.0,3.496875,0.8835
357.0,3.496375,0.883375
357.0,3.495875,0.8835
357.0,3.49575,0.8835
357.0,3.49575,0.883625
357.0,3.49625,0.883875
357.0,3.49725,0.884
357.0,3.497,0.883875
357.0,3.49725,0.883375
357.0,3.496875,0.8835
357.0,3.49625,0.883375
357.0,3.497125,0.883375
357.0,3.49825,0.8835
357.0,3.498125,0.88325
357.0,3.49775,0.8835
357.0,3.497,0.88375
357.0,3.497,0.88375
357.0,3.4965,0.883375
357.0,3.496125,0.8835
357.0,3.49575,0.8835
357.0,3.495375,0.8835
357.0,3.496,0.883625
357.0,3.497,0.883875
357.0,3.497375,0.884
357.0,3.497,0.883625
357.0,3.49725,0.883125
357.0,3.49675,0.88325
357.0,3.4965,0.883125
357.0,3.497875,0.88325
357.0,3.498875,0.88325
357.0,3.498375,0.883125
357.0,3.497125,0.883125
357.0,3.497125,0.883125
357.0,3.49625,0.883625
357.0,3.496125,0.883625
357.0,3.49625,0.883375
357.0,3.495625,0.883625
357.0,3.495125,0.883625
357.0,3.496125,0.883625
357.0,3.497625,0.883875
357.0,3.4975,0.884125
357.0,3.497,0.88375
357.0,3.497,0.8835
357.0,3.4965,0.88325
357.0,3.496375,0.8835
357.0,3.4975,0.88325
357.0,3.498625,0.883125
357.0,3.49825,0.883125
357.0,3.49825,0.883125
357.0,3.4975,0.883375
357.0,3.49675,0.883375
357.0,3.496875,0.8835
357.0,3.496,0.883375
357.0,3.49525,0.8835
357.0,3.49575,0.883375
357.0,3.4965,0.88375
357.0,3.497125,0.884
357.0,3.497,0.88375
357.0,3.49725,0.88325
357.0,3.497,0.88325
357.0,3.4965,0.883375
357.0,3.496625,0.883375
357.0,3.498,0.883375
357.0,3.49875,0.883375
357.0,3.49875,0.883375
357.0,3.498375,0.883625
357.0,3.496875,0.88375
357.0,3.495875,0.883375
357.0,3.495875,0.8835
357.0,3.496,0.8835
357.0,3.495625,0.8835
357.0,3.495875,0.883625
357.0,3.49675,0.883875
357.0,3.49775,0.88375
357.0,3.497375,0.8835
357.0,3.496875,0.8835
357.0,3.4965,0.883375
357.0,3.4965,0.883375
357.0,3.497375,0.8835
357.0,3.498125,0.883125
357.0,3.498125,0.883125
357.0,3.498125,0.883125
357.0,3.497875,0.88325
357.0,3.49675,0.883625
357.0,3.496375,0.88325
357.0,3.496125,0.8835
357.0,3.49575,0.8835
357.0,3.495375,0.883625
357.0,3.496,0.883625
357.0,3.496875,0.883625
357.0,3.497375,0.883625
357.0,3.497125,0.8835
357.0,3.4965,0.88325
357.0,3.49625,0.88325
357.0,3.4965,0.883375
358.0,3.498,0.830625
358.0,3.497,0.8305
358.0,3.495625,0.831125
358.0,3.4955,0.83125
358.0,3.495375,0.831
358.0,3.49475,0.831
358.0,3.4945,0.831
358.0,3.494875,0.831125
358.0,3.494875,0.831125
358.0,3.4965,0.831125
358.0,3.496875,0.831
358.0,3.496125,0.831
358.0,3.496,0.830875
358.0,3.495875,0.83075
358.0,3.495875,0.831
358.0,3.496875,0.831
358.0,3.4975,0.830875
358.0,3.497625,0.830875
358.0,3.497,0.831125
358.0,3.496125,0.831125
358.0,3.496,0.830875
358.0,3.495625,0.83125
358.0,3.495125,0.831
358.0,3.494875,0.831125
358.0,3.494875,0.83125
358.0,3.495125,0.83125
358.0,3.495875,0.831625
358.0,3.496375,0.8315
358.0,3.49625,0.83125
358.0,3.496125,0.830875
358.0,3.495375,0.83075
358.0,3.495875,0.830875
358.0,3.497375,0.831
358.0,3.497625,0.83075
358.0,3.497125,0.8305
358.0,3.4965,0.830875
358.0,3.495375,0.830875
358.0,3.4955,0.831125
358.0,3.495125,0.831
358.0,3.4945,0.831125
358.0,3.494625,0.831125
358.0,3.494625,0.831125
358.0,3.495375,0.83125
358.0,3.496625,0.83125
358.0,3.49675,0.83125
358.0,3.496125,0.830875
358.0,3.495875,0.83075
358.0,3.49525,0.831
358.0,3.495875,0.830875
358.0,3.49725,0.83075
358.0,3.497875,0.830625
358.0,3.49725,0.831
358.0,3.49625,0.831125
358.0,3.495625,0.831125
358.0,3.495375,0.830875
358.0,3.495125,0.831
358.0,3.4945,0.831
358.0,3.4945,0.831
358.0,3.49525,0.831125
358.0,3.49625,0.83125
358.0,3.496875,0.8315
358.0,3.496875,0.83125
358.0,3.496125,0.831
358.0,3.496125,0.830625
358.0,3.496,0.830875
358.0,3.496875,0.830875
358.0,3.497875,0.830875
358.0,3.498,0.831
358.0,3.496875,0.831125
358.0,3.4955,0.83125
358.0,3.495625,0.83075
358.0,3.495375,0.83075
358.0,3.49475,0.831
358.0,3.49475,0.831
358.0,3.4945,0.831
358.0,3.495375,0.831125
358.0,3.496875,0.83125
358.0,3.497125,0.831125
358.0,3.496625,0.831
358.0,3.49625,0.83075
358.0,3.49575,0.830875
358.0,3.49575,0.830875
358.0,3.497,0.830875
358.0,3.497875,0.83075
358.0,3.498,0.830625
358.0,3.496875,0.83075
358.0,3.49575,0.83075
358.0,3.495625,0.831
358.0,3.495375,0.831
358.0,3.495375,0.831
358.0,3.494875,0.831
358.0,3.49475,0.831
358.0,3.495625,0.831375
358.0,3.4965,0.831375
358.0,3.49625,0.83125
358.0,3.495875,0.83125
358.0,3.495875,0.830875
358.0,3.495625,0.830875
358.0,3.49625,0.831
358.0,3.497625,0.830875
358.0,3.498125,0.83075
358.0,3.497625,0.8305
358.0,3.49625,0.83075
358.0,3.4955,0.831
358.0,3.49525,0.830875
358.0,3.4955,0.831
358.0,3.4955,0.831
358.0,3.495,0.831125
358.0,3.495625,0.831125
358.0,3.496625,0.831375
358.0,3.496625,0.83175
358.0,3.4965,0.8315
358.0,3.496875,0.83125
358.0,3.496625,0.831125
358.0,3.495625,0.830875
358.0,3.49625,0.830875
358.0,3.49775,0.831
358.0,3.497875,0.830875
358.0,3.4975,0.83075
358.0,3.496125,0.830875
358.0,3.4955,0.831125
358.0,3.495375,0.831
358.0,3.495375,0.831
358.0,3.49525,0.831
358.0,3.494875,0.831125
358.0,3.495375,0.83125
358.0,3.496125,0.8315
358.0,3.496625,0.83125
358.0,3.496,0.831
358.0,3.49625,0.830875
358.0,3.496375,0.831
358.0,3.49575,0.831
358.0,3.4965,0.83075
358.0,3.497875,0.83075
358.0,3.497875,0.831
358.0,3.497125,0.831
358.0,3.496125,0.831
358.0,3.495375,0.83075
358.0,3.495375,0.83075
358.0,3.495125,0.830875
358.0,3.494875,0.831125
358.0,3.495125,0.831125
358.0,3.496,0.83125
358.0,3.497,0.831125
358.0,3.4965,0.831125
358.0,3.496125,0.831125
358.0,3.496375,0.831
358.0,3.49575,0.831
358.0,3.496,0.831125
358.0,3.4975,0.830875
358.0,3.498375,0.830875
358.0,3.49825,0.83075
358.0,3.496625,0.830875
358.0,3.49575,0.831
358.0,3.49575,0.831
358.0,3.495625,0.831
358.0,3.495125,0.831125
358.0,3.4945,0.831
358.0,3.49475,0.831125
358.0,3.495625,0.831125
358.0,3.496875,0.83125
358.0,3.49675,0.831375
358.0,3.4965,0.83075
358.0,3.496125,0.830625
358.0,3.495625,0.83075
358.0,3.496375,0.83075
358.0,3.49775,0.831
358.0,3.49775,0.830875
358.0,3.4975,0.830625
359.0,3.496875,0.779
359.0,3.496875,0.778875
359.0,3.49675,0.778625
359.0,3.49625,0.7785
359.0,3.4965,0.7785
359.0,3.498,0.778375
359.0,3.4985,0.778375
359.0,3.497375,0.77875
359.0,3.497375,0.778875
359.0,3.49625,0.778875
359.0,3.495875,0.778625
359.0,3.495625,0.778625
359.0,3.495625,0.778625
359.0,3.495125,0.778625
359.0,3.4955,0.778875
359.0,3.49675,0.779
359.0,3.496625,0.779
359.0,3.496125,0.77925
359.0,3.496625,0.77875
359.0,3.49625,0.778625
359.0,3.495875,0.77875
359.0,3.497125,0.77875
359.0,3.49825,0.7785
359.0,3.498125,0.7785
359.0,3.497125,0.77875
359.0,3.497125,0.77875
359.0,3.49625,0.77875
359.0,3.496125,0.778875
359.0,3.495875,0.778875
359.0,3.495375,0.778625
359.0,3.495375,0.77875
359.0,3.495875,0.779
359.0,3.497,0.77875
359.0,3.497125,0.778625
359.0,3.49675,0.7785
359.0,3.4965,0.778375
359.0,3.49625,0.7785
359.0,3.49675,0.77875
359.0,3.497625,0.7785
359.0,3.498125,0.7785
359.0,3.498,0.778875
359.0,3.498,0.778875
359.0,3.49725,0.779
359.0,3.49675,0.77875
359.0,3.495875,0.778375
359.0,3.495125,0.778625
359.0,3.49525,0.778625
359.0,3.495375,0.778875
359.0,3.4965,0.779
359.0,3.497625,0.779125
359.0,3.49725,0.778875
359.0,3.497,0.77875
359.0,3.496375,0.778625
359.0,3.496375,0.778625
359.0,3.497125,0.778625
359.0,3.49775,0.778375
359.0,3.498125,0.778625
359.0,3.498125,0.778625
359.0,3.497875,0.77875
359.0,3.49675,0.77875
359.0,3.495875,0.77875
359.0,3.495625,0.778625
359.0,3.495375,0.77875
359.0,3.494875,0.77875
359.0,3.495125,0.77875
359.0,3.49625,0.778875
359.0,3.497375,0.77925
359.0,3.497,0.779
359.0,3.49675,0.77875
359.0,3.496375,0.7785
359.0,3.496375,0.778625
359.0,3.497375,0.7785
359.0,3.498375,0.7785
359.0,3.498375,0.7785
359.0,3.4985,0.778375
359.0,3.49725,0.778625
359.0,3.496,0.7785
359.0,3.4955,0.77875
359.0,3.495375,0.77875
359.0,3.495125,0.778625
359.0,3.495125,0.77875
359.0,3.495875,0.779
359.0,3.496875,0.778875
359.0,3.497,0.778875
359.0,3.4965,0.778875
359.0,3.49625,0.77875
359.0,3.496,0.7785
359.0,3.496375,0.7785
359.0,3.49775,0.7785
359.0,3.49875,0.778375
359.0,3.49875,0.778375
359.0,3.49825,0.778625
359.0,3.496875,0.778875
359.0,3.49625,0.778875
359.0,3.496375,0.778875
359.0,3.496,0.77875
359.0,3.495375,0.778625
359.0,3.495,0.77875
359.0,3.496,0.778875
359.0,3.4975,0.779
359.0,3.496625,0.77875
359.0,3.496125,0.77875
359.0,3.49625,0.7785
359.0,3.496375,0.7785
359.0,3.49675,0.7785
359.0,3.498,0.778375
359.0,3.498,0.778375
359.0,3.498,0.7785
359.0,3.4975,0.77875
359.0,3.496,0.779
359.0,3.495875,0.778625
359.0,3.49625,0.77875
359.0,3.496,0.77875
359.0,3.495625,0.77875
359.0,3.495625,0.778875
359.0,3.496375,0.778875
359.0,3.4975,0.77875
359.0,3.497,0.778625
359.0,3.496625,0.778625
359.0,3.49625,0.7785
359.0,3.495875,0.7785
359.0,3.496875,0.7785
359.0,3.496875,0.7785
359.0,3.498,0.7785
359.0,3.497875,0.7785
359.0,3.49725,0.778875
359.0,3.496375,0.778625
359.0,3.496,0.778625
359.0,3.49575,0.77875
359.0,3.495375,0.778875
359.0,3.495375,0.77875
359.0,3.496125,0.779
359.0,3.497,0.779
359.0,3.497,0.778625
359.0,3.496375,0.778375
359.0,3.496625,0.7785
359.0,3.496375,0.7785
359.0,3.49625,0.778625
359.0,3.49625,0.778625
359.0,3.4975,0.778625
359.0,3.497875,0.7785
359.0,3.4975,0.778375
359.0,3.496625,0.778375
359.0,3.496125,0.7785
359.0,3.496125,0.778875
359.0,3.4955,0.778875
359.0,3.495125,0.778875
359.0,3.495,0.77875
359.0,3.4955,0.779125
359.0,3.496625,0.779125
359.0,3.49675,0.778625
359.0,3.4965,0.77875
359.0,3.496625,0.77875
359.0,3.49575,0.778625
359.0,3.49625,0.778625
359.0,3.49625,0.778625
359.0,3.497375,0.778375
359.0,3.498125,0.778625
359.0,3.497625,0.7785
359.0,3.49675,0.7785
359.0,3.49625,0.7785
359.0,3.495875,0.7785
359.0,3.49575,0.77875
359.0,3.494875,0.77875
359.0,3.495,0.778875
359.0,3.4965,0.779
359.0,3.49675,0.778875
359.0,3.4965,0.778875
359.0,3.49625,0.77875
360.0,3.4955,0.728875
360.0,3.49525,0.728875
360.0,3.49625,0.729125
360.0,3.497375,0.729375
360.0,3.497625,0.728875
360.0,3.49725,0.7285
360.0,3.497125,0.728625
360.0,3.496625,0.72875
360.0,3.496625,0.72875
360.0,3.496875,0.72875
360.0,3.4975,0.72875
360.0,3.498375,0.72875
360.0,3.49825,0.728625
360.0,3.497,0.728875
360.0,3.4965,0.72875
360.0,3.49625,0.728875
360.0,3.49575,0.728875
360.0,3.495375,0.728875
360.0,3.495375,0.728875
360.0,3.496125,0.729
360.0,3.497125,0.72875
360.0,3.49725,0.728875
360.0,3.497,0.729125
360.0,3.496375,0.729125
360.0,3.496125,0.729125
360.0,3.496125,0.729
360.0,3.497125,0.72875
360.0,3.498125,0.728625
360.0,3.4985,0.728625
360.0,3.4975,0.728875
360.0,3.4965,0.728875
360.0,3.495625,0.728625
360.0,3.4955,0.729
360.0,3.49525,0.729
360.0,3.495125,0.728875
360.0,3.496125,0.728875
360.0,3.49725,0.729
360.0,3.497375,0.729
360.0,3.496875,0.728875
360.0,3.49675,0.728625
360.0,3.496125,0.728875
360.0,3.496125,0.728875
360.0,3.496125,0.72875
360.0,3.497625,0.728625
360.0,3.498375,0.728625
360.0,3.497875,0.7285
360.0,3.497625,0.72875
360.0,3.496625,0.728875
360.0,3.49625,0.728875
360.0,3.495875,0.729
360.0,3.495375,0.728875
360.0,3.4955,0.729
360.0,3.496625,0.729125
360.0,3.4975,0.729375
360.0,3.497375,0.72925
360.0,3.497375,0.729
360.0,3.497,0.728625
360.0,3.497,0.728625
360.0,3.496125,0.72875
360.0,3.496625,0.728875
360.0,3.498375,0.72875
360.0,3.499,0.72875
360.0,3.498,0.728625
360.0,3.496875,0.728875
360.0,3.49675,0.729125
360.0,3.496125,0.729
360.0,3.49575,0.729
360.0,3.495375,0.728875
360.0,3.495625,0.72875
360.0,3.496625,0.729125
360.0,3.4975,0.72925
360.0,3.497125,0.729125
360.0,3.496875,0.728625
360.0,3.496875,0.728625
360.0,3.49675,0.728875
360.0,3.496375,0.72875
360.0,3.4975,0.72875
360.0,3.498375,0.728875
360.0,3.49875,0.728875
360.0,3.498125,0.729125
360.0,3.49675,0.72925
360.0,3.496375,0.728875
360.0,3.496125,0.728875
360.0,3.495625,0.729
360.0,3.49525,0.728875
360.0,3.4955,0.729125
360.0,3.49675,0.72925
360.0,3.49725,0.728875
360.0,3.497,0.728875
360.0,3.496875,0.728875
360.0,3.496875,0.728625
360.0,3.49675,0.72875
360.0,3.496625,0.72875
360.0,3.4975,0.72875
360.0,3.498625,0.72875
360.0,3.498625,0.72875
360.0,3.49775,0.728875
360.0,3.4965,0.729
360.0,3.496,0.729125
360.0,3.495875,0.729
360.0,3.49575,0.728875
360.0,3.4955,0.728875
360.0,3.496,0.729
360.0,3.496875,0.728875
360.0,3.496875,0.729
360.0,3.496625,0.728875
360.0,3.496625,0.728875
360.0,3.497125,0.72875
360.0,3.496625,0.728625
360.0,3.496625,0.728875
360.0,3.497875,0.728625
360.0,3.498375,0.728625
360.0,3.498,0.72875
360.0,3.497375,0.728625
360.0,3.496375,0.72825
360.0,3.495875,0.728625
360.0,3.4955,0.729
360.0,3.495125,0.728875
360.0,3.49575,0.728875
360.0,3.4965,0.728875
360.0,3.49725,0.72925
360.0,3.497,0.729
360.0,3.497,0.729
360.0,3.49725,0.729
360.0,3.497,0.72875
360.0,3.496375,0.728875
360.0,3.497125,0.72875
360.0,3.498,0.7285
360.0,3.49875,0.72875
360.0,3.49825,0.729125
360.0,3.4965,0.728875
360.0,3.496,0.72875
360.0,3.496375,0.729
360.0,3.495875,0.729
360.0,3.495375,0.72875
360.0,3.495875,0.728875
360.0,3.49675,0.729
360.0,3.497,0.72925
360.0,3.497,0.72925
360.0,3.496875,0.729
360.0,3.497,0.72875
360.0,3.49675,0.728625
360.0,3.496625,0.72875
360.0,3.4975,0.728625
360.0,3.4985,0.728625
360.0,3.49875,0.7285
360.0,3.49775,0.728625
360.0,3.4965,0.729
360.0,3.496375,0.72925
360.0,3.496125,0.729
360.0,3.495625,0.728875
360.0,3.495625,0.729
360.0,3.495875,0.729125
360.0,3.4965,0.729125
360.0,3.497,0.729125
360.0,3.497,0.729
360.0,3.49675,0.728875
360.0,3.49675,0.7285
360.0,3.49625,0.72875
360.0,3.496375,0.72875
360.0,3.49775,0.72875
360.0,3.4985,0.72875
360.0,3.49825,0.72875
360.0,3.497125,0.72875
360.0,3.4965,0.729
360.0,3.4965,0.728875
360.0,3.495875,0.729
360.0,3.49525,0.728875
360.0,3.495625,0.729125
